constraints 103
variables 10
-49.54068210533015 -30.265545459703493 15.184640748773973 7.612317522844094 33.575081211086626 14.754855368987279 -17.77302946163917 -3.520135785756686 -49.851051911988186 3.22008615667184 
87.56481468734744
28.96412585850362 31.98105363921748 -8.039657467047213 -37.974815751771786 -3.4563229807497677 40.70495756551611 -26.627537462783803 18.227238677439956 18.136509917255125 -42.44369232512177 
52.656957803972084
-18.996350132851415 6.7938518978006215 -33.842730721439096 12.071809142175702 -32.477385989776835 38.60394636442901 24.81634705352262 -16.272920691847382 -21.301974174794303 4.5583235959597985 
83.92529058912804
-43.942299973126666 -7.130124866147739 -37.44104117524149 -21.258256602049354 33.34998248677414 -2.2435480753567916 -16.204620791702396 -31.821614776685013 -47.439187085005486 7.32447669339691 
55.396696338710086
-3.8236751258231436 37.15665059563965 -13.507184522645709 -40.43581185410986 23.82253880984119 33.812821660637866 -1.5200660128166703 48.315957979616144 17.578143286944922 -15.44818926924463 
47.1248430940136
-27.474135413390812 -18.18359058733099 34.26260097727551 9.655735326110161 4.114811035738782 -7.67365584495159 11.53133170173033 -5.849875123250214 11.053160824260303 -28.48019268210703 
99.32686504011646
10.324764526539312 6.258905830438664 45.787069149494144 31.32312193693025 12.313206451992329 -6.473057540275818 -9.222196320343897 -40.49666488119473 -42.2666561723139 26.30062787905503 
51.341529590771316
39.179624253698904 28.61686528114558 -21.602455404279354 19.44353687216301 -31.32539521439285 -23.332974221644943 49.72719418096155 15.579351330998335 2.6500449326240982 37.830710411014024 
44.589141351898164
47.04287964470389 30.430776249327934 9.315276421442121 -34.68415745895732 9.860327482036283 -26.339533171716855 45.950210925761 9.825277780758192 -39.71592756539649 -38.76095544424118 
62.18814032308878
48.074206562951645 6.447709862721688 -16.27008533495423 21.059298967847113 -20.54635192765644 -38.88455504318359 -35.7116811488865 2.038052871708551 40.84405128542731 2.4161569998557155 
58.650564718678645
-33.950345175095066 43.34827881395495 11.034366442811304 12.837020941402841 -22.260113331518937 -35.35356546311721 39.53746583081235 13.960164797155215 2.6498117543576214 -36.5327742202597 
72.35054441229131
-33.10782655898568 -29.917612251220483 12.846459293787895 -46.652791332307096 17.534838094963646 -18.7828052517396 19.64391246904134 42.1067877634774 22.047934879776747 -3.5758929174218324 
59.21573948752916
9.59540480606369 30.630350990419586 -44.253772815117564 6.190240475025341 -0.63963922897603 14.31165606381684 22.166961486621744 34.9706827054508 -38.71564495627342 -36.29999132547811 
38.545630745378766
-3.1104127635006478 11.528077304906937 29.745627725474705 -43.99945346726092 -45.13527063290479 -15.503250133892124 8.31728475789005 -25.961972044845993 -29.04217800050667 -29.50178656942095 
42.752619834617136
30.870324409211932 -2.5873116708083757 -23.782804790065427 31.53129882543149 -3.8649967243521672 17.550472677844482 -45.78758323900276 31.83335205923528 47.62281900533577 -30.674748869059098 
72.35026283649294
43.98330396463179 -41.35929844123649 -38.605856108011054 34.42069295599107 46.643996492723716 -16.719077450367728 9.231859850873782 -30.861788538687197 28.112260239155248 -46.86285562341443 
27.12034644234137
-23.687373867106963 25.18188417322392 -9.09751742030467 10.770018982469388 -43.81852550429838 37.777662839171285 -46.19565472621807 -15.120169699170283 -49.272073750112845 -15.07252744599625 
92.97523706628499
-29.880811698150044 -5.734929767273734 5.627728447241999 -46.37163801297278 44.81556424063058 4.649480342563983 36.77076854705568 -4.698732785290474 38.057374701887184 -3.8059629614105575 
69.54105416194848
-18.549575951686826 -7.027509304482685 -39.31804477340316 -4.449715584546823 -26.67592921616112 -18.381424387744794 -6.15896924445304 -45.53009160255455 -35.68975822101361 -13.77784498955942 
91.21916058452405
-13.96733027235819 7.851396388524954 -14.570850488543897 -0.39080045670010577 -28.98676095614262 24.53662987597275 48.780375672714825 38.00324016611964 18.161143587861886 -27.873060609401623 
97.80128626692083
-4.486518439353517 17.04756501222846 26.03857916417715 37.89603456886253 -27.22117374041074 30.40085470966055 -2.7959430194478543 -48.3383255841051 -41.916586852820494 -6.256173236815329 
59.24987767902113
-28.710843908335903 19.745307864518296 25.00928088070276 -32.42539918009223 15.393500125250952 -47.70938399638591 -27.701628371225027 -20.81956523032522 -16.083642132244634 -14.489694744500092 
94.05981401229042
24.005989828645554 -46.330095999798296 -47.29594524417833 -27.293842277711256 36.0274190727002 6.641836714914199 -32.75250235792059 -39.95337332441973 25.53969822867468 3.357008873371548 
25.076213284587634
40.90434106964554 -37.20067991176255 -15.608011754402462 34.76191971074246 -20.101012075406675 47.604194255931816 -5.4353336491155915 26.5632864215748 -14.385676948368456 9.406095617456401 
26.3717872180254
7.165852147899962 -13.766897298677527 18.19554563027708 -28.076977419061222 7.782555510077756 -38.78957348413054 37.668494676837554 5.921082930727387 19.868433105468057 -35.33036408249109 
69.07876221350531
-3.836958664227076 24.91002282436655 7.943305214944104 16.699696541321956 -47.41111017680907 2.5821194332862376 -8.954957552948294 3.9630152036605892 -18.920887560360732 -4.978527398853295 
35.84620948102892
-16.887601999797653 4.003828323584592 14.049117934449527 -22.65519175573366 10.60385470497863 45.951857556658936 -47.11995365707891 -36.3477566591838 5.50445595018293 10.118835594272738 
54.1908998215785
0.18674840887291566 -31.2144312530646 -11.490727452953529 -7.626502088393664 49.050735236037966 17.676215174306066 7.408267688482475 -0.616044862052064 -39.31753035189611 31.136772064113288 
58.50432213086578
0.804219797479746 -28.38916703353538 10.032672389598538 5.595520964477593 31.564886165394896 49.50515413268276 -21.26759876202359 36.987111911704304 -30.764828935919564 -45.29952741218368 
43.62354755254898
-45.5107124349219 -43.13204290515027 15.99172972875455 -21.564820074649738 -48.65022936423809 -12.905147256620786 37.7288296462999 -23.7255484967698 33.506586964982915 34.49826231134591 
15.107632031292939
-6.07026997036094 -18.777838966781268 -45.755563405075115 35.04038087552294 15.26221721188783 31.46069360914096 -38.45639699779605 31.102201574381468 -22.59756499211436 35.296540941507914 
18.71017139659753
42.78870038371676 35.98756806258956 9.192070607131711 -15.57179461701891 1.6829074877905086 -6.179829179995707 4.159316154157025 -26.715798262058833 30.118123672426293 31.09820757409183 
12.620452603600029
32.71142463912025 -8.46351506632724 -45.2389497986315 19.207979127675955 -30.80307577123582 -24.018612131620287 -20.484525064745963 28.796193005112897 45.93452391946444 -10.974884247019801 
13.750281608981052
-27.26860042292879 30.063988526831636 37.921395665798585 49.81770812462754 2.5290164483088162 -10.781304423629912 24.885789574315154 0.05428926746628804 29.231558857289983 -25.688895394816935 
14.145198694874495
-22.566601358153125 -43.82773736755705 -21.682588246588963 36.76096363894757 -7.1137961392492315 -16.935143836786906 -20.72026986471316 -14.78162908952715 30.097304207366136 -19.859195130491713 
9.826252888955478
28.388650399072432 -37.024133429618175 42.481138795202796 45.21681207255193 46.707826738596424 1.0226027131103024 -13.25929213164779 17.253333274103994 47.28003847705247 33.45743887001477 
95.13854950509601
42.35168090732422 -30.89870891748574 -5.757726102848295 44.88879543998162 -1.3465583141095934 29.712806590100513 37.02779132439889 35.17233199377779 -0.7367797411183403 46.3314841217273 
41.572748066556045
38.30023212855329 -13.470966629430691 -13.131776637840446 -28.67125333394246 -43.10428187739379 15.740460194445973 19.23316467574118 15.653029948191957 -35.27775599329922 -44.2988093471664 
80.94017549109967
-20.493668228459295 45.211016303139786 8.339687893460422 -14.738820742621847 28.512379459957657 18.792105736494662 -10.146325710317186 -34.95575225962989 -42.099833290431945 17.809032823077047 
71.84122180397736
30.797597257663867 30.119662859845548 26.09752882044208 -47.5467940584143 -14.245031834038443 17.81609258381839 -0.7650521919661415 -35.19102207086606 -2.6238975161794755 46.36755366790368 
71.01755951737067
32.7490837630898 -27.90063932573178 -46.66482099132967 31.898776832009773 -47.544069567866046 18.151741608969758 20.944630508347842 -14.077879397454772 12.555288621857187 -40.16507944312099 
42.11223603745034
-45.89147577005005 -34.98138319560174 -14.055854634161427 -49.45141967585241 -5.691671456338277 24.518155381130796 24.84012902085543 31.116960205621794 -49.795825228526965 -45.156206489408326 
89.18238190265838
27.89356081686232 25.451682274105934 -2.4272071683575263 24.445660358486236 -15.729186568560728 2.8706498657392956 -39.60962627126243 -22.920464963249664 -18.035111904258606 43.15030058366328 
60.291337883838345
-29.465640222884126 -6.067199055653397 2.7078190771748325 10.349786626740709 40.36513925683917 29.97417863972855 -43.859724749197625 -2.1738208223415327 33.23818353099729 -16.812767172460397 
45.13574602114835
26.087853285684446 18.903614128478594 -19.531980085756896 2.7603057608483113 -16.848717340595698 -0.9398541518461769 -49.11337881113087 -30.286760697251168 -44.38867160302217 -27.47320655421458 
2.0433695268938346
27.44371775189697 28.30472969601496 32.249473979955454 36.4028355444664 21.94787192154125 -2.7377710792492422 -23.59128362921844 -2.8772539118726357 41.61601538656677 26.335605491692164 
63.258040453309924
6.039618510375973 42.67558376387426 -3.6569361851562263 27.310745356160623 45.24235578161232 -13.423947344895673 -20.341643427166524 -46.89376861513512 38.0596194043074 15.087976216378536 
72.87610166801007
-27.9748017906541 5.306312432734515 40.93898945415921 35.51775436115582 7.486357935082246 8.279047107732772 24.485445559726287 -36.300213378613975 44.34558517068827 -8.739996562136575 
90.21913309296377
-25.732446946411724 39.43173623396868 3.1830737134090583 10.834272371929487 -12.894537491352466 21.891570563387887 -39.36419073834506 1.1308094645495217 -28.833968272061526 4.379589794980866 
62.51511638558465
19.205789013331042 -36.78252835951705 39.11681172780666 -19.57575548873004 -31.81464664213515 -22.608535065514012 -43.54416656127796 -21.70687029697308 28.17574316762466 48.319812750716025 
67.8277687207236
-40.276339505509384 25.162388225458074 -9.019275641505878 -0.1900409468838049 2.206008344982237 -38.737985471213435 -33.667555353722804 1.5416456878384253 13.6216480511289 39.033484137532284 
63.39408040070953
33.8280427235989 38.34326144746926 11.478761630061342 45.64037910016316 5.011544724088878 47.76124554698109 28.916350080932773 12.409359322183036 -33.94790867516294 23.211041353681736 
84.08515963017543
-5.521327373616813 15.246996855377162 -21.954908435219256 -22.36235141118431 37.04856577867467 -8.366207934057869 19.987696281540508 -12.393152968886213 23.07646589143853 5.3579800135350695 
74.93063835727428
28.48259109473277 -44.75990266628803 -36.84918769982654 -21.028069622771405 28.208193713859558 45.76317220569443 47.55053424888551 46.76956485181417 34.70941913321606 9.919695793292973 
49.613782381495675
41.17673844257506 -12.506465656535902 21.2399437326236 36.60213248100328 1.644480684677717 -45.59309033596995 14.273225443458458 8.492067900793664 37.02219209959911 -11.184530155907538 
64.2195608177066
-39.855104574650724 -47.84389449695213 8.27302528839438 31.824434209595665 19.586469299515485 -42.91975308474573 -17.83161676941387 -13.362158962529215 -22.915197709141555 -47.3860289455612 
92.89280963638318
12.070806445149309 -45.42302468988581 -3.1753296535163003 2.7452836730586654 -48.3602888647206 -9.514986546696015 -16.916148091813646 -32.9062879762603 -22.62936866889418 -18.926323816437407 
52.33921607020119
-16.763900995965884 48.54307197196522 26.241420191672987 19.744982014540767 -46.0436067714617 -18.215572368576936 24.998996680924307 -31.062814463497723 -25.05443890797563 21.983549739030167 
3.8785667496403553
-43.989772071746984 26.05920021122246 -12.426165370331624 40.1293287122234 -30.35451482661562 -42.19121731562859 13.443300070350453 10.794060554434537 13.862310919921107 -33.46560037358768 
80.06109285570179
-41.37576671464952 15.506307415293577 44.38267535865717 -1.6330364844853378 16.27957189675608 9.859240606348806 23.514291639842824 -33.44775098541687 -28.628692705533176 -25.35042546884274 
57.8913124009134
27.06790250288988 -13.353403726486867 -34.73796183291984 0.5453616991095842 30.02721692217888 11.97485128303196 2.0892503274205083 -10.596617475356098 -47.37215268719257 -12.214931968951845 
24.737918483884826
-49.45142983510025 33.29979682215047 43.216450847251195 -42.80334353342875 -35.78016249616665 -46.00691955609495 -13.51704693792184 -26.907972103191156 15.903892002843264 -5.649217346374094 
19.81562793163658
10.803912632775095 -27.45011664075444 -12.529733223550167 -13.165036416738992 -35.51913257451098 -17.762727247170815 -21.46268000606052 26.31864711532947 -31.109364950069175 44.55340997554681 
74.82508350259451
-36.93149438972514 3.5605406176548087 38.4880824285421 -21.61842355454251 13.94362792547139 -35.19299412175519 -25.17198301580462 -38.81325692871182 25.114980550639558 43.0229402272965 
10.83523132888896
-23.358098653021575 -14.78991819611526 -3.013646789958166 26.418734514923514 0.9615623727363456 -21.745407490639735 -13.027016172840547 -36.93996388040603 -36.6304164826171 0.18099570608508486 
64.10034301503967
-30.571429426279007 -45.04132337446259 -36.83726123080345 14.600058006584732 -19.07601100923899 2.654308661157941 3.145590644641537 -25.390058617743662 -15.69196345073172 6.931048956216401 
37.68616409790179
-36.40322991651497 -16.86046312486731 -30.238505566129525 -6.429117628686257 32.66523723290649 -15.098282214322282 32.734882329922044 -13.323045890938232 -12.221869526368742 26.512009376742313 
54.364565309137284
-9.849847606586223 27.30727267558511 41.33008021156773 -19.689441255024565 -28.787462846993662 28.35431754516091 -2.169184939325085 -49.4246554998915 11.776491536550651 -23.07498486347974 
57.78458517873476
43.68825183811374 -46.470229290518695 -36.689886916245044 10.088023146950029 -20.52434884595623 24.269490721593044 5.9205491457937 -14.68572406669999 -10.77868826391466 -40.99870408534269 
74.34416690191668
45.602470375809716 14.853259956430591 26.683253833994797 -44.46431922810224 -25.318066050372522 17.250552654220144 -38.51777945205615 -4.1788101063298555 -36.37249959833002 7.845318068746479 
26.023815548957565
-44.20698306069201 -0.632056037025329 -32.59740800347819 3.355311876010866 35.19022289224098 15.020489639122104 31.19235492963095 -25.795878145760298 -39.49531643582425 3.7999845576237945 
50.72533047971235
-13.397208283017335 -20.67791862290489 31.552239351093746 -11.19396129684469 -33.93531927899809 -27.69820384817383 -43.113316108487155 16.863725761065837 46.23286967366491 26.21912413295611 
32.43441397958874
-38.64626630737198 22.287999686305298 9.6378117734372 15.933344748127652 -10.521036751434934 42.38913893626609 6.550464533628443 15.643094333244107 33.56307881379091 6.034970696774607 
42.71885892924947
31.01787924173196 28.114175828159915 32.47095048690659 -15.534265444713881 26.616618926600992 -26.050378670723763 47.13128097908128 -49.68577288519499 -5.094922516735501 -0.29018753862930424 
59.59291320317649
-47.85945671114605 21.905809652476236 -37.32930609931654 -27.367987478066713 -25.59990751900293 -31.42267852428423 -32.0282171989006 18.71161706658394 7.5067616628246014 -29.64528142551388 
38.20862801973237
-32.40746945808981 -25.41039000457723 37.45989015299712 33.79552620766614 -13.252281222483596 29.62071926678422 -40.60999382278756 -41.41355357369011 -35.12619361850522 9.302531197265573 
28.418958635476187
-15.050898234447075 28.03152796074994 -8.87749913365574 -1.0028979828346394 -2.180862739378263 -12.189724043301972 -4.372567495342274 42.610444321713985 -11.781556042417904 11.400180364006609 
22.239400932604013
40.96125438674299 23.30365926278904 -5.431611111616604 24.829691560065783 -15.742218717106226 -17.782108227117675 0.27457721178853234 -34.213291869377606 5.951586406729525 24.850797903436487 
48.02393527858412
35.45835841246827 -9.56319983360693 -45.93085887922416 2.0441584905369723 -12.381070500970537 36.026313588305555 -8.938020709697625 -40.01368206809357 21.005018043675634 -8.05419374914014 
58.15171268072066
-11.91232482875796 31.98458081671461 15.137205262383816 -46.24581814901484 -16.40214078151326 -25.932230569122517 -39.66102451022636 -39.871906743919936 -29.24192491579084 36.237646183199374 
75.21146354369532
46.13607722377256 -47.26371420832053 -6.026516037065399 21.201221535555348 14.446653937724093 48.65962051344985 44.35888471763796 30.389104462613403 -4.561484230248027 -7.751487605559639 
59.811412523146565
38.742633464639084 8.525469617622441 -43.45463212837733 -16.259944634443237 6.993981404527936 -4.2975304883032805 47.84385083124661 -4.16869370881372 -48.20937547041727 31.82018562674304 
31.163132738397927
-5.315797299452662 -38.18341459135289 31.427588891120138 9.474763104344106 -18.84082652394543 -33.74209865561496 -47.020961098919514 29.378069878113962 -22.924853019344248 6.286733408774957 
97.78446454230844
27.033297457150624 -19.216227787304817 34.16440053460906 13.288145922515525 -40.10001816615586 43.6692863289539 -20.88573667827748 -11.906251760450019 -7.808690812730454 -0.23301655919320297 
24.29130002330504
-30.38977928231542 14.943507320425837 -5.537179229576651 34.975895494674845 44.27523092189453 -14.7873764016054 -12.368798003546466 14.545228887532943 -4.980177504426564 13.149265015609423 
1.5875663443397303
41.826338438978425 -9.02996581316571 10.565225817224814 44.87683236554001 -38.88918202579341 -29.661756692108266 -9.905858030160239 19.188435496675794 -45.588200893270724 -0.9610009988627368 
20.161651981005303
8.583048936436114 24.469701053956243 24.771201623109718 -2.2812074519264343 -42.26424281288237 -43.435989344644966 49.14044515655981 48.0556434250137 -30.95507268261477 -42.63590694448739 
58.85243506187863
-0.999487462771242 -12.774496770542875 -10.14710302162176 -8.909621486853183 5.423261472407347 -5.599910580354475 -15.216918763659038 7.896314226290571 19.199601271327325 -41.2793885637093 
61.17601004435363
19.708315832555726 9.656531161273605 -34.802039323640365 31.04972975499642 29.162640161098807 40.00732201868925 -41.313519717573826 46.862860067225014 -37.148195010829056 46.39775563194411 
95.86478284316019
-25.9128329714582 20.93670193081269 47.92360701085168 35.57378169950202 35.872258903875135 2.3428230274322175 -11.657361200185292 45.017512788003216 -18.058269736533305 6.727757595846242 
23.19263300379043
-36.89828932535355 -20.339195102247277 -26.510888773308526 19.64033493993226 41.579715698508096 11.641313446649725 42.789036678318254 -19.37563765788858 -20.305189929957802 41.30064521056967 
63.90362889696403
39.718529280976995 -21.347419120878275 -24.532933054449625 32.16241026434764 -1.3697910555976804 -31.473529290227432 -38.575379235847784 -42.67477544503421 -4.638283336324193 -47.905800886233806 
54.71653465446936
-46.54916199068708 -2.199054212904649 -32.37774516343039 -16.4230649501542 -6.856364576713418 14.870759264475438 45.760217100300565 -33.9636298694583 -12.478270002719562 -44.64504406443899 
74.47615863105916
6.5474571429640065 37.331986172723006 43.13187181305889 -9.641022614924424 10.402769065307297 -49.65567100421946 -33.21501234179056 34.63293283885943 6.267806885203441 -14.510138657223933 
51.42317267400506
47.87431071291813 -40.17226952174093 -34.835728826296545 -8.9684895430876 28.689597314695305 -5.152690524284644 43.70010075365339 20.786881420891604 48.50906165367593 -38.13074507905103 
82.21841070692662
40.51080796260692 -2.830723275476366 9.326999471252385 -42.09753985493556 22.795331820521085 32.102491323859354 -32.976346082129055 -20.8069403660772 -47.67405896276175 -32.279540312780554 
97.72973833928128
-12.512791875947507 46.53891587329936 -29.025301585786057 9.078027523695063 0.6287678740376492 1.9886805230585267 -25.90515936568568 -5.015388591622937 -6.188145443726135 45.66405406669848 
26.15114348217381
-6.498889699896047 19.474747832028598 45.98057352781902 -18.6431674867659 6.303719768795325 39.34407328732962 4.289357406723035 13.920449757525667 23.950541846747683 28.99609606870159 
54.4812240604209
-43.22208517206643 40.58948751899666 18.133985271295955 45.628089050298996 -15.321438305056311 21.974733132303896 -1.7630887541685212 20.59195116050452 0.8688969467364558 -38.549393383457485 
13.318910441599918
32.14503075380139 41.01241142492519 19.987433188933352 49.24245560979591 -42.6170760370066 -21.996733613315055 48.40476431605212 2.3637059726128697 -18.92407768965718 46.9762212754448 
82.5931264379241
39.24346145728279 19.09191076404096 11.084720630658552 -14.153764035436843 -44.26016422504641 44.13755758435488 5.5135455771995225 36.341385326382394 6.005742513488308 7.802769096544317 
79.71200673802478
22.35652613494628 -0.2537163425335365 25.256689669865835 5.978186630284895 12.988304817473072 -40.451814410866774 -48.0682136854749 -13.705790226609047 17.936134162193866 39.175430411950956 
85.14585038769009
-31.292859055703147 36.34313372831279 28.432298092933976 -32.149980698774726 -20.43040729246418 21.73558459492409 -39.47296368912754 6.554228452294062 -11.40137356186132 7.778257025167001 
43.82640986265586
-38.55988502214453
-41.48330457100322
-27.441733672032655
-39.68697768757748
-37.38391046060292
22.878399719078985
49.03944549050014
48.13932289146415
8.864243091154613
48.886674460711646
