constraints 103
variables 10
32.413599773089786 -0.6309936973661223 42.73082001368506 24.332902686202473 -34.789080782098715 -28.009441685332703 39.939735776250444 19.779034375153074 -28.77116991147449 4.531684325187626 
46.37679249812149
-10.094684443091865 27.327414801162064 -49.16046396478869 4.924783586545111 25.695160275069853 -10.243179730963462 23.454495186132903 14.795270735178192 15.35737848790508 31.17001425528133 
26.362514340491227
-39.74050831158349 -44.05392167512693 1.4504075280915814 -45.62686144577227 46.84434866026302 9.409323408275526 -8.895028164413624 -20.50017766052482 48.59758928462881 -41.93776830382981 
10.8367083448477
5.363621409542127 -12.297888380811258 20.437300597727756 -23.60132635932398 46.910948378216375 26.020046441572944 -39.95327403018199 -46.055004155166024 -15.369468129890492 -2.926864736421699 
6.798563110388756
-22.1673645866322 49.97434317351539 46.51659885033335 13.640560814939604 0.19088041371592368 21.83166620196782 29.33957791806901 39.46255781056071 -30.436106611329294 2.675163452629448 
82.82592276498112
-16.629635410175027 -35.45509975052727 -2.6078363655303107 -44.265046898787965 -4.848941636056992 27.558842926315947 -12.165918895150483 -23.78744705328142 -47.91830264097619 3.8136766145644003 
31.76127566306223
-16.38125027923609 23.19043417709861 -9.071285851641854 16.13028918375946 32.75873367257883 38.6610880312478 -4.138273662682202 11.564879012874286 2.930014192414788 -5.720769883256828 
27.494778807456598
7.371800708733659 8.749248698647435 48.64991358069972 25.60208706916677 -45.393140309630056 14.897985261669888 -35.625860174234504 -10.088588703818516 8.466214072796774 -47.2725864690129 
53.45325699918274
26.583856042613917 40.67252721529562 23.08795910786388 11.89750052889945 -26.32485652850359 -12.454973150700887 -3.199665246180615 18.846842255852465 2.004788150794411 -39.91288581045161 
41.86047774519881
31.469479316749045 13.347828009123695 -31.30536172308175 14.771551967860702 28.48520600876465 -26.022940691084063 -43.01743872661431 2.321968380895626 42.36800951068743 -21.677959723811234 
46.747176604679005
-10.32079044332368 -26.88578000869921 34.87433123270036 -30.774331197363658 -39.155041217153936 -5.080350667494514 -45.54316581809188 46.5842550686574 8.317861167962363 1.1910589975729167 
49.588237750204165
-8.039260133531045 40.23601643342273 -16.975521149198613 22.91199466070445 16.406797897467044 25.322054872677597 -48.38520828017477 -17.47757345303058 -33.28013164999057 -41.370504456358915 
46.01814260793563
-27.491101477777 -30.5759457257031 -35.610215247400234 14.270673715714437 48.152271245475504 23.053964723867068 26.18525535054988 -31.925814062960335 -43.053898264283454 13.414933456959986 
99.22399785742155
-10.908700358081155 8.978375052856649 24.637664889222478 14.66844494791522 8.349793117960338 33.197801391118404 32.61476035727061 -18.22979720611655 -10.66228287124197 -30.29798708464806 
46.801243917800825
29.989505407087492 20.078064205757627 42.42327922839972 11.380622779170771 10.32838602439444 -40.1963636645269 41.45061180676916 37.442647957887246 -7.217498425548307 41.8099424059282 
69.71545337084657
14.088380559658901 -44.88271711730442 5.645863637881618 -25.118601046906264 38.27278179192733 -42.90010965607499 -30.991065954621543 44.01666974076956 10.714513027348026 -16.130800301737494 
2.5440838023023993
-14.008622029773107 -31.652813076447007 22.301898140604777 39.20172630779729 -35.47014244189327 -37.44411380142259 -44.96654733654621 -16.106893568522786 -26.538318494343972 -3.162811180009996 
68.21857939630235
-11.112150002141405 -35.04684120625089 7.540600479685601 -28.833415182627988 25.730712212255398 -48.63547779913989 -43.0062869922613 -31.337283912921666 15.411491757845567 -48.13381496468602 
59.58302041193642
10.087484149915241 -24.895784504173314 46.060785349846796 -21.743184880128453 -36.628328908291465 1.998588845023889 -21.403996558443673 -38.56388629990685 26.375503850282982 -7.4211190245577185 
81.11642472092132
38.464114907084195 -6.543679576532867 -10.837661539496203 40.890980656227796 -44.505766901370826 40.78973229033018 4.591302796770854 -0.9341974803105586 13.111217308804704 30.435188270027 
50.68023909169922
5.730616904954019 -38.000518937442905 -39.81247207686353 -13.649119859460782 -6.149958171862714 23.617262167723837 -46.068075950032636 -42.65421978709564 -40.4005105398151 -20.895271102954183 
45.52045551131345
20.9925192192881 -47.241405662390676 11.548740073289387 -41.88578810692435 36.697934313941076 -12.446558576921184 44.24647725146545 -29.514269330221655 -44.316321408442725 31.702074574191542 
40.754658548056746
-8.047719189801896 -38.068462945983086 19.406113400691837 21.280649808596735 38.41130690234286 0.3888780495759576 12.64453288694122 -45.633762959367886 13.375118625813151 28.191711745921396 
54.36398159448105
2.834445174826463 49.95273372352928 39.99481555092062 17.023277257056563 38.61421270392637 -37.59750390073695 -0.5445484651515855 0.43799168285432444 -7.672615729393293 39.17991482955594 
5.499195313880978
-26.015642661158765 -29.583099595272856 -16.6690278918988 34.20347896912766 -10.040063632443477 -44.8853284785229 20.63185989217577 -25.03359217829406 17.261869219330706 -49.30786411803535 
1.051960242458716
23.085525384417153 -42.468300505762926 -46.79400551705895 14.917610348315762 -0.04682992912338335 9.529157799590607 -49.65378206746887 -18.419987962331707 46.78212372160763 -8.264532321668803 
53.01288392478495
45.44140817228518 -21.89272052543455 18.050092420889413 20.892971836506575 31.869421780964743 -12.733913742744477 -3.066919224626531 20.57777316423494 -26.169732113066956 17.642569639860497 
40.458493383813654
46.65607597768249 18.99728800293306 -49.33326223000522 26.482593069611866 43.73786153720471 -33.357930770703845 -35.606770374446995 4.493878278005539 -9.492252205795182 13.791167136903383 
34.94008232726756
-26.299793165713837 45.67692601243523 10.932279318112272 -12.849434786687553 -9.478383053538153 10.096955602143318 -11.020590991577606 0.5479764509977656 -18.10430143378754 -20.681811927046024 
71.25745675646868
41.98540328712413 -49.3343546243772 46.520236780589315 26.942343165613153 27.349487591605538 -40.19055782143256 17.011374654248655 5.693641301554017 11.25916495469145 23.38184447152493 
62.38827917533462
17.142410927958963 -34.092479645258365 13.779182982126756 -25.032895149501655 -16.552238581783783 38.02681819143265 -32.699774182392034 31.24137079664908 -1.6886154028242544 16.413849922062496 
82.96466450367676
36.89168827913501 -28.359818025254192 1.534788539896546 -36.835961429911336 5.266864982455196 25.472772432998198 -6.564301990452762 -11.0417670854102 16.275518224084763 -16.16346591665765 
54.516976805407815
-42.30608500042463 13.27175939689451 -33.12241414472676 -40.31304421305151 36.10958295810133 21.78813725232264 7.906906875373664 -32.00802803347873 -1.7947886968542974 -34.136476630402925 
10.931527987108968
37.02720027774936 23.892696387531004 15.23311446566504 -44.20940537710815 -45.73535823129147 31.80663064818083 -30.2076677046481 -11.808211803888845 -22.10838761149143 -42.356805826543386 
26.515879882717197
2.7444573898320357 -36.164826426363064 -31.991730574040677 -21.592240592071455 38.51152633537153 5.354934891327481 -31.00588599599402 15.077599233544873 -41.34693596255818 -23.081285595148305 
78.56722806554247
30.183130586405852 -21.589811127069712 -44.967426707085345 -17.661635116343987 -7.7517392609798605 38.97871823567685 35.27873715145941 33.39887299671574 2.260614114441452 48.74779798084806 
27.022005481129817
-11.354143801399132 43.972062372816694 27.92951767865884 -14.922756127337166 -3.6180828104497778 30.970189211019232 47.78128797232604 -18.91242895501365 -37.03646408225673 18.358245100972553 
1.4235329998284918
26.44494881096432 29.885414054987564 -23.724372907072667 -20.318927373681095 33.291815844748896 -13.073613293623254 -32.48951481608856 2.4272752113411613 40.47455429206208 -18.154196923252254 
82.10057250814941
-26.414060605236877 37.27648433478899 -37.39245466878654 -41.912023120262376 -13.753456621256113 -10.659757997311061 -45.777868983772365 9.487918360008265 3.274384741465653 -41.60370278212575 
79.03565746376056
-9.948658269504506 -21.652201741317967 10.246517411333755 -23.342431565761814 44.54551591270321 -37.46945006228934 -26.091368479529976 17.707587812157797 38.04645330189901 12.28816925689327 
98.90951864722433
34.175350586654545 8.131412453022143 -23.717160473867228 -42.577745176167916 8.424626745743993 -45.120645463584275 40.33223223859862 3.273925367337739 -27.262733836882692 19.231705837527088 
2.593392953785323
30.808180821579327 -28.21970677410286 1.5353364736429143 34.33369013546414 -26.83141138742826 31.492834101730054 -11.015840628779038 5.576484880429568 41.7758523277634 9.627895323983736 
43.195356242918514
19.460054393165777 36.604001536623855 -24.452752009534052 47.30067911298083 4.324035838844331 -49.68231164125611 29.855931003626424 -24.297121271676257 -41.661520679701205 -1.5852538351850214 
78.07627522688612
29.041808229636374 27.916305027891582 32.225209608524466 16.799483742603087 -28.06571520670883 28.200863028883333 -18.04996318853783 25.616198642521525 21.696339748921005 31.59592083810547 
82.87977521556829
-16.384264840336158 -37.474018126018706 -41.39366053994067 -40.48453076399462 45.3569065521922 1.5191881770710083 -45.81663813126643 29.521138435225865 17.951705263153187 -9.588697540829102 
72.3192833808611
42.26914608538276 -21.73367452208157 10.080622076358182 21.812032860126834 -14.80310192578117 -42.767640376940534 3.6203776748221372 -3.0790270377675313 -24.724765196262965 46.87423072718191 
98.18002265524756
28.06102669372352 2.5959825207972145 -45.102797720982615 -24.203962036536797 39.73299680644378 8.418154633979803 -8.456353788473237 -10.922751140218246 -4.4362704504896655 10.969285695323393 
73.91346760885365
-31.12106521792818 43.63058058145212 38.88046304839918 -25.94211268828982 37.99476582324483 49.1703745293094 44.340605911003024 -31.10592458125693 27.41495244492792 -33.67609849608512 
95.88760172499292
-27.648582802801048 -10.156355270144402 -44.25732524125783 -5.789036988909238 43.148420011256164 18.93808242844304 -49.31442448584764 -36.57740002613945 -34.78736775395905 -37.87343214725676 
60.65867182359918
44.95948575048453 -8.005840272460851 -40.118162539928626 -21.29761088993991 -38.386113955418224 30.786677682508028 4.970953527477903 -23.894099993913542 25.143923181352108 -31.34188577224729 
41.47237398301969
26.629434606234582 32.49930347385691 7.706453036965058 15.245351957744319 1.241011862432373 32.90395636448483 34.094400988281706 -4.943573604106696 13.924763253622217 0.8695045110199828 
42.67991823111635
6.7121901065861564 -20.706011295874717 18.67041706514422 -22.95206756405509 -38.68283422035933 -36.45733195270243 5.893767861810552 -26.638195986270507 13.170039666609313 21.695055447233884 
83.38353834609028
15.691392531730415 -47.16885462947944 16.163756106222323 24.23145674644023 20.337891939226466 26.538509459371397 -45.697592254138605 -24.576634676758967 -32.83616863937922 24.419419414422322 
15.939900845907552
30.332169727746404 -12.950040581396614 -3.161121112124917 -34.191082187156866 -5.544563159451158 -3.661001224792024 -9.254020965188339 10.33220328044974 14.627742935998683 -8.510477002428004 
96.02361626070208
-36.59408135189999 35.39489985715586 -19.84846893725387 -44.38336429194203 31.620113024566436 5.319238847594988 -21.511491081002955 -27.39209468277215 15.782165277473965 30.692132285685204 
98.80913179990975
42.43145798045465 -47.34019221527854 -35.537999476999495 -13.56503450192875 49.05627981402834 -11.463835635400542 -25.856963180211512 -9.781144350500924 -9.75609084297625 34.46996775386218 
4.051959360288738
-32.758039476595 38.87753346034441 2.0799342907918756 34.42711352730261 28.95563998865039 4.879786381009922 8.22306232531055 -7.183740376581419 33.39776554648553 -14.619013563736452 
17.112349067545995
-8.423552329895443 16.101184927154506 -20.430890420786728 -40.77971222449559 49.411381096084 30.925478468321444 49.04726907596228 -22.259805513207297 4.578724252307268 -8.718669669268749 
74.54407484816899
5.428271095956674 42.73183131590899 -37.91982787037603 -4.533281894228111 -32.67495110468613 43.317396072130606 3.2300311529215335 -29.94381277128918 38.15565552732906 45.03257607383752 
56.611747880489304
-39.20145919599564 -42.86588225647853 43.05215030670331 0.20809384654788232 32.26571948142272 17.447716503600546 8.568313161103532 15.4215497984368 46.70384470747541 -47.1268455884313 
14.642762407168519
26.604744611024316 -43.54339936535504 39.777118343820874 -38.54729485049131 -24.559052411968562 21.705669605210005 -30.8204206733364 -31.280490099502533 -12.949804028242973 -22.970118337402912 
70.60893283228118
43.44072610628284 -30.44007330538976 30.92915297188 -12.846067890272842 37.003214758816 -35.632661672728695 -41.27112315012258 -40.58194985884048 -22.662788047777205 -19.566121980878204 
91.17494546489158
-24.99221856874637 -1.0219048717128558 2.6906432390934185 8.549124474611325 -20.262884097539658 -3.265229890557329 11.996675685488341 -26.72100353819876 26.906213158411546 47.12050327399339 
42.080452038680825
-27.21370855645985 -38.18689523326163 -24.215850676698192 27.50818234837756 -1.288147660989857 0.08301476772086858 48.88671190640986 15.960723860442698 -41.32486354594151 10.450660530135337 
81.70021114874086
27.964302530290013 2.370568841964186 -44.693289867042566 -11.337139236358595 47.70842487078224 45.07266898247873 25.620327323323238 -4.293378878072716 19.697710809862244 38.51639142368015 
80.7755231745429
-2.1198332445722556 7.722627586796726 -28.361386541875568 -31.590191350594854 -26.87761453877866 44.99737609534988 31.811298196303113 4.5194490669872565 -43.50143904790421 17.301495349044316 
70.9663226280535
39.896357157683596 38.293358023886825 -25.42498895963561 0.40655415710912024 25.387506275235964 -25.938142040362223 10.655227547535674 33.117245746722844 15.51844013598604 35.07183963726693 
35.706571561118714
3.0363825095286145 17.698338430733628 -16.4724304449122 -8.616860079698228 17.01209932068572 2.524787333747703 -21.452591313047243 -25.123069703151312 37.06990099554719 -10.367748015956437 
56.07451953238174
44.74296520945056 48.13183635687835 13.07897429418037 -21.267916526018805 -21.24415475262501 39.47442533476875 0.4428564096609193 -29.908654444158866 42.04052092691553 -33.01842995977387 
20.597626201043063
31.902963419228243 2.333358605343996 -32.356719019025235 -33.43361678589617 -7.450942362547174 -1.5321324872297168 17.77054853418369 -8.099593405785441 -49.6945272761656 -21.957265648875268 
12.041227526639098
11.706863188907526 -44.0392572396247 -29.281932869533367 -8.23867136569929 12.74988862557057 25.92030513505439 4.699082293887571 17.620661553148295 -9.024770036033168 39.13154279653419 
55.704690968786885
-35.25873342488855 49.35945756314615 48.99722993421253 40.08177340155147 15.961667239457682 44.16053600837486 -15.097939939210868 -23.28582290077108 43.06942827189812 13.447329549099315 
77.05887046214325
45.988775476673965 -4.910905316963856 -41.788659061435354 13.088294552734268 -31.680815476559697 -42.247903842787196 23.414867356952897 -24.92243760032412 9.591047548583475 -41.08025953876291 
94.00544561491425
11.821209859144354 -3.618950815289068 -29.000069064717195 -20.772727061775733 -27.471545472450977 -10.084895097507541 -46.707197808691035 -42.51390627355872 -34.51087360949773 -25.53051465703429 
34.719979570286874
-6.42520347427341 8.021931616165759 -36.71813147102458 -39.463299756365345 20.242727172954318 2.4859919859618245 -36.97236265779107 -34.60440844308237 -3.1074079974586652 -42.781469634786575 
16.529969774136756
-10.474610062360355 19.614465373060995 -29.03130943777891 -37.3893681246156 24.807434044159763 -41.182649891693025 -35.270568231150314 -38.148434885734304 -36.822667374178465 -6.605592526612533 
25.82652452233671
37.525726089848305 21.048664135408714 -6.341200296253511 25.705691140723715 -27.931140597548264 30.350181195057942 29.212889589447485 35.06595634909033 -18.797794636291176 -30.71256522024337 
92.46425262350407
-12.180698159478723 -39.82059631317141 -45.91563447301932 33.677832561361356 38.813780116666635 -40.38086272789929 -23.27016793435297 49.25427116234276 19.339229349386628 -48.00166310934429 
3.14867740499839
-48.6497286233307 19.141809090312194 -5.880897953963881 41.2363868041127 -25.992384901677966 14.005554204219266 25.725653100124646 -1.1590214300629356 38.633241231516664 -36.08375804790435 
19.936058942021894
-21.954738061911605 9.973580825619585 28.404823930353757 17.266658534693065 -6.00284549131981 22.6521031868172 32.874784136683886 -18.234582583921256 -35.944737609696986 -2.110151477576885 
22.549744286981742
15.133733473446114 -13.838536245189957 0.20445086305864635 -40.86529306817754 -47.29550140261547 14.121784532462357 -45.31601654583093 -0.6336326657048872 43.75749541200467 -8.128635692561303 
6.857725088782818
44.33491710214433 -12.108534359068223 28.81883177165932 -40.76330085808447 -36.20815818334165 -40.96446539716537 34.00999302426236 11.272665280417215 -19.38480489592058 49.170867476228494 
28.12020524108402
-37.21499460067379 47.18591093793695 4.946804097373622 19.179374379621066 14.830693921109798 -42.36428437131774 -37.88607554967764 10.453035579047956 16.54339292647839 -32.24075686014221 
55.059828737306816
7.047523267726476 -38.356584184633505 37.83998246311802 -8.27832569485497 1.5767267854335216 34.121151386939644 22.72173700110268 -12.237188511882295 48.622532397943075 -10.977712491050518 
58.164275761405214
48.13909730170248 -17.259518135126626 31.313940618829633 32.8539134351594 -30.956181301418685 -4.593187312424284 -26.513366664570448 41.39678171311628 8.708363518023319 12.572513283267483 
60.84777374613072
-14.795448049149648 41.64911597380268 6.384555592365025 -47.61187468133037 25.389490034647196 -32.31069451282773 -17.845941971947568 -15.346483805255652 -5.382364275210563 44.44781314866853 
54.79558503508558
26.22982218130406 43.32601362553814 49.97526143741486 -32.268639351466454 -48.74998159863604 29.791809188345326 10.830934007740602 -38.351271777848574 21.75793013703236 13.248419539746891 
0.13240496682720426
-29.48132224347284 -29.185984723074576 -25.42460425797417 19.973025280032644 7.927784346714304 20.90438444208276 20.046241260575925 -16.909330093407448 8.045514302281376 5.5149333095057 
70.20015620306197
-0.21554442757138048 2.443261446352885 -14.34160871313621 -1.8892422961353716 -42.18556834618041 46.501145850980606 17.692695900121308 9.156894458693266 -44.61750730684799 7.28299096121853 
83.94505209995938
47.857693291928584 10.281048512717994 -11.470409763855415 43.456684952632756 -23.583991770511915 21.909327165379167 47.81473587149766 46.58917780798947 -5.678561321039766 -42.90463453462039 
5.928153595742735
-15.716033552458278 -41.303819922890405 -34.474874832999916 -40.80606302221496 10.442456101684172 21.023941254966516 -43.9316348776709 31.702638916470647 -15.805096996841463 -32.51576123942215 
31.404267520748586
46.329696066892595 27.75205466477803 37.32136575401594 -14.911980154681551 -49.067600538519976 -14.915706808576822 46.50940768212237 -37.437118932494606 9.262154682791312 46.84881224020155 
12.431680799393119
-24.389466482180143 -45.101685968862 -22.213853544245822 -40.6249959457118 38.34579744031218 10.90436053968832 -5.766861511862643 34.34626053556235 -37.89994249692855 47.92682545391396 
41.45022967291854
-21.9492741918225 6.401062708235351 -10.89823981963103 13.136733532224795 -23.17134654575198 33.74500742531154 21.403188547369368 -11.191496107948382 -32.07131252290429 6.970108320701961 
89.96246281592826
38.63827273539658 -17.296360397970055 -0.22085943507992312 34.40699667571661 -40.09041792258626 -9.853727214915587 13.321738858942837 24.411346149738165 -35.58883314342678 -3.3603171717802383 
54.73547058421261
-34.57681395695491 31.899313722025596 -33.121023649518946 37.15803286906217 -25.0787905285221 -18.818471026404538 5.627925337448694 -45.038813919871636 -25.418421346958397 37.42567558754283 
30.306328311019747
-27.17970634308258 4.3740053359965145 -8.025533480740755 -29.639160598628767 42.72167128724122 40.878126566458235 9.24600067676419 0.9540526739294037 29.12317239636066 44.005366288705716 
84.22683205100776
-44.28633811276842 -20.778235120045196 -36.1690302038387 -6.385219426511945 -33.88444158704983 22.645098195850906 -37.614520441043766 -36.15543474275206 43.531733163219755 -27.12761872565733 
94.02441906200802
0.0300561197761553 -45.944086629334 31.303121828769747 42.3894762642055 -18.717287117811544 35.926875724119014 14.130616222391495 -18.00596539502847 29.916629330165506 24.701405203480874 
82.04031298785578
18.110440945552014 4.726307500940322 -17.714074098467 -46.758530705252966 -40.094142106477726 -48.175877311242175 22.517825271533553 -28.546166584690347 -1.3318151193553192 20.450182141022395 
38.1945517670198
-17.790709111382398 -4.517018422210363 15.71808371099901 -37.71940315278653 43.191801182069185 30.866882289019728 -34.56412737525136 -10.520524192171997 -42.67289352649759 -17.367445987410804 
73.94222126578065
43.4398842896308 -29.05290396504534 -22.34528339883629 22.323728587064764 -0.42776526149630456 23.591913045412426 -41.7736536646315 1.429911189973076 -36.2162230084447 20.876187557570944 
64.33865155257482
31.778344065118077 -36.60240571699448 27.334095286844985 -40.511999973159334 32.7430941988674 28.102721254021574 -7.728840839533589 -30.49254733256327 -47.654545308839836 -24.010246474228992 
78.38907502963093
-40.46375141979321
13.453460286105468
48.13288195384611
8.36608327538201
-10.020790149940353
-21.646570094191553
-22.343370254539053
-49.9705893649759
20.37684966509012
27.954006774562956
