constraints 103
variables 10
-30.169277377277236 -19.495824355809198 -40.79675110000118 17.24579709526614 38.40373906848835 -27.699720900811997 0.963974128587374 -12.123132870128927 -5.692247523652497 -45.70469660322386 
65.07222919048209
33.314910393513614 40.31654017261759 43.01561948660381 -8.485186651492683 -15.120898483985975 8.679861713519202 -8.910573334607633 6.4574489061995735 -4.7910680123794975 -28.03688211479274 
18.71174933090981
-29.788391589734875 -36.38666224108562 42.232080799065145 -15.330149860288643 3.702953148910545 18.19978615984037 -11.17747669499959 36.177704710979995 -8.887123246042663 -0.6457550974774051 
6.20418078306103
10.06899973036328 2.946716626463882 30.256237649642898 30.34295063750234 31.823847011624693 -4.010819327605255 -8.148544369965329 -15.515188564058654 -26.544768925738772 -25.56039416017818 
92.06772204193541
33.42944430538496 -13.543027880093902 39.976679611413246 32.04832860904054 39.13108014577038 21.815759974794844 -32.4157036081635 -24.20990973863415 39.8586312566088 35.515611020869414 
68.67722058394449
23.81171568802101 20.166699563727065 -44.986122359023675 43.39731373009977 -23.658598927341423 -0.42643657078711783 -0.15631217673005438 29.908074101670323 47.00081438622945 -5.88818105465959 
57.798555847622744
30.097263190703387 -45.924101160304645 -3.188177240523217 17.080588369579957 28.30446959421397 -26.7967151608139 30.697679839515715 -5.655443548115947 22.52243181133332 32.66426946509992 
1.0199997694371077
-21.254140149905865 -44.021968985830526 -29.53329506370156 12.219201387133651 32.901203287323 -28.91915359301298 1.008343800535151 -30.492326466453036 -46.903425541149915 -42.56576096922612 
8.353525676500617
-45.02137082426031 -6.872099676524165 30.9359279084277 -6.981669726400128 -46.20598476366877 -1.1644545263143513 11.952065959065742 -0.3523719544269852 7.273381969370483 33.694568268203156 
17.130874885438363
44.08073335554792 -13.399848683535055 -0.25150638179894 41.62888077006983 40.04063077504834 13.38121312369919 22.725066364424578 36.35488421749321 -1.9549313270195938 -48.55960127662685 
25.34828726789651
-21.70623041620655 32.12603911049436 -42.00420209125353 -41.338208324886025 -8.945652950684426 -36.44250512011115 -38.23449395339513 47.60440278702674 -2.507607912625474 5.0293981051825725 
80.56589856706807
34.129515902626395 -23.407860830189197 43.56950215046487 1.6110093187895487 -31.164310929633587 -47.253520207910796 -33.99745570777654 -26.008783905508547 10.37663489989827 17.15813277597232 
36.84977517387939
4.7038608393445855 40.84461461392418 -31.70885648978282 45.31010658519061 7.128055984396433 -5.128074062679211 11.134046525075206 35.32734741464755 23.98041076247779 -19.62891806614262 
23.493065418092108
20.736358455952853 35.557928098483174 39.63494988486673 -18.384214576328397 -33.90581238341783 -31.53108604724324 10.943948169548136 -12.847265109303606 -16.959444896598654 -9.927785389454904 
52.87821945030292
-47.20364756102682 -48.10467437180318 9.48964855731137 -13.791631272410662 -15.106152567446564 28.688891189403705 -42.673959657706895 41.53926541766242 47.91249902735436 -11.065334766915825 
33.12578825056096
-25.192893472068523 7.842968520805961 -8.808814711476508 -7.885574951489652 27.280718301517766 29.458210621664847 -34.17542011274014 40.918158558958055 -38.10607256577072 -4.197366905760312 
97.37043780370836
25.723916790635172 3.5365232051266062 27.368169685168965 -27.49255424748028 25.73698420391115 47.357176000865124 -46.87904953335574 -40.10664268138585 9.81275391855484 26.18243435525558 
75.87431100025186
-27.02277940621198 -25.21622201305369 45.83170501781038 -19.539112366554946 42.39001778498755 -39.727268297092124 -44.591096623537155 4.7385976436071005 -9.370812088224447 -23.323531530484864 
68.57725224074385
30.67232235668145 -41.50926071939958 -9.474105101574523 -8.625530220315412 -44.4348565080836 -19.933991593462185 34.5709057956379 -7.6986106411858515 -28.02998260941876 -8.891671340873906 
98.7091451088169
-28.782191293900883 18.894806984445893 -15.811801111689583 12.27188686821519 45.00519097670393 -33.37938755178635 43.29382125622509 -1.800073297961326 -29.993453363712064 12.785378261279313 
50.397144223366894
-34.71322559285459 -36.070277413649386 -1.6582110032395647 -43.00618249507927 5.936110693832944 -26.799043852758164 48.58049259925107 4.7388004292371235 -16.225096000796157 5.681487109342697 
56.61671118741041
-38.96243617982906 27.98316807774306 13.21067842519259 -45.42962189180329 7.816190781741149 -0.6541589981664089 13.61495059203024 11.126871930384674 -15.318105297483442 6.801812369194508 
37.62258983222476
-46.75241225408132 41.298813560099674 32.659659804120295 -27.44972603161847 34.50647796847818 -1.9578436365519565 19.669178254933385 1.6779321773835463 -37.1391771305726 -1.1428748676052791 
33.782325933552585
5.9043737077986265 -43.378506726129494 -34.26274510059696 42.70671388023631 2.5768341661044687 18.969969323590703 -19.649834401364295 -7.750641272753548 45.31344496844642 -41.423538044395904 
75.07691727954024
19.96787080151921 -1.8116451454485016 36.70548383213233 13.094510810272155 18.79084835071299 27.825046976508006 39.65223968823781 25.119338721582196 -47.96125992050507 -22.255839063529837 
9.435265848215813
49.04262915927896 25.670984766280213 0.7379118190691898 15.377761554596475 -12.07270049453377 43.6047580285837 -22.906011194290045 -35.457904739916486 -38.30120359172482 -42.4047895677909 
89.16757860621928
29.938967117485717 -21.64909829770356 -25.563415350814754 -43.89901987477736 22.014818047645193 -8.399319517585148 -49.861867272068736 6.415977682225716 41.128000927537926 -6.33495611393564 
33.24832072682591
-19.24495591913493 26.556364010776008 14.194730868059338 17.645293730345074 12.22308993816987 -38.9641601705609 9.38973438674158 -21.118862432475073 27.58236261796111 48.91173917714126 
78.93348379391163
-2.43802568520929 48.978831982933585 -39.308572724258525 42.62143640307583 18.265499509496706 -47.070831257848326 -22.88088946207969 -6.577076944971381 -46.85791673301637 10.973252736846419 
21.85049506777569
19.203473263061994 15.615046475010502 -5.302107424196393 43.387117523608595 -48.55199159955036 -38.50965660274459 26.763189969709188 44.13714304711304 -43.93629273301279 -27.694684042533503 
49.11386113086087
-42.69847883725259 28.704507619567195 38.89081267739452 -40.26649710511568 40.74134002075603 -4.95243564055292 41.89038884384476 -9.899382567855461 -8.935667958717097 -4.9347475563833 
30.374947176029576
-43.06897289400594 -19.12454406841536 49.57454281436803 -30.289389099561916 23.842005463907768 -12.531468269305577 17.208938751191866 15.482249028254188 -48.75066555969537 -37.80704497037559 
0.44634448960021444
-28.455511521871625 -3.8908337051351296 -13.68849131397399 -49.56039017938565 7.166705470377657 47.04247013236959 21.372360800721395 2.1347273470388117 40.75791548052375 -5.069475945783154 
39.95034339852855
43.52492598172837 45.80207931183597 44.245752077184235 16.069644014873873 -14.122760598478067 -1.5961661234935676 16.182951072318346 13.702076470033816 -44.61863537464406 15.23921291672228 
31.081788920205543
36.44213496505125 -29.09108583198866 25.725446802547864 -15.317839688872013 -8.207952544890261 7.434469569202207 32.86845002539633 0.4298234001728716 -20.552904387469397 20.158097456059068 
93.51614539592731
48.350521103609125 34.55347911631161 20.482278092227517 -9.359678157587027 -30.063474375412614 44.118074316265194 1.734505697633793 27.789221465552828 38.04038283506851 -42.41860878671159 
59.89003793075328
48.99759948605504 10.946376231398439 31.02217215679279 42.53764020876825 -23.789452741911234 10.591030314967696 28.543989413794307 37.94435223407248 -39.328143009463425 16.329744000186835 
4.1013383167916135
-14.68631039140169 -35.25270184862139 17.697427742826548 2.3546574057902916 47.194869988239134 26.29764770121976 -37.71319393796799 -1.8991727459177312 35.489044051196814 -41.014122073816374 
18.168831058328294
40.407653840260295 23.611665121213306 8.797450919898395 44.20540856583072 -20.21206710599094 9.108555728947032 -30.42784849450928 -23.844554304187014 34.58067422142352 -36.613611729576476 
8.490483444852792
-8.348981814571808 -3.8358577372459948 18.206643225826625 -33.77287977450628 12.92119537716566 -18.29263478213591 42.20537391400046 25.87851125604513 42.5668794616648 -32.126191857702395 
4.939389825566398
-10.208836846046921 4.7407901391570135 -20.7770522140306 10.822757789479155 -35.93820303164655 -18.237509634261862 11.012495834566685 -39.194240569913205 26.749959403470697 44.49915848418489 
87.68605967599812
-34.23818811185995 47.738298186645665 -26.231453904287527 -4.461909050503586 -7.713959294900874 35.695235071952325 9.571420674603218 30.8799267735117 -31.02745475673703 -39.260770711208 
95.13645976728503
-26.512152108537247 19.225654284145463 40.173450502852276 3.561486686038549 29.196040156657304 15.273738312387565 29.054144238726522 -3.739425007087668 -14.79556607868409 17.292449294183427 
77.37553796986055
-35.52256278657079 -12.996619478247162 -28.592468557513804 1.2986387995531175 47.8012363798766 -23.22583588530982 40.83561136800286 17.120844966703757 6.921779440825695 -20.293583223448042 
85.53468529925252
3.57779026072955 -48.21321697749443 -13.119506730308203 -12.525705749522672 -9.411620949382737 -9.125261796138297 11.194904807420272 -9.001369975878525 20.69850830018865 22.472645175228664 
36.27594443842086
-9.25586334798519 -6.75149430513062 34.648677981224765 37.38868565265271 -46.81354994251148 -19.316155685085167 -32.96436176105263 -21.92446358986131 2.1297444187136847 -48.55180564616306 
64.5918006978164
-23.41943503248236 33.31492362691779 44.542466368447734 21.181584328512713 -7.92510198382481 48.811292967066095 -32.897032078696164 19.11922148145348 2.2804201141352536 -32.03029353066368 
78.2463657152825
19.744393551748658 31.29615766141991 -21.546634929556497 -20.05133654853197 49.64958747236835 39.263648799272715 -11.774147453247743 8.869940210819557 -42.64528037840486 -46.03527333790836 
77.3641483978259
11.806122815484478 -13.97469170025353 8.527091437060285 27.177732267229544 -8.156411632882985 19.256328637332203 -0.8798554841573321 -26.646874971654732 32.311959160990284 -41.00541655887298 
41.855549355349495
-10.29349404707154 41.27492434536951 -12.651708068831667 -10.935955665810312 -40.38464277446325 10.568512632032835 -2.666704176036795 11.702018356730761 33.31327937711153 0.29074541019261346 
1.531132130399926
-33.151553948595236 0.9705367125970454 42.16611066946703 42.18494719941273 47.084776889266664 33.84604472268603 -46.64711923691197 -18.564942081658884 -47.99258596682557 8.784866714814775 
16.030775406506848
46.196714333410355 31.204435671971524 34.94855539086642 7.501036143833296 38.60839801777888 22.73527999363786 -4.09605971481799 10.55049869490339 0.029796329686107015 1.4840917553835098 
55.0592476982824
-5.524228687189911 34.24435870428229 -42.285488197462165 47.92474154882218 33.43319225870603 -46.17787904608942 -2.2643053926817345 -49.211669676032045 20.674718097491933 -37.4757466289184 
45.7963612908118
-27.865131437807488 44.7494729991561 26.181612311127296 29.15576347885981 -39.498816398178676 16.895194742557294 -35.34470209453441 -3.262575464520893 -39.552878440968485 27.613367850869736 
68.28805868838904
-44.146423693335365 -23.06382463613179 -35.18369288948677 3.6811122027743295 11.19524400686143 27.65758433627397 -4.045904022314964 -24.31822230064783 -44.385049219816544 22.685019783698735 
52.17367682607635
-44.85693595375497 -6.8139474686202846 11.355303063826838 -46.16796121463749 -34.682841479061395 -28.395252484368626 27.363825413487803 33.579926399273646 43.67054575989829 13.207814529996817 
94.81171336822837
45.75201307120443 -39.540771560070134 -38.288783289631425 30.302931296821157 -1.0559527355935003 -19.421636178852186 -44.768336259508956 39.1779311499547 12.427003236323607 -48.998641482668404 
45.23532492504524
-42.416338295482724 -23.557240836843153 -17.450709137872252 5.764884687991035 36.31801402597074 -8.55456117663691 21.782239942153396 -32.37184121974318 -2.749848725209972 21.996992024385293 
26.479989303684846
-31.811454692403828 18.606346855250635 27.295177030687384 -33.519753372499125 28.979574252559487 21.524318205819753 -27.793358762790575 20.568365736784543 -39.427081702242205 -12.982733565496737 
30.197284661485536
29.663328286611602 46.96116824002492 29.85215441841305 -37.30332393909394 -3.279493564308453 -19.82619617634802 43.83502741282203 48.202773943400175 -5.4274720649520205 49.926734376661244 
61.60942747315442
38.82777069467713 -45.644668651230134 42.81288891404512 41.31228635231324 42.00539338264532 -40.782711826753484 20.8733118033759 -47.70505993706986 -39.27546001400266 10.685062562025074 
80.34527181710209
-17.39483201453863 -23.076387557992007 -31.639372470350523 37.9659538570788 32.03946794225956 29.574545575292532 37.54966171756864 4.417256111257885 -13.686922069701637 -28.49508463720063 
43.972351963676445
-17.670655987947413 -9.741529294691766 -12.84882244753284 -10.11666538269845 -30.282440027062073 -49.04861224604554 -32.79445782490751 -18.271600054902937 -41.19062365056624 -44.723238905930906 
15.513524523907584
-44.108752191757695 -5.074935976300601 -19.314911154625968 8.59879147125443 6.134460132030441 0.4078390648026087 -37.246798828446 -11.163615895863103 34.01457847659613 24.55620665073384 
8.65156259445773
48.56500585077423 1.851980180700238 -47.906677984984405 11.733574533637139 -45.676482955006215 -33.23798363004138 39.91517332010321 -20.79939568339214 -32.083617821457096 -36.195314407396836 
4.691451796549617
32.159769204559765 44.15728733075595 -13.514163160423543 -47.65001941898899 -24.620226830926118 23.909714898599844 33.64375469936796 -25.442377704850482 -37.33663846984903 45.43778921690662 
3.180692779322636
37.01761096623561 2.993267337894345 -32.89979514025302 15.14975006451155 49.73529812201599 -37.528218837684214 -19.93537485235165 -10.616768112678187 40.36128980127218 -32.437618904387335 
40.989457541264414
-13.850549832805193 48.30305664115136 6.255116901464817 -28.485592037285667 42.250666910315786 19.50305193167216 5.515719911763149 3.920802390070868 -0.47430717694424374 -40.38653537044835 
85.74174274537853
0.46715803410423007 27.896420942923896 -3.2452785813768443 -44.06275264735978 37.67503108053036 -9.101638458764349 -35.87307080216955 -33.06913660074234 26.23469631044263 38.06099853868791 
87.4504157044128
-15.799638440969169 32.21973483702257 35.554644899127 -47.45635640012108 -23.269897283901543 -24.055828127909272 14.196151805934505 -15.696290036192806 43.816044491042746 -38.93470681806347 
72.20668597785614
-10.06324063649133 17.846270829989024 28.429825719767507 19.040542164234452 6.492596239786863 -12.176741368091385 -13.319296065040106 36.15474225427458 45.589892704695174 35.757426745942894 
94.78614653614618
-39.23505169195973 46.67532763112928 -33.950278488308406 -39.57765666583164 -30.565997950264112 34.242112303587376 -13.405625615959572 22.535523868472524 49.7651979564817 -25.859679871758022 
19.57113961051512
6.428787245200851 0.5231548346326136 39.44351565984313 -20.240308294841146 -24.636477565825576 -6.819070184745023 -22.706807321019518 8.697078940900049 -46.065167752085124 11.192862234028134 
64.72453589004994
-5.887548967371167 -34.62508347487816 -42.78170745092995 -46.31588862466729 35.81155163365793 7.457817019427345 33.07224267957706 -16.7179249910805 41.5467190212277 39.823595546519456 
2.354750520526172
-19.221482402354283 49.3964757103557 -30.690606021193823 41.51150686731434 -18.114363895603923 -23.208001886862206 49.26948041114936 21.504071056384007 -24.325590267433018 40.56611791418128 
3.885859807956493
39.318842810403595 19.70652139110291 -22.73629238196585 49.1155491589591 36.2196562915819 -23.030729032636955 -31.55934929480694 -41.80981338167176 -2.050284786426971 47.77327525778905 
91.79184017989851
11.47814207009263 31.014324899344786 6.979785209639488 -24.3130600026946 -21.961151778114218 48.72666976269075 -40.24354506057969 -17.944080665128006 -0.656394846717447 30.87467770046925 
47.51746418250542
-19.445308982297117 -15.59340256793049 41.66777799894358 -30.214110696874876 5.554375296291461 -20.0355212144539 -47.951845304692576 -12.57670280317383 6.736102393647968 -0.6376850697779517 
64.50185732949663
38.00351061381312 13.936472866861152 -20.551716320419434 -18.819057901550995 25.06457123752331 37.377096987788235 36.049026763622436 39.44858023741412 39.554935414896505 -34.475080210024686 
55.49206550625916
-37.11517276613064 33.99697063039136 4.5683220552372035 -7.838737580393044 40.341603517428226 -2.277136256287072 -24.142738127005025 -9.784177380745348 -49.18888110765012 24.995071888893804 
0.6439909688251366
11.372830425352376 -2.3271676546053683 26.905466111557175 -44.9257911592859 30.04792680018575 2.3097928487573753 -37.34560409346976 22.61671512736841 -47.831835208651285 -15.864035835875221 
6.142862485649259
5.983008427689093 24.615684568113394 21.751964494769354 19.768101056740363 -13.92354880752388 28.530370657143692 -1.7525899429021266 28.8948217247531 31.62399404121541 41.59413183544653 
32.59380283609051
-22.318536280282466 -30.118318278638124 11.93907104837946 -11.37724874127015 -0.22720311835596618 26.168434679496087 -40.53377937004454 -16.73996525159518 -44.172738164405736 -22.02904342364618 
59.13119874992322
-13.513176742704026 -26.070547608712292 47.97579381033448 -34.85249666906067 16.92516044663131 -21.35479274168588 29.622927334673847 -44.922143189203766 -11.004426036686901 -40.19123198945189 
48.638560912624854
8.428435141284815 -39.72951787692991 13.088519412852747 14.492978982379285 -14.36963737156183 -39.05218552348929 30.95986733264853 -43.15726369105896 40.187448672236485 11.29510023661917 
84.92078975539266
-26.245388767394452 -20.711400126930457 47.464987317512836 17.617702680861214 40.87212628597425 -13.672113655113016 31.25899505486825 7.00625412603042 43.67367300694508 -17.45516880234981 
65.2170758727664
-26.246298263660083 -1.4154447918478326 34.39193628956899 -29.163707948104665 -22.203400603178746 22.943594224462245 -41.74394647411277 -35.22722082621995 -9.700501981183763 48.688138955203726 
84.80471332651149
-14.443125787885961 33.217423739913656 -49.89028826834282 21.498057059428973 -18.34790710445565 -49.753084604874566 22.145704782317864 43.701565888891196 -29.385547491015608 -39.84251786601452 
52.41085065421346
-47.64571604719868 18.659378226888208 46.32726242411506 -22.4644541079141 -40.70821451062969 -29.880796780303264 4.763846119489102 -47.63375317202825 0.09265152251363418 27.075115376996578 
56.973116398656984
-10.803422809575359 28.71179139561299 40.87311538213811 33.746089304349056 43.43597531525472 18.183405391510092 -20.715617607348868 1.2657087726705356 31.98603804736051 27.320973821394162 
25.74617568170212
31.892628375678328 -28.91702561072458 -5.388804997458529 -49.579743204522785 18.571003171968357 11.477882295619388 37.39325712292208 16.731496076290668 -5.997639823579391 -19.43517820288403 
16.9344450972724
-48.39978128828047 43.567663358509506 13.429961799825527 -21.842441888650164 12.757528583403897 -5.565305944895449 17.783350448834554 36.545167165924966 32.333704575056046 -27.630060983063743 
21.34812371268662
-35.85974761989702 2.335489674002254 42.48112377290741 -5.479724010593316 21.58234183374418 -5.321076397414515 40.44869579024355 -24.024623820257784 -6.237260433561886 26.120103679307988 
6.761453822433438
-45.61308628469587 12.951994582402826 -13.272926541489383 -41.94635946974266 -24.46579091856015 -4.8526968526960275 -0.5381922282023481 16.84781773688195 -49.1838538834536 22.907063735134187 
17.99205612978184
-26.16011451167366 40.55022382905801 -18.915700190434535 0.028540592540174714 -24.680404951628333 -26.575255416939527 40.640243453413305 -35.71613157381548 12.402011935437805 -7.91481213949524 
40.113889640881425
-49.424776441480944 38.452359258689924 -15.92582399119695 34.34284926496919 -45.356278809523396 -43.58130129393404 17.20762687431774 15.675369748444766 1.9390859793577988 48.74399700884592 
98.95803583044204
-35.817083561903544 -42.08091527214013 -30.888914159281622 20.529108445855428 -49.72272736701415 46.338942272028945 27.4810987732003 -21.95580870460595 -4.344423513124852 11.556731676726805 
27.717991720611003
-14.36569303279451 -3.358667096559131 16.056537385237064 -39.45123202992781 8.199810023626895 27.758891574886377 -39.8080735988075 -36.308913930846046 45.23300728009059 22.773462053002547 
97.57811417059786
35.68694657942265 -8.672638616685447 -24.551747548264448 -3.3881090130597826 30.313163290710634 -16.137856351180204 -37.08515394217432 16.27429869573585 -35.60358317449802 -26.16026480262702 
20.82246530073246
22.671649982232452 43.44263863788004 21.96601877657909 -8.673699696301483 -28.30355095921574 46.69758074035032 -21.19740564177157 -27.505360162437565 22.74040259206747 -33.91260545857053 
5.182831549605538
20.858992876662086 28.56757772951285 -38.05486381215397 27.072085751279246 -2.3989564736248497 -32.7434688271444 32.511080967675866 47.66560680353264 3.2646818987594557 -6.454022309652196 
43.90181002377741
-41.243950838797375 15.900993274931807 -11.030608989694649 32.57503811563636 3.2656952845287037 33.19855782832951 32.83969244589008 23.274220032975094 41.3268224845351 -29.57905126982049 
49.44596713109332
2.0189147713658997 -36.593069606007255 -17.132125596012017 10.749919448002935 45.91405090589625 -24.286211861915273 14.095926964667143 38.42057367838858 39.38313945593151 5.478598713559421 
69.27941817351729
22.205734530017082
-20.51616631814195
47.59664685577971
49.51308538271876
-43.00172286133781
34.296497201297086
-1.7990493252359343
-39.99500645458164
-0.19752540646498318
48.771021597017125
