constraints 103
variables 10
41.852383625067404 -22.720906231623594 6.9642558456810235 47.39746328722765 -42.47736768377136 11.28479249183988 -15.938789401605021 8.38337245817035 -44.64747718511588 49.877592408023546 
99.91860151673238
41.2441794934 -46.16889009444203 -36.79470788844531 -26.098379365998593 14.21962990482713 -28.354961749457676 10.309275063028736 -31.22534719187613 -36.42584446362933 -22.868436279063907 
25.14924069864867
-9.647496189262448 7.8811145527122335 49.539283185630495 -29.77744366235957 -23.176561985510645 -12.339239361758722 7.946827481841922 48.613797443985945 -45.458498553399984 45.670375618546004 
28.240487022532268
43.142105353378895 -40.55109656675137 -38.71041318731064 23.727591737576248 -5.269054856180368 36.27748397646296 -33.78661482023829 -39.23683973627673 41.206994402495454 -18.70836299665647 
48.05987896687737
17.193198299039523 12.44179365805659 -11.426740751519013 -6.4805937085181 -31.531226261924616 18.081941885108208 44.71263091617759 -16.68389885607081 3.9607383631930873 20.070548909541202 
42.25741370446019
27.522554391868 34.30583212541325 -46.25522499850342 48.38520704042726 21.662773411285343 49.54061328273201 -1.4987507597528733 22.003386630271194 11.558149434515585 -22.669540805135146 
51.8532395336816
19.843274078404434 -21.984352782448468 -29.22330951606249 29.16043389767161 -29.896101103466776 -8.772967444980765 -23.91437702411001 45.39428293283228 20.813971005238557 -10.857582946913361 
41.809138234373236
35.00881641005665 -10.681124136279493 4.100945455437298 33.41714584467633 31.31892687075424 49.162885825125784 47.646044432583494 -40.36188427818153 -42.25485971028124 41.12497320593276 
14.722072553032595
0.30458527647761713 -20.13412739166395 -13.720060786357493 -14.656162354349824 49.366398420812615 29.425305469331022 -39.30514647688017 34.34993422904472 -48.71485410719689 -10.723072227938388 
13.734061730667479
7.9953998014900804 14.199099561984653 21.699904912477876 -25.065697620565352 -10.091305283975117 29.048728670599942 -18.392564110575215 48.02479664121941 -41.66740915113726 -39.72141667323883 
30.873294821055286
34.90535473430434 31.588039431876382 0.7822503751898537 -39.66522284221297 -32.74102881514229 9.344616842481699 -48.56728506359259 -18.012674785150274 48.96351220825511 -6.449249880817177 
43.841359200669416
-24.53189980916933 28.580503510901394 14.771349668721882 -26.08543364520527 -39.86714941942178 27.937209484093657 47.20008416919322 3.3276521123866445 16.86239568545777 0.18154846981741457 
18.75805532184409
16.21169818693309 2.1921496008972383 -21.32236065725509 11.460100645149353 -10.850445107067543 -18.55995283362852 -43.276961697838026 -48.375399584003574 44.003153628997154 7.215381856301143 
57.30705812650439
9.522043109614707 5.144960700504761 -14.977032483984644 11.99278341746519 -36.297703602251396 -24.657727614102164 48.634193374082656 18.49371465661706 36.509919535316186 27.843754613470978 
64.47846166251423
-12.370747365621945 -25.80850489715537 -13.856531392233777 -3.4843809661560883 22.08149832090929 27.51839908991292 -22.551628621006913 40.88194424985974 -8.260860785115199 36.99305265362035 
51.05108597680843
-16.940621942489145 -16.5975320151627 40.47613105647413 48.61048031192797 39.39960423420969 6.236862611280479 -49.533191131616036 49.768447918866116 19.541717298862437 -21.399652244076428 
43.287648148390225
-6.418053202958262 -13.405810811029284 6.734110023542513 -36.92981497689699 -6.074734009968985 -2.0911036746468312 41.29315200000312 19.706949794744034 25.318184457318154 30.85699902735874 
13.807555019809115
-48.16997297987173 -45.43853146670579 35.22348018311108 11.903036815121673 33.39590455806652 33.11201838413554 -43.33077309262238 -0.527118095490863 25.600849703420167 -4.694373188318934 
94.16650627074189
25.98150534377895 14.62058290672337 28.336209999937225 -11.604232424708314 -2.306775970407969 30.0625534956539 41.32609361197521 37.79871728985317 2.858124479061928 -40.96133826096939 
12.872719990744418
4.314631657589963 -7.2498515413070805 -43.589213766995904 39.13295627461831 1.7839348935680093 20.9408199956586 -46.96898141313153 -12.19310212290221 -43.41493395904955 -15.694671292706253 
30.693050430249446
-12.691045838382223 -7.722280937715588 -9.00406030120672 -34.96935875032769 44.96465305409245 17.857535986537627 -47.01898959843223 -14.256301695381943 -6.752523325847612 42.68443178637523 
13.736155347364676
-32.698032938720544 8.870801084499455 0.22866092250279024 -24.71261300794797 42.670903615142606 35.975755323862955 -12.514146189624697 33.04435345625045 27.62379914719466 21.706655721857643 
67.2442617961947
-38.27495524592645 -46.15120786597654 40.14140098724691 36.34442756980884 21.16165949480731 35.328905679114214 -11.154973080083842 -15.346379874411298 -33.10942739560966 -15.632200309798748 
41.24038718115677
-43.31568990706734 -42.832338605030095 -48.84656318171565 27.540721382343776 -19.381919445590324 45.413466908708216 33.896419485069345 47.16461633271845 47.95332166453528 -14.918968724784584 
45.34927206005687
-13.645291855740773 11.077139518766543 -47.447536682620076 25.907450088837265 26.147189998236826 15.76893304587405 -37.091393921608784 13.51244980755257 -22.109974377068653 -49.0248965990003 
63.279426549005265
16.221858878817315 -23.81649266158249 -20.84859687507724 38.97109399217571 -15.419238660584803 -7.582397685042096 -42.94851067406048 8.67889365139387 47.82341926680395 -43.99367750977292 
19.04721202618567
16.833514288827374 -39.54630845305309 -15.02991677650892 -27.101726418038897 -46.50856183254554 3.89720443932093 -17.307118582569593 1.3458873981475605 45.16849945503128 -48.3122389615403 
3.4818051355543056
-28.012915918946856 -36.3710589502828 36.04509074249957 25.982263664720904 32.593377103254355 -6.119426045979516 -1.279529387414577 -49.4469685405302 9.369520071382595 37.48992308506601 
19.631395903672775
-45.61895561792411 31.60507869448074 2.8195600974654127 -6.924098046679418 -3.583403552035861 -22.246327580227053 -0.09695968039314096 13.211750832209411 -36.86455995778597 25.18163494495414 
64.41120972308927
38.00516139244553 -14.314961030409336 -11.33999839945433 -17.473113930622077 23.998369679751235 39.147988397735645 1.1306676545100842 26.533200979631914 -36.98525631110584 5.456413651997096 
74.35967278517495
39.534213672814474 6.314804236389605 42.91697899994537 -23.20248644889308 26.964616051455224 31.735960202404115 7.3568364628774106 31.29849846368262 22.408707924455328 44.99333467695742 
62.576693021576425
-33.69186176373485 -4.262960130529137 7.588576211307206 1.0979458466138823 -49.29039636155751 -37.317566498092944 0.6681088110055171 20.116583023739167 4.7273344607686525 -13.28461404507155 
16.691738421855018
-37.87262998993937 7.117917082663581 36.44207714968127 18.917161734071314 34.85757434389298 12.3353128795098 24.736590187803102 -27.524643954609317 -29.049655032369838 0.4396655440400892 
59.43211267697976
30.20643622944752 -25.73647289697708 7.225837020257188 -20.365716138273015 -48.5549529618576 26.70059107546929 -27.620072552819998 -13.416972860273425 42.58892315207204 47.16605317480716 
49.42901583063456
3.4775890523777377 34.55375849071139 2.5385859593634805 42.83143713140332 14.792703736308582 -45.887937739685924 19.48078597454331 24.76188095117365 42.35213648539768 -46.366772848731955 
85.45535870249145
36.97771629408929 12.789116923659648 36.88652645256792 -42.50677187977979 1.6098643139036 -40.988542873604715 7.338352561684104 -31.940078409014873 48.80368865843501 26.90244347878823 
19.769478465423806
28.79229344995457 18.842315880326723 27.726849914277054 36.0576599664856 -15.071527520944251 11.716877632604394 36.574726385931996 21.61549824119055 -34.070299514324056 -11.934819156466233 
37.66387015493865
-29.75707825143602 11.093486306815151 -28.017662236276298 -41.56479056945733 12.048223082882224 22.883304770014774 18.413950031276073 -33.886450807797885 41.61113019774949 -34.7491704223889 
35.6744175185283
22.7694771451103 1.7058861384564565 -20.597488479942207 -2.9099666178716745 7.906468266344305 -28.328122299802907 -14.73698739728436 -15.151487610244473 21.21050681215941 -11.086150278345421 
23.313905943815726
-16.15634541465981 -27.662155884238825 -22.96667998164613 -31.463290405105237 -16.36411127624706 49.47978579587756 14.737273562690106 -34.134798315125835 -47.39359292924449 -16.068314097822068 
5.939825688115674
-5.147324425198427 19.964752914616156 -5.993419208858612 3.367013751077309 -29.814357494101852 38.4765970065458 48.37222646349126 45.49442834335534 24.2261775057343 -46.3893528946164 
86.25353088785191
-10.20806655796008 -2.0589983651126715 -26.739512585895575 -30.069304329707602 -35.98075614598284 -12.623935104588966 -33.720669604617036 -26.4233571562944 11.710680110598283 4.261262475845726 
67.77258470406757
31.71558003057055 -21.993083811162695 11.380617396870093 34.42523936024389 -19.55214624220938 -32.363888830167 36.01914671444682 24.098072057053628 25.07450411892873 -41.88370960326987 
98.09827751081247
-29.491306410805763 -41.131756736575255 -31.854536284383094 13.537595127041811 -13.979454890809897 39.47582805592175 13.665368422261295 -2.0686052543754556 -46.605086030877764 -48.199920940923846 
82.22940625588768
0.8043157145855488 -39.18187618136058 49.19813908215754 20.07472901291223 46.511133295822916 -6.401955993062259 18.445748838518995 5.693088303320678 44.27155587883405 -29.36886453873028 
8.155691964694567
-21.285509469643227 -43.11837138303375 4.073245645005585 -4.7982293652962795 3.5623130234871283 -14.68081132452771 16.604422515114436 -10.81200658328806 -26.3920132524165 -15.238466218094928 
22.260024843455074
-8.884045244938143 3.447976384505594 -23.540730883531914 -35.99253930398781 29.141593463623465 14.445230718794562 9.461107306581937 -45.92009914755189 -8.324110793842735 41.82186298254308 
6.3601453409041
-18.464638979361947 -33.9277322392586 -19.64066096091164 -1.9670844700308905 35.59154688106199 -30.243180449770446 -9.843037894258764 -36.231685845803064 42.99392849333094 -20.10433800870006 
53.919013187540855
45.23431688257574 33.00652279139146 27.557107757528797 12.885399426330359 -4.593932243006172 24.57186246879904 -27.18544223697188 -40.20979070750049 -43.12015044311454 26.768734230049162 
68.34933131123226
34.12712478670696 37.92311594824976 -44.096763730620836 -49.1491204391441 47.52011908973664 -30.838395767520566 -49.599263409505554 21.87521830471337 -34.8575239438465 28.980286503129975 
58.123411889447674
-7.189449235062682 -17.10339690196885 21.51577116948934 -20.180001898197876 -27.78752244722075 -30.5382516518949 27.54342915065382 27.121455095027045 -31.990651161045257 37.33616972556092 
75.6134440681933
-6.1717185845052 -38.058306620384876 -32.355115150648274 -1.534357011939477 45.192231338101706 -10.912137517518417 -10.246337061641405 -1.9461873610712956 1.4772244584371066 -28.558620877219333 
58.62441929613843
41.43597287338022 29.291273870719237 11.243685206148513 -19.63325301119333 49.337867258328146 -42.98672082164218 -2.8606521598742773 -40.41519800522835 19.372673026507243 49.09556648042968 
64.20898165100296
-19.11165288986566 46.700773733084546 8.105109066565696 -22.45150052562318 -8.668774734409112 -33.66081736479914 -26.926653611758045 28.301527583194485 20.56013840018224 -6.619023272799431 
98.0566018492507
40.915147944533174 -38.8989354383055 -19.93907265747027 25.766092827450194 -9.122637879450181 32.48023807510722 -8.095773618226822 -32.29141294393418 23.308028397016926 19.771098079936863 
79.1210787461984
-35.51423413368438 44.51318813989896 9.678204492164319 -16.039390219931683 27.732399211161606 30.97611926158706 -4.586428803304607 29.913401432491014 -41.36952634105631 13.246615463290802 
35.39047502543811
-15.54727558253385 -2.9815781960895507 45.80335303479447 30.154282702027885 -26.569718322690118 -20.178329314696576 18.202411829223735 -23.01062772930741 -47.70687773231056 27.86271776676395 
47.68840929557459
-27.714202837320055 6.964111295469479 36.0660077952578 18.93284507115908 -41.98119902254264 -34.47085106109162 -36.3451131671134 -47.32233239895503 -49.41109400167576 0.8001170454330833 
58.14497163528103
-8.19972519608011 47.78975251853184 -6.626706154852336 -0.22973481323579392 -9.320546582598432 -17.18453977205693 -45.02123041742433 -28.564570942674738 -18.26990135307287 32.988756431360784 
32.71718706246004
43.369596604559135 -28.412277465735347 -4.714288373160848 26.20588993530835 11.364202912641495 -11.337808831692008 -39.2476153344079 1.7073610304660036 42.80929422270118 13.643274649058476 
5.553278545663298
-20.011393876400575 -34.30018356329894 -24.97105122553326 -32.33903181216232 7.960915003898293 -17.634556261830006 32.86066764680797 45.09087387700238 -1.924758613617314 -48.11549493912578 
55.58806904339855
34.10460103056779 33.999175827834875 -37.025385720164635 17.348900165136413 23.949883853767602 -3.722696226277037 -37.39035745723298 -44.06180364721213 -21.525400368201463 7.4775249787556035 
64.69468065343384
35.354046635834806 -35.65302087664766 32.75166080540413 37.83771526860177 -48.954439934002245 30.63352458999931 48.7894817198158 11.588716494025206 0.8519190983089402 -44.86916737430374 
61.82106373640306
46.47392679949111 20.1097021092628 49.11689021257048 13.62317133427893 -15.264889380498659 45.51891091901085 4.082099642192816 13.411108856204713 35.890610473416444 -20.903532858150044 
21.519686118653723
-26.951671364795626 -45.93295863014517 -29.09085038871696 -10.000233418926243 3.1817921667837794 32.507532879818854 -22.73366647395155 12.520841490031174 48.71193069760335 24.744405346425538 
29.6660475795544
41.527011200220244 3.4317649827751353 1.6312473921618746 -30.973752877118198 48.99875995616672 45.72060081552078 18.76135843263242 9.596436841903255 44.66968306820873 29.853416251278304 
49.75658430066435
-2.5669482333769764 -43.308970369886744 -49.21209331247963 37.49255880488592 19.435340047081496 5.960532808437968 24.216910741502048 -22.466552093566282 0.6766657780184815 -12.148549562557896 
38.224677696695
-24.118723479288885 0.12957501588607556 23.222330964641884 38.06131560721664 16.602001903791617 -22.12888449436302 4.357519762763815 -48.64954986742305 33.97245417737044 10.468257788958788 
90.88297746548645
47.470921375419934 8.499397765802776 -24.518447841550017 5.721461186525644 -48.09579380073674 -3.5061234775065415 -39.111636587060296 -8.204259708618999 4.014898059823871 8.841165457760184 
30.71539793678798
16.457944042177488 -44.96751041990158 -23.8114404129652 -5.716534673590488 -47.48224662153324 -48.07159637156182 24.980374254979793 33.20569780588902 22.261634445746168 -7.5669731046149025 
91.60147177352601
37.64376563888848 -36.00012712516444 -33.38672267178091 20.347713537038103 -8.685139082854413 -30.552339292141383 -28.76797947509052 -24.97624963093531 23.35555430066273 -5.358937237865092 
44.53643286088605
43.67559909963174 14.386870256439963 -32.891822261320755 21.173184762281437 31.29748642792937 3.988217652343849 47.660387350928744 -0.39591087171969264 16.309448150669823 47.27611546740975 
6.438075357841145
47.69668555746969 -6.815744350633132 9.396911255133134 39.73975260570553 46.08994236549759 35.80922033613972 18.48095797641446 36.6830441771008 -16.513901717158454 44.0004749009631 
69.96904803807669
2.8905475686510798 -26.80456697361184 -20.95561639142408 -11.78985910126491 -37.836941876101214 -43.938497199105896 3.222734445995499 -45.157306433517185 -13.50273847208959 41.3202134748303 
62.98540451884714
7.710228103641981 49.82442394362137 13.996844425089641 -4.233758595467052 -1.074975316805606 -38.50875466420869 -44.87906666147412 46.394901627523694 -23.81789927369814 -38.22648439166786 
29.339703148781894
-49.36054031336996 17.53894705217799 -46.39228140033378 -6.563492561689152 -19.378422737240808 6.614733502120416 -47.754652304941246 18.811557265336702 49.67811396487798 32.52602711106438 
7.679148682715454
1.157930250606519 42.700055145078196 36.86430528852371 -6.539944257485999 -48.63329314876669 -27.938347389586028 -41.36616380272376 9.918148685810081 23.120818952340542 8.959762202803432 
97.3068147407682
19.8204547856717 34.687961861701524 5.315317043083624 24.015849688390773 20.142974899136036 -14.901217466424256 -47.65403652793725 -28.607712455720446 -45.09619855345285 -1.8027851378607735 
68.50091912538072
23.672010097244097 -9.101191107181435 -48.024258342294814 -28.343928731225954 10.428745425051957 10.700842118693558 15.159039652710447 18.299482246497718 -20.34188590123983 -24.572109420954426 
68.17532581171596
-14.105622985374389 -11.075990815495217 -26.4446774573458 31.455429103846072 33.68882909965973 6.892084000237439 -48.55833866208312 10.425482112134866 1.9483008274178601 11.813506725386524 
66.25705844621716
-6.3901992059400285 -0.0807110645893232 8.385329080617751 12.648040908988534 7.93641560363595 -11.210680076228883 9.902187372387203 0.741688157473817 43.638394943674015 37.49060505885028 
98.72724762471549
4.986944241616989 10.069973809239293 16.401656788462077 -15.151331994492587 -39.14976258809135 -26.69280452896132 46.83321311831638 -20.348946528751743 -40.472810426779645 6.578628896693864 
92.64189337380017
-9.980249692193674 -20.398353681214275 -44.62752145172495 -35.6030461828243 16.509006957911026 -1.0221087374252278 30.49214265282521 -43.76738909024205 8.543411548776916 0.4313253781243276 
44.383148540389406
-49.149580346517716 -10.514796465045109 19.76750131324991 -1.2699226838039124 9.093188060653837 14.8884164006095 36.848932981838644 -35.377051431549255 7.0939985741082765 18.374037928473115 
26.6435729977341
-29.481737953223476 -3.789118403982293 31.29866785481093 -30.031549023911452 27.77070930597276 38.789765719332436 -15.247536402756865 21.746439574617455 -21.312667365570313 -33.744679923736896 
65.41040077801523
48.36370079952654 47.856710583203494 15.111361395355345 0.3741765401981425 -24.890147547880893 13.9314758315939 -28.86047496495816 40.380386093342764 29.702429673610084 46.0933425052643 
42.416937160326896
-4.386154566449164 28.541787436546358 -32.89449142204576 -12.269400155340179 -46.14676502995927 28.61207732216782 -36.8418615763332 -1.4516448999871372 -23.21047464971816 9.838471614610164 
9.638409346380893
-30.08682086025417 27.095928539452757 -39.769628677159645 21.50733442965317 -1.5402949576492375 26.19135543433157 -40.715195509543804 17.141434113101695 14.208821453861574 30.627733300565936 
43.89383996090049
5.298058256268924 -13.121692349313484 43.6446964086596 -4.605730115238472 -33.711072524136185 47.15439994628382 -2.3264221857069884 -43.582577274429944 0.49731343348409496 -21.29868789663256 
3.4357956235231524
-28.15851237016007 -39.9500244208451 -32.35732091094684 -38.230936484274814 49.41822783126099 -37.244174924572604 -7.168993619406685 25.42815713082264 -47.45949023625534 -38.65099235505156 
52.42815081797182
-20.154811031196328 -29.86335552899376 5.624925810036132 -49.84801909630249 -15.802321586166244 -43.178011349372 40.23347414159217 -41.998697628574135 -22.87904333264518 -49.79213112973725 
76.69456238628963
31.35326429281787 5.014733493348174 -48.33764325192492 -35.37325808308314 -22.965602483647253 -24.86805158754016 -48.163001050770134 14.2306007242708 -34.70145408890254 20.501287136342256 
42.91812384198782
-10.255694729079721 32.6019262488941 -10.776969825534998 -14.16916510703824 1.8894898266560531 43.64762705817468 -13.20879575802352 42.518442645607024 -23.748537020142003 18.378839686783863 
56.833268744313315
40.9394666766693 -35.91152948748312 -17.567785263955415 -16.97816310412894 13.569028466681118 -7.75943006714904 18.019679792469717 -17.098755820696866 38.96082831379928 -30.390593471631277 
26.289184203831883
42.98504944216978 20.32059799547274 -20.894005233610123 -38.07823688767279 13.718808310458343 -44.938706831236075 36.014394940085836 16.054445851241155 42.76578269078931 34.95493303417901 
36.39490780406566
4.575499113700744 -24.438511037165224 -32.23452107396212 -47.54872864142081 -34.57947750934294 -6.803698036853177 -21.8583186786653 5.712028451731641 -19.294985028882785 39.4236043120505 
78.06835220371457
-36.572880035801816 17.360971852602063 10.954233819053037 -4.68093937852305 -41.243559290792305 23.402168128464822 -1.8137301079705352 -37.87721871332843 31.127938900481936 -23.975207577978953 
17.132535423006
-4.348462744552741 19.568624575183478 -47.54288970715568 -32.45364998874096 46.95564410377254 18.86256429669851 34.80391238237152 37.10950511786275 -44.38234805286785 -23.934178307814456 
16.088489402291284
47.03455918935077 23.665645139661436 -36.79100768607311 46.276908000627344 0.5469744388337219 14.181088748934172 -39.05616542050814 -5.7235445417487725 -47.54922345292428 37.55591636808006 
77.4412196104556
4.732053455349053 -34.655207629048405 11.498114473232889 7.02343964067731 -3.098438019587732 -43.95526668687769 19.654583464413037 -46.185282965663546 -13.02713591285223 14.379733887320555 
98.11454474183049
7.119463374783777 14.892702897745153 -4.229824131175107 49.07639250095879 -42.71131251375192 22.109216447244464 -1.143034822018663 -33.394700739409686 -16.489273435285767 7.587210160968262 
89.94065778858858
-39.32148941765287 28.2631966834756 -13.962810012884056 27.10217152966608 -17.390256590543572 -2.911075501703806 34.506228793487196 18.615041690574998 -12.536339555346864 36.90933745391571 
91.31077113440026
22.622494422381592 17.215891421049392 -48.735407883740876 -35.251486707521785 -41.959106587361575 -47.81632360140385 -43.329471043099254 -31.891489791185812 -49.735618432079555 7.64661086855569 
20.708266100996966
40.96973907492753
49.98114446130964
47.863867917319425
-38.526560411624814
19.021716738960606
4.648407061230699
-29.519405848835966
-30.452362908898312
37.62310432043243
36.3619290608266
