constraints 109
variables 11
2.6484143328292618 -6.7379617290719835 4.691049238818948 34.41199997646905 16.65607860860125 -6.175975152068645 -19.704462888389617 5.110061743115978 20.736280927809446 -40.05389260649568 -41.929876580168035 
50.24190936366334
11.30661112873279 -21.32099703128195 0.7819964490113804 -23.13644953247994 40.913899606444545 16.613139623899002 31.82819774163967 37.60612324467721 -45.992684964208394 48.94401855161212 38.17434968173697 
6.100367211118596
-13.095092732695058 -35.94620728063617 24.030081334172067 15.742336960808572 22.15439890428327 28.75617819562703 32.26861003718405 -13.355308401141365 7.508544406771868 -48.597448719991945 -34.070024737088715 
75.48125240555493
-14.620050933265006 -27.277102139390152 23.10439997395396 33.42069901588006 29.909746688635636 47.57605342972494 5.074359378594387 48.45863509243313 -44.3209601439968 -45.290544953021985 -30.19911698890204 
30.19551052883137
44.611592223772334 -13.820594654228827 -19.328264267590644 17.471160835287407 35.76074953428116 23.258624924481794 43.88608873499874 -47.745003843413556 36.443136805991145 1.4586655000636242 36.93233987206307 
16.804203449901166
42.57615308418289 3.7205228546755933 5.322794639595287 25.340547322655453 1.095867908117711 -2.1224204801100868 45.08093915720974 -3.6403458365037906 7.9764572871234805 -47.82922387568887 -5.565963559011337 
57.17498833829278
11.64179254807052 20.896715493600254 29.745870387812147 -1.5880751140061804 -16.545615717898933 -8.804850430489623 -2.068572341528686 2.9057047506342073 24.486390574053388 21.533112666474196 20.42740235631146 
70.82024614618857
0.9219295420232143 -17.381255817359573 -27.75063021122779 0.7931382882986782 39.20947306553724 32.27857472587789 -26.25141469706732 -34.47460975997466 -33.522374952400966 17.257920948896626 32.38830927864478 
89.47277615767676
-48.2528814604324 -3.045272673572086 37.19168704110453 46.15895051069859 -10.883577579931035 26.773033986787482 39.47013826880874 43.118733013334946 -34.63219958018122 22.08298074003251 -49.97664983482717 
3.593272290034921
-28.66465905110349 47.700125984585355 45.2088930791989 35.8370868833709 48.895819598344374 42.34749120449379 2.1116051251149344 3.2602133595362233 13.5879811195909 -7.260289014869848 -23.500148866177618 
21.617071098438778
-43.36481539529042 17.72927452152888 -3.662162927410826 -36.93319959672003 9.54104187226217 9.380750572391918 -31.66983684115843 41.1682499776671 49.44705693774523 4.889594535157983 -14.693138620405364 
35.73595409564735
34.08597125334238 30.937967138631265 -21.785851080666973 41.971807887336695 -18.566122002423214 -29.61926838745673 -21.941784580169877 -5.599624626891817 -48.94113738595804 -49.91938853856557 40.356359800726565 
72.87407272001852
41.68331826996817 38.26226791432997 37.48179841722748 -4.7222605439989565 -7.378271746850764 -30.069194827338187 42.74558045880025 39.55040415509676 -34.4748415048889 -10.298964445233324 14.140979617735326 
66.25530432564068
-12.74172169603851 12.809599935503002 35.38283037592639 -17.832438957145044 -45.245752801809715 -42.86719740116288 -12.793706077158653 -4.787916052018474 38.33732707720068 -8.291150675238931 2.8465382925021174 
11.572696899501533
-28.72736686201618 -19.436121985590347 8.202886219102524 -33.093336108095 -19.803058006284758 -25.43294167664094 -40.601990789153476 -34.662931201951594 -6.3959792238801185 18.590714251926755 -31.72523829764764 
72.25886700282996
-36.29751511403083 -3.5727121962601274 49.83028019951746 19.98262130840618 -49.26632957995123 31.715671433305275 34.66903695846716 38.85327897943074 48.231639195436316 -0.4447128972088876 -35.73648028694083 
70.71955982887357
-27.273158776538764 -19.462974452139736 27.143281136857325 6.492888452819699 2.0395825306557285 6.5959372743726306 0.09009720251413 15.023023553378863 22.5789545765668 6.391395812794066 29.999066727701134 
46.630840240107915
37.95738693719491 -43.153833047792645 29.27240695119454 -48.62299852608501 -1.2494544774175012 -12.973331619343185 -39.55512931190641 49.50853625513328 36.37682050038036 -39.2775713773804 -45.80338015029526 
79.51361730874561
22.840168556974987 -15.116428565247539 38.9914640545791 -22.17186882295641 32.47463486721604 -47.49909307436382 -39.71452687825806 13.475882797398086 -48.151638046349 30.56402281332238 32.582861496840806 
60.787586579008234
-30.37051525879877 46.40852219701847 -1.4267931053845615 -6.167927179831132 -20.514201023321533 9.06435230435791 -33.83397368051355 27.306398418029374 45.98460789489374 26.14292545665704 -43.55422076730453 
60.369847860189516
15.978765139461984 41.35156818064803 23.40240311176109 -47.72987640983477 6.109355874575542 22.899542840490128 -0.2504904940749526 -28.401787554272506 -39.174939187309676 -21.139258940350768 -17.77557934699537 
64.62182864777513
-45.2872342183142 -38.016149964841375 -5.528769697400158 32.38547904919547 7.95348100896711 -46.50832906750666 -44.05989641614815 -8.871408401494833 -5.6377791629312455 -16.91304964122189 41.193119365233315 
66.06134172676268
47.73996643003572 -49.31706049601512 35.58888851233482 -15.34883427347875 14.160392347875955 -35.69736220790156 -19.47469557530098 -7.688828394428704 -44.6664037690391 -1.8585153693608802 -45.74820873947566 
60.7449624327401
-18.66646462991408 4.964017858373516 -47.280628566725994 47.19069885215434 -20.254509489853632 -12.194183865051997 19.019055938598967 -8.579562552350637 12.684306099564978 47.377837108831415 19.665917500549227 
56.58915523109697
-26.846195844578357 -26.379007353410266 -18.681612896563248 -20.108958861242378 27.86219042096762 42.53465446177006 -17.520750024433482 -0.5309558772882284 24.877885270483617 12.703503335684985 41.30689792379211 
15.13682844213613
11.404696001180938 -10.127047746953423 -47.12761584498112 -27.789355853733266 -10.52522391336386 42.47415407224807 7.029922547811054 30.11188094445471 35.502411512714545 6.175340362553058 -38.4745701149972 
40.38936035841402
23.41111393789366 11.337110072574632 -45.95021240301382 -37.57634919892352 20.441083138566526 3.674954999737203 11.650532202146358 -10.685910476938922 -30.236351797646755 5.483192331540053 -43.75232466391502 
91.31233803842099
34.67379182739897 -17.54980864334258 10.956448085963103 -40.34532904597704 -44.598605719943784 39.39557617625982 -16.49828557865348 49.75846531539828 -38.52358949218196 -32.81410072122101 40.215925213313696 
29.48658719152307
-9.89735278423386 2.636003396189089 -13.055583379623094 -14.453265875024549 -15.860574524349602 43.37914167392391 41.63898192316053 29.081013581029552 -17.94010831689625 -19.510365321570823 17.502585720283648 
20.114313844691534
-33.350744285530965 -26.932318682574362 35.25521628453622 49.76837729020406 9.225825723059046 -8.953317139417727 48.42281031195682 -20.988330776134557 31.81220279203427 -4.840731793246519 -3.491721506359802 
83.20350024553426
10.953517816985844 6.298912751729034 -2.5143117262790398 42.80407846137122 -36.22584012250334 40.43991025999301 -46.73437370265451 -47.639502299702244 -10.616065196333416 49.82918752194753 -30.38809716209572 
42.241930325389966
-13.110810574772415 16.33921515766646 -14.553314996957148 -29.414467007539223 35.03386394584297 -11.327860784690778 -34.43675036522488 46.52796513499949 -2.1098996947014754 41.530918321996296 35.472544438091504 
40.035551775385414
16.03742120725869 -38.075884180377315 27.441778555817734 -31.490452690046755 -46.685837016260855 35.446770514772524 -37.25968483613835 25.83113427790998 -4.505745272713511 13.680510015008693 16.690143125274986 
85.62412015240619
39.13706894567912 -7.218130499453309 0.32525917130258364 17.251586641501888 -33.62246353853588 22.878616819170944 45.29630110536232 0.4259640945520857 -25.431738211366962 -1.9304481131576807 -2.886161030294673 
62.30038828436388
18.454929206107522 47.624134937201006 5.905695531925481 39.522360647155864 26.960790137458673 -39.59597280928927 -46.42919895934827 -13.030876954284146 -23.32441602263525 26.579419545704354 -28.45599150305982 
64.74733469195164
39.78875541900993 -26.611190106380832 -15.656595958793787 -14.471967333183542 -24.523648762411177 4.9916497478602295 -39.34634512741262 -4.598963625303163 0.645550096555958 30.38912184824521 -34.094060234161326 
43.171292794798646
-41.53971000334277 -22.061007647830124 -11.852887981407314 15.38294939795611 1.2159422656526786 -49.833624811596955 -47.55233306311051 -22.654838758245553 17.900632204084204 -31.627071063203772 48.18023404111182 
14.047011557321444
-33.82482684572604 -7.027144793447036 -31.79273514512806 -40.91289460933463 13.523291674959872 -17.465174382924367 -0.6513615507878185 34.606779930903684 -47.03181771152508 -27.815272493776856 9.456961996151733 
50.70404730474291
35.021089121665554 10.324926634207422 48.010335383916285 -21.081219044959497 49.42208886843413 -8.448479068708451 14.339426472731233 21.117837157066006 -2.247237582168083 -36.79816595363303 -49.56231496931741 
92.47215171902378
21.145037410624354 -36.85983039873648 -16.239409421986373 -24.793901247513837 -13.920064098336994 -32.80934461469418 -20.498151825116608 -21.587295483847292 -14.335439212125479 -13.948233700448817 -38.45851633271236 
8.466551053164729
-16.204851607526415 -46.42210279409616 26.592804335284313 -35.57045591928454 15.25855456696965 -9.010846987800356 7.032240381401358 23.332944264306363 -43.90592874074645 14.871273725750086 34.478112120839725 
21.33236135256722
-4.567986459622965 -19.246546074591787 18.391384539398004 18.470734508020982 -27.454963668325938 18.60251071739131 -18.196489167275242 -42.85248542754411 -9.00734808110628 21.74770722667209 -10.266479309146312 
37.380625956123545
-14.490982341663553 -3.448691365081366 -35.06151941255244 -14.438955353437088 -3.321497797550876 -33.434323569023164 10.348564201069891 -12.361923117344517 3.4631548651819415 -48.031431765669176 47.86991884254921 
42.53673930870099
-25.709337375368314 12.744014713206532 39.1956247235257 17.096940975246667 23.680982235430875 -47.62299830884816 -24.152984416993938 49.93736396137186 3.28429042334745 27.755874144068628 12.874677658032866 
8.385338130927655
13.722480321233597 0.5272719628179132 -26.519503774287045 -0.02280615930651919 -3.229034615361968 -4.67591064772909 -29.72086825652407 -21.97811490268232 -43.81296700292645 1.087773713557091 -27.000686244896134 
9.333982522735006
-40.114432149276354 -36.86791512027552 2.132446010032197 41.48039732113347 -3.8175075532187677 -34.3538334882198 43.36795244176599 16.74845000726299 -7.529227457501577 -2.9894096960339382 -41.388096505304404 
80.53123781348613
-44.036600023529004 23.600825026711888 15.967449244019832 -27.060520214324534 -36.96770878832669 -28.321671959206896 -26.73735497389066 -25.812637445907814 6.19153608799499 31.520286386900608 27.543246815547235 
46.66309099279198
5.918016881799559 -46.88523241294026 -13.594857246836902 29.58326283078189 8.271909545045006 -1.4511472781864825 26.12304605885909 -4.2566599684526025 18.674134893084755 -47.35690303947617 -23.760809353672443 
24.114860741953525
-32.782688072160916 -29.563549344161277 10.60772073867848 26.90327215949594 -38.468611472036756 -42.19848074720367 30.84754917787272 -4.831454407630154 -40.505453336534856 39.77089460003029 -0.26152225874984936 
43.2240513491412
-14.025415451099562 -29.919006985213347 19.30238324976166 -11.232581414183905 25.305500006012196 -25.009339173675414 -48.8566469391997 3.0603807153599263 44.348479486735144 4.607581760165921 45.077607478566335 
53.462931309841736
39.75612346548415 -14.24369796677184 -23.833819839500016 -10.759648492309992 -42.546843402044544 31.847470956538828 -10.02974519060269 -9.200022779533391 2.366500375032828 -32.741361555030025 21.18115282665258 
62.37784264650544
42.082054445779775 -33.58715613312188 -18.26599135477395 48.68362087701557 9.375093662653931 -8.958167943681673 11.096107987587466 -2.8744157860674875 25.45571902547752 33.04670813852522 43.62803309004313 
18.975542761413898
-1.7096979316594059 34.919482300229575 -24.25233820814814 -24.802959593857267 -1.4955469452117356 -35.135213728785416 9.084185612876553 25.64836580565597 -20.857520757691027 -30.43813460325193 4.891301320382482 
83.98518735991587
-15.047039573094303 13.932628171592711 9.695772808145584 -35.17405481293028 -8.110521854760734 44.33244299433767 2.4895868339330107 -5.393634052975685 28.160116978576042 -20.743956720529845 -30.269022482200047 
33.03779720084433
-45.57107340484718 39.95175416642522 36.001573635961705 -31.802702384680593 22.66698717746067 -17.737000702593562 -34.62594980956379 5.015733123224329 -9.329707343421653 -19.433159038747338 1.3765659839453406 
14.293390470948463
42.406233527532194 44.85508873415671 31.897423290221553 -2.6391149492916526 -46.88010718249438 22.804294000669884 49.45535161740136 -49.883512989481545 42.52601668996981 -49.8932934317104 26.9678438659913 
29.409190373713912
-20.56803651040118 -35.614908577235504 44.48204051145515 -15.399843889281094 36.781517472103914 -9.30994411127557 -16.710322122056354 17.623512184291727 47.37893909141286 39.879312448554785 -49.57039498477186 
25.980635235678484
-22.552772889350127 35.10411513274239 8.788492568168962 14.84047345222163 17.694014781775692 -3.8211316797387767 -34.157719998387506 36.781612641360695 -10.296898015948187 -33.21432888776703 17.5380458855212 
80.70017854378342
-20.760826389075294 -34.73360924903055 -47.102071616652985 35.02089667768644 37.44771949442185 -23.81942396435396 -0.3661906323637467 -5.41310976821994 35.95177329289564 -23.141626305457454 31.39350007457908 
15.467153772050457
22.491572232088785 10.853320050423996 -36.78384725445307 -2.5911605036034544 0.022804566468735743 -21.49928620899807 33.35672477055634 -10.225180435610405 44.0835976751644 13.713055906700603 6.846304007712192 
23.545271283200965
-19.240009891081623 -44.30523756743015 38.98712862667209 19.325293996954542 -29.27589636605854 4.434230596975887 5.4382288351297134 9.28884316816815 -16.411190107161175 -30.367967429581157 39.62954426677199 
89.60258368852959
1.217181477125031 -15.850122128890654 17.94953494871065 39.1115106434127 -41.35541753778471 -44.88433945866591 -1.5168069739245098 -0.0685311313605581 16.91574872325961 -31.504207208491998 -49.96546887551746 
66.08202714938294
-36.59124120147145 46.24676528927576 4.749517054258078 17.40636192677779 -47.887650457801136 -20.91638980964521 29.86258739599269 -32.23681562843616 28.842502373707774 22.45382686773138 41.92182155759639 
18.83895198853215
34.528825692715884 48.48099999811561 -19.695119249063985 -26.08309322866279 43.47073366740355 -7.556792028606473 15.919927902521906 -30.447208602231115 -27.142003873144382 18.77705420429237 -4.307315982749117 
77.34533406468603
-5.13027458861707 -41.35106334223737 13.772880723150173 -37.14709265911824 -6.689547428278807 38.81099869844812 -43.64967528598381 -35.8039802255057 33.011387350441126 29.759892633661806 -11.447086519578505 
18.998605668139035
-47.88038099494983 -9.857621486780403 39.10589929176133 -24.940647997019028 44.917375211405655 -26.09750782953647 -8.736265758128745 -32.4924371858806 -24.041813939437105 -3.159206162011394 6.982928397109291 
83.18636552821272
-44.92387383821735 30.057041590163408 -4.613712299107611 11.61935126558813 7.219033261710436 -0.8266296573435383 -13.723981530203403 1.1549954918797383 -8.924034864624161 20.285841720113623 -15.214872524860326 
48.74650267444214
-43.88619549095769 -3.731953604400573 -35.78630778980924 2.3129931912851305 -21.092594086888326 30.351179730938753 0.6784809421904043 45.74125629924983 -13.457795728720136 -12.169190693756825 -34.588486424948485 
18.32553263604867
-42.61224219121147 -48.69864591461813 -31.624806448766495 42.80609761807234 -12.31479550776826 -30.004974983847 -9.681406901323328 -0.8442932242083359 26.161176004086443 -0.397166005125726 49.48161177210184 
34.87621914987267
8.275215507533865 -34.619035688186216 23.860653586416973 -3.1939961008775057 -33.272725421806115 -41.60331355440985 -9.718412104870765 4.302044835044491 -44.5035748605463 -7.556338212642409 47.48274123264274 
9.148889349441912
0.9514291005175508 7.457395287579352 -38.00731106005294 -46.34008947571022 -14.531650422013598 4.187230746980553 12.794718251721449 45.17462254596464 -23.49010248241402 34.43220172344893 13.601754888740714 
62.51905012201577
37.265795001076114 -48.67625431160907 -39.9773235366731 47.984454572044015 -6.277120502909426 44.939081004432396 -17.01706902960968 16.993013461093128 -12.57169889066165 49.954863985803954 -10.530634547669749 
86.85728342007413
13.228625823839735 14.10149435607174 37.00129462409997 35.90361702637179 26.912212628994396 -41.14577087657433 19.186787410580138 -45.28206027779588 8.951769419575442 47.098027216060714 36.305204104114 
92.385584151177
-12.561482241322821 -3.5711244732846126 -12.935908231100427 -17.664795356944737 -44.18106778804252 41.30505206141699 45.51049009918276 -45.2400249408761 -30.810459245767262 -47.56232638292135 -19.4661594847216 
55.577690295366146
-33.325195988419125 -32.38948277822369 34.47960913273758 45.504538788557014 46.807658174557204 -25.454981999055214 2.099849578220436 47.055700000975605 17.85176475866676 13.477031993473062 41.398925565979255 
92.14912387979832
-44.3508717822323 34.78780859475208 3.889655564540739 48.4772054635915 27.846203829982883 -44.66768407641227 -6.642835771140717 -31.07574472440613 -14.753818935936692 6.033922381388109 49.4347737424948 
65.04606190104502
-21.44534082335946 -47.13482114666484 5.1282578706289925 2.9910090995363916 31.930470830445174 3.510224854550181 -14.1181147785559 -41.769417442740334 -6.477113975102014 -17.194856451599975 1.8616307098778933 
94.0803188398861
-12.428944319896239 -28.521662526975078 34.83802310645031 -1.7694085935397226 12.660992066720546 -45.23616049236807 36.383095337078146 21.36982001665092 -33.62002534585443 20.1361811240877 35.05294400777643 
62.47110005676696
27.877767498679106 -23.283725437699744 -3.190539871088639 -13.573621964780749 -3.261401055661892 42.82351862354348 -4.858234140442121 41.45072245029341 -30.912668810282252 -37.29985957553037 25.179998350362496 
16.04241002969704
29.99785523181005 -31.39045320100996 39.551033840706026 -11.727076551995964 -44.95879878019539 0.31125060105716784 -7.192135072014018 -26.205870246977213 43.205439950798436 30.340717225399843 -44.02871284333154 
23.18830057812634
48.438947577841674 20.57325416614549 3.0546306967804497 4.149847923695972 37.71317202126981 -46.7731332930181 -22.60068097751099 29.475931706438132 -20.22947442490701 37.759732003751324 17.23101637878686 
7.956431009160703
-39.382399325666825 -5.956183542147727 -42.946799629382525 -48.008021778529155 29.343423175590743 -48.2531817314344 24.326999821136866 -26.867917106823658 0.9869704657299323 -13.969454337609612 19.343211195138252 
84.7136636647419
-18.052251633072913 30.474461872503525 0.274364595562794 -40.60646919946671 37.82771598067302 -30.44092919933813 -4.898182143848551 -41.39328616401315 -6.387606501818652 15.094456588477343 27.44485678157372 
10.845758319762044
41.743554797708 13.655163986933196 -25.72421264314688 16.144416301465398 34.905357259848984 15.38336128475295 -29.912921614988154 -4.737565302523009 -42.75963611914499 -41.55200076165083 34.28361640512557 
33.806429293737494
0.23142158222477605 -12.001555903290615 26.40519406216842 43.88511693483585 17.62989381160145 33.626917291269606 27.241331254455588 -21.114568379183762 -2.419763440041919 15.154756403143082 2.982632500295537 
40.56938950597539
-30.51447236331194 32.98336584483941 34.25984731186222 -38.070225879525445 -41.82201241756673 26.301487550271375 -17.74611926862302 34.106057716981624 8.603136508083779 -49.88381873762771 20.0169869759617 
21.15023247325053
30.495740246002242 30.375709915867347 -21.27251358017289 22.54549321508773 -45.5798065574493 5.378321509244756 45.80725752105781 0.119009243941683 48.06760668034181 -48.78836827093214 4.663425260567344 
33.35330801636049
14.846274118174676 19.14318879073265 24.27256721159783 -44.91092323050554 -14.428143567888974 -16.316496253868053 -9.092083509346807 48.225427994420826 18.458045685559682 11.468644962963822 24.016947935269854 
3.2620303697626696
42.6280730698718 13.160289002052359 33.58885929712024 -3.609277918108745 16.011898588094027 33.236861905709645 -42.69154565655737 48.33253232317048 19.763523611873595 -34.14977390792144 -37.62503954176483 
15.229319966934607
-21.77268433653613 -41.1518714433591 9.071341314836445 -5.3624906217688135 -23.998172215437897 -17.386595111191397 -48.99825984307656 2.0347007758294353 41.79411936471867 -4.453264810913623 -9.628352737182809 
36.23819094847964
-17.4729348438513 33.82049632477907 15.767482578269139 -44.25226604728005 -19.4432616882778 -10.542930701092843 24.5993007484209 32.26315746729239 11.87645409175807 17.835730559294532 -27.297704866940776 
82.490742161499
3.8285721714746543 33.4080250560733 -0.4500811023056315 -45.15951469490484 27.1147249282716 10.702298687038436 49.113379427112065 -36.27023183397993 8.789640036564947 6.623897194400705 43.60934281482753 
70.94712270770309
-39.55670923199638 -40.39176271052199 -29.790331867391973 -39.106888211693644 38.92057714413562 1.359820316841862 9.244117977740018 44.503649468460495 -4.302629673175318 37.71097322177934 -33.491104136566534 
5.27430772508215
25.42615541886471 16.559935665658912 -27.999007625253903 20.042497423454975 -5.815821098144426 2.8986438155997334 -27.26968889012259 47.04764534002332 13.60141577914684 23.61638731306607 -21.78142445109095 
24.27780012869214
28.315290485340654 28.06628569891248 13.876069767544607 12.224367684439521 1.0935586327135454 34.30726351150264 -0.34572920321365075 46.90496743495697 12.486332538365595 -4.514926276601102 -0.7955072710916369 
91.37766501988781
40.01271849883615 25.991621666968484 -21.77035619525556 36.95813320268063 45.65711570596993 -27.15733479739861 -30.20169518665352 8.964590409675864 -20.15527775530652 4.139725340570145 -30.90271292957788 
26.05357708794507
5.085323479474901 13.53284510747563 -29.569067549102368 -2.9269687207942 -46.88100065864306 7.276598214096964 15.23237095966951 14.847263426537964 -44.333106855158924 48.77254008852262 41.43406903772295 
72.42184737578124
30.78471456971127 -15.58294751796042 11.751966823573909 34.03461975387398 -35.663790702413976 -35.8756320861256 -48.73044814910288 40.44231722346767 -0.751694262133654 0.07027052883806562 43.165277146544696 
66.22066744031437
33.97924796859894 -21.997188200801986 15.508718462320743 25.268987857409243 36.02550205578474 46.89211747033987 1.7579080689589688 39.988653056733085 -3.6872304554170654 -35.257820486731326 -27.077632249293295 
99.46810197068855
-14.039012897770789 -28.936726895990628 20.313284237610986 -17.504728656822323 28.182706723100225 -10.195552089052093 14.38443161161321 12.3316786316812 -35.03120977460679 40.4713109279793 -22.625637065849112 
91.92064404169248
-19.265125256784586 49.70511030910821 -14.707503379420295 -9.434602881924206 43.24659340911849 10.774873123188698 -41.751257780650484 16.10114770132634 35.911112133751104 34.235199627871495 7.208294415324943 
60.198408454284824
-15.083010982710853 -30.57196436891495 -20.039674741219038 -1.3267668902911964 29.723984435557313 -46.442451166651274 -10.578709633691105 -36.45680485884716 46.0489104660348 -37.256979583226254 13.350606510495602 
29.05635106590072
6.763189687189552 -2.244546591390808 26.138490046675784 20.03359248881658 -41.98771013721614 36.06934234457002 -39.467223041996235 -42.39687359615485 -4.6132413576803515 21.41186369923419 0.0035923258218772958 
54.7691360000489
48.119095371400064 42.16754850089475 -29.098283695682724 12.244871884324674 18.05022352600318 -29.202804880796673 37.64861530312777 43.59379978616725 -25.496113465996185 -2.1443335512666337 3.9030283321755164 
27.960614412131257
-23.773191189949593 -3.7560689978739816 -12.018879819191383 -1.4626879304776566 -22.80303792238462 -5.993523219710063 -28.235779126183992 25.39770806001974 -25.62813822695007 17.28610235827624 18.910142156086607 
92.44712244040247
-27.65669078326285 -11.026272802886162 20.39119479105483 49.97220561109279 -27.615445281391526 33.14178877506245 -46.78601751109653 46.6391868058016 41.52037459077356 40.525457873569295 31.633111371540295 
57.777075767175404
-18.97994796956012 -3.8832313201836683 -10.747029919680706 -19.604339655894076 -6.892115526142575 -43.63749905631317 -44.881189262416186 -40.37359281255352 39.705231307337286 -9.492574795428808 -22.76969426037798 
96.13764875692753
-2.3372320764059396 -31.699664956861984 2.867887181276366 9.563739404007833 41.2110914069589 -15.418946991950733 46.704138453487445 -0.8988702611759436 24.252329294963232 -39.80762958764073 -35.12045738671158 
99.16260291907105
-7.365007479184257 48.21167900005101 6.053987580271837 25.344174839564914 29.69881244779961 4.672834316695443 28.902353096325797 43.94745695921702 27.145811190501647 -46.25046438205692 -40.39536430413875 
26.913594815554088
-45.77848666589291
-0.11239379005684214
36.70379251421653
-23.13865916464727
-26.43431169267174
-4.723624946088393
40.575323565164254
-18.96099747801796
23.47868323716085
9.616925343197934
8.977531963562804
