constraints 109
variables 11
4.959209603804894 12.007945276560996 47.46454763702306 29.73021724016118 -33.78559733768469 -16.923717149594943 49.34659455539739 4.271645955900141 8.867520291779094 -16.003616633771202 -27.63425052808661 
45.776968021999174
-12.927375154832646 -3.0492095159084585 36.94762742790108 -37.459207542945904 -37.83852489617212 -19.06176597758773 44.085294516230505 45.2067858087384 18.002043241076166 -4.045583551074614 -39.119198575192726 
78.74661692576336
-21.34681217617247 46.44359406594518 -37.22714194245276 -27.06390160764054 -28.993480062660925 15.642677744397318 4.29203451024236 -31.258791128956464 37.3135625160446 44.1778095333387 22.704491275428936 
92.5775346570336
30.32826244487407 -21.363294563999446 27.049692300629886 35.58238315345068 17.252024280095156 -21.171699635111974 -11.152853117799907 30.839653520492888 -22.24957767453819 26.054528838070397 30.14173831515741 
37.92329181782518
6.017770750497974 18.957354321039247 -0.4232758947379054 -28.824038460658564 17.197799883894675 -21.632575766367633 37.82800309077746 25.815354007652743 14.42568899754832 8.069049545206497 -39.99715667406933 
14.261295988185296
-5.6612508959233665 -25.49057037881557 24.500705176936975 -25.99734751724182 -43.88994098308906 -24.781605961815302 15.353404600098244 47.87375341299985 31.89144890622019 -36.93184731715766 38.20634994717916 
17.785902421209286
-24.990840592605267 -18.509150342013857 18.872106848077024 43.76024717413462 26.337637139357966 44.385023382663675 -2.2178629923620434 21.534134321624194 28.983903129830026 -36.31968375574065 33.68201397642443 
74.06382257036836
-23.253061631413317 -12.606931529310494 -34.440012016534304 -15.07781001876316 -37.22635199622458 -38.506251303474855 33.06832907288778 -35.10910870948943 41.41490794829319 -29.979619091796927 22.591324718156443 
66.97219050224932
28.492270346897897 39.61050421207169 -11.366534827556286 -20.403545075624475 43.01793759688316 16.987380116195922 -1.6542717067432946 32.9770849875806 36.86765162915961 40.924541103737624 -39.22242998972099 
99.36549194561226
-32.011881112769736 33.82598316341867 31.836602197903844 4.384387469534069 47.42771944577724 32.29761632231488 30.95760592567548 -6.331400495100105 30.81120018261167 -39.05113897289713 -33.87304708065183 
66.71825320080303
30.836108489526666 29.15158894769722 40.17811625561333 48.17003687884373 -1.0492255894592262 -3.4031752081325664 3.1684328905829275 15.618021967904099 -38.4193598041707 10.227965597635261 23.166827810829687 
92.66627755930095
-0.8981898925366139 -37.507460983304156 -29.073240188703643 -3.9286778130130386 24.21768897636713 -41.157210197182614 -47.31184404690478 -3.366788386935305 -49.52335847995564 11.028655564271382 -20.25337624934297 
64.91988504879441
41.375591246353494 -8.034956665365712 33.44781327545199 -25.039890978074407 -4.173425845563536 -2.1815175788880055 -30.090752542846943 31.71620494103024 -43.279787900135894 -36.553361562453816 10.041581698652905 
21.44848637809784
25.90219250199422 -31.56265735738888 -22.664334164545398 8.00912761462559 31.085786350278482 -47.26784371357624 -21.598593482763807 12.65397348892563 18.055528567998707 33.182723795322914 -30.611089867912145 
70.13654181023865
34.97418529808107 -24.623554361489276 15.191932558178365 -0.35065910769164077 34.6871861274945 28.68134695356588 27.728185886689843 -34.39673450276718 45.62569688580783 -23.301800997582312 -35.389398502518056 
80.2867855818188
-47.758424390485324 -9.82869147819401 -19.83183909976731 -31.877740026841007 -18.135527162437892 -5.102340218127225 47.044440183396034 -30.46239162419574 16.453355278853138 -16.712651310971005 8.496540938895748 
61.397303954180316
34.92176844084614 4.966539718677353 -20.963337263083524 -39.51258624294252 44.54823138148559 -30.822526452689203 -15.797016885193102 -43.2747443109413 -21.559922840874044 -20.28167830072386 19.01621106285714 
43.56494848101228
20.101225588786093 1.778963074112248 9.072535838202342 24.495992758831918 -34.138704581368664 29.26703693514486 -21.756635262222325 -23.41729394623989 -48.74447261108875 -18.918059398499075 -37.40329926923209 
94.66821943461969
48.402062226117366 5.282650603211401 -38.57546328757907 -26.83256501547374 -11.994920751423912 11.208617183154487 -16.844757935224017 6.299196237958661 -28.180626056639447 -18.648811085060768 26.44937163884184 
52.15864587640547
19.244002507839312 37.13633507334259 34.921881586090635 -38.79343108988236 35.16959279808442 45.76773350465014 -22.2966838409965 15.553279846911622 -4.713999344749297 -41.10747105585203 37.44698118885505 
11.840398373450933
19.764018747486475 -31.909611461432874 32.4087131449709 -2.4253659128007925 46.556845710804325 47.04974172111068 -40.12963603407906 38.44351152177032 21.524091865055667 25.783371022070455 24.44762275509079 
2.4436794843630483
-5.836902969962566 8.348815898730614 6.717391749053412 45.578325831799816 44.93939263167816 2.277327471473292 35.119420061113985 -26.569098866596953 -26.959843978455787 -24.721625880787812 47.23140123419674 
83.0982326149648
41.83154231944903 -7.224980767828583 -34.71362863440969 10.766779526924672 13.38280236595434 18.438732972686083 -34.804340725855766 21.641700097218504 3.127146262271985 -20.86950176407494 -11.639751349752267 
30.989036543639692
-48.9386825361804 5.518367527582413 31.19793570860739 -12.27279128669457 36.84288890718723 -39.87012251883395 48.583140316259815 -14.695224800391394 -37.27366749518044 -44.288967448570816 24.290838667808018 
38.52712094357806
-9.514089225477647 48.5018515567012 -5.944427953648301 29.545642498695884 46.30551806160085 -36.598289170127515 -44.99899300570175 -18.601344550762743 1.0725918670258423 -29.01391882154021 -41.03491522622205 
13.294125719727724
-7.404746654281112 -10.050549414233167 -33.359673674183895 18.25005218789302 -19.031114187818744 32.78755012099843 34.46835006050951 -19.240875857189334 18.65037936300962 47.39528848316432 16.872259758591042 
69.82007367840028
-27.244717660796347 32.745046511372095 -7.319996602724089 -49.02109568287343 -41.324820678733445 22.92331202241212 -33.51356346289266 -40.05104184586913 31.31958037287758 40.541868671445854 -46.778736938187016 
19.929587578184606
33.11871064411831 17.903054085896713 27.33461129642339 14.918952637300748 16.380553071028416 -27.71309028856933 6.781518773252628 -47.88273772937322 41.67759245590463 0.3412756758189559 46.38113059753239 
7.942554339500518
3.645656540405959 25.794205414498066 35.1459525635982 4.231880560438526 -49.09059954140549 -5.428669651404171 27.82101853680433 3.8765757550617153 47.80588069410743 -38.110884738523424 -7.857623150719675 
98.44103005748653
-27.840212778352637 -42.99181647639125 20.218830835981777 34.24017749862588 -44.429091858578154 43.06922486077498 34.96037820076876 -12.098259122706658 -49.49357607349354 11.797231742120296 20.621369077201834 
7.614964136981195
-48.05234352357676 -34.1518819741485 20.29588399295163 32.06842804872616 10.422949386909067 45.18505391366597 -27.40259625554137 -14.494704737827405 47.96536911113638 48.11012688194165 4.774326115934613 
74.3750904084316
28.86597246781227 -17.55979241175377 -39.84247916722147 28.736933132982145 43.05035907686705 -42.19579101057811 14.105460069384563 39.86992325816475 31.488339801151383 -3.8478103743615577 24.507229510651626 
94.47212772277933
20.2535329415594 -5.694963231278095 -29.576976694174917 45.38043090811557 32.68171268605535 19.73671974869565 -44.41356259864694 -11.080708951781325 17.533834284501097 -41.230527198921266 -7.737682776959645 
89.78718967685818
-34.84836845587637 -35.02458505705444 35.34843022363954 -44.184609325951364 -16.699289220560843 -25.183482964896385 6.62886761373079 16.98437950852275 -30.271824852675945 -32.581959243494936 34.73147651355788 
55.75914348799339
49.41873017132389 45.85886892607415 37.611265108911894 19.105205720551396 41.115340089993566 8.475427579191084 -8.723806577207263 16.473186579629413 -20.122494922901556 -39.58578040481273 -39.008682673600006 
22.590332767927833
-49.71773961151123 -11.968823884975635 19.34177717895514 9.073330904134217 -21.669990572558106 -18.275573278559875 39.304650768721615 24.677474634041985 -10.800594654044929 46.4002989865934 29.874240908761394 
80.42299633373314
-37.297581087264874 -16.989355214934875 -23.19513189524254 22.890236166931516 8.622868860238619 -40.53709296074389 -38.32021349369615 -3.3489969318791353 40.078637971369886 14.692587962102138 -41.21559888536767 
55.10436561728035
44.62988458711973 -44.19893134280516 -48.84358624071395 27.91080385058055 40.062576393270845 14.90002883641462 -35.2948253820833 -7.230495498722476 -45.391329548862714 29.666969285753936 -7.56308199766039 
79.45929843346455
-10.178638826449436 -0.39535310120248823 -30.4077880211037 4.8645942996585845 8.40577193391131 48.61049276655275 -35.10361378418221 -0.8666457721632526 39.01257276619958 -6.299624551974659 -26.856698765733977 
85.16504325236806
5.333975594736906 -20.40564757513863 29.977315272035128 -33.69784106527875 -32.201371957203584 -10.639656272846906 21.007853182062263 -39.60019841570562 12.743951077485846 -17.575104249093563 24.285495774960665 
42.37352238723487
36.1514669064229 42.9985785561373 7.688077182712725 -28.123582125864676 46.86275042805936 44.32671433988418 0.9097546479537186 -12.067732442848502 -42.34937462230719 47.164551118219364 -24.484405164853108 
98.15228525154829
41.602258156377474 -45.510838674335304 -4.081284438231172 26.58881826942057 5.977863278949826 38.698707084106175 49.1566061029752 11.330119587262956 -23.959248585471094 42.41293703022866 21.987674082709347 
10.616118362781734
-12.688559490586215 29.477120120628427 -29.901233948358662 34.55584483369765 -43.719320628714165 28.884836868181978 16.108733967169258 -31.546988553318368 36.823160118441365 -28.92662059923622 20.572862184639547 
43.29698952057656
-27.61421833346939 -36.591203848642486 -6.662684361454382 -10.84780412393308 22.481359341472967 -10.334171935095007 -48.63756212628553 -22.020262474407826 -23.89931740705289 46.92137128139076 -16.471830883341596 
73.85088483931789
-35.63711440549652 -47.48170322212679 -47.045538443109955 10.562737869667927 -49.94392283676705 -36.38024155233358 -46.985992348933756 9.342295866651419 2.677275099493791 -47.63754843326949 34.484223707090095 
82.62579654029831
-35.837352054640014 -29.26951589688418 38.17990401416978 -6.173896620452069 -27.29382066780094 21.009871026627607 -0.0724961242734139 -42.4483905182406 39.89681168780376 20.046907823339524 42.886553039504136 
19.915958471963524
-30.13876911220118 8.521981765495688 35.99321291081753 4.37862473793853 -31.818546756279297 10.06363531369022 -23.304452423481425 44.982225190101076 13.06340811190799 -10.734002277801459 -48.83041977884061 
5.9031638293115085
-48.435262379644875 -7.4640111246873175 35.849766231838444 -46.091963243556364 39.647086367063395 -18.81505470970358 30.377029346296695 8.608958150099625 -33.59984159228692 -17.70735423923719 -46.03797173605386 
94.33681876964954
-10.00813119012227 -10.390051060698056 -5.319113045322446 7.002180548244965 -34.26906796076362 44.12958055433181 -25.634885253665786 -10.510619409161556 -34.91469517225676 11.942860010637588 -19.482994800196817 
29.930130109410257
-31.418159740840636 -44.38657128677992 21.076298700080443 8.628718222577461 -34.780335738859115 -35.46261524627635 -22.11652987609215 21.461688305602905 6.361696559449385 -30.37760079095205 -29.670502532998988 
50.250650007664156
43.02586438456646 18.106814395973743 -8.048508314803094 -16.092337938679982 22.079520334561465 25.452855641022353 49.628174378112405 18.078399396751294 29.04766785323949 -47.013500843976374 17.548598179289343 
25.559135623104535
43.0775550288316 -17.680286123186086 16.272138006286994 44.93926175812926 13.059308938309101 -29.420827280739204 40.96728949047895 -19.278012236397746 -27.01574350695187 -25.92126687584568 -7.688698762218301 
94.60148065458203
-10.670368760006014 22.31128473119972 8.552239905964178 44.62565373770062 -26.409611429916136 8.998896917982236 -42.12038225807575 -3.3505570065155084 -0.964097602990698 42.428409829809226 26.519199713254565 
40.78429671747783
32.351321578748 -36.58707856192953 29.862229016372126 44.475344552088785 28.03040462793672 -4.0420727198181226 -18.541298039877418 -36.611519210470036 36.21869828288847 43.07410179806584 -22.150983509571155 
61.46542112806463
43.16292862492959 -21.832953561825754 -4.02228608844576 12.305506516114448 -2.495460081895743 11.047561288022635 -45.672362687625665 -34.54110541793302 -24.637695346861587 26.844316227053582 -41.06764328059705 
13.266486987574421
2.4809874104785195 5.964053861658222 41.06919881521678 36.55774317849921 -17.319903858926146 33.73274973313424 -5.295190257600424 40.81834995439837 -21.58127720745606 -0.5355577801175713 38.659670403390464 
68.36542984502572
-48.50042752104241 -33.55730907143175 -39.02247771283439 36.61882683004413 -0.23273032381864311 -33.33702429520301 -48.86980245943827 7.732710422989385 19.113085565220175 37.17253004035787 -10.542114284272955 
90.6526044671268
-20.81975762542072 -31.54251336957352 42.63938752380308 -36.911354156467 25.870989914995718 -20.43458828991055 9.006444731750427 -22.053267464403536 14.088701554761784 -30.485362539984216 -31.83924964925072 
36.43494253675391
30.105213734437427 20.030061089908145 15.621819417450254 18.363430368008324 -15.474271518878112 40.75835310237457 5.128365110053402 -40.918243815437535 44.03060512848464 -45.14616448861219 -21.26457646108846 
2.0484091973113627
22.905345184087636 20.189525288562294 37.99394551600194 -13.796936991994535 -26.172784764856484 -30.56385450073288 -1.730857503861749 48.112840986270996 1.45889484953193 30.86517918074867 -27.3516018855933 
80.28974934594459
-27.893422366139042 -39.02964797835159 -48.09094430948678 39.1270830684291 8.03204329066616 -20.134854783882396 -17.33900164814115 38.578517010328454 35.96517338820216 -49.097709545847664 -2.9516429997743714 
49.00430246570423
5.945474819835226 -12.9255565260151 14.289339875281769 -5.465238119529012 8.828167147443288 -1.5064874965940476 16.85259613431259 6.852133689451115 -1.377554382871537 17.609437725100832 2.2131427657907636 
98.4675105555873
-30.71345221206443 -48.18258927653945 24.900349107329234 14.37044608979889 44.686302930952664 16.715938884159826 -27.054933611958333 7.354582213755023 15.130825329019132 -2.4836972855867643 -32.14754225837064 
9.37340596909343
-5.768882438737599 -29.032669329292602 37.8716639680825 -11.043932797925294 -24.21565764652096 -4.352343226835529 -9.397040894742084 -6.986080789982282 41.96850592309748 44.59089645440855 2.8775627410711806 
20.29427087974537
11.339428408302368 10.947526399830565 -46.63517234389777 13.288594185674185 17.95382564896748 -35.249582145306114 46.50604776006682 -14.421776075415892 -18.60060324385855 -23.16062978566328 15.143657705825433 
72.40135019028016
-38.40517524697631 -45.38678412489138 43.60913097208331 -46.34908417965578 -8.070366440073819 -46.48366711765125 23.052411209403417 -49.43621342915583 49.645899258293795 38.029740160109654 36.44025161511628 
90.03734006937371
-46.6791995222857 -33.574834159757174 -28.079649701849785 13.810447484229215 -26.10893908339642 -35.346177234602294 -19.857270969590736 -16.328489916856967 7.867349341216304 36.47985373251679 23.64929669838824 
48.40711459630608
-10.781247213874359 29.33172959667779 14.587101277683132 43.38053951059007 9.864430244786767 38.333130566748736 0.7703098865001863 -10.569781310822854 -22.20835366632422 -15.411845034800862 39.51044010021411 
94.20394819198556
-33.47365820057132 48.03396416549356 -6.346047800448851 -13.904458018748834 0.014513868271606611 -29.96276048415416 -5.089175943741566 28.62627185204782 -27.070373514713587 -33.60084507773813 45.827229026927554 
21.414307341555773
28.00334648091902 7.546778582813218 -26.349958262742522 42.80115236622896 -0.81603939776803 29.427180340094424 6.850344735032962 28.754771813829677 -17.741213289774826 35.98372730567286 18.217688262869714 
62.84499490954014
13.03396186858761 42.08238740145099 -32.79359508120295 22.88747949136824 17.247069205603154 -15.63088184814464 -21.39026036074936 -8.72167066623878 46.09499636730612 -3.2223201058543225 14.657176574773274 
38.09227104159682
26.591527431796408 7.270547097244027 33.27478530696219 -21.306995449288568 36.926180160283906 -37.11618608208087 -23.48195948512799 -9.094801784177207 -36.422173841124675 31.260315053643822 0.08098632859746857 
0.7233406014393595
9.143646094256773 -41.40656694984017 37.30526028149151 -39.91656308214952 -2.3239410072374937 -13.732621440355345 -10.743073123484649 45.39935452302224 -32.22277879993615 41.46796161077155 46.20868176652601 
51.366359832897004
-47.21720903077327 20.65121942044371 -24.740544471964967 -9.039799660948376 22.073633637503605 -21.004520690939344 -46.1569876180708 39.61087038613172 -2.113789946681777 23.825767196577488 -10.478333107850283 
29.205932579973283
-32.050610627839504 -14.51227523009564 42.73076790728025 -44.12087151510296 -14.142498905202196 5.2614939128835445 -38.96588066994846 14.465716523022849 -11.70357959990875 36.644310243880625 40.97006193906296 
62.05679440084908
-38.92843936700918 3.69380371177175 -43.287549530602234 -6.739357013301138 -45.65635454819276 -1.8876774342312288 33.540310420885675 -19.42008694956252 -18.439818252161988 25.36585246834393 -1.4955293716089741 
44.73922244074099
36.277568088241736 29.369391921043615 10.699010533133347 21.84857322560127 26.40083852644476 35.13391636615178 -40.81010191522204 -13.036275537806233 -43.67497742724193 49.25838038797224 17.922707399472827 
26.905454347345447
-15.95581332408603 49.26342433456398 -36.174151656664556 -20.874535134328298 42.50121254845524 -25.498194657451002 -3.1547196784456517 -32.04261737191176 42.2834165572866 3.7438009136810493 48.791189927942824 
24.767180461374018
-33.773843369882805 -32.475871912806014 31.646662744388536 24.31805019363682 25.568571446084917 -3.049769277521918 -44.61709060081041 6.090600474487552 -27.987334176505485 -45.089985405187946 40.34512393845145 
26.349981052720516
-49.631040901356485 30.480462038849808 -40.08239815109263 -45.57264616553211 32.42897060655548 2.82673374686636 -24.553750302203127 -15.016098809770504 -5.713205983360581 -3.0052013348007023 -32.708792034108185 
36.95132658324366
-13.46085431780525 -39.26124549147815 23.40173290389322 -0.6063787409959289 -0.374829078141957 -11.11261507774254 19.95014596169996 -35.289392134223796 45.02444055128181 9.742751377938319 17.331094118128348 
10.40457200998709
-42.8864715597101 26.616903887510517 -0.7730830175208396 2.0571260860322482 -29.81137110219102 -23.148949504496173 2.4594855210097606 -7.785911730402418 40.49368488114368 30.524843639812545 20.993358372745163 
32.55213678860179
-35.949466636205415 1.5517101038692758 18.724667813622474 -49.99839827929413 -12.330383714258922 -15.030581901052464 -47.41534901578615 -38.57435328731634 22.726824549598263 -34.02664806386464 -9.993688835801947 
66.0068464917067
49.12406831763404 -31.396690112294824 2.9471826249723136 9.667918442335043 40.30823070073636 24.982812798356733 34.43073142204098 -38.34579720765795 49.30513864129706 49.62330466889941 -37.036559847739035 
29.831201939526974
-29.56772147646216 -2.4561813946082935 35.20418809474958 18.30132357896342 31.685960848812314 -30.179988047957927 -2.092993772879467 -1.3802393570783167 -21.244300644445147 5.664758331900742 36.42788436824223 
74.19012701957564
-16.79939204455121 -33.74427531423463 18.980814607724014 16.346392808151975 44.52960697696501 -27.736312133109664 -46.65224084231888 40.17832879861665 -41.24066912266596 4.398602944950817 -14.108199650649865 
18.33350012629965
-5.519412005597779 14.278709033889086 11.492246486532885 -48.17038285161747 -48.45370910968714 21.541272026619296 17.41501459625789 28.336870768740198 -22.79916432963115 -7.648187213040991 -45.848924954476665 
50.44057237642093
-20.19714098511789 4.331959913837061 11.900405153469784 -40.929691383736795 11.250427151473076 3.414360901893602 -17.351732417493757 10.582513497014112 -14.200341537368452 49.24633371209197 4.6753213478524245 
39.90919609942338
-34.82510938513664 27.502283996934494 18.862461403776933 6.736328287533119 -32.29955381412051 -20.17189586195992 14.295918289470066 -23.14885300505236 -47.358816107212675 -34.87085140432555 4.447650778264553 
86.59847012284298
-9.97904472330491 19.52657927176101 -45.39946382106491 24.81185672172053 -49.10480392308128 26.54521204467224 -23.792487986789524 43.63621441638449 43.38585013635017 43.959252298641104 14.518229026672913 
27.3343027558835
-24.256081750704627 -40.78941999951442 -17.923593222639667 -43.52970083847373 49.286890084360664 -38.57243503605435 32.585544506857545 3.789378121654032 -28.734602923314146 24.81061286579623 27.160208794058107 
37.66310126139951
30.545442152289553 -4.486015634678296 18.124660021535618 39.146108342226 -2.5504190926167496 -37.858318266769786 -35.709946794440114 -40.509561876920145 -6.817533701380562 -31.411525543410256 -3.963951031673119 
6.389586216363707
23.973220536017365 -2.804577548278722 -31.45783211294114 -0.7248545407290337 -9.600907816816864 10.052549806955625 -22.841254220625874 -23.335273623723474 -36.68808435106773 -13.230413861153359 -39.82310877285428 
21.86054983061868
-35.6290795767849 38.14897436254971 -18.848608079430807 47.223977717677386 1.392446018920765 6.93364145950558 -34.54999936453305 41.8019458936169 -13.440827315081584 -10.834716931330071 -36.15286932633009 
92.25710981371493
8.988511989475278 22.677229229543897 29.74946598006032 -17.145762134572628 42.24180043581049 -7.140795254145374 26.0355261848121 -33.31877742044641 42.06301214147592 0.0696030580113387 22.510806604368142 
27.33382313307794
29.967702788774062 17.93415439240748 5.624593228483057 -32.030944188785895 -35.74003445386018 47.25818415380323 -1.6359031639919124 -27.067106835419217 -28.362843442445772 36.39288448237107 -19.863905455990917 
36.09378884364204
49.749241514881305 -4.365642695149454 3.965803852708774 -10.435768115390644 -46.088403711358815 -19.40255817511237 31.487197409029804 -3.331607204486062 49.62716625194594 -42.50538545107367 44.9685721078891 
43.814666555707795
46.65586452561459 -8.13644989867582 -49.98835294792988 27.357698078600095 30.07619390738398 21.525199621264477 -47.4179445201558 -16.414713654599467 -30.883947065446016 -15.582470371628467 -20.32643578509834 
2.6412970086644005
15.486715161516642 -27.56164849757967 14.177955305442453 -49.50344692720468 -0.4639283170736235 -26.45608753854436 31.426980508379046 -2.9946072132858816 -5.255850139732665 46.08829791639489 -42.60764571357457 
62.63642602056989
48.916059504917115 41.75183234917405 16.674273261681208 1.641734804147518 -26.11553685732142 -43.60490215248997 2.178508154505586 35.22962754110975 44.61576663020834 41.78835286850237 -22.223412568389 
84.7317478153221
-16.67879982901922 -44.59552575969816 20.263197749340648 -18.19381003086128 -5.493965814957683 -39.67316067148424 17.56938764543186 -49.605986442457294 -27.15281886029245 12.811763518067686 -33.540246523310635 
13.447375551881102
27.37148361612239 -8.841488304661972 -45.163740018608735 26.37318628496027 -47.38601479816332 26.278085086373153 -28.709077398888837 -21.31287146445168 30.26757327380129 -8.284712148646193 -42.30590163522877 
85.54848962050947
-36.70765810834866 -1.1330956041879858 9.374650362320914 -38.35283323459182 28.535109628077905 21.752049225989936 31.84278847809287 31.339935051962826 -16.383456963918483 44.929042811435465 -16.974058355728786 
30.983836920501172
-20.82465135283178 -11.98353283163425 -34.36749009278783 -47.909640442660404 8.516040672878091 10.764324999479378 -14.47209675666231 -42.77514212340306 -26.711155897428927 43.7344900616221 -41.09819407022093 
24.50140703952749
-43.962710421859065 21.387956566882607 33.525108877763614 -8.925896114396451 -31.718895430353466 16.73963476463487 -12.460476958654574 -28.798385614708987 -13.740965060717429 -10.270242155825912 -17.00760928997017 
70.26249916590076
-4.461738663830573 -34.92579303216099 -19.27625496132216 -47.47531116943685 40.40411197158723 49.59439497599581 -31.767786319590652 47.52320762930616 14.27579483177243 -16.109436498511542 12.790873674451163 
47.57610242946528
33.350906605440684 -1.2892903770769237 28.353722267269376 7.269191574319791 7.263512104986383 12.480547888600292 36.68793227410461 4.666175990629306 -42.25239113755798 -36.80170932597653 10.68660777674156 
13.551310405368966
39.12984456747644 15.261223356779468 10.961277856649012 16.187706007634773 -17.06764336153325 19.77940790026763 -34.41708069506396 -43.12495561643023 22.948641395845854 35.54504726715969 -2.765208555315226 
48.016324083470366
-43.13756645061149 37.064435302013806 -27.94006556217681 42.4539958422757 -34.18846697398743 45.92256721623092 30.130704538270493 -21.488331547135196 44.255613342122686 22.23888035538876 -41.262780462518464 
37.478280440077825
-44.41683783733621
-18.55244175804752
-19.905656273477955
31.921903984874604
-38.99087381191305
-26.50565377220587
33.11770362192203
18.954230446626653
-19.993389753495062
43.05909528895809
-30.761583932003745
