constraints 109
variables 11
-21.80097844495955 -24.937021081905865 -48.56783715052416 -31.510991362077313 46.845452414960434 -31.22299593897574 28.694978733184428 41.79386830426148 28.51508893846642 21.019974768165724 0.06600993727082027 
33.42879620345586
-16.362364141837723 -43.62261617914781 -13.825264584431473 35.44728310791581 -33.7958366598118 -3.456510282481503 -11.745373368416168 -47.51712614914302 -36.335220214261724 31.365449009577915 14.489355677535144 
8.116098371645608
8.561411884231497 -36.081787308519054 -1.6102094288011557 -36.64644454223027 19.015406192995187 -46.25342834188258 32.58134401713747 -46.36913563215034 -44.63447565222648 0.8677132795640432 29.369429898385505 
89.52079076037133
-48.94736291283137 -2.790284601622048 -1.9358681591384652 -29.277679039975478 -12.726814425665253 21.868405026466903 -1.7165618947738395 32.92605141704745 32.97433311563654 -28.1029072615921 -11.682322060169085 
32.79573983623845
-35.56059340246518 1.3006530997961647 38.12609743310881 27.575417135812145 12.013125630911404 -12.512478326542322 17.649748427273877 22.72601808682353 -44.558208528445 -43.35983608682544 2.8632303829692063 
93.51495185356461
3.8544655684177442 -22.703373151527362 -35.649019020060145 -15.373358387151029 -48.413097886403236 -25.107202363824488 16.182226088485493 -44.36846069604181 -3.1491871144098695 29.097035330415792 6.471886282397051 
19.545668516905568
46.67680336988526 -9.524105768898451 25.253043973473353 -33.267707451110496 8.610095153704357 -6.6383690053874815 -9.8501062479273 -22.95817809450005 -12.68603374327342 47.74927704484308 45.82832281923319 
49.35561516824178
-37.46343573361652 -35.366932497594604 -20.68542865283244 -30.4061599805852 23.82260339252865 6.399026831009522 10.010741621523259 -4.232879674968537 -23.0978417504923 -43.27739985097918 -39.40086377893894 
11.796208139061914
16.864603396424187 -27.12283286623037 -46.98426571412211 40.593457833444006 -15.973481256846448 17.44139856097449 2.2864076320224456 11.294391123920256 -20.17185353495613 -33.8996229946073 0.25768889472558243 
95.5472219192956
22.143768905117085 -46.432543598727946 -8.882707205187756 13.412681347331237 -37.932817940818595 -49.38911534508542 41.08775669182593 -39.3039543202395 -32.465816319804965 -38.24878240657756 -4.210051112649303 
76.42781739358799
3.069824834866594 -4.597390428853629 0.5114022625382404 1.7290005426631154 -0.5011197184213358 -13.93694615102823 30.977748406882384 -20.55853332809272 12.633869867155603 41.615744715410486 45.2138148400344 
57.67344920048338
15.755652632895377 47.88570034358834 20.694170972246226 39.804708687769406 -42.87252489448403 -12.697149947487375 -14.77869746978594 -31.484545326844536 40.83406495126599 18.8548089133224 -15.167268369655453 
92.0476590648724
-43.08679608652318 22.46961697783763 -42.47319645846229 -12.823114220830035 -4.952050173403599 32.550701029155476 -2.289906649663628 5.267333060224807 25.013501708454072 -27.406588583077486 3.007625036665054 
15.302317943768863
16.62341778183277 -44.35552827417577 -7.559522511060948 -9.073113569550763 2.0957690070403814 33.82271864755005 -27.0364555628278 27.30890315135646 -45.43949793728454 -35.79842631830893 9.969499793795741 
28.019359958969204
-32.14487201153039 8.060643069257537 26.60341136538314 22.152280403767108 -25.193407419581572 -4.154011332778417 16.595544983234618 -42.45093822313891 33.87302029462977 -28.864471399166337 5.808350036860553 
17.261684845294
47.31973134660332 -26.511879225753088 38.8068201353646 -26.716316760336746 48.029772667411095 32.26191179028494 -1.5003183388605095 24.09737236466104 6.59995983211973 21.319535779906573 -10.737779958599106 
10.730302609491925
-34.45078028701057 -32.00517213069727 26.939747875577936 19.783479836881384 3.266776432777853 18.77766839146318 -17.25590814295699 -38.71160757867674 -33.246446078555714 38.880701953280095 22.293673558578988 
4.269450481171688
-10.739112232097504 -36.81636709824491 -34.088923834775976 13.532943804598055 26.606492976369907 22.007861265128668 -28.21970897474799 -42.526842836147715 4.248335091894454 36.75624931572378 9.679091667486148 
98.58085418638905
-33.87709159415362 17.65984619470659 49.7402497956644 -14.141181895326028 -44.194852492988446 -1.2945877178567287 38.058645832707754 41.49368792199675 40.72302870622919 13.274631322971551 -31.050472766771232 
22.902886244275255
10.960636785208301 48.107937987788546 -7.723447123459913 -4.330069797818069 45.60934832413713 12.912875363083302 13.506406711686566 -27.099032756866357 41.67745046951745 28.268999211834526 -45.989789147101575 
12.179886251209737
43.244380215012995 -34.561682146907714 39.62006931783341 -37.43105188522714 -8.153465429342667 -31.72770959675496 -23.437460652566568 20.99631114718514 43.007336424979144 49.613491471328715 -44.371075391966095 
39.891442872595725
-41.62490503779975 -17.577975216694718 -2.1942667203821955 -23.926068035390546 -11.892084607444332 -0.6861925405741616 17.576800348638997 -15.329339547875506 3.945725926320854 -26.720083488072532 33.721924617619095 
91.23097066743694
29.83528265213758 -22.93681474073389 1.6751234638764174 -29.771150283208 44.02476738631191 9.000252155057566 -23.631097702812344 18.78578549413639 -5.779624792975447 29.09436058976388 39.97920392568824 
90.71743351458835
-24.30190123403665 -29.333823075335243 45.09900077518178 -2.0982301895831057 -28.810324886513428 -19.86305453283237 30.606762004725184 -6.514046933906471 40.912425796585566 -9.669657603049316 -35.140699196563496 
74.5936284062966
-18.71144353337297 -48.8635861171273 -41.17318118738989 30.963953277652195 41.70020339172176 25.463003182299218 -29.598777693782086 20.348153076838727 0.05233121295876941 8.107121660155904 -9.652944463048627 
21.50893249539527
49.96635149316843 40.5107338395198 -39.77229117367632 -48.68737136089568 45.1031344882996 -24.677521675530922 23.127815688457304 33.673485058690446 -20.585162282051016 -8.731156177849797 49.10605138557514 
25.003991969703986
-43.949233289735716 -28.954597394497704 9.050810313090473 -16.6552510071448 12.19329637584677 32.770655043849246 -7.025471872038189 16.491852118698475 22.27559959634671 49.00218909140881 -18.229292805864528 
8.209305826166101
-2.1662236864058357 -3.6032600327869133 -14.929040999810162 -48.99145599687983 38.671705805178604 -46.19708756200392 -47.92230545550029 8.996633695126924 -32.932232961244054 6.907257235897134 47.11132427074699 
44.93927530709144
-5.571685843447874 23.51147206635882 -42.900833313492036 21.954258487855213 28.093611225623235 35.100513301758 -35.65347099409969 32.14554728745081 24.92770318913516 -2.4315552700481007 -25.331366604618854 
62.0077108950726
37.87443591982088 6.800866950329542 38.32550179181628 27.574942639475367 -18.16229271790202 13.269824787778937 39.18999667836974 1.0584333735000229 -33.95527380983664 13.879095490592896 -43.8073132755804 
55.110421633533214
1.476892220225956 -0.9951901210601619 20.325318272416098 20.87273967573708 -5.996333161059887 -1.9916224896843389 0.3481028000775339 -8.387761696294014 -23.469411415159847 -2.544260597638683 -49.16580891506431 
55.01497467671685
16.773381134571466 2.8589699847264427 47.29807070691908 -45.894387316191214 -38.80413705309992 -23.036684070194635 14.892852016694405 -40.72201912389437 40.200176531596796 15.43475773660029 29.524732721101927 
32.0672835378345
-35.16641828300202 14.260240052779523 33.22115311666252 25.06400813086823 -8.923058011844361 42.254746329998355 -40.79748884362171 -8.235947006666102 14.205667745186403 -43.22362834489133 6.34551733195152 
25.169190133703424
-17.23518495843841 -8.917319878972322 37.5896005238921 -45.403533848789834 -10.624303670290146 -2.2814496530336967 2.3260174093979273 6.424701094770413 3.8922252541690767 -46.09214866754192 -1.0773574241511596 
26.400743785961467
-36.64905958666296 22.128209658808757 0.2756662139394308 18.64773923921092 22.7094776386743 11.88028262062003 -37.35730198355796 -20.33791486718166 0.544004920841914 7.119878242933176 26.0001039590053 
44.355437911900545
24.676958088134427 7.903355706943117 -7.219360533238138 -34.40752249773901 -5.867849669424643 -15.496257830820234 41.08573559633746 18.694853137108154 25.86512814513671 -42.41294561354426 -11.669903396595124 
8.026128973305191
47.3924640601271 -1.0046645145327489 -28.235493904361732 4.04213065967145 29.744384429879076 -5.735080927478279 -46.56392566777943 -43.91433983901628 29.09097603372939 20.215539835204382 -11.116607061506258 
58.72398864938001
19.942964217696996 -31.222155317710566 21.22736821139091 47.57216609400571 -41.99614608539763 -8.316025541630303 -24.69321953983169 -35.68535184756145 6.550976211088255 49.72786000032255 30.12090469080084 
10.032286433195136
-3.3511906123786943 25.008931291270287 42.0797961087777 -49.03868456579477 -31.45130149130626 -5.09501171260878 -23.573867382929357 -48.54461312894816 -40.69516467071378 -27.52304339166075 -20.319215568692726 
35.191366923529
-40.06271832412782 -10.409651121423082 -7.922417604663067 -32.4459795095829 -35.601613376077 36.245231685808506 -44.309007849540365 9.654338667706611 -27.850043548982473 -27.561422069014462 21.323733413256264 
67.58073392462589
-13.665850949987835 -2.6601572452542044 -4.790366563723595 -0.7481386773712018 -29.67810334175558 -5.3572607589068255 -4.799706547668734 45.63440572357939 -13.151479828554656 -27.33690206130103 5.342430343201613 
73.10864929265873
45.99682717483499 -16.91516765071642 27.61603739755573 -0.5908130164735894 30.963911639876883 33.21300006988767 30.0917729296157 26.837699200914884 -46.151441928546674 3.1750055216663213 -18.120688794347238 
73.3392115284194
17.621999078144782 41.71800104168916 46.97660371626246 24.552783207702333 24.99550273602425 42.082624785160476 -18.50665230215561 28.09216283696945 -19.925927090646066 -7.109842232770703 41.710183666584726 
65.08138416212553
-25.513639645775555 -41.93768519842867 -35.95151401867641 13.364879159368826 36.106573833286376 -35.500165971723234 22.26381677824304 -38.16878750613522 45.53506302579228 -33.42190481050304 2.039462672050796 
95.93403558903157
-6.820031450094113 12.475051147916261 -41.35528494425101 0.763394460679315 -41.91689395021493 -41.07127266526628 39.43585554717511 19.91512402139807 38.55908444935018 -31.771368973859282 -40.28392575203489 
15.925478364141432
-45.73260183416451 -25.922574154601786 17.833844074411772 -48.817216078742895 -30.486989560595678 21.416232236664058 23.38753541488036 46.9973818767773 -41.62823257912919 -30.610985325293793 -8.982619887336682 
32.905640010579994
43.66271913769367 -3.671564609918491 21.504104942587077 18.303412937015864 -6.159778549614124 -39.02228589487796 -48.24308688535175 4.148776539300748 -45.445496556513476 -44.88002526361117 5.761711796159133 
53.74346425832152
24.930095608559327 29.368608069438935 19.67379814355344 8.496939430985528 -37.46261951882926 -13.920741944115832 45.97749027557609 -32.90347044486879 15.583237655193798 11.175990668490876 -36.00152037453181 
94.6516548254119
36.022576046862255 -39.858693170807236 37.04291863561927 42.1496631386556 23.093319965460466 22.501665947971986 -39.9493783820748 35.95530986145987 -16.796804388448194 -36.15280310438057 35.887947283426485 
92.10549745755182
-30.85257724497802 -15.24365459517383 3.2692782613647395 -29.20462099307164 -20.68774761828155 41.953194920503805 14.784255110269413 12.721457372863355 -44.1799886759891 48.607274655153375 29.62123570576999 
40.841905108614554
19.497130903668094 7.892652254332056 42.315707321538056 18.63377456636327 19.097430695869974 36.75519126578567 16.215655687134785 29.071352159102275 -47.61136042381 5.293817976667178 28.344213671198958 
27.31946247838013
37.51104139958956 -48.75623172172037 -39.046857639743024 -25.47003943971944 -25.557241875062097 28.756685606773942 -5.700962632088455 -19.850664942324435 38.45712349663866 16.004641702187755 -34.96264116277173 
15.78971964486442
-9.866764361697108 37.09198982545901 -44.88225165633683 -35.01476357502524 -30.218322183468672 -49.65882870905101 -32.82268421682816 40.05011878331945 -31.926883839079867 17.225496747266206 24.16688381809405 
79.77455504696464
29.20823585610583 -5.945970848029106 3.3084607537729482 -10.16125510119548 48.14336905126065 -18.02930559820657 -22.52951175731106 1.5952126191604563 -30.813185988019352 29.91177817023042 -9.339311609020683 
54.26390485386952
-20.29328474444695 9.873021747864122 38.574633555967864 0.6041915687009975 19.742146698064616 -25.8304689283244 -39.998593133060666 -3.227642332142267 -4.0152276847517 -39.67124594480923 -29.623946164108293 
13.342757847860343
-3.100701000143445 30.838840929884228 -15.118236443780575 46.3653074616017 -45.323325919676506 22.1816688211607 -14.756989073165897 14.851507749387622 -10.73520434741424 30.411929588481016 -18.285810086715593 
54.225778596207164
-0.10274409185887379 -20.999377276631982 9.75652587239368 4.048344005456613 40.341415423702685 -1.2566048829853926 -20.490651581285114 42.71048590455253 25.512953124521417 -0.758838459651848 -34.59990801366016 
91.82251660685907
-30.84528756409288 26.79249955738956 -16.89935321344835 48.65931924712474 44.953528113659786 -15.505708694035306 -48.4739889015112 6.2978596812557015 -3.230524648957953 36.92920266547044 -21.315585037771733 
37.975612660289215
-2.422255243717075 34.02552592438221 41.926445711003296 4.718341240667442 -28.72583267541078 -33.492986152311 -44.49611597355019 -6.569743021087895 46.67113911028825 8.807341746249051 31.337356169060556 
56.40904596114981
8.81153753452677 14.4058317225619 42.50508712139471 -47.357162622696556 49.15397152564749 3.248181900172206 -6.796598574720747 -13.734279529180192 -6.766531199031192 21.247877034562507 -16.207182210692558 
48.19288078743135
2.0775351648511844 -42.17890605854995 35.03197175679165 43.22603781702374 1.958251355289228 -21.01016007851968 1.7147487035238385 26.814368561343898 -4.013097604615389 -29.20482137012581 -37.33555979000963 
33.17561745655727
-49.391647509444034 -9.405614739327184 21.401858847983462 -0.37337756645127484 30.228251988015387 -7.727083737769178 -10.207213024266927 -19.257941977435568 -25.99317031633125 25.48410803807883 -44.406719679090365 
50.35468711279031
-29.721087023378388 8.736550606486858 -45.95029045293371 -40.570035177211274 -13.889473788574044 41.481110032546184 -26.426302827507687 -46.50765487387688 -47.82177286485262 -48.69337705967654 26.00033337417463 
4.55021963704787
-13.541862008673078 -31.064724396759814 3.05141564789313 29.3608835194306 -35.86263481764323 -14.084218148236275 22.363670886345517 48.396533628192245 5.711322706832014 -22.25559181306972 38.805234520117295 
38.01673537130085
-39.59376184195011 -31.39897834573976 -40.208060129634724 -7.877547296677477 7.866922811551277 -27.030677570742856 -43.07176437087015 38.9611239200476 -12.524401896780844 -25.882576335017127 10.535858527756183 
3.771926920041846
-8.281518332277301 -10.252948678396478 -41.50336998271638 18.604828535497376 27.692470232867407 31.076585236169194 46.324069178463816 -43.083436644371865 -40.85485546998141 -16.79474492796802 -8.508229908318675 
62.44122492224727
-9.63294232737664 21.812810043219926 -18.21522410409232 -0.6473013791818616 42.80606179022193 34.080990336855194 24.803469909061917 -26.119338583456695 5.4491976179417065 30.180225892950162 -46.262230352312095 
16.311412671262605
10.818459954559437 15.746936227056537 -26.85726418180504 16.699381132954784 -0.14745052490026467 45.48391622166585 -2.315087929241777 -22.365402998455497 -9.002537248495933 -6.651765028931408 -3.307933308291588 
33.05603915700761
-38.49540094181526 -44.251775159046225 7.827255180648216 33.370224951851895 -17.764190784617604 -49.246971998091894 24.321401395417624 14.028991012339063 21.20061544285838 -11.474665743042443 -8.063119190468107 
97.2399275264424
45.601592121792876 -33.98013453325741 -25.80211162669972 -25.372554443037444 7.33970043044657 -17.552735544959006 -42.58838900430625 -17.56798574164784 -7.267863946977904 -18.91493975886771 -29.382435318060207 
60.22962351947619
-46.378969284703466 -2.275618700259585 -10.159308254359445 29.173052205241348 14.10214368487162 36.37316221084863 -19.112906724450184 36.40105431788078 -35.22156356576048 -1.206405030480198 10.409612567281243 
38.53114335588687
14.744234788488768 -33.96637088108082 21.08366897220222 -10.9538945668167 -29.56856667256367 -32.68068552056917 23.472133648042544 -48.09599466342426 -49.99999569656018 -25.493131004257762 4.521217315455296 
36.845897097019076
22.130835053108925 28.75032753532041 -9.38230574778651 -9.354996107451484 -21.120282729903405 40.12272227428248 31.751036250081526 -17.064274377266898 13.677071081073642 0.635700829952448 -7.437699711581139 
45.28023830845578
-22.39121439597389 16.434575744526 45.924959377550294 7.775111631308739 29.789335962521406 -4.097154562229754 -34.80897784679495 28.769823027570936 -19.06088604692594 26.992160802987 2.3492257276934083 
80.16358681582939
-46.796314284794235 39.300872966046754 21.080231349018703 -16.73351622994258 43.803487186979964 -25.7437725936135 26.05711469564133 -11.644629486409528 -14.721772761948607 -19.787656839276323 -7.172305683424817 
4.824589803349899
40.891083034924264 8.358167791978957 -43.77147264483203 -31.77394952539503 -39.81649617164265 10.036556191834691 -40.48133386400022 -24.487246669065254 46.7222682647424 26.407752316382727 1.2846122856083184 
80.44437960754301
-42.24379144049565 17.34749851245263 42.65607347947443 -32.616886072701114 -36.1992343555039 -1.9479284080418537 -46.51444173609899 13.602336619461312 45.09436659030122 39.02957688960417 -17.11704445319451 
57.75045016120322
-8.578634273643445 37.988831626369674 36.85969591734501 -34.7434518257403 1.9720801659190954 -9.405748263733706 33.82524417100602 20.234210258017654 -47.28875091319454 -28.862877778592022 -12.707987937829024 
27.834230171975705
10.151985577187027 -16.11928001089298 34.38306002094703 31.01662107960955 22.483116159908974 -38.83122521067175 -11.39977745119262 31.356746518912047 11.673553836158476 -34.65626592583093 45.79858448148762 
4.7699933495541575
23.47816422063825 -1.89655898134896 13.42650957411545 -30.066081596207795 -33.80468495567697 33.13171689091351 -35.17129723541028 -0.29368241789183 -16.422875698789262 -34.32947431598235 42.773074496879715 
13.982217467667912
-37.53080292904053 16.158292884434672 49.35047708676919 6.202323031953206 -28.442595697051367 34.1410849154787 -36.990409489855395 35.11995427608964 -35.97495265786653 23.370330316212346 17.727631310286256 
8.45308890774369
-46.02546604970681 49.3328105558208 -35.81927665698087 45.692596226322365 -5.856508150008686 -3.5843322976652843 8.266131960458758 33.607346638853556 40.74597200557457 13.491254389619257 -11.558181498356902 
29.881340454220506
-9.804751388373155 23.91359941299055 10.087013488888594 -22.162398073566735 12.015445314143548 -21.249617674758426 2.450886714092249 -31.651941262790928 -17.574977879975442 0.5312807361768108 1.7445528115527011 
73.79818780102332
43.87593895805179 -1.1243943920329684 -7.454981873587883 33.36974517339148 -22.741898768237313 39.069172847962065 -41.08205379304511 -11.07561289640936 -24.47056220251277 9.99240820271121 6.529339778222663 
6.415596299217796
-49.792209240730564 -31.24136043652196 17.50459434834839 19.025749768337135 -14.538438225048623 36.003695817837325 -9.093358310322728 -4.880165690833529 -21.538208983322484 -22.02518741431083 3.4431075770319453 
16.626703836069446
-30.790765250538144 39.398983473368844 -2.6241759138212473 1.6034157058602432 -31.774337707407174 -15.432108484649 -34.405806929916324 18.507642945950067 36.29947782676123 -36.84143577857917 -42.5727573361374 
69.09773827924352
-43.09850628577146 42.01596628194292 -26.992487087264028 11.899531864948102 -31.062518891081503 34.455760275944996 48.86311261788845 -41.17653137332577 -4.820090249069487 14.602481320328394 -37.09732899653483 
53.78524633042261
10.022066435987796 25.860416295941434 3.0710937850916267 -15.922363359829774 39.123513704977356 -20.17848218516285 -49.30758890352336 -17.23930750955313 -26.933344444966057 -5.253289997800167 26.879166214029894 
3.482090115398806
7.319924534481125 41.21394404512297 38.37620849657522 37.90888570946194 -8.396090811688865 46.60845551794253 37.819925219499495 0.3464670845203841 -16.817476507392612 -40.16236674770845 -17.367692836278877 
74.14008692298987
-49.347904443449664 -7.015000799651894 36.63244174240073 -49.90121575711869 -32.522985971182024 37.57481470587108 8.936415289641566 -11.548864669198444 -32.17860966301359 -0.2991769963750599 -34.17022241605011 
52.73677150451862
11.151950924432988 10.479729822971947 -16.964907522653107 46.55707635732804 16.638159906557988 46.122011019967985 28.16031102087271 32.25311289629073 -16.44865416649479 35.369676156543704 -23.89796660971726 
74.34825868643861
9.665415693808107 41.132671142268464 -36.20901304250804 -20.01235440549951 -43.912525346077025 -22.137406032260053 -15.094683980304211 3.6259613014137244 -16.002488393513893 -33.4655317600324 10.040607633267193 
93.85973021294694
6.452015506418839 35.064317687376814 -6.686227501713027 36.56974892415204 -43.29274477795651 43.572360046866095 -7.508695881268437 -9.566164049366463 -26.556350548077788 -48.891404427510466 -13.52941437354157 
68.38960411845238
42.82351886412734 43.28969438745469 21.30630387332542 41.7715261409208 17.49022515778522 8.753028920236815 -46.03774362675897 32.6160262557717 -46.58248843349067 -13.584225413203242 -8.417878067915353 
64.02294219958983
-33.0563453389511 5.234043830912597 43.3110626545442 8.481179135912022 16.375797302495698 3.489006241986594 11.563305150786753 9.710903713320981 -44.774393578450066 45.5840148448182 -49.880890797726764 
4.844230522379944
-12.561778773685525 -49.081217880895714 7.547839940177056 -9.339231885404331 -21.09782005062938 11.613672071205968 -43.80787019485096 -39.88597277530922 44.07885389144104 3.6892071778202222 -20.688626964554246 
33.529172899932426
31.76565129623205 -10.237068749384925 -48.02885155970193 -27.377838184432456 -20.191931746299208 -29.5922085696947 4.878344555707251 -5.115231180264011 -4.998582184021352 -33.976768569847316 4.6001315191831225 
50.8996632772163
41.47388401102596 1.402234243284184 18.46817619413001 37.79408562312214 -11.481718597355794 21.134554710770047 -42.04226595834769 -1.6896748036813989 -22.859272384682285 -14.43155060342901 10.44462645945535 
46.86564698163591
13.520188925492626 -15.739782038506753 -24.01870502152307 21.49388517547088 -12.876331252456886 -43.32709094161682 23.096459534843802 -16.29452904018084 41.39753703202706 28.342572961696902 -34.38880116774145 
27.07212197983392
-4.243658058779346 -45.18752389265907 41.077512107638995 -40.262941499557805 29.016201016553794 15.342736903877281 40.68371473865048 -3.9289762629805125 -13.529392560098572 13.734829038479425 0.33434124383278885 
78.33902193857477
-34.51761923080833 24.567494933419425 13.100445703993266 0.5121495883315532 -32.23388547474194 -30.27740401594057 -35.65047947551348 23.253456757368866 -19.538586182841623 22.28646462031837 22.602519457877108 
1.6263001114281583
-37.35211973902488 12.744363926322436 41.52874442109166 45.21819146339362 -30.8713507817175 -44.15730541327076 41.477640850743455 -5.857366931375317 39.11001932190506 25.575616303040576 42.55985655589889 
73.77604636154275
13.830550945024477 -19.540235911493376 15.528126099168276 36.10633160526572 24.243725187696114 -18.407195428915102 1.5719297867026185 6.214211520438873 7.534108872735487 -48.05142410882428 27.62805147492587 
78.67798007883788
-30.452340022959678 -3.056380405150783 9.922514507167577 0.5868769435294325 9.14271781479934 43.51690402308887 -4.80236549469835 35.36774048714754 -39.98115052354257 -42.20338894471766 36.44118533735883 
74.77424684348216
-14.243357793536703 -30.115137330821696 37.9229899665078 5.15746753990063 -15.397770536107792 -31.626711453350453 32.95751824178123 38.53105091850733 21.95616205995165 26.909413667413034 -22.95065478994298 
38.96389930043379
10.576958507492293 -9.53419736211395 48.94161111325404 -39.52232515754015 1.1855706917903746 -20.078987438796837 -47.42409744750955 -36.10396463509795 29.45761279246365 -29.85664478811755 4.085277624752926 
46.98706235542558
-10.683867489076448 -41.02443792113394 -30.319600259298017 -45.240191041708066 -33.011586825900274 -27.6495425238673 -7.34795249588781 34.92047316868407 -24.533912823010652 44.224755857062135 10.701567399126034 
17.263229734616147
-25.19140669564144 -30.89983962883145 18.42407844680379 -24.834742733609417 -49.84409994052265 49.60796116274693 -25.992455843214323 -27.62492986695365 46.36701805189092 -48.03463838589225 -15.92587600244292 
58.92775142455336
25.876813269638447 38.06876589885675 26.078426753784655 6.290250470656147 24.664216942248146 -35.42863597736976 -16.209317267397175 -36.2655764880798 30.150868138605162 26.499291709616983 -21.868970018656732 
25.455027661027508
-10.910960614527397
44.08581033593741
-13.413818643207819
-22.802479405448572
-40.85321900091334
-15.519853834270435
9.521006855706325
19.97593182726274
44.08350102374526
-32.07953830596364
6.518772355163485
