constraints 109
variables 11
-40.0794241906291 -25.102123951053613 45.806127620004744 -36.695644930895945 20.903335031262415 -45.30700285946057 38.06051645986825 29.306978850415646 -49.05184624951766 -34.71536947476562 -10.935005635309672 
42.211374302501945
15.655210130634714 49.547405239399396 1.3130188057513337 48.98266769858657 35.77471561728136 -46.869777653612374 3.33577956012995 11.935159136166504 42.09582802486575 47.14360492407674 5.252419347509729 
43.852013930538405
13.17446441281902 16.560264891129336 -19.96208127838748 30.615351676412274 -21.736050486483183 14.10000481352641 -39.461489664918744 -28.950521107358462 43.30061507235253 -44.36038603195733 0.5653316028155473 
85.2620804494385
-36.09014665191847 25.08289951636941 47.3227931181185 -20.024835843673472 46.136338259700565 -35.85437721130976 11.978882102372047 12.169635677598421 2.965432945703874 45.654534231155864 5.360486194051241 
10.82435723383166
32.69107616273382 -32.27068509122564 26.557485181166868 -49.387361649408724 13.798741598063323 -39.38930366285799 -46.354739092704364 21.12608330036474 30.270322278436637 -32.08236111382206 -12.21402253915398 
50.527777526581794
-48.91892760833674 49.76089807290508 44.644784403455546 -26.5061700688524 -11.8529545326451 -43.5900997680867 -29.64211059182246 -20.115708001322552 48.094720523047656 38.10434590286822 -16.784768228723202 
92.79155262969667
-25.03718325974664 -10.878485713748823 6.771223109760427 -47.55371806236074 -46.6904626780184 -27.645246036462613 -34.72712247641984 25.918087177615078 4.186819801855691 34.428189752160705 -41.90462720333775 
71.6300050395726
-39.94359048998189 0.7671919741154198 16.300885881624353 12.41308775812049 48.96084628279981 35.063697694203114 -28.512666898324778 11.159248004880126 -46.87420240559772 -41.779971271414205 34.76943907138917 
49.087647430964545
32.65837994370162 48.124299227165196 -7.964725160699373 28.22194352344266 21.11942743665817 -16.49484366147521 -29.452689569756686 -43.11733447827039 6.485951993788198 -47.366985730276475 21.507647447254627 
79.83111539667152
8.383300933306302 20.77956751960545 -6.616968781758622 33.158155011003984 -49.54517066031574 39.11681874352847 41.5859273676825 38.093300364714196 5.350125063463295 -17.868546045283217 31.53374824676004 
47.6165701326402
-40.94879624929035 20.64990118399305 44.15913648914554 -24.912435712814094 1.1192738317654545 -26.78608334688709 -14.380076546107766 -34.93671308310522 -2.0670093050703855 29.816125002762277 36.25824024181273 
63.05823963902514
47.10245016165136 8.899433241715911 47.78397626459916 -46.79262127252669 42.981351443077116 -8.956219570509802 12.208580014302207 -39.375489834515854 5.563128739832557 -29.091788894051984 -18.76898088001868 
8.705790471014419
38.03509860359516 -17.2341940994869 10.578429368036645 30.70996444244642 -18.12207026934811 -15.636471152092426 40.22979669942313 -40.345942746672776 32.63607409900226 28.858548765943098 -1.4981615966874529 
10.895246421256166
-35.65196658157686 15.227207645251411 35.65193526154657 -22.273337034723028 -13.886364840086728 -16.1877750337975 -49.04614797234264 -18.103079021038702 20.388781971161123 15.56835297655907 -23.872322552220282 
8.170198728736565
49.336390246040935 1.0861989585297067 17.556261265267707 -45.12430031050935 22.9255672079247 -31.38156546420635 39.89617246663076 -49.147576608978625 -39.540719017567085 -0.8978108447614375 -5.5080139759100675 
73.27711279917031
5.824149818124432 10.565912601918015 -42.57150821293304 0.5703569409604583 15.99416319614076 -35.67144184777714 44.10622685265237 49.90780912994444 -27.81647543876393 31.043455589481567 9.9014484547276 
29.820536602170165
3.5319928273305123 -44.09123455766019 29.772516140707225 34.950548287022 4.3194627391685 -20.739063070331554 -26.39960164499073 22.234546360115274 7.4447481933475075 1.287162008731812 -41.3982138207763 
85.6210482678633
49.266844234553545 27.737285064886777 -34.67088579726061 39.88296085439468 23.895214496312462 -2.714794762221686 49.57256441722272 33.169814689046476 -21.371076926807152 -29.415651370642195 -31.095152747458656 
82.65082705882378
46.48275236700704 -43.91875551052725 -30.33954271057947 17.932045437528473 46.60164401933585 -41.704105442790166 47.81674127035504 22.887795623486426 8.853191981845029 -39.45299580630963 5.545017305952115 
38.12877198056947
-4.998885326053134 -4.005159159166595 -25.87430635635155 -26.463959052452466 -4.399064942389877 18.39385893078736 -36.52787427912262 -16.877654703061708 -20.87759800635859 -42.90811883092073 28.683790172823336 
22.939085582289586
-42.20855276105012 29.582078774003122 14.850017508237642 -3.1706207651060225 13.257736093766127 -10.69140204735043 -47.24854314987592 -5.465338672358101 -5.567782032099785 6.446113275074261 30.157081707423615 
91.9943032179865
-40.29774029407818 15.018226181670087 -43.909564948014456 -35.36527067281197 -13.779660196950239 10.989076724312575 -31.260457740061653 -38.97336960135057 10.075466503106988 -47.142870394935045 11.610701844445181 
46.49577438858499
-7.105173254072241 -1.2004514849025085 17.077169535651905 4.10507604429197 32.78642866482019 12.560203085728304 -8.350500802974402 -26.117478088588296 -49.47821892608464 -15.95619569462253 -6.90487307442671 
70.25163747126962
-14.52905279045612 39.97323058361711 25.960528984661906 -7.671824486954883 30.04056474510905 -35.013376156372864 -40.89992039756374 32.07877403673136 16.228754524212505 14.195399954772952 -13.50848144872674 
41.29431702905871
43.39906028752006 -25.506220024015924 10.918715274666305 -10.087184359942313 2.488891442216371 23.80506436810002 29.02820551891425 35.433600506354495 8.606194374373729 44.96934203602487 35.81675113590333 
75.9967062063911
1.3313801039055306 -25.878131173537934 46.78292947977006 28.158324496052813 10.029796331905885 2.180921230704193 -43.223380696043435 -45.52478269050421 10.093323146784051 2.458390453512415 16.00591427266008 
15.718077594285951
15.267961056129707 27.425984518393946 5.711895265611467 -12.134228065939134 -38.91245177581567 3.3143983668329824 38.697383032772095 -35.01048900946053 34.92201913235074 -47.507655524021196 -6.803373396563607 
15.717966596025912
-0.738066384981515 -9.53312043637797 12.498633674717261 23.181406894655254 36.599236695245665 -23.13401333132613 -32.712326540333436 16.164963858540062 16.62752274752576 47.908918013055086 -17.15981503986842 
42.6581554617267
49.47337688054678 21.639302531443462 -20.98179167244172 -3.930166223621491 42.283570105135055 46.59059349812644 -42.574862053750785 -20.91523934277353 20.731271483180194 -40.42707272635192 -2.85954094185724 
30.470008110788882
11.867636023116667 28.915011988011614 -11.874145228965148 -3.9034936919515744 10.233459422035082 -14.2357693007691 39.69587023992068 -2.977059996305343 -34.741154723005906 -12.057435206641223 -49.62788627259639 
84.69640799721071
34.717105446263815 18.37564629796742 14.990757153672106 26.156120287240853 46.36246049900245 -6.743412854864118 -24.89118051468425 30.583570872030805 -2.13074506176806 43.875933438747694 -10.44437924559962 
62.62456472429324
3.8038666971131576 40.44350674391926 13.40142964944895 37.61557380811294 -32.401423591801304 46.24749171024749 25.666225449732607 -40.82111464208509 16.36010971727255 26.140625353102294 38.76722046966087 
90.60803352657133
-13.166269762707827 -15.387109959759115 -43.995432851397574 -1.9528987563751343 -8.042891979825924 -24.395348449942166 17.310492542241946 -34.325583792292306 29.176453424040332 8.73368270025314 -11.962151004243296 
10.933271195082185
14.060660496644061 -25.245899858415132 0.7398609258548703 -28.690705843008235 35.7375279482867 26.834687492793535 -44.3063697361272 -6.7638745763162405 34.28938682929606 -16.361287134481813 22.345759567425105 
78.4181158116212
-5.516282707654817 -34.79319357649485 -39.09079453087454 -16.809238433615768 35.07769853761786 33.28899278803159 1.01626348368535 22.496635234503955 48.42381414630721 -15.958433609354017 -27.36660070144251 
51.636594648212906
11.216975212107059 32.898980941481256 -16.630633210722635 36.16312526329354 43.96194269694223 38.950435607322206 -24.14112311659744 -26.885381721842517 44.102995645845695 39.295441373067774 -20.92014496515744 
45.246506305217295
-44.253795862133856 2.622114895571528 -11.736911303452871 23.99716438971558 -32.4821591625611 -34.353483161003915 -30.521132522304672 -13.366499210775054 49.34081848617387 -13.929130746527484 -12.964010903643072 
28.35325086228011
48.77430143737293 31.363023549586146 -5.495708526198783 -18.92205249862824 -31.95013152045405 23.929063816648863 13.472644069764705 -2.747361975507644 34.05099692596272 -19.854496920632016 48.08012112149828 
69.17539699083444
-44.77920955661362 13.23700314295725 47.9088604913222 -17.788253294336243 31.74626815220853 18.13014247814327 37.0028858378393 43.70612301753211 48.35572013717609 20.183220805392267 -27.422043823596788 
38.484537229716686
32.678999112725805 49.086700813614726 -16.586710806368487 -13.45034590758474 6.35882580361227 -5.7516750724802534 -35.03321111084231 18.901487861641954 -9.035496639184245 8.62156435743644 -24.068823645961256 
93.37398317819476
-43.752249414179246 -45.79446899974741 -10.750796928519122 -6.040206292392924 14.393551203628391 24.339042568254413 -0.46804370528055017 -5.6974620051099905 -29.3426997384976 35.43102710235772 -21.625043425757074 
68.86791489295831
38.142736407420415 -46.08594087891329 -0.7573887035316034 -46.237929256973366 12.463481322964931 12.977248474269722 24.39233011546858 -6.752417646736575 -19.355766018055952 -21.970668489838786 -42.26460618869603 
7.714583216475268
7.856027587075587 39.86225350625777 19.582464610376874 34.196416139670475 5.443123177052854 -49.869820681542684 -8.102629229883497 21.47641110003306 34.18754346088578 -34.971750966743045 15.983629843028623 
58.414254887974394
37.87037867156708 29.95008969879808 -1.5460808498898828 26.327578208333108 33.92738640074391 20.422468173281388 -4.116514729289136 -5.903670254016724 10.359661619175107 -47.239844427176514 3.7242948741925943 
68.11457649867995
-8.951610876500602 -8.346541712514679 -29.142520938664674 18.29641493618884 35.23603811832922 11.295517327865447 -2.4125876118418788 26.049663987944967 31.174598496852198 11.67594728106043 -48.068451772065536 
90.46307409222965
28.80474112469345 -47.68807275665476 -43.26404673747257 34.90983417094526 31.8181026101868 41.95740468262251 -41.5528301519577 -22.14787960995156 35.56810858850787 14.725577112469196 -12.703068520864825 
18.838560246311275
-45.96688971304217 30.57939643087616 -41.793046200808206 -6.481576231664555 26.398822031065805 -38.71071331584067 41.89683449438728 -30.04655534953341 31.815374656533834 -38.273095804551126 -43.52111861244558 
42.59019592514597
-30.502438793667174 -19.241790962785966 -8.750530025547732 -20.03708032596552 -19.42488016883992 36.01869400458017 -23.562709851071585 -2.4711322411674743 -2.0367778412957662 -37.50184725319022 -44.655347059471616 
7.995078252288835
11.011569011469426 46.13186998882827 -1.3812200203828553 -1.922316765342515 22.80379718659411 -29.51033571064826 24.315826711605837 -7.158188748655945 -40.282790030597916 37.17376134341504 -48.02889414132504 
46.60214446179393
-34.783947153018104 -31.31902423880898 24.06479485117525 -7.1786555021948075 -27.160071730539816 -33.74577160051817 -25.92676395564737 -5.474582194022439 6.962142508570722 -25.357030447145213 6.721616527108374 
11.462307915146997
4.131118100125697 0.7115530432121346 -16.895322485935473 -9.438144060914766 -17.328743938929378 43.4792538784361 -28.982121000992976 -7.7875319874957185 13.707909272006248 19.44499415768729 29.14217078972935 
36.45171510352208
-37.10554851610045 8.944510487544754 42.651382505911045 40.37523150222647 -21.142368569591586 6.8071785418377075 17.3619326587869 20.90023664879628 1.740780567570134 33.72419579347867 -30.27955990720972 
5.477074388678405
-46.78736905789689 -46.49056892184434 20.72551987547837 -22.575806275152978 47.922842315184255 45.82875450984302 13.305858196091883 -17.73100836134669 35.62359503159533 3.9931453131323096 24.727470746008763 
86.80903121131139
43.03988302282575 -36.944524541949406 38.278756568342246 -36.43489238022315 35.05945615835334 14.720374963065609 -28.217165809976063 -30.12026968532353 -44.073434609597506 32.47107189695039 34.41234179084893 
53.12157296464874
42.86206026757431 12.836718451937067 -2.1672799147788737 -8.711488243601295 26.895545778295954 36.86815403497897 22.8757668774698 -28.241135049699185 48.68368904227634 -30.340347592911876 -21.254003866255534 
70.02252314004045
20.701973765730585 45.14870513334584 28.188188983320444 -35.06936879317877 -38.56444950110534 28.4454257074714 29.095233019688038 17.334601323705826 12.058030029421332 8.587683412105918 20.711155486212945 
94.94216776769171
21.575415225964818 -49.11235606682466 20.885068544899454 -2.199712576678003 -47.47435126409167 29.929863402804315 -40.242547938619246 26.021719704461177 16.062452258367756 -28.199330032899184 14.811072395838906 
84.2041428047391
-7.384458788805048 -42.72692900295674 -7.605472628936148 -14.552353070471 32.307454552706915 -23.559039088266832 21.627260622003035 1.9585831782718088 -42.079372406978656 -20.309082360982323 -11.979380206130308 
58.93465309541593
12.446531153091634 39.9194707971788 36.200364575468356 33.75827244813313 3.1120356976986585 26.54814842329185 13.79172540240043 3.48216115248907 -5.733573044367134 -6.841751070835436 11.829020528398928 
30.173256922538894
-7.374238859150559 -2.5382450055942627 -19.022499423434482 35.887971653700305 -49.890432722506674 4.844338766252868 -32.594059240352514 -3.11606258371242 -18.131863231891554 -25.139034225591082 17.32426751833404 
30.13033430696197
-39.91302899753758 -6.165872708461492 45.00126287467536 4.261011422820317 -2.231789349464499 -3.9007720929342113 45.503215310288255 -18.17844976273204 -19.0728608053471 11.46125796371895 -39.554868555602454 
39.99352386575888
42.50518740631752 -12.928674517673223 -27.278082154925286 -27.063775716686933 -3.2109318323039346 -41.79876886422834 14.487706492004264 -49.53188982184733 -30.760958210734156 -15.71125231524907 21.577332048630126 
45.01732278867957
-36.63250386379332 24.145819182233538 -42.88533591076374 -8.397379861677464 3.6724183274929203 -2.633571667325242 -42.77164027368266 14.063107783570445 -18.381502580834464 -32.259589462438676 22.5963485734364 
84.8371846038486
10.271974381548333 -11.126004961271086 -9.033885151835086 35.29813803488668 -37.566413778887 -27.762555095703323 -22.15130098367467 -1.0141050538614564 26.977251348133592 -26.495358737141206 -34.73997196888064 
1.0314011551055047
-31.409591056927077 44.319012855321645 -48.31594642353082 -46.34780467491546 17.22523510396644 -36.48524721707213 -49.64210498322509 -20.19526031939092 45.308192264506445 44.34177687352174 37.52998789400014 
14.91111662805199
13.118713512713711 12.387407069466725 7.518028469638104 -19.96530583049303 -24.263962875914068 -37.342664518083836 -12.805718526197275 -21.038508299214687 48.56654664102166 33.672877834704295 -1.0484225739176196 
96.3508614095507
22.702205724021255 -18.538847510156153 38.25415554973959 14.451269518603311 6.223998484756464 -3.0407360124975824 49.55321767747587 21.83392282368051 43.05252372322494 -13.376830717025832 42.6479218246717 
9.179020986811414
27.06123318549666 27.926377499504554 -9.501736738465858 -15.643543189978345 -14.093991763796588 18.95323484871831 -10.952892652249957 -8.125169240316687 -43.6118762066681 -35.56400623209971 39.78438222881361 
40.2296506157933
11.15587286022565 -20.64552033955126 36.587273154830086 -25.236367250789073 25.16346239990706 45.611625057148686 -0.2039981238737809 -16.640945460788295 -10.456001259027794 27.31774650541891 2.5355569157574536 
37.61414571501383
-9.583257205434293 35.86089750826228 -23.030445423705636 3.1124903335603236 -29.362965924912952 37.210217045777824 -28.526864392307782 -1.0234611227612191 -16.389400747874497 10.793699003517212 -46.36233197752166 
99.10323649094104
30.032223725822263 1.8113464525133836 18.570689867226434 -4.688067465165183 40.772056958920516 -43.0108044884732 -32.86955121867899 -13.908358232043717 32.12109931270135 -2.4507543532226492 -35.46497344761501 
63.716879277253305
13.2206948219781 -37.43515479741709 -23.788039262032157 -2.7917617781699136 -30.260845451808827 -49.10938172698066 4.804946382671169 48.945928536784535 -17.278129047440828 0.5005504275117616 19.930033171103787 
68.70155354799181
-32.9703615825178 -29.66260433632707 -19.425472655650257 30.435420814638306 29.893098902942327 31.67105673338115 -1.042467921438174 14.413673871062798 -43.150427652084076 33.48318511546006 -15.778085545580524 
40.03163146431523
29.691758475293398 -20.460278127029852 34.503206394844796 -26.813276747342783 -30.953851448925107 43.58265015014085 16.721754532971417 -33.87362465235234 -27.187810306576242 -46.533203981165194 -15.129763984407354 
87.40339078914961
-9.068411883073978 -4.9130358431929935 39.619386693952166 14.903204913043865 36.82036940249819 22.585327943242447 24.740619347369005 -4.135403688043567 -13.715362350283591 12.598444912674964 -10.855046718939207 
74.39734653892702
-44.145762286052936 -32.8021772714113 17.263504200999293 -0.7925483594839164 -15.793217720045746 -47.30247893476795 45.04549502014086 -47.92753477640672 -37.282159766968924 -40.35323497548826 34.025609432588936 
31.06662255661803
-25.838673724974115 -16.904895454921167 -28.2867832785201 31.61740320953858 2.197388304042022 -48.38783752641756 2.9818448757444003 -6.817768686069982 -31.476530998328577 -21.43643008878907 -25.811998540519266 
69.66602807201997
39.42735925216226 -30.21079232443462 -10.575732716629282 -12.342589933219642 18.9694760538642 -1.900609988832315 36.6123319959691 -21.856721509569265 12.134781325276009 46.899190215329696 40.06747758739397 
54.568645777102574
-1.9669036038840275 32.77059841041037 35.71671302082122 12.940569309286921 0.5898186092322177 39.986781711320745 45.32862327181462 48.13202176819257 -17.842657527911335 38.70219130329245 46.91375074100115 
64.62367912513353
14.090771562588102 12.956841055890656 -0.11992534040474823 -40.371493830059165 -2.430247908961917 -5.347406088557072 -14.421003942320873 -28.12380069527659 17.811628560900715 -14.696179663910414 -33.447037994411644 
70.29138720878314
15.309261707957262 48.63431823802841 -48.90332119474387 -46.61825707835921 48.84029825269852 -26.013052336520172 -26.33036003916649 42.358995901277495 6.732815125351429 43.03192749796017 -33.75154655193104 
28.847975380387712
-4.7643664697153625 -19.59572589290287 0.8832581047910963 31.495839201350847 -4.170157552081534 32.67044675849884 29.523302335052676 24.875613806098556 36.93137319221324 -0.5812874706521995 33.602510816364315 
78.78526702378763
-30.32728679850054 35.287337345497264 22.92669083110262 36.375539670345844 -27.684840960751313 -47.61076923017028 -8.920255564781343 -34.50321200163482 33.331306643211846 -21.138836626136857 42.86712713093533 
89.23712181231276
-20.68931331963464 -28.83972592225643 -41.75951321138819 -11.16882101610797 20.579820310464868 35.25005678161105 46.69823225006138 -25.049124300656455 -15.208809741092864 -15.037431937988387 -23.66740433830521 
91.84650245149555
-3.2760662412619013 -45.406851285837135 32.49445586233435 2.8886179259664075 41.15233651179997 -12.82156408064288 -27.52692584983808 5.768146219034932 14.87647014250632 39.92804160076942 -5.3614453454404085 
90.94418889627815
33.872663551885196 -16.07527466989285 33.170744257803804 37.88603317359845 12.009652472623813 26.477484554306045 22.798972592917337 40.23791833500398 -31.110299864030054 -48.59350110146061 -48.097135324197794 
13.242110248554773
-43.88789459980982 -44.94164301630471 36.87523157604538 14.58791774799279 13.61988963279137 -46.00539933612874 5.823822266501985 3.311242685433328 -19.221271582525045 -45.933913457635526 -24.510530365638562 
20.451367771938745
-9.549582054353891 -0.01978096890069736 41.68403906785332 49.878648924135575 -31.438469023779593 -30.512345269234597 -19.39776410447156 8.038868887870422 46.531109091958925 36.95958323470285 -23.96278534449524 
67.3169805450687
-30.59039615732648 7.396254436544801 45.83069214163028 -10.694953465001966 48.69449141983215 13.801903998665274 39.81399426973418 31.466201233154806 -34.473686535623685 -21.619198840833263 21.04732496255444 
43.51847537416954
-22.66784579457558 -38.84630523923093 22.340257795062186 38.319366952133166 18.971855670104645 -41.636643012830845 -9.162698805186288 6.114087660494484 18.0555370992775 -32.56739277858259 -5.12191650810999 
90.71742479126335
-36.660697583358 5.257620646081932 -30.60740923312877 11.531177413043658 -25.03074199066353 -47.736130843835134 18.767554000858524 -3.7437935664047757 25.832262257559506 -4.0783701430185175 -20.579020045553843 
35.740118402526036
-45.614869915579135 -35.68751120040963 -31.752490071723727 34.60866292739749 -8.927737829343371 -27.14224741727068 7.648110342735059 9.160936702115265 -7.1950348097467725 -44.53565571292454 23.033396926629436 
27.465538316594575
42.96401537765881 15.113124577740464 -45.50935659777343 45.676840176107845 28.00030187581571 8.309257642069753 10.730307853231523 -30.70244213093184 45.9466447948661 -27.166338772665043 20.478720992773162 
8.445862787920744
37.01719023987012 18.879200852670948 4.159350274806229 -47.857712519520405 -48.0409516449675 29.92474372304818 -2.994213315131269 -41.786285073760325 -10.065858851968642 -38.4052344374021 3.675481879254619 
92.61877053984996
44.44747807434392 -15.728264872898748 -46.016056571797556 4.83098049449039 -6.798615123783151 -11.627004508389646 -40.445074564051296 -5.626934693058558 -44.256508462373134 -40.0265699023025 41.98295343463046 
57.67779443075361
21.389538435223216 38.849724286324516 14.530261907376868 -45.84216248354939 19.140385673616493 -8.958447149847174 -48.56900156383412 -4.300893614432901 -38.82416068176032 -36.330454516373756 -28.448600964839898 
94.74908134016727
41.99624541638387 41.019473435693726 -3.544664757607542 -47.24633354009009 16.396038220527103 -12.203468789400674 16.850459614026263 32.90315098925764 11.191726810506267 47.973223385317695 15.940972953541177 
88.97986331772792
47.99010027743344 -34.20117444188787 -46.61124228050314 -34.44282018688412 -32.72930550990707 9.307944292704917 9.385483656835568 43.881521518031576 47.669827486541976 6.060241917967389 24.7639898043184 
32.476050550491344
8.591859166282546 45.8629077530468 -49.87190245073945 41.836807007376535 -30.863475707024957 -34.128009034183684 34.65574857968964 38.549009235554436 11.819522387337656 9.738237996605712 43.53116376698051 
95.73334687269983
-34.32315193908596 44.35764995329036 -8.112512658624894 -6.060935192074787 -19.918457831544355 25.306418264401287 22.692159902057725 -20.56730633112911 7.964946293790561 25.184524578467787 36.183076184368886 
5.288310887752923
-44.87731587510769 -22.138233345924363 -0.7356826694062377 14.767260537497734 -19.100972458383993 46.01450143214147 24.69605615951518 -23.817744114484075 -45.21856033197905 -10.63903528149276 11.964029686725993 
93.7728581764055
-16.699522456340667 -3.352476337446653 -15.610282830469515 -49.92366558452456 22.118467702284335 45.707764195523055 40.34315556502692 -18.14005726000748 -20.69635406174346 -27.18916520528015 -39.653851873856674 
3.887692887975025
-2.475234030421504 -34.96497108797373 -23.595677563964145 22.626719885983988 -24.735564795471 37.54708236882057 15.082351638183582 25.455375310861356 -49.86229163754186 21.437206693509054 -28.362611693987606 
40.017213303730514
21.015813442504225 -32.845563980470956 -41.04843346306906 -16.927935984962815 29.89306105822496 -36.39364520534502 2.0551733210474765 -41.47257270664754 -40.70162106887434 -16.368174183138905 16.707931486748066 
70.2904469451838
26.541117520579164 -7.175120007832312 18.806561967266987 37.1627348276769 -27.805911615109714 0.5824338837360301 -39.68741246123404 34.20739975827658 46.95506894618575 -10.231936043591773 -23.054847112685017 
87.84960800028134
-1.608704524947612 34.528560757045284 -36.94062551766899 -29.57094041366295 47.05973008626819 4.569552179313277 -40.06847060229671 -25.99517994358318 20.109204830609457 -41.40899825740215 -44.90178487330881 
42.91992580692322
-20.291236902386935 49.60289719174392 42.44730165018237 -40.03475142388859 43.50988435971834 0.4860405746342593 -14.565639005918115 11.939141418781595 44.83849327606633 -40.56771259092034 -40.90095357915747 
56.98139037977539
21.425940361699716 11.793202335800736 20.481554068611928 28.26703746704024 -46.773514596063094 7.385593316400595 -28.409732097047947 36.47771996078333 -7.768003964895421 -39.5531218363182 34.247295218445856 
26.925087409843997
40.182958918168936 -6.797135432753507 -48.0605116490938 -43.716962966917094 33.68809647845251 23.404951033795953 -29.771691046588657 -21.407591739950572 -9.49679011435979 41.21337021921873 24.322616538209274 
20.53388954976422
-22.311548334914512
-11.202641633379038
12.58805549453659
23.263078134143854
5.945171033773356
2.7022794838709316
13.110599308637084
-12.000866570336278
-10.301831253187977
33.65937863432251
41.23252273745396
