constraints 123
variables 12
-40.95339220889659 17.29677362538486 -21.277455924042798 42.97013614127927 12.549236185292386 19.74540879942417 -12.289028961601097 -40.86446827536441 7.890858020405112 -16.519506054396125 6.227040564009613 -3.709746998496641 
68.38132793148968
-26.015820528704424 -25.777521493505684 37.598779813694904 -48.17817182643527 8.746562245595868 -42.364004240245876 26.022450856307245 46.304715827744374 -42.40410873017938 -27.871609054160697 12.134861356009509 42.02930256480086 
75.53350994518479
-18.025459959473334 -4.979056780985644 21.092230532976203 -12.209027137367642 -28.99747483873988 -31.20061137947837 33.480536568202695 -44.87251143919833 4.052190498921796 3.4213593520097234 -30.60987174140013 -3.6883107612049812 
34.63244396278854
-4.863276857231568 -4.4881341571521105 34.28246661148961 -32.71134104211059 19.382353765889576 46.07200382330336 -37.34060805157232 1.6485792763929936 6.835253991102199 48.18324502779471 0.07406976378144492 -30.802899537463123 
91.98662244396087
-34.54275630971003 11.219476830340923 23.537419701615363 -47.16881383048489 -36.15114120583682 -24.434807193136777 -39.7720100675337 20.12947161297103 39.3470681831471 -22.6378264649844 23.241831176918268 -14.811080400896095 
48.3969053006805
23.86149305045518 1.676689861252136 -23.776941568612653 48.831359970529945 -27.40270996733485 -17.448329316839825 5.086194860170913 41.611721016937295 -36.865089126841255 3.3578885512505536 8.544439730351236 1.8193391916940271 
53.86103268842025
-8.512183964758272 21.23205856984866 1.1113238639305223 -39.80666777089233 -13.250012583435286 -28.94447193794084 -46.752734823270615 27.013039250480503 17.88271581298625 -17.95414487537512 -40.686476480428254 45.17450978340739 
94.3126056664865
-45.476888692736765 -10.08375176966966 39.62172819693647 -19.639406342831634 -32.07470157228694 -32.11626977202501 14.942393992045993 -9.31971239223833 17.767040312049645 6.9133208855729364 43.116123393790474 -17.07953611912385 
4.931807233845831
-30.88242703775802 17.763957269147653 26.435557781198753 42.864714728555754 27.568893074727413 29.382241863660298 -5.674982628743173 -13.77882215199621 -41.28854693584769 36.84468565405221 -39.83553792990887 13.13999462658392 
93.9036832541073
-28.11780904829272 -19.501427270207795 12.547754713856953 29.374168797392457 15.300823356265767 -40.502308432801186 37.76465687490206 -20.481683759850387 26.374100686233632 23.13716131190884 -11.829780432910383 -40.26727721837179 
40.146512553269446
26.840420632236402 -28.199464964940233 1.8786283847216936 -28.688989946657394 -17.266079002498543 33.487099339682786 37.985455939692784 27.873953307308284 20.494010315852663 5.510443140058641 35.94989543376526 42.99681882700321 
39.22286362788431
0.730147017937611 34.75560427897604 -20.79530159100077 -33.127333886261624 21.766039237040886 -43.866978537901105 45.57747061257052 -31.55578596245121 4.043709796417083 -35.40156519472576 -4.409767399203687 34.51819750155779 
95.38072385092855
-41.54411886831038 40.94544372737484 37.634378910719576 0.2782022227447172 0.6150561451276246 -24.96007508888041 -34.38399974816306 33.19572701300318 39.97290209498887 48.63571185114027 28.143712843707164 31.825817301888733 
81.62606688042753
29.854508767592648 -14.28461858364438 -21.252527694164257 37.32602987175348 10.79126820618145 18.58518082124209 -32.17339705937465 -23.64189039582746 -6.1567938126567725 37.35734872023487 30.34439615547268 1.4201940584433146 
52.27637147484852
-13.382922217733437 5.073022544706603 -5.903475751464363 11.602612714850977 8.313013308530692 46.381278784791206 10.16639361170052 -8.984380119843749 12.562870955755876 14.94112342413591 -43.74283354105254 -22.564517497903548 
0.13569406391320538
36.719283685381185 46.24554763215005 -21.363035301590262 -6.928642320458145 47.676447465296064 -31.669444491906262 16.487522005856874 7.729879141764648 -36.040226802262055 -8.153790726541189 -23.50317896123172 48.020215558581754 
80.3627995296943
-43.34855639943619 25.680338402425377 5.6401590183075 3.440053098697348 17.329295908415716 -2.8346225271943837 28.866086266638646 19.901996862198203 -40.55302372254535 17.018641508844297 -38.23676024056181 -14.22082735451552 
15.772927961563553
-33.54976223790821 -38.35567725306094 -2.6672500137442583 -13.383484344899962 30.849849036219624 24.186199234651767 -29.198103532537512 -39.64945779386805 -13.963494047390256 -17.178487941490694 14.816748450083466 37.69629546217081 
61.65420961042648
-48.145926622950796 26.66896059884931 -13.504639241068638 1.821472670947898 -48.796082220140256 31.62014138939307 -7.537994313651723 -36.056447592420625 -15.230080432406758 13.041778962379382 25.80437933578338 -41.978010695834314 
94.1049445309635
0.4184750947697182 13.622448227668386 30.846830738699254 -25.569525208014664 -7.890328381015607 43.63496121655356 42.132681192750994 -29.02523221985932 -9.746738096947219 26.05738148630617 -37.039465096661296 -29.799467448470708 
66.30779375945734
-42.65278685165092 -49.18689485498222 -37.30475881745042 -42.5317208913225 -37.947327814901456 -29.957865058925425 -17.670837118122975 -33.44616846223243 37.14520951937985 31.782004637537113 19.74321940148947 0.953723785554395 
36.9858969414908
-26.875337871758088 -32.689087872991074 39.83165340774573 16.4702387968713 -18.203244656037132 27.42540642404215 -36.97363531624587 44.9154977331015 -0.3694406985616183 6.2950971365893125 9.949988278212821 13.899157187978808 
55.79614169085823
-28.6121349129171 -37.726204515108854 -11.473359522885943 -10.937079968956212 -27.753692562749997 10.304291581123906 -6.49898467854667 -32.715400448806285 11.603313471407006 -30.309071654700592 -17.11313477852974 1.8522504515741076 
56.55926506367097
12.469899625065395 15.60505408487927 -14.963972223838098 -1.960674746448845 -35.5631463824226 -2.5352893043134017 48.93687749740502 -49.16884514504688 -0.5453927483561216 -45.066810033307625 -43.804692598730355 36.2105648884624 
80.54017562233139
25.864368191656183 -15.34489468681226 4.49454137453953 -42.561185384352775 -11.94985361249853 10.855654324152987 35.81817694776794 -19.1190339930866 -2.270459183265551 30.527292016266173 4.014021767025042 34.8313162666973 
27.084320822541518
28.18992566362411 0.6794657022048725 19.777457228969723 -27.73037805094183 22.505919523153608 44.34970761331084 42.468913371003296 1.6725509053043268 -30.78599514766274 43.15098054767304 -19.494411355667662 27.861305607460878 
49.27182191185558
-11.60931564761438 -6.212056142380881 16.08185068772282 6.260389397873531 31.248127717250796 -0.9204566167118813 -12.821241787846397 -25.84532740075457 35.061580819267306 8.795846507762583 33.461304833871125 -45.75988096938175 
51.6644529359009
10.62140116074535 42.30549350579808 -41.74412580140475 41.805325196755234 30.67092902246371 -35.82280882250147 33.771143586314906 -3.1063046563608125 -20.351985343048018 -30.718954906587093 27.35194463094625 22.14528177034525 
78.81840467809397
-39.815505166556555 21.25128249777275 9.657758088950963 0.6032592012009559 46.53558507626198 -49.84342609719816 -35.97015596109977 -12.789130159782161 42.387925271438746 -34.04610911016903 42.84370113363421 29.96377010069972 
66.6656197460108
20.519429477608114 39.662610770144596 1.8413249432795666 12.945543663000038 -20.775659806368928 18.152914336841803 36.24627338861369 -43.99614804528663 -38.86014142352718 2.5213136858328156 36.116871718489335 -20.53183817120151 
75.85547372284219
-8.33445865822734 -20.75532127730074 41.4363716742953 -8.626390705986807 -7.731444434622759 8.021206413757234 43.06760147075805 -27.279870518328398 -40.476655629719026 -45.17498884872852 28.920288948012356 -23.28930274190003 
43.25755054958498
7.874039552864801 27.20697874156896 -25.261126489030296 -38.06592327643714 -33.393656227600204 -16.845076191108 2.502530033633086 17.335930648695623 -29.484438767335387 49.306081229174026 3.261053178597315 18.700531487505884 
60.85583109987669
22.859680033624088 39.51643760580029 6.65080502096297 -49.255913769211844 -37.94497300416512 46.93732936658361 -45.52263621175855 -14.074010484366752 -28.88824469513045 -6.104294503265308 -22.841867699317454 -24.165011763102694 
66.38928988567072
40.161758963281585 -3.0411829014757785 -37.437670162446835 25.196766221679283 -40.89672997310642 48.53959030673364 -26.030929854052985 23.079227841154236 -0.8383962506152045 -43.799499140631326 -23.590518323163543 -14.574551073369413 
62.42715662885519
31.230022036989183 2.3984700407395394 14.887226009605257 -29.187042797420204 18.278305959141463 29.043927279851445 7.369554767566797 23.62583041061042 -33.74137783690533 24.178250547296003 36.2456174571992 24.26034221289811 
61.48761651041048
8.861470372523236 -33.02995113657475 -31.708440007385974 38.606942185911436 7.291789816776948 12.408458253801989 40.41836303790373 28.285920112968654 -31.85243112193181 -47.02924442104507 -36.49008610321782 9.786894112344456 
94.99808083928463
-24.969686959374204 -20.56641092330431 11.181963867462464 17.658653300832 26.13056548333195 -31.606461059525394 40.34183602925671 21.229093851123437 46.12516435186235 31.184751556687687 35.774551622520505 25.042555921751003 
59.667330661138365
17.068321287197065 -2.0261275034675563 -30.13468922397462 7.35858466595306 -21.100598345120037 49.1441468561478 28.426170363019935 0.386581577164101 -23.30993156880876 -27.999480554841483 1.7175499540723038 6.626270301548807 
80.96515063566244
46.80035804782928 1.4984912544015003 14.948175227162409 48.06983139409934 39.84381658349642 -1.95677339333362 -21.127914180425734 1.0136055091357647 -3.6115208622528954 31.417117050916687 10.724007030960145 -48.51399980453589 
6.2550600944137225
-5.5748498450545725 -16.90126779744765 41.355154319601596 41.35817459554232 -4.1336245798947004 45.69992674743402 -34.73871334015498 -39.02177105930692 3.8410090554009315 -17.4758251933836 -40.15732342975177 42.79745859822506 
0.5951877762085611
-33.12505756101989 9.682726877253515 25.555285757025928 -47.2483624354272 19.83693318149541 -24.75763655893717 42.63506305507113 -36.237207108613624 41.610892253064975 -6.15717293455743 -15.023579569397306 29.03622180210114 
14.503388870466994
-8.810269988480833 -43.58563143397558 -41.579556073853496 -28.61433418668845 -32.02003049546566 24.8784166035487 -34.39745377046819 34.08020508992489 -6.191053224398367 28.841961013946644 49.45724872798843 -47.59689046083363 
98.89622538932107
19.994212924507636 8.50041779758834 16.485018125846153 3.073653872042634 10.314005013569513 -13.661795589495895 -27.48723898346348 11.030669663039106 44.55682959686726 43.36638154529405 45.17848317093383 32.98732645774771 
87.6234887218516
37.96262958955111 -41.10748231882151 -39.233645636293836 0.360756637844986 -20.9721224303563 4.210833694662043 40.66136284292395 27.051534957885806 -19.028940555156648 15.947357370079047 36.54903331164742 33.18393788808322 
62.09491664136407
-34.91392642215551 -30.63100414661727 13.045850273394834 -22.171229524270053 17.877271881964916 2.3957924341263563 33.273477733352436 21.367468343887936 -17.603091795169135 15.653167001035683 -9.310535546348675 -43.985982744156914 
95.3674945943363
27.371686751344697 40.598193402141106 -34.11338855606748 0.1835613121005366 -24.433539797235305 45.162880518633656 24.639163701604375 -19.145826407593546 -31.38746838579528 0.5711465062528092 -14.542367824831125 45.969589001764234 
0.12127709699426559
-23.59724880359064 -10.167234917761405 1.818616805883721 0.47195294338872174 40.94523869022876 27.47316112156588 14.427825052756177 15.028294818792446 -47.83978539545567 -44.78920553784481 36.56321814066911 -42.629168605838366 
15.585078817463993
48.86448893335384 -32.370419885901626 -15.198572229094076 47.6620237379808 18.76506905828836 -28.077803683187874 -17.072733196864334 -14.181853790867535 -32.99082534100853 3.830198365638914 26.30733052626516 -44.92243102842999 
52.497081379127174
27.360282966945988 2.9451807050673438 35.06845959896363 -41.57691977944143 -28.255848399883345 1.8376313618686737 -29.005060648426817 -23.874723528077002 34.91246860974543 -35.160302567971115 37.475814317946686 29.064961952293388 
82.26273035352858
46.78197900812377 -4.890844588070429 -38.80603103106487 -10.582065143010723 11.077399976340999 26.203774275205333 5.081723672432801 -5.432509569031431 11.980054115591997 -1.674341060097703 26.911976276930787 -41.49869096408069 
29.20962124617603
32.13947007324816 17.82247189382919 -21.407404333757686 25.830661550829376 43.48223489521007 14.04912509295508 -33.2456475508578 46.076857209464194 -11.311600490407535 -18.05049776958212 -19.21085849832087 -43.76398595492403 
16.892450162197616
48.218748568780555 -6.4287837814079865 -41.23751881853668 23.367306389882543 -9.52567294237128 45.144615872664744 -22.540626773624606 -46.08623279718269 28.874272447465415 49.090387111670594 19.873810733895752 31.89828547572621 
25.54687571898986
-33.58938895941972 -28.02588837977925 -33.25658345508292 5.348067844132601 17.696441649864525 19.728719147000035 -44.49276058873921 8.82600192393307 -22.508093649173787 22.382378785642885 7.645206290174343 -23.73936304309773 
33.53474356394269
33.025882370478286 7.129785532782293 40.25940653224916 -2.0499324028866113 -26.518528320317238 25.81034587064883 -26.371688384735748 -22.507781457747633 22.576788594635516 17.227789814455065 -0.8988829242748793 45.57465391143562 
19.556017166299366
1.055424240332755 17.9975361672292 10.097286946979779 17.677651316581716 -5.080404692944718 5.99463146735345 37.97519201700868 -3.025871397525833 -37.439306508580785 -44.06609060286133 -20.20785418563663 -40.30067903470314 
75.12710220619782
-30.050129026064166 36.147015469113214 -12.834359307726793 25.851734751732252 16.194074111808348 -28.969531852261166 32.473369498041706 47.442828746818904 -30.957956803051147 6.96412052548736 -39.93947133772669 -43.77231955016079 
95.90860300985243
-18.346328668672975 20.052408014186156 -12.579939858525755 38.66057429359715 6.552138506381091 13.065688219745411 -8.160927960536938 13.10397915761807 43.998883023346565 -40.577180005423216 35.98921550428277 16.136195536702473 
61.494554679234135
-14.34185416084378 -15.381477945691167 -13.108161686970256 29.191709417704345 -19.251996259872527 -2.2964354350081706 15.574338229947656 49.82531897663101 -45.32713682760531 42.267269270676735 31.65354981408825 49.07695434941388 
2.720267129678189
-46.48258259052839 31.72294815415576 8.760951015347317 40.36324014601307 -20.499219797243285 -23.451709392662544 -4.759609592296243 -24.400533964368655 8.799901914778864 -3.2971420850954303 21.125267588804846 28.312449993508295 
61.75648943326747
46.67273905193363 -20.42526425262713 -10.483435464860456 22.28747670201399 38.428820171517884 -42.58012690128894 37.27372941238562 49.5668446703215 -32.799505354143776 -34.15707490363208 -9.379801430400434 36.678266707963246 
64.54934533313998
-24.50648646894773 -11.982246631260615 -23.19925171187873 -23.17064000435003 6.69184280624242 -27.35562723854752 -43.42860621433387 20.733472778967126 4.763447108202932 -46.73480088735854 20.976529204871667 11.864617253269273 
75.5695967577184
36.47544878202467 44.4543827293771 -2.8674262601993235 -33.0580729930859 -6.217334565082503 48.84958826451951 47.26640628415029 7.999504693300217 35.296503570403814 30.44180991865521 -18.154664985436785 -39.77904998099859 
60.72001820098841
45.47780552716398 5.989347965952632 -8.336121505316008 47.88721058167809 -43.53172874823906 -14.785952264025504 -41.1316312203301 -30.732654671307213 -40.032130228915754 -27.057480862962002 -30.249248100119686 -2.3426187758807444 
50.63884177849952
-16.21968465870013 5.188519205121963 -26.29040700917419 26.105647668491955 -25.102082621278566 47.0166826263352 -40.00774962676151 -47.55987320050954 -42.271695782690365 -4.199534020208176 -1.0429583776057072 -8.926316352444232 
62.67555120762659
13.01872149584463 25.48765727839867 34.515022452764086 20.64368172274264 -10.8130008915984 8.629744922329465 10.459018683321212 -43.06676350728988 21.96872497608959 11.653267589731009 -8.29566452644547 15.416337490264453 
36.467511940330574
14.774025609606056 -7.245611517307651 43.88928608229301 -6.336920852329428 40.661906609711124 -6.9416340079128105 -24.88495909314812 -37.65211600426215 -40.710791507020076 1.5559676994150493 32.30616227979263 -25.05898625335714 
75.72318302475516
17.52159634970735 -27.337858149534856 48.2004848448269 22.14265555702832 48.660778013698874 8.063256056693781 26.124582487070427 33.65948886741043 18.99358160250955 8.136444485139634 -5.772572414901433 -13.54873202251423 
86.26686040225003
47.64689318883295 21.893475647612277 16.262534847933424 -8.530802641199088 7.53238577927452 -37.33979171545126 15.507566707217649 31.479377862126256 -23.11429785273049 -18.952238756773077 28.008510531119995 -20.038628833060823 
81.8036314129148
28.948836838857375 21.8284874885599 -18.674271202381433 -13.74052105245297 -35.38830680113916 -27.289976718225837 7.90937933913024 20.01921552339755 -7.106388743255707 33.30498330691549 1.4828455292093778 -10.890351229110308 
56.73171935405106
46.68292408113189 16.775895777428687 15.460377933352419 26.67262070497081 -13.469393350818926 -3.0802545321752106 34.07947520735608 -32.17822220358202 -28.993842998709184 38.535860531423566 48.48617092118852 11.718143483265834 
52.387157876371816
-2.341474940350075 8.112114699321296 24.409068742217144 30.452744165252597 46.760339007633064 -25.00399815595503 41.39504388710691 23.96553705628915 17.856839457809173 -8.665308377774508 35.13335544419674 -38.329957765429114 
6.998462656890414
-5.682767897888908 -8.565714300138936 21.899935484489347 -28.584896525278335 -49.8435657885107 47.35298358010415 -41.81260806203376 -27.839399546939035 -4.6540541448287485 -14.925283808894193 -2.8065248178666096 2.3114098327763557 
29.909098181540372
33.81069420877202 -15.170714492969815 -6.394130874291882 4.769003764873915 4.866207815254661 36.61343632426619 12.867406972659353 33.35771452056106 -26.187616760718047 19.112169807089444 43.63712177429329 36.19553913200532 
78.0873107422498
0.7341756716994681 -1.8518191342482595 -3.5901586317560827 18.37193539925886 -37.79696985407993 -29.893483878995053 -35.97400245383541 -12.269460077709226 49.70588266556865 19.699309329182952 -2.6485802099001106 3.7752342387877746 
37.017849451582684
28.8348295969502 -29.113157600608595 -13.991609043224727 36.82730531500256 -23.175812320804212 -39.062626132471124 3.0164798812965756 16.03810791863623 -35.4524065384602 42.45906686922039 12.333270317239972 25.000521756460543 
8.604775594957104
43.66506460295231 29.559979387831376 46.42339918754992 36.03121240474158 8.528633977655666 42.724381285355165 6.1459589055752915 -15.131132246239709 11.55873135369476 32.88046172485571 -35.00167109837127 -43.78782166012148 
4.086950313810112
22.594775742676887 28.65569906232733 -30.6929730661173 46.793051900598044 -49.764894701199914 20.69181715481399 42.86250683868522 49.309528554316216 -40.128357759524945 -37.03671889420418 -37.057702207736384 -5.516075682325649 
54.12037698615089
47.00688350288125 0.6345056613569753 -27.759057865921367 -19.597034772523013 -39.69195764528213 -38.84416818237311 -14.025375154418093 -40.13319270762993 -47.90088422739063 -19.871968599546307 23.01420410467516 22.60369664636042 
34.77220996527548
-17.528457588727697 -0.054551339480383376 -17.175173354533435 19.04187228417888 -15.306667484478417 -46.5673048603394 -26.70544682984802 23.66877825658743 -47.69708163901475 47.6749467631312 -40.40519540615352 -16.143595434729882 
70.67262062119212
-39.25723398144285 -28.313439827202668 6.3583711495702175 49.86512732627601 -6.219069300933491 -27.245616613349778 -16.115028221196873 11.783467560562869 19.425140293843995 33.46447135127836 -13.426829931928673 1.455514503598451 
98.7693024564357
43.536269312887185 -5.914883193545485 23.347203654232402 49.83323427709135 -28.07780075035341 -31.673944921067566 28.305649696442785 -5.281104592092454 -18.090420016901 -6.176794242726544 -32.934611420237985 47.50653420465437 
68.10337144624535
-19.51692536238522 -17.79198321691824 30.430423130764467 8.517880382481216 31.745350924642196 -17.952497295212055 21.987146974014266 -33.0998769324264 30.07736265878009 27.120501042038796 47.36765566249814 37.927034936458924 
31.303862919328907
12.79301004976935 18.96763525391792 1.0632917990701998 -10.557355644508895 49.95177652369621 -27.28104197678036 37.63600469235597 4.517337845774641 29.830849061454586 24.59830327829303 -29.92290449110889 -2.755552668748763 
58.73072285108002
40.90732769880303 2.303695251469172 -33.457479966043564 -36.28043578713035 -24.21800281156751 25.85143406804231 -21.512869688717174 -48.6369853835675 -20.122972081924416 7.645007651987498 -31.36395455109019 48.11112492515667 
75.28461678080535
42.18496775357265 13.574888465572954 -36.822022261119436 23.484975024657004 33.449195601893194 -7.915789984456936 -7.418390190662258 35.48939581946577 -30.04795547221004 11.504818652822188 26.468865635565578 -13.67504482992269 
20.173673066646113
-29.321113392721564 30.93184817187324 -0.37688724731177103 4.96664720665607 -32.729798697349246 0.22966074741366072 -37.687125922682654 48.56636443491742 34.31769097772643 15.661167724825958 14.282371694245171 -29.52354409287605 
58.55210685211362
-46.708461374306985 33.36107263309212 -43.2302281854455 -8.693432677413234 -45.68264241916472 -47.91197762330199 41.240175179888865 -38.22254262315317 9.062120237104708 -0.5300916672693603 34.359831565475474 41.94286320360135 
58.425978337377416
8.295910346123378 -38.858772077160694 -7.3783240801873475 -14.929388304407517 -33.43531325502134 -42.22727059373145 40.957066756927034 0.7021395063871196 20.192031321052454 31.290951325576444 1.0340310611659618 35.52201146785643 
3.406081180759013
-43.427226231656675 -48.60869949533018 1.2478827992389228 -16.899764463496666 -29.425575492563905 -24.13618257215202 30.063440302330577 3.9021597509445556 25.014445325402733 -42.50728585543286 -11.561730083519997 11.830626776399953 
25.59205192351103
39.165487882068646 26.965779144015613 16.150158742236854 18.35179017236625 29.199899693824904 5.199334958996303 21.396729644625935 31.95001208454002 35.26086542129664 23.92370381253933 24.536105849986058 48.348212741694326 
5.800424423437988
-43.61901106586692 25.829603305619187 -46.14728272815481 44.63657213560194 -5.322746722937524 -3.7795640776646025 17.43988137978593 -8.662330220948263 17.928037218509587 -21.083010599140838 -46.04960993210629 27.754762276776816 
94.65806575394396
28.33772287109366 -43.99422191551653 -20.65496925349981 -46.447600313776704 5.6956507654686845 -29.605087930579653 28.855340743505664 43.86337997270603 -42.761367594242316 -47.80241330009443 49.48564374151093 -40.39030489075856 
48.524987906224105
3.0570245266545157 -5.17225713886139 20.160967873709893 16.102251283584906 -11.217479639958746 3.6757637918795254 -16.11671822615071 -23.42989597870101 35.858053411923976 -10.769584217854032 21.228075966514865 2.2468984771963036 
76.45220722646191
34.26989874190069 -11.021098236149953 32.52238391635133 47.169242386469136 6.536151146556492 -21.672456152494334 40.46754638546116 -1.9492386113828104 41.885841363926616 -43.96695753893073 15.385795595240452 35.23184903240451 
66.68135046886974
30.124198712444553 -46.27202686463654 3.175187029335106 45.44772126294289 49.438148557755824 23.156937411674292 10.55111836604192 -5.0026189136158195 -10.255343635427884 -22.464211743295447 17.601192805102457 2.0251898918842954 
38.287791425909546
4.227050735944061 32.21724802131864 17.6021406432763 -36.71634189870632 -20.67156435899363 -43.012397458292796 -20.953113359387398 -4.755044784840315 -8.665942469108124 -9.89349990226166 27.329939516598245 -47.039932725447386 
19.198306380715046
-40.687569000819934 46.466285160175985 18.536526407656964 16.892785421797896 -40.08446393639288 0.27784821579398766 3.1256407518244202 13.285101907914353 -24.50621825064744 -18.54193285978598 47.77713651584813 -16.468519367474286 
32.98216025635272
-31.953374132576297 -27.6702763402511 -13.83646541989306 -17.35130373032827 3.223130896766172 -30.674529271371686 -11.337250234071192 47.845544645419 -24.24565373068389 39.642958050418244 23.554545620349955 -40.55695501357846 
30.48036783224508
31.87617654552068 26.91705985812115 -24.500922068785503 -19.099139277361676 -21.556827501210275 -38.311904478193256 -12.014374121164117 -20.776658308019435 17.990499360481664 19.266889255841022 35.28898838658708 23.16120444034796 
5.866529115137964
-25.35426560885088 -28.280425956759714 43.319974621831165 42.2687440172527 42.669699724704174 43.411820184368594 20.18610734720116 41.127104666770066 46.01099467488491 -16.2357991099504 25.533375696327525 21.867727295817673 
9.057820102401381
20.963926773564594 -30.512318947947914 30.907983037976578 36.1557980968262 -14.839591158931867 11.541944979108528 -9.933680393171052 -32.49661119216327 13.496084144532851 -38.51154601651131 25.027018586106436 31.49095873885001 
27.47279349439674
4.536865688314627 48.58219987536788 28.386455206016166 -0.9736459818868042 33.81185403668846 10.580381150351236 -12.991075825723122 -20.798442482290056 -37.0248876867069 -20.657035640787736 33.394389374857184 36.46433630689722 
71.89228315539067
37.76700725339842 -1.5531149852071024 40.45736239331055 9.066102901498652 -38.58528885219788 20.180723370528852 31.39990288563928 -14.017126488885857 -4.402922061706491 -34.60163576713975 35.35224898124733 -49.4298818534622 
13.791198618767131
-44.48847787151314 21.209590016958387 19.63909876078138 20.687675347818924 31.701421835948338 -3.4402521915030704 -16.51338226858533 9.746752497329311 35.727442114541745 6.433694530675012 -30.243670700180083 -2.651308449927967 
64.43158848970457
-18.50270410560759 -31.789431637712063 33.45600265910875 -21.65040849065575 -19.622695997945993 23.239461033476317 32.16217971551086 -42.1723281379645 -15.415894392784537 -3.2650882883775907 -25.416412186198812 3.6572971415035695 
83.88828442061438
40.382763952884275 11.258208483163138 -26.521460400537023 35.02758671591555 -6.522684236690857 -18.45303342027408 30.0659388913802 37.265413126467735 40.038046511009554 -26.50960453483594 -46.900978037332486 44.59146489669888 
67.30929382021235
19.155441049215995 32.13295305547916 26.2497632072905 -33.350711209464464 -42.28578872530129 -34.77696122235835 -5.2012909656788295 -42.63413180567055 1.328535080139595 35.02011696471105 44.05246380295681 -5.768160286245518 
57.37120245936641
-27.857901055227718 -21.977594637579124 40.213853154267866 -5.403173291997618 44.24028712696247 16.371961137388638 47.374339482166675 40.58223292068166 28.417285357913073 31.91768556732032 -9.04307702564612 -36.91160147939725 
84.51667114974697
-38.6460945302918 44.341448339749206 18.95290337759974 47.292844418501616 31.64786105573458 15.855556796412728 -49.29601174664502 46.58275877471992 -38.553210470692875 -7.644448956764272 -26.70576868155371 46.3395146034663 
79.35785188436411
-0.9599805569873823 21.184001212077774 -34.24891756814618 49.10647331267225 -9.864466220412162 -30.538236334874046 8.655719977500013 -44.651936703131135 30.894464677805246 1.7704779572340854 -18.921120254064604 -16.697305270449483 
67.77076044569003
22.516196398350758 20.954751932574794 20.401836364161085 10.69032377704616 1.1671721508973576 48.95880679649703 18.78072556320876 19.008386008642248 -7.591325887178655 -25.13395656140921 -16.28042424537542 -8.952927386550172 
47.50084168618459
9.96283789377901 -4.968741923732431 6.032125666043456 19.393866847901634 42.77871198715589 -24.087307693931727 -43.20146658905979 16.986886393747852 32.767449262829004 -3.0783130577282307 41.8106033685368 -17.62605573640228 
14.55543155396385
-8.489504536481206 -44.15720680441905 49.002454071515984 -16.01177238625813 -36.058109539072134 -19.906609771628702 -11.623402593496102 6.444811996941482 -9.566866233417656 24.55391670792966 -31.72985261277984 47.75205239915201 
0.017625818281141736
-31.867092214743142 26.370212489307306 -21.47961429629015 -27.11625547248706 -24.666464942957788 -40.14454883527914 43.8349070553046 -39.15530922146328 42.21024630356456 43.61932830206257 21.974316575595097 17.11290119796257 
88.88046031422351
-32.319001552433235 18.193534337985582 20.69695092257784 -28.956911281631736 27.783494344815082 2.5939974719009555 -5.491491610320821 -21.24356361598503 12.260814967370635 4.718987324345832 45.66138258471156 27.153837343037324 
52.962684396584
-28.250398717211333 1.4642606142763839 20.826160704295603 48.35765221479424 -17.959766177570813 25.253232837869405 -8.723942785103645 -27.107662838257994 -18.779228128955904 -27.520211369691218 -34.8503017111417 -41.733444553750175 
24.205942500419965
39.364426562225376 19.877393541364455 -30.508789253700474 -36.809459832354904 -36.054379361352275 -27.094579570836174 1.4277537273102183 -30.927431010657802 -37.501635584231494 30.87704508559348 -10.034881120159852 11.73458982159029 
73.06608444956527
45.92156647183401 -33.92795557703258 -46.773154315689546 32.244214174643886 -12.36402892941463 30.669721479511608 27.13403144964994 -18.62672586276879 41.3945930260837 -6.398240019210398 -12.729149132465004 -16.056174894303766 
36.29790673528538
-49.06454092149677 9.33977635888754 37.28519761927612 -10.627587257057094 -28.589544110496302 -29.702274139547637 -21.495589692660243 -23.4406624455167 25.057777638381623 11.916636750116226 17.161259224505386 5.580632631230486 
64.84445161747925
-32.613798327919085 -24.68991727723777 -29.05343388439402 -34.34424214536822 -7.204687434461853 29.30816164892113 17.16996483264633 -15.990665643623927 -1.057944740021263 27.185415838619562 22.677964294762816 26.602285789020684 
73.16034206984095
-49.61062534238599 43.962875862518175 6.124565570070253 15.714599501432687 -0.6358829915971285 -22.810421747259866 18.728864782027046 40.80216664224463 8.69130336145593 2.777647983627695 -0.8706990808210264 8.31636051886857 
89.4159583366021
27.402161756970656 -3.4917669538970983 -40.73854831117573 -46.300734571805435 27.40795075714884 17.242558345892462 25.07405167251794 -49.914923840351754 27.807818016161264 -1.0821332235571717 -30.906261098262245 26.436413782170888 
71.83605396981359
-35.81913648411516 -2.961038643513646 41.992793745512785 47.45432180831473 -47.31246607491523 -7.417388737238909 -29.98130149395837 -10.742187981165493 44.73648132498002 -6.015101071012566 -31.841958259898195 -33.09470759692622 
21.133998591585556
-37.262389949735635
35.49956251045006
-21.06701623068138
-22.768589624424106
-41.40501631536547
-19.360187453945176
6.0103255030003595
43.07902730491219
7.466467555399035
42.79330979078135
-24.214442458994423
-17.356693950418133
