constraints 123
variables 12
-24.816883006508316 -30.90377814859071 -2.3600258474281475 33.66099583314627 5.069416657596356 -34.18798530478078 34.391715947388306 -45.724670787867794 4.847868420616109 16.53035129700615 5.397051146465678 45.658920953381795 
22.23186516460277
-7.036708421724079 37.40838528703256 -6.604509670766831 -33.32818038465605 -30.78843758966785 13.401493272925123 13.458658233121213 24.03273449400845 31.28431900931072 -13.517232759683019 8.801126479236189 10.469833402347128 
99.3345247485983
30.939141779253163 11.12802450726106 -7.822423326304232 -47.408964895547676 -19.993528712071406 27.376567226372003 47.39458259906819 16.206767556690025 19.951703218312474 -37.52514752416013 -37.62110128495632 29.10554414931778 
95.70873168774058
-17.371504973898702 34.02513894057286 -37.601396390961725 34.577313480317244 16.68451538829912 48.37702506803794 -0.9450918452712145 -38.61101433760098 -32.95229308998006 16.49589313362381 17.24779457328499 -38.936558949706225 
66.17548046145814
26.977801647580804 42.163709305332176 42.62335569036124 -30.147022837007388 17.868836702819408 -5.952940055537539 -27.49479206909793 -25.749000121422437 -20.189714471066 -36.13144889878224 -25.601885473657447 -19.80488338489147 
26.952411007756684
42.24258263488288 37.862296449806394 5.125064980691221 12.507502197880392 12.082605270394787 -11.376710564304815 -39.10064565409576 -28.23000194751223 -9.028365124858993 49.70752411657732 -26.099238445154636 47.01345692184729 
25.338328293794387
14.479505875359521 22.824191812685214 -14.118803373590097 -4.732576877811731 -39.83975642755738 -40.920857855329515 7.71946648135782 36.136480697691624 -46.44877363914649 -45.08517385687302 0.7590112969806952 21.25930468714526 
89.45768630571402
45.176733171356915 47.13297622136936 -21.670438220656663 -43.30052493381426 -9.970729002695919 22.426067246018235 31.69649042503032 -3.38263380198579 -11.970188583088934 -18.218036320405517 -27.632181002232315 4.6271912301708795 
61.61533357914612
-24.447013334383616 -41.876645838425254 26.643660829072985 20.363586284214733 34.058067674331156 -12.764106713544521 19.09034587445838 31.316508402185917 23.22206280223469 -28.965516684130478 -26.268261985777087 -9.795621572660792 
50.70156571558132
2.908285596970991 -43.2920745813237 -7.415005181626874 -4.440694474825733 -15.66241829174021 24.921880682312477 49.71295873378445 -6.368685964931068 22.15175882935509 -37.67608255694104 -19.620122691865703 35.43806379839873 
5.452380618915475
-26.34258443387224 37.017141977385435 23.82279321550385 5.502753914985334 -16.125574719239843 42.02866734481418 -5.542722674772293 -32.62637189169908 17.699299558098986 18.62178943780158 23.9373565783674 -21.75198458086529 
25.71303700446602
49.33028979010491 37.39751282597207 4.026346192584782 -19.149452403300828 -15.025693390308028 30.405857838178846 -16.763507237103468 42.3475762345671 -43.02236112715022 38.357931840411936 -44.75856889938057 -27.05642096688896 
66.76379998324757
-29.33029175613938 -21.649331526708416 -0.4586672336442703 37.377857488343906 -23.222738676374068 12.679740756989396 27.543632815956684 -35.467999374133115 26.282561321845392 2.4654548120892485 -45.268055598066326 -3.051565676861678 
16.541940004104696
43.032803577344865 -18.178611206630958 9.174076078336633 -32.42429401107685 -41.27726952905388 33.721025749121964 3.9672598764824656 -23.61544873926553 49.82825472255875 -11.952126800432048 -4.092546058476721 -19.409701650811805 
38.949708602283884
5.587660983819518 -16.945238039556266 24.775647687300236 -39.83186237678646 -28.835161475658044 -40.713199726379514 31.97958074336738 38.049205638335934 -17.22108629242679 -43.633750916147704 -42.48787645036424 -2.2718104130563432 
21.88367422591504
-18.15673947226042 42.58418483727684 32.18997609075228 -1.6695462395295948 36.572575596587015 41.20524104912833 28.346236634152305 39.766036250425 -46.07391247656387 -34.616345348298104 19.625205879991967 -12.829555564638099 
51.707274135686234
30.87143605032486 -10.472163508803803 -34.26073402540382 27.324797709572536 -11.472675681592172 47.967315230789694 23.45979665904899 6.958259564044411 -5.170960266272196 40.19726582929292 -31.500235071850735 -19.750041394573802 
59.1476588974285
-23.252817690622773 -9.078064178383471 13.482232806842951 5.1040246951918675 -7.977996655768727 -25.742563109275906 36.25075389284925 48.65919080516605 49.085912561714025 -11.884815905744404 39.31994018548251 26.54791120795224 
58.63883084217147
-45.72570706065719 4.647434261796121 5.246183285248598 -28.69271197479226 -4.399093848068283 -37.50965263623469 -37.12903175427259 -15.890347482390766 9.650410762401371 35.05678632592175 -35.75786366465607 -25.680992582924 
6.960526356648766
31.341934915101092 42.79380698496577 36.93518960651974 17.810298367675387 3.588755277714661 12.104249385540335 -44.409143512763904 -49.3854577791355 -37.76083506026963 -45.47948892956553 -19.045339713489895 -19.85716065577514 
23.29230666121026
24.686017981312105 25.5579335949775 -45.60332128534715 29.662304134054907 -38.26356809040013 -40.54043152061634 35.24792866527079 -3.5712752284325475 25.511000535584017 7.277024548762178 29.836280669020823 -21.201315221434502 
9.33376720296586
-46.15028037641661 27.24291286199302 -48.84961983956839 34.75097189098982 -36.83569543247036 -21.89790992585091 15.703549558380075 -47.931966160515714 3.159623579762652 43.58198304339946 30.163182382818448 -45.38847267601276 
97.64245171709706
44.56052266129976 -44.891392868576276 -35.65140714771932 -4.2166471819393365 -38.158387014467635 23.95076760077744 -38.17171704859131 9.525304231489905 -26.09842656917529 30.956415300999268 14.366317447242153 19.72602722620175 
19.92521237184537
-33.861402308508005 2.9768114219743893 -7.03180251820087 42.785470730424734 -0.26128799774249956 10.761552113955595 -17.289953413882074 49.140073251914146 33.57607337419718 13.299401483876302 10.812106296878198 21.963209291150733 
41.716838526463874
-44.96451860130853 38.46415637653709 34.59975968374653 18.714786594566277 4.751803407759738 -10.850306619252827 44.82409151105192 -9.897641943764356 -42.091975688575175 -19.476470210944598 -7.594925493790548 16.861037777746773 
43.97307046289441
6.941427528977883 -15.676626133650082 43.276007230123255 2.825391573039873 -10.131065521199424 -21.943298202167515 -4.119244145316003 -34.11838851279568 -20.49013878694318 -34.7568008509506 40.1231069065102 14.820428380232912 
97.73315874156607
-34.4473328358559 40.9349295365777 -6.399404703671486 -40.25979633214861 -36.260123606864354 3.5635497286374687 17.92886275792425 49.90277830451002 -38.37625802305165 -8.176318963412811 -39.58417579244361 -44.1846605991209 
21.130675032166447
-17.645516044796018 -10.635418568364408 -16.15656828322367 44.55991061089854 15.517100399385242 -45.53078779159685 -10.686624640617012 23.873243579182585 46.243847666194554 43.657076386443975 -45.02331819815877 -7.918985865211525 
31.450991754243805
31.89096194886912 42.49585996839048 26.690790314480083 14.5528363005415 4.95416541851673 -26.5633651167666 -12.295263558424608 32.16561761475528 -30.926387405006384 -31.385177904190055 20.796119135832853 -26.7345267185094 
0.6931231403162652
37.63441536199832 20.065003806246153 -33.1344052239534 49.79103856664392 -35.93328719196046 -25.832312886026443 -39.29664597970907 34.84334437193063 -24.04139001191563 14.633955659901915 -19.520937049681418 -42.13443550837268 
76.22140765789722
-4.169217876672363 26.863757640994947 23.923666693863694 32.93985763511773 -37.69938357124042 25.79422381221343 -28.91373179657163 45.75437546514635 1.0969476027309355 -3.5008204193471855 3.9974763289153827 11.207641551272872 
84.25936140639404
-8.748569545570618 -22.918321907147476 7.310149724742367 -20.28520024521606 -8.983527297834634 41.848727853775785 5.5674561704154755 -2.3386510237710354 11.968895867821338 -43.150117748360216 -2.6747697902417684 43.88532028014741 
39.27366870053057
8.54198030128002 -9.4735282336081 -28.518016904664055 -43.419830100974245 6.649290736058575 42.83851886661766 -41.905198007071 32.35264881329678 -1.430389298671784 47.595789313429535 -12.942401526882975 -42.53847740975169 
43.95307211383368
30.11744215651015 -22.281461390895796 2.3857616929896963 2.7892994257786157 43.69744981371554 42.74444353180161 -23.0726665646374 -31.829530885426603 -23.072135314325447 48.34838315499917 30.514514984016614 18.354932739098928 
47.004291200176354
-32.84690229702165 26.971620731668153 -28.16193553406009 -42.72406787767798 42.797308756088015 14.058488380705413 3.8440221354905972 -8.459203041042166 30.41146892760824 -14.866142499886323 22.98415032672196 2.449959418756251 
87.73411785981594
47.972556711020246 12.784797040141797 26.87306161712506 -32.09053604468545 -25.932846235904663 -35.6306821524048 27.19049265070697 -43.09862818711826 0.6705879589472445 -36.21391389845701 14.215986692700994 5.978489976382541 
47.38697922678469
0.3063941936975354 -45.18332684157866 32.86972335453599 -10.70629448485014 30.47307883246998 -44.71416402214638 3.958877947090336 49.37850986238573 -33.23715867536957 40.13702112565869 -35.71826785803259 34.50126541278429 
9.432153607083693
-34.77371911131401 -47.891607152673274 41.14075979528914 5.448769943045647 13.972771006423514 -29.46167871758284 -0.1373405552416287 49.36783769471961 25.936056556800025 -10.195097395334521 10.745591668277754 37.5936449094674 
48.12187966087216
-29.119017444757755 45.928068842291964 49.675072671829156 -18.873648799549947 33.49638955030365 9.98974824729978 -41.885132427994144 -35.40816560517802 39.822847320374464 -45.94368706132484 -38.37013644136728 9.43606956702451 
78.8513917872526
-14.68196353807486 -4.118693906794327 37.92938399947246 15.881777735053518 0.07788248035368639 -49.598511252762634 36.933060947174994 -33.43699456293301 -4.504240309656659 10.774928675304928 -35.52468671975534 -34.43143229186715 
32.87132659615343
1.0893378919075616 -24.67052584098486 26.259571653345432 33.60856301563115 23.253666645502747 -2.6275912417357574 29.583410449010884 37.93106297020594 -23.012432505770818 -2.7606513708402503 37.975200974971784 45.96778204674196 
47.11860493304021
-28.845303454682536 3.173731726240902 -8.995192203464583 -36.71937578248013 -15.193442969630944 -24.36679846213994 -34.500561575738445 21.188658937189558 -35.2538708669303 27.606531536769324 31.87867792453308 4.372848760025548 
63.03124809064571
21.99561214694606 2.1950106023429754 -39.414157976521146 -23.30319566745016 -5.2916510529253316 13.388135696247836 -31.94481277554331 -45.877116573134636 -30.468111899262972 -41.79792391179248 -26.665750880365824 -38.51512552176101 
41.4259831214023
5.732893704770028 -5.2877719711897555 14.2080281936598 46.659926614059145 -39.86699635048525 12.975889705831115 0.7122254074763177 36.361086043425246 -38.826111865181716 14.772623333527548 38.72099163580725 -16.187483760840458 
76.16975218291111
-37.09349911385603 8.022116857133021 -14.768240798531792 -30.809530047696875 42.60605268023127 47.80545870839755 -41.217636396810384 10.54296742004712 -26.865562672060573 -8.433154838183953 7.214286879960319 7.175914408338059 
30.069836245865567
-11.944768050173295 -14.201201001438314 -7.036549699291662 -4.834208147096987 22.85358338770753 -40.88190265093948 16.749389928833764 -12.091651298039984 11.922204655320577 37.78930296833511 5.584159132085418 35.71886507312881 
35.7965350371655
9.347130043662858 -39.237485577705826 8.20832245638988 21.11971359330697 16.278966598994543 15.070836500163992 -25.02889269141958 4.803490148024558 -11.399315622493887 41.0786035691047 46.113186051947 35.34934388356177 
58.3810239374864
2.3594223072015623 20.04164000348257 -24.275055490361897 -30.73309928355291 -17.797236288152007 43.99958237844832 -27.320612821429346 -4.668435970530446 7.678347626562655 -10.587488084552064 48.49389689663295 0.4619975853956362 
60.840915283485664
6.319138711948405 -47.09699881988401 2.021570681401265 33.41384616196312 48.991808470769726 35.2844232025987 -49.33161491440956 -13.534062609097639 -41.691330254372275 -39.7957499741531 1.9793877576596373 22.396413020123802 
95.52170771986525
43.017201234269706 34.92476891095883 -37.03102744800702 46.77189680179434 26.460123496731967 17.256755880149115 -45.81346359198629 8.034649715075204 -45.95993208791347 28.521401448084518 -13.525908110455774 16.13584576311891 
71.506670621727
-22.32846154184167 26.937802906418213 13.06072839102309 3.811747619965857 -5.846436198853844 -40.60559924171554 17.984995736669802 -38.30263276275879 28.860264289465135 17.415539928973885 34.28941540026874 29.4168967801009 
24.486443421989236
25.807733699346954 37.27637749671355 -26.91815362778839 3.5936039153999033 36.74909229311487 22.388770433002236 -12.259445033152574 27.0845008724489 -41.76995224421505 43.43866466258251 -29.466885258340746 -4.192090793963551 
74.49586447457594
-14.31476966282338 -32.86984863919238 3.658462831938216 -49.13535260283582 -0.44154855783114755 39.151383474478976 1.8059594352534987 48.59525899950995 -32.59286619699992 41.37318442431517 0.5830833061932026 49.40536871332287 
37.856800875540245
29.272620712117345 18.079990422713905 3.7906373304580896 40.195085104056645 39.81870944333079 32.63875874118288 -27.52816846159102 34.65920898046207 1.40999369196728 10.210202901626765 26.097406133082913 -36.417710927939694 
82.47072424980311
6.930165075108178 4.754916222548857 43.062085870657 -17.543731535943053 -7.708203858040861 -34.10460821225294 -24.85201908592084 -46.11835784125733 -1.0649908619799788 -33.049446404310544 -33.501083615077555 19.475337090035836 
31.34371628244016
-12.776405143023162 11.04708230417637 14.673896985522376 -42.36396364505136 -7.440024844786187 -18.590806897702315 42.41097400064798 16.152210849565634 -14.144529763441582 -23.38081126814687 -25.48211517612886 -8.310580800429094 
16.63454703960032
42.213252243904805 -27.959039186685075 -44.997672492060026 43.73283289694429 12.78005157673688 -24.605704354287017 13.582636316811133 6.543305762461401 26.79615674566128 34.50469246188939 -8.249531363268858 -37.66343898025025 
78.89862636428752
-41.030971772552675 43.73499432855046 -10.158675515361374 5.703723474875822 -31.267607235668926 -45.308859478366536 42.572155457823996 -2.1371277213518027 16.90874667922914 1.4938851045046917 -40.68296996613627 -6.7461544195523615 
88.10406643646903
-22.328981557131268 3.7483504204753544 34.03736917200733 47.965253455393224 34.9799372179685 -39.703387884350064 -36.23379230526115 -17.333670166295157 -42.09655366794696 -40.773156001910195 -0.18407104904015625 20.656788531587395 
16.734152133311564
-9.71637668176082 41.11355615271131 -26.764811430765345 39.93651090491106 -8.678690099889948 11.472289185917631 -34.6256322130601 -42.87981988036593 -33.988083429324135 -5.202390719589822 -46.28702045849201 -9.772212664018554 
43.023785097646
40.0120203755158 44.74129635385796 12.43483910345443 37.99004175363298 0.7527542721666194 -17.05250290927229 -48.22107456044035 -30.86340153002559 27.72880549258059 -23.946012889881985 -10.319975250685786 7.615210124099825 
0.08066115714338018
12.461515601702708 -6.716860104591085 14.387920990095353 -33.831838596213856 4.63219846916094 -25.050905135394952 26.93497731082165 13.918917906286232 -38.619214357671915 -7.761192988901492 11.109097333196857 6.201776435785575 
1.906823878427133
37.380920375928355 -13.865253163921984 -2.3531656833593786 -25.111357805743385 16.48221293304843 14.051859559763088 -4.084449183721063 -12.926649093065357 -14.365349044436073 18.82923225470283 42.63151946915423 -22.46464801607384 
43.59263866180429
14.923568601074024 -32.98549691306781 -3.8608799032386116 -21.161626610745053 -19.76400001749907 -41.282623328365254 -42.26968611640889 -17.37711733702374 4.218589414238657 15.447628471552292 47.19251561573773 -31.03521994571514 
28.309216748860656
-4.337875591726117 44.745259507089756 -12.391667331382486 -27.07606266112893 46.955864100793534 -24.277809681137786 -23.4130511419261 -37.088274019108326 -13.277520988232048 -35.44344469599109 -22.692250699704775 21.677318658886477 
33.24627315383234
38.81447737231409 26.967388514115328 3.10358077917774 22.5926217355495 -14.145263859357762 0.6288470315975658 -30.044309764460188 49.495573761021376 12.05709179263399 -1.5665547099271393 7.625152577067098 38.898567315708846 
42.54941861006143
12.191819475110336 -17.127545490338605 -11.113867076401107 27.977267349423514 -40.00777415008254 -31.347041210190163 25.451575326571145 44.09768159138716 47.483933999683785 -41.83857557503303 -25.122430079084456 -20.157571541155296 
50.13814648102788
33.90629352773564 -9.536286776130495 9.984064535753213 12.058304665062522 40.92569021661589 16.91706040399032 39.6515402810964 -26.193779140175856 37.182850128323224 37.92870418384112 -10.31968653263987 -25.770002463036988 
8.72949057939827
-19.70848380676169 -35.85473280347166 19.424239115167353 42.401384563625854 41.37118278828983 -45.587036662707156 -24.27744125677981 -5.388770154520429 -34.175307508895216 -12.336956614506725 23.016945127688672 -18.77038183634072 
72.16748048807138
-27.933066342843727 -0.2818963121311455 40.59577572358003 20.122441485873722 25.67519537235279 31.315329806552256 -10.624552661332253 -34.35891300815543 1.553220834797017 -39.23587441593598 -0.7158706893726432 -27.930860529530676 
87.8182373950719
40.82419869082105 -28.38038223731886 33.135861083770806 -32.03117683902802 5.990080511378004 26.09862353444396 16.278495276648002 24.26147871576066 14.801090638736639 -49.33202086994694 -46.72981455422113 -45.12295927118157 
92.08693323541034
29.76176781553916 -10.798191873407688 -45.766972774247286 5.0997201081856005 -20.098555580220168 0.5751352627873629 -24.963748782742144 27.502769424022063 -26.413147361741917 8.596834273530497 -49.46662609087939 -19.168963072001155 
75.10176903423243
-5.2802006928529295 5.905300094897726 -5.692412282385028 45.15844448534503 -27.9396433895745 -21.13537610823365 -9.20496789506953 45.23131025494628 -21.473092527743642 1.2536233118987354 -10.81959812531683 -13.01908462644684 
85.32762779422775
15.803544483883812 11.636431994737151 27.344830973094574 -42.01815838820685 15.204247741894392 47.9718044480188 5.673093485932945 16.04175200747116 -5.753470529455576 -41.322610734363565 -44.28845237463261 12.438197810619457 
50.037746463237156
43.295072293908945 2.2871932945343048 -6.303805468841652 -49.845390919990805 -38.61969968342187 20.22546915654692 8.222994080137433 -35.91465742956821 -30.401026434655353 -8.669865234045261 1.4534775451919941 19.426647352827928 
80.393877695175
-5.817770825324885 -26.155331492646706 1.0392184884627014 -44.824621901737586 1.06538247632011 30.54325803582074 -41.27118314674835 -31.86440995860892 36.50046631574283 20.006987927459875 27.00820287419205 15.554828606665126 
22.673432854581964
-7.057153028585404 -10.891482967064945 -0.13637880136580094 -1.5340710932353687 12.63198011169775 -13.353055023342343 -12.256854461621515 0.8490498333376095 13.043338058890171 -13.779164125790388 27.191434941318605 40.076401412477864 
82.09502965687338
14.68668521051248 9.75225802501847 -16.586589346330626 44.00445516099067 -34.00432283552117 30.998115586995795 -13.934412223663386 -23.124738255835176 -35.80421528644312 34.87830919101029 -27.480732681384147 29.501247198663734 
89.57369400720943
-24.312437253518947 -23.31591882146399 -5.175675103670571 37.898090605108976 -4.8197620590112535 45.02724744381044 -43.43425367573541 36.33914719577972 -8.250299205681408 -6.68447820587533 -49.74327851214002 -16.122687617848896 
3.6118996465238973
34.6314141560031 -29.77326616395296 18.877807448975233 38.57681335050981 -35.99389290833055 -39.935234900293025 41.9954898952882 9.260885383192374 -6.687760664618871 45.650713973450266 38.68803876084421 -25.511867191533167 
28.98553911919525
-42.938632137648035 -47.64628879487933 45.147160998525024 -25.304931125788453 38.4872408087021 6.473167707600048 -14.084205544942186 -28.742434877775047 -36.24630707957582 -37.87681763224874 33.034634252845095 -43.10774116536312 
9.121719980930576
-24.15670540926509 -47.29469019537774 42.338207116513416 -15.249131542877223 -7.9252096863068004 34.70879739055968 47.40705149239221 41.53878652987882 -35.745368857536434 -48.51634844351267 38.21983899547486 -48.9911576299376 
99.13527204476992
-35.82645034137144 37.67736046352046 2.49943645476948 -39.9854577206543 24.048101072573317 5.639209030071399 -25.884474391969427 -3.7018753922488514 0.2203434044824064 -0.1624266110691579 11.734970787104473 -10.819652427058436 
12.728967920954236
-16.272456755637478 -6.18064533071928 16.21737279460605 -36.17724396505919 43.27648996487153 18.860929057888214 41.1800874904971 -10.320689224721576 11.12085956197972 27.004371351959378 29.81232530282776 -0.19035288537889983 
23.56952838107731
7.714114906485605 -23.01669812112509 32.04478784236632 -46.39140234065433 -48.68503409648945 -43.78856145911577 27.269985749052935 21.363333600882513 -26.1841621875196 -31.34998394102766 19.966762382599995 -17.601276521833654 
31.63340475645564
25.363424027656194 48.14249933535129 33.7908899976797 45.66451318582297 44.08599168959799 -40.62822713102962 -41.92259933297137 22.613276331405103 -20.356289624721448 28.44326682362353 45.9952889183495 -4.4392857507477 
85.83243404275757
-43.49947908345536 0.34136927818030216 5.471941076971106 25.784398039419926 -8.415630425997541 -24.659748547131777 10.667830614267956 -42.28177597480891 -3.870532098231706 48.581159007053614 42.245179577140306 23.45581112089438 
38.23673263823554
5.885554745544098 20.011451571553607 -41.79716842961623 0.43821053970007995 43.39324526311297 -44.29291161206871 21.827807499440027 32.190280726593215 -44.29452520692392 -1.8794104909500717 24.238036105363264 20.47570324179398 
34.09931037731647
-31.841596722207434 -19.561071513241856 16.664537963736265 44.62836053727341 -8.986130325782582 34.47655930749907 37.17849975750072 42.35067725657885 -42.71364756731242 35.70155896540281 -49.477208030985324 4.9754857252421445 
85.23382479048706
-14.344249988279536 -26.105881569851686 36.896102377441395 12.29916193085242 -0.6288349554885357 -21.15706726161336 2.877297070167664 -34.36759490178048 40.98444659993592 47.36266706252866 -0.40899935525727926 48.53835702636597 
50.3078062759982
-22.701870668260604 -37.25483132234593 32.610832644416575 -25.638866363729328 9.109817566546788 -12.273728128839288 -36.22804304039806 5.85797828632959 34.80042578553633 12.476801387317302 -25.48306800181099 9.25152925577654 
4.2043282321789
22.754806618825896 44.371710558992945 -15.815043209527289 -36.13958298060215 -8.02659692837512 15.903052060121354 -23.94628961552462 -0.6668625200718168 -39.50614468502026 -45.42251102137228 -6.124240807162138 3.116103292875792 
42.54673862278911
-12.652291092636105 36.778923474261646 -42.85273507001425 22.881318266310444 -32.948034300223924 12.15281949094178 1.4840579039967068 19.794222177551646 -12.455921501304879 -49.123821855229586 -41.16845560265623 46.36413824876561 
67.92869641557232
38.01855005608435 -1.6139478656244677 -2.47986937508864 33.35845353516589 -18.971208467696034 1.8513896283392413 26.996891295435304 -5.443261387293127 31.660870360545417 39.50421625312066 -44.71890469958569 -31.438201484024862 
12.750950190542987
24.82966879688165 -32.67129106946881 -10.855072805353302 -23.55213942062462 -7.482081417707384 -32.86600810974917 26.937532931407233 -13.387531480993829 36.50683418660461 -44.84335390149343 -23.49107266621703 -25.16035974714621 
2.2754392009632918
34.1643340397727 -29.531355405015525 -33.08016335898347 -49.262558063218584 29.223649643026775 -0.8757855753605881 14.545623232167188 49.8535897432578 28.373315276591043 48.3072906238133 -4.318308741403499 4.4761538890061985 
61.939211037454434
-32.31193716253775 -33.744760591374416 4.958401315967123 40.501621879203626 47.229979873638456 5.68684338424341 -39.29361602037097 14.200854496268605 10.393710480660864 -0.7297188455087635 -13.880004516731127 -0.6318558350233516 
79.28148614194541
-8.47703705060524 23.264677489656094 42.39459855832064 29.119796517639287 26.366986582422996 -31.865228479984665 -44.69832320906699 -22.689393937807047 -37.6359137729686 15.513992302625923 -37.34753595975036 45.738210189223054 
64.21598104376491
1.2080420174612314 45.243809301920365 -5.899122525096523 25.355025951660494 -0.18104516404625315 2.4452148797342375 46.74348608518308 20.688192697972795 31.250210554813478 -17.898968790556538 25.799404236189176 23.42084485871986 
89.77626948200934
-5.411576606645163 -40.59317206329397 45.374910512064815 35.77966747890072 35.924271462185516 5.3469039945000745 -23.670511827135055 32.15335347936271 -6.260022821656207 17.657943211971087 4.650037192455123 -35.11452112110642 
49.49393309934806
36.61208540809503 -1.1642649778781404 -39.51162469459523 20.46718251293258 0.8977772922049496 -32.39725361375011 1.7030231916893541 -44.1114174018686 -35.06648321743721 -5.2654513388514985 47.30476925583551 12.961565838354147 
3.9452721409040548
14.168591438957861 -18.144309987030294 -9.384608785670288 4.772075464559322 -49.347994402845174 6.893400576936315 -8.52049789982253 21.32129561306715 1.7872430081988782 36.31577394286104 15.880487082305095 20.17712283475288 
28.4018648752729
25.615460521641694 -34.41319345023865 -45.92715230932492 -48.08504130028356 47.137675806031964 -0.4226809013951751 -21.230473726360245 -20.264037167666082 21.67926047992067 39.285394196588456 -27.6593228747258 -7.280078952915268 
80.51653885975128
16.57114590694441 24.944652826654462 32.31652512322354 -38.655991720227 -5.899839351398043 -8.126574050228932 19.288543276125907 -13.37452669206607 -35.142175230431185 42.99845370706305 20.73851650872156 33.50372761371247 
5.204180335667264
47.6914435359335 -42.329088787075584 -19.315562124888075 14.174966704056473 5.879766598237744 -38.569823911648506 9.604411882680488 -29.339638302822134 -26.896635437093973 44.09343767965457 44.7139548551572 -20.356379995408513 
80.27198246094952
-4.740149728492412 40.84757415732054 -41.142309653343176 17.27862610084702 -44.333100027717954 14.426772837235376 38.018592485194375 -16.292841641264822 46.677246583468914 -30.36671172615283 4.2201632865277645 9.578978686918816 
3.917944959994424
40.710563371791935 29.125544016555864 14.41574610377586 -26.78277120479333 -42.804147782940724 6.266568282706984 3.8521926747700945 27.472216754202137 40.15484102991394 10.062976830299974 -0.3849765482507337 -45.80569148890918 
4.385220216737706
12.099209237016176 -39.10898153996809 45.21721458376463 -25.92482401746662 -45.2527724048276 32.93938647222198 -7.584091745139318 -32.4527092484485 -12.600288449500262 -47.73942421406522 -43.72697535158765 -29.512141994565276 
66.3786207764769
-3.284390060387885 27.74256981441704 -3.543785976952094 6.010040353143111 -6.302734250702926 -1.9009850394320438 28.488111583913494 -4.593126872847122 -10.213808097021449 -13.67680593832872 46.251815779605394 -36.823163464188795 
91.2823427130308
-0.9353369754307579 -30.51498121212598 -19.42609490347361 6.583931747976926 14.333473342022103 40.33528391658959 42.537220596239194 8.593271782911806 -13.187384950747948 24.746235435110023 -44.387838328885344 -11.839150286400177 
20.045607865101733
-13.82379048281539 -8.07583449039577 -11.964009571691015 38.74209364377346 -26.2943301204566 -10.823429133631635 -9.125424429642372 -26.942552925205334 -29.015833241899003 -11.930412109547639 -15.438793389858027 35.940811552220225 
22.4872062168745
-49.41171514795886 43.43533602920117 34.50918691824788 -10.802125084141089 -4.716755499593916 -5.032148749296084 6.893482299850653 37.09762559819987 18.968301382689816 -11.983341097912238 17.11574536542399 28.74515744522793 
98.18562285650385
-9.00317290562652 -27.704930339704493 -29.258151577755875 -21.660894699411116 26.132922838434 -1.1570879188120813 -31.973257889419525 13.572872016403906 -10.581860243643703 27.296904814527466 49.7135952174076 16.27245385959442 
64.98688928480811
39.05545495118082 -39.42292383645327 11.491963040361583 17.31458951632476 22.513782563544055 7.314641883398444 -31.338568518861965 -15.009686545391219 -29.0347526740244 9.355283249172842 0.6041721448704038 5.765108909038389 
80.12017068097991
-19.744266423961843 -21.80510603440431 -25.83922233939425 -30.79241100098701 -42.380654118054984 -42.0849828117107 -29.869120779727954 6.363665374277403 6.992339610532014 -40.88756552426553 0.09789222586307034 -33.62618615992332 
98.33667966195829
7.948779991423358 -39.85264063109187 -13.176214037562175 -7.5516721771037965 -14.182019860388642 15.241941015752971 17.328329532658387 29.08421063974103 -18.554277963419153 -11.974646422002756 -24.255720263056723 -21.419286802315018 
97.9301746864269
16.118127982451853 35.13819798319065 4.391075061356133 8.660150634989648 -32.235770291039834 15.767020428116865 -14.761402800329037 39.347638826372304 2.269559134097541 47.44339067462711 -37.522926981142525 -22.662584461052372 
73.88042285737397
49.39566155775647 10.76941759989272 -26.092744407665503 5.5820574604119955 47.095858079728856 28.339991512432334 10.448007244693393 -47.24564677914952 8.517124375019279 6.825631939245454 45.21359843152945 35.70394597202697 
85.89549599753022
20.14495005599214 43.75684068766215 44.79886079995359 -6.690899717155986 -33.17501354247434 -26.7823842626842 12.263938853626321 -14.748812583580332 10.868844844465045 8.30589334093893 0.6523194702759412 26.861648196946064 
42.51744371221522
5.122730587452438 -20.409756149354497 -37.4050039382128 22.153069201468682 47.88826875258694 -0.4004796793650769 -3.1589757236371483 28.11195275241272 -36.803571599141506 24.634006203887637 -2.622323924430013 2.3175975014873984 
76.59187166899855
3.4234636987082965 20.523898228332982 -23.583856732164076 -42.93448115371208 43.800241210221856 -14.526404407668089 -34.5104277127286 6.490753113959769 3.8911938174949867 -5.469981624378015 36.44208660010982 3.0731335391060526 
79.38934325541413
-44.17678443759119 -6.200471284760191 0.5623272167950759 47.076777365960425 15.581522157387951 26.93125197492229 18.275652565102945 -28.647673407105188 48.14122829227753 29.59835805164404 30.90850251306398 -7.27541543583208 
33.616963937454535
-14.748231195235185 -18.342397258920716 -4.9370956590354425 -24.48147985051947 9.648145097331586 47.358916845189185 -8.14404452019619 23.588206872194505 -43.87886689340471 -19.857251781712048 -19.190447223395545 -29.253973605581052 
68.24003416298866
10.240061785144015
-30.17515909815551
-26.550293650827285
-1.6552680565966043
6.949044112072613
41.704060836228635
4.878889598898894
-22.860568716331365
11.139639240217377
48.887641571949516
2.666914891960502
49.1208315360371
