constraints 123
variables 12
4.053230406048833 -32.2040674799866 40.27107559350182 41.00269457251399 22.091435588412764 -18.594972018133348 39.713925403503126 -20.281917496687964 39.70553681988416 29.48770610360421 -22.24209100833955 18.788492611730263 
67.24130395462726
16.970097899334917 -46.76361667272311 -43.32549646466506 5.557432448685638 24.889530109110197 15.19438242224416 -37.99225931175465 47.08438929060098 -24.005154067964952 -18.522611633959606 -43.58063981901946 7.49745879657776 
37.15062920544005
-10.25144232891543 19.202049579843106 -6.292294145722991 -40.99994155697723 42.74166057965543 30.129410379151366 -38.76213244202894 -23.514377343104965 -10.267253259917986 35.213573782225694 -47.961500437781154 32.59649754182668 
57.01437687096611
-45.73600828073382 32.41291125132528 42.10584448188524 1.5819853344475305 48.81733780644966 19.957795178762524 -17.919087749894494 -35.70721205949134 34.34050463291865 -1.7103321807424692 -18.406708792671456 41.433339681968945 
1.5656930229355326
18.815545306245824 -15.673788686005828 -23.067262427869373 8.39864367618398 -20.080439710434284 24.670331724043933 1.384154972881845 -33.951920116370616 -44.32447691435998 -9.581024431918358 8.588197194713253 -29.143535996434345 
68.5586569683451
-6.681709720879233 -34.49259525459719 26.76919473050181 -36.38191252160642 32.4973912709447 47.32193052783525 -37.538577338832766 -4.815097916102673 15.19801401377542 -24.297764650597486 -28.151327307972295 -18.571098801005547 
44.242759220381004
-34.53454286407405 -2.9604965932349288 16.940398860454394 -7.674406547851788 -47.54216871433643 -21.2545478140002 -40.99819756030787 9.477684165065234 -16.19363214107222 20.745578840470287 19.326864393036914 -48.04367872748071 
50.60874845232283
2.2099049631708496 -0.21611413003000024 -21.675914835331167 32.68119149139578 24.518111848133003 -42.01762542282158 31.630027219016128 -44.8401730601602 -2.333112475677183 -23.409055866680607 15.37414259103781 27.551885794622038 
5.441322574029217
-11.132450987784203 -24.66908006616676 47.258801348826836 38.2328164717095 -17.878588994417456 -30.672681302821193 1.644102294823 -2.282043547404136 -39.31072896492228 42.715051961352586 -4.605255141001649 -41.430097979213016 
50.496907518525866
-21.453452669919535 -36.774658089597466 18.955774300348054 -31.609909431903315 -41.64145906064021 -48.099526780786206 -16.21932721944095 11.157516566691747 -48.01324420884786 -29.89887223547083 2.4708798811765362 41.53141611364791 
2.9796609935702767
-40.162984170392946 26.545904421768157 -38.56005830957176 -10.051175893937867 38.90732936237585 11.311030533075161 -33.60135865603391 -26.41205594381695 0.3383106331572705 -39.290927324728145 -30.83337734597711 -15.887899250668504 
81.77673245176386
-45.29796341625833 -34.34368812611454 -35.48659711049783 35.49420987112674 4.510484258028939 41.57398213829157 -38.70138787703748 -12.041970275247571 -47.379627953698055 -15.618521590087909 46.269004359472405 -23.150041364873353 
21.67416966118998
21.907912674393316 -39.577908460019614 -7.034696417883701 19.195152241490632 -43.696673782845295 44.1995293270855 34.600234015294774 -26.449298916528676 0.014602887358094563 -42.92506553521341 2.836175373194237 10.642565819809903 
99.07724870420661
43.86992460570342 27.555909012519948 -19.480972360053872 48.25486507522086 -24.793760711184664 -33.92330543177496 8.43590714424424 12.421467733492044 -24.85371739280302 -41.03836577039623 -24.14951110574307 -30.92991669118379 
0.3440098460111174
10.871150471292921 33.414331524781744 -22.05568295183652 -48.07742426836988 -11.757624567737537 -39.761904880906584 -34.47212372215635 33.81470055330233 -9.865126774523894 11.533448717939763 -15.509670578975864 19.44627292774932 
3.7570379928202224
-9.805784783628013 -28.82436793378098 -47.58682185458502 1.9882015029139666 36.96089878922865 27.833258072665473 -13.804053147442808 26.6372947008133 -41.480186398916786 0.5300396297022161 -37.023733266901736 28.22970374795439 
53.22001606599686
-41.4558739743639 42.26401917379707 0.7897263466723956 -49.95167144853019 6.530706358533557 -33.68703867002316 -41.61320614174827 -1.9152873873957006 -23.137531040439363 -8.80225277177852 49.13945489263779 30.86734152513978 
6.286034926842687
-30.055516717375664 -8.078135320178134 -17.071291437949284 -1.6011340209169376 47.251595854180934 1.1933093466751217 -45.778842489074165 -38.560541502682796 14.107244122621111 36.1720720052861 2.232244461296226 -10.5031007273627 
25.004110277392776
22.00074364162336 -8.702593571981673 24.48414266284378 0.47189798071357814 42.60086935451055 -6.050635033559878 -3.9173442996293204 -26.707595188837598 -2.4094526195988593 20.10082215002788 -12.64567006541111 -11.968429311478154 
98.93945677425337
-3.5610499768121784 14.829913524397483 30.417428698458224 -43.03847222869044 30.617283088472718 -6.378611780425636 45.612416650648484 19.796228289806947 -27.337428307098342 -19.530883856162696 2.573073938222514 -14.294718154646112 
79.47127761886958
0.6227487829696088 -24.54041062253889 3.312371559492753 -2.647667356902417 -31.931723207126574 -7.547680049067665 11.33915010782934 -47.72010457974154 2.8518063140265255 47.351810289014395 46.441731932144364 -22.14820349982014 
84.11393320062128
29.98348067085081 -34.572485325481026 16.906475973843527 -47.063049055340144 7.697597093467934 36.433072851752314 4.333141496360213 45.22026860389404 -17.850284607629987 -47.43044385845157 -24.182955651155012 -8.462170573485281 
3.066325174594875
-38.907146994954886 -49.9063456859242 -31.705464752009092 43.84490993607923 -18.6684236401085 -49.25734267439484 22.486950926286013 -17.392777220184975 5.406636509960862 -32.36530369508944 20.98690794246572 -13.280933634839954 
87.2020438318803
-42.14923311275592 -5.4951856336562415 -31.190573495310748 27.097288578280228 -48.77372238721407 6.252877729969619 -32.0336839866196 2.6474562347271515 -43.371233401782845 -24.183393539738663 11.056235863270203 -21.301959087121247 
11.660327419999783
-20.143675589003664 26.00868436953455 -45.65284779850391 -19.31720115619423 32.99867493744959 -38.57332816643765 -31.281394650098527 33.895835333956796 24.641383198029956 15.028733755471961 -7.314771295650289 33.65498919395165 
0.3828283416674405
37.197477422428236 -20.517607560830708 13.298951388111192 30.401240516633706 -44.69579585307674 -16.422361198960736 -41.537808919128 -48.65334874860721 -40.501304313425415 -15.7869693905444 -8.818830243925113 3.1719764621537223 
51.29779223036943
17.712628324637222 13.059418229737439 7.8179079135083285 -17.424089645167243 30.948264218626548 35.3387663538566 -47.22042224629461 -45.54483405163734 17.282627255673873 10.931032385630232 49.32120153160197 3.1123344072571086 
35.85935833499975
36.296543158553334 32.468260300799955 -27.335626747003474 45.28572678952911 9.51285111007791 7.894977846556074 -35.936195810892215 -46.44582725852452 14.959074005375655 29.438197657130885 -46.6702643855889 -2.525153337630371 
4.748299069734485
-39.79297837572656 -7.5401318594682465 16.941975639324966 -37.627470721755955 30.12081906379356 -7.986618721259255 -17.967247194252536 14.981692339639807 -46.80342284347617 35.62404187611146 -35.761830771055656 7.300225827064075 
59.01976069047071
43.597528938957524 17.05101126669824 -37.608164977015704 24.571179549939984 -14.733610362169046 -4.312974788393163 32.315021995226985 14.945634521915466 37.9206417952893 0.8910317579327511 -14.830999426526063 -45.5136296225438 
53.901544833821966
27.58055992121291 -15.88831006565973 -46.52729479621337 26.84058725558141 35.50532030257294 38.63845849577119 9.73638819250884 -6.954709801637435 36.15168661814775 48.74236795339945 -10.554365920238062 -35.32207104219649 
57.797048889484024
-31.466344682048064 -33.21603051766916 -32.35716512759296 8.919750067329701 -12.521745863330004 18.364369558112855 48.99245730780616 -40.90391380942986 -35.37781854581049 24.957394519084943 26.18189031366795 -3.9334153421502123 
4.000625351039188
-19.524632373417372 -26.353885728206972 -2.1703736866508194 27.8876410472447 46.14288462790344 30.943711392793375 -20.578786147727435 38.62434362216479 16.3972164383449 -28.89459851972196 35.465482899194456 -40.5294339052724 
32.30049501633421
37.845174037279946 1.6313180668953962 10.2569481562835 -11.89119219030895 45.936435578631844 -49.193745169041804 4.5714718321424925 -22.86838808056545 40.32505950495498 23.0995910062107 -48.20352959990992 14.128200332739453 
76.44573913592887
12.712421174609624 9.519207342668587 -46.77381595109031 16.72765315651297 -0.73688025149319 9.671096492582322 -7.289738935539617 -13.580090559484091 16.332523189829075 -24.79228300686045 21.017829138034188 -4.363223600066078 
45.79390339044556
3.2237973649471883 11.891249121760907 13.917304903019115 12.918554364125626 15.10432419786504 -29.125090937092025 -21.38662169727965 -15.701361157970354 -35.35493947186175 -29.791571111018065 29.064839986204618 38.304676817342795 
1.0326791867892315
34.65572997800449 -15.210166888071761 -13.904098754214722 5.156840078929335 -43.077123087390234 -22.186960441719382 -29.872600812777208 4.933496435732856 28.05597063231754 6.7740336700841794 -43.351156113717735 28.150837357410765 
15.57357242472821
-46.39752288333169 -31.1346842835577 -30.19381903309576 10.076478167728986 -7.683554406584555 28.231533887946526 34.984287646300004 39.69091843367852 23.894697859940123 -17.223412899667842 -31.96548388391639 20.93954127142632 
41.193199534498056
-46.59293727660958 -5.863697984902252 -25.50218612916644 -36.47920945697067 21.812203956106984 30.299476956937355 -15.218214800601281 31.758394591388466 16.895545595041384 -30.57204614443534 23.42638722410868 21.800688976842224 
80.58324700042995
-46.71764088479806 -11.548205182449678 16.61870732167904 8.410134556191231 28.009212110671754 -16.721445384575283 -24.613632147565077 15.46020342259007 19.361292378600524 -27.259392057714916 -48.116558574417965 -25.960812998605032 
23.815835492635916
-43.1415341859118 43.78203386745312 5.882496170646732 -13.495703202264544 -2.6268141278398147 49.44314310386292 -11.247311684690665 -22.80064125054231 16.905031690684723 -30.505559672847227 -45.04365550259438 -18.43800684787097 
16.088993706707356
-33.27010147172416 17.611072545073853 -3.56667970669843 20.152607779321002 -10.233541764803988 9.419075975735659 -44.83688867944748 23.139833851864154 -26.587541453110074 -41.745438507991274 11.798807860897789 45.34798349438638 
1.8470283212499883
4.0480150356137585 -18.58412062744822 -42.46698163054323 -40.520708584260035 -17.748858499183896 17.95250057656996 -45.948214802718034 48.75060094355118 -39.407910160909196 10.618465977573535 -23.65195482313991 24.162712404480402 
67.88131994874284
45.28029377382251 -1.9475506351893443 -22.54077964904091 -3.695737571002212 8.181585025632607 33.4548749301476 10.157182871837648 41.93775463585938 5.939632046969855 22.220839036947453 46.5203490667912 -27.8471006193301 
87.96636278529286
24.961949009940625 -27.41505073477688 -26.882077334171505 -14.706277429581775 36.63369183317968 -15.00642974748849 35.790248242210154 -26.75936613762766 -12.277928479697977 -2.8379054762653126 -15.412087667435905 24.440684866682602 
6.793964519498285
29.69930032140948 39.356104955073604 43.45675808950669 -37.77573184726491 7.018180534547433 -21.70449763302058 -35.45918721396028 35.77624825912635 -7.2773793969226475 37.19480103264917 -49.94590146705039 6.199767922433097 
72.62256231756008
-11.389391666065364 48.645059268138326 37.12533368516915 36.12535809364857 -6.4363201198192925 9.4892862743568 -29.72979203714705 -35.72948540966302 7.871271709454064 1.7278503580677267 22.336099183214017 5.819556130101702 
5.411105352027312
6.697389057132341 -28.03377994825461 11.582317698379349 -48.586717395806204 34.62739492656053 -48.25718879218104 1.5554329860961502 -29.697775171273065 -32.81288532950953 29.444474467799537 -40.531613806705 4.661555783875762 
92.59656750956627
22.64596755260898 -15.023025556949563 -45.42947977589138 -19.026830113898008 41.23136741818199 35.01359672965491 19.861430673881003 -5.832475988650913 -6.495168742494343 -47.30171856927089 41.77334163776885 36.54891252600072 
73.32141795037388
-35.26606492904881 -44.97204833121662 31.033159723843 -31.976254905384206 26.353786753552626 -33.470488547603935 48.102400340283936 39.9585360016699 6.658568956554376 -27.30867746918353 24.648535878805006 37.960378041594836 
86.57547466288317
-36.182868248560354 -15.821029452008027 -10.57170917032225 -13.309502832534761 41.01660535415755 -39.744586757235844 8.484030191855929 2.850240388300705 -11.190276165199208 30.993496188010056 31.189261755969966 3.6988867581654574 
54.87583478222193
44.03298246346145 -45.08790836891418 36.21047644946438 -12.671178467829236 48.59540619472011 -34.32834663465163 -7.203781755018191 19.450623170257998 -45.92202934402743 -15.347184742949018 16.711068310115152 -28.008844712667667 
53.089623540884205
3.0712503873508084 -38.746623204699425 -36.05656442392544 -19.08280915959193 3.1825072677940796 22.64586309901516 -15.871480344214106 -16.8834655604809 -17.533121243758742 36.50580399263998 -22.02439345409909 28.255709994092612 
57.88527070828804
13.456773842811884 46.55849024628024 33.79411538009596 27.58945478163517 -9.29615997372094 -11.74972912731156 -30.336286494010658 -41.41658302348122 -6.711347773977884 37.28408498378357 -33.67466081353709 -49.429202878359845 
81.26038205632146
18.058300410421808 -18.094752988323204 -1.4133215561104038 7.143012601911714 39.20051709802338 26.474002518043847 40.00027529502502 -28.151018102629788 -2.7946158959800442 0.611897750425392 25.088349756905444 46.583773797078436 
95.88713397007267
30.112071414795267 -5.382534300993001 23.305500576053177 14.938384296587941 -30.995413263073658 32.736472348578516 -33.051872489453814 28.56270786756272 -0.9583074771191349 -11.031102935191214 -31.11353250750889 -16.550931524361005 
25.366585298225917
-20.79180952842874 43.015646951055814 -5.717836984755124 -44.70501477200255 -17.642941447250436 13.337238644148542 4.533375597079981 -0.029134571401165488 46.615414888202395 15.0887959223665 -9.547101674040789 -42.885254803023976 
57.40973826291835
20.22310387733316 -43.0156786360143 17.164931040526753 -2.430094607003767 2.4379050615955364 35.74880141460342 -15.180818739885524 -0.4021189905869278 -23.023542258648266 47.29666211087843 23.31624179968958 49.73589563691418 
36.0638089680231
-17.499896465595 9.75379899853045 -45.9699705910964 -47.8868511071405 -8.738541821616948 -13.678649454896508 17.698407936793387 -12.268783857203871 40.63718521419315 4.533589476835473 20.85151552481824 34.07116658383646 
69.02865717403188
37.381902490158254 -4.024649008248893 -2.7740399715837185 18.266459139173634 -22.22139406196145 -24.42348445331417 -33.875263287581774 21.215816397406144 -49.249411851576305 -17.99845255497805 24.789257457684613 -41.04353833941311 
91.54607721522568
25.681083336926804 16.827012047046722 -21.35891144932156 -17.849796604615975 -37.08718821986583 -19.317918177205406 -19.18772275842182 44.66219506616173 39.78529693130922 -49.56556717154113 43.258610129310654 -38.43107872404311 
64.95820686344115
8.832801861161833 47.41641008832491 30.15666234554213 10.752642021001677 -13.23409712809844 -37.12560350259591 -38.86508220691472 -10.631419004537271 26.521183682927685 25.714244410085357 0.0031652980730285663 -10.96523722285123 
14.94991921390958
-32.77910578167268 -16.226532536870373 -16.490446728870545 47.051918112595956 10.922199361574968 -4.6311215062089985 47.58969137991406 -49.4872554533194 -42.031723981333215 43.34962777654869 21.147028994816935 -12.62926255787307 
73.53672681685721
25.57610533909819 -35.29830817167738 -49.73920300777127 -29.749339006377618 31.999648466164075 -9.346608656420308 -12.423675353858478 8.522254302864951 3.9792438962525125 36.03083311813859 24.410317402086505 -1.71467766490683 
45.35422993690331
14.98250988405833 -5.718932019311282 -8.243786953899622 -26.039877914798126 -47.77955996990365 10.417519282117226 2.6630614652851534 -38.643253357251155 -47.758352683581826 -15.226163550919047 -26.190732383267157 33.244877844399156 
53.39051798926977
-2.037738588360284 41.887826503305504 -6.620430549457282 -49.311573342523 33.93787748502449 -33.86111958187994 -10.254487483952367 -3.1547168984373855 19.5384445311374 -4.256252757947408 -36.65838902798735 6.980979724457313 
0.8769624176593216
-0.2256777094346134 7.129204370504198 -0.6770502925412245 46.10419824478572 -26.932330221727206 -34.46979817336254 1.5093817620498768 37.202907145767995 -38.42872336655992 23.318553003599803 40.11585813024189 2.245020023992673 
71.50534136640941
16.83046875537532 9.63651766114014 43.937609231986784 38.11413713861222 -49.87416816415037 36.389097193997 40.30297492649578 -18.17063485304007 14.065271138866521 12.676491317406835 28.982695316666323 -27.655861656327495 
37.224420192370246
27.025746656913327 37.92508289948154 -45.602964168110425 44.14888546658567 -42.561283127378346 42.10992676773738 -37.00855333495326 8.660509328811827 26.32683676573002 8.484026868186788 -29.673790474569984 -32.24247812229648 
88.16580264180145
-10.574513476506773 -38.110673467430516 5.108218864393997 33.89418807480526 38.82429581246075 -15.032695393291654 22.219821341939777 -0.30664768706139967 -45.73873848296822 49.24850556031839 -9.928758915847027 -37.975777969872205 
43.78688336676022
36.24956971619953 14.330436227618705 -14.34016032899742 -23.553743694744224 -8.030111606988022 3.234154786895026 -33.05910571411936 -48.03430138563355 35.479755260524655 -1.2101609000815259 -19.405378916764317 16.911251546116304 
65.07370665492616
-30.833492485487348 -4.804137139440442 -37.85122987678159 -16.828713520372688 -37.026517386906164 19.71228148551306 -40.420147367247495 41.32325538569002 -5.417176514622483 -18.435987447124457 34.8973931886288 27.482094607417864 
13.733417341702003
-34.7586211481521 27.499029462225906 -20.878658612123058 12.36162489159576 -40.237535139220356 8.716360189864389 7.839204914975959 -13.064486488589125 -26.884244680335946 15.16228296174738 -36.242451577789524 5.526629098246062 
22.321205999709882
-44.73165420523966 -48.671775988701825 25.435401670058695 -1.1434954601673866 -36.02143308275654 -17.915530737783456 -30.606783890091236 -9.066553382820508 13.085644288820966 14.425840836900178 -3.8037373866755217 16.472759698804452 
82.84009551175343
35.70101326943191 -4.916685313496913 -16.386150474903438 -35.76768041289435 -12.346534901191283 42.25157788038828 49.209380605964526 40.74213606123969 22.720919384432975 -17.388185860272067 -10.007275109168866 -6.630077262956988 
55.730151109865886
-9.784014709956168 35.969715469410815 -16.5920714688261 43.2045928805492 16.747636036020168 -8.925635773851369 -6.320076847851219 30.802892782919514 -40.95264395195113 -17.758490952239114 -49.12811279916457 -41.6675841079066 
13.85259295389326
-15.21240899165803 9.095919722881419 1.3324489186931885 40.763210329027416 -30.645863473520386 -2.0258640933402248 -41.60238942410434 -27.098851594997143 3.656677665997506 27.29880859199143 -35.787186404825704 -1.1853905296066145 
70.89524002173731
44.71957618999899 19.6968354653535 -11.115780777094763 35.920743271572036 -37.071973360279245 32.70243491795874 -45.17936502391305 -49.885073056276006 8.454570328011911 -44.603412829737124 11.800121862867996 36.42978390839026 
45.46195731418262
37.74535728909373 -40.63339337630383 37.14563915992612 -5.185614326075694 -9.54642319422856 -40.5641759667332 38.64541205627877 -48.779323288134705 -34.73965052433581 -32.430876204276416 9.865809721981535 -0.6055065387524294 
65.66717193017021
17.141581495243614 4.074472609665392 43.944122818299704 -3.0237996588136298 -34.88890798567552 27.23546601550926 -2.9011009544236757 0.9420577286458922 -17.197880784013805 -29.5363560901436 13.398833776337668 -2.60873685249409 
65.44984338719297
-11.068140411315 21.118581092334637 -27.160785071767535 40.20747173003302 -14.916860003685798 26.466380560390462 14.435407193464272 23.901474945961453 20.11328673436526 -41.50681833363788 -13.506644484902722 19.02660687623461 
84.42767237753837
30.1666093766935 -13.587525165634403 39.304529231008615 5.139195727750234 14.209085081412553 46.97494875712907 24.586948509833533 6.66274654817888 -28.93118455734299 -27.1986025668979 38.96615526014497 -30.925281282643613 
70.78698946749539
-39.82505790488167 45.66294545409383 48.144456768391194 20.54400444356159 -48.50594586913335 -32.40614141114828 30.807765149481952 -4.687893321041713 18.29031015055523 -26.523210375044847 0.3409027608358812 -29.68868063876704 
0.04804710487810171
25.91597040390313 -23.39322625425678 -29.13988240195873 49.98856994094851 -9.885579092612382 28.483310630003572 -12.2682117721032 3.5324853966870364 29.693967454848405 27.947272579851713 -45.72800613011563 -9.670632016457738 
59.559941833490335
-21.72493712940302 45.302526379202405 -43.45509745028664 -15.170238410687972 2.4353569391971206 -12.769154838783983 -49.47872932718879 -20.448443455790432 21.986665380412106 -36.19552500113169 -48.022538020597636 49.271081010833896 
41.65622334153538
12.59386349062703 -7.408105840007714 -22.53782130859665 -19.735133969794926 33.55686540829281 -25.88946864377467 -22.581923818688544 4.7758701374045955 -27.0674591410074 39.049477552884554 -41.59217500269735 30.983974312670597 
53.231457365970115
38.61179110078207 -32.26572974840927 -48.27589916660594 -6.76574517525296 -27.385950179721284 38.786896659786734 41.46757948668319 -49.320250974306454 47.01898285814738 -40.73501529290539 -35.21304825723984 24.718361744728966 
56.09628155326081
23.453519709760698 -14.591282516014893 -24.77376263423303 48.28442058240964 47.76634297569957 -17.56333852793729 -48.28009649882773 27.502196554667734 9.728024902369505 30.816683249413884 -24.119132121380627 -25.04060531454074 
67.14802813329109
44.22733290757992 -11.40590797752332 -49.558194648325205 26.447721112001034 10.318551447840875 4.923803742049593 46.596600076613896 6.932846045202766 -29.415637258133888 18.594636440140107 24.919842308315097 -8.738929620039528 
60.14357613188124
11.31562867458026 -42.051300079313094 -38.56370831434707 26.315827202171448 -48.3208907730172 -11.41329803947579 -5.631600041682603 39.11856881139185 13.386118911554448 -5.4588373533918855 31.369197540532312 -8.326101723970204 
53.194404983175026
-36.472304099193444 41.912276635143 -35.997605028562944 -34.745294790023365 43.197483289145495 23.566599995837265 -10.205563372575597 20.395472568978718 28.668784694704115 17.220649627374584 22.48769816549361 6.4357416922798265 
40.094933401359555
19.545955516224538 44.34288690784385 8.75041969925654 22.876862197738163 43.10592085413735 -49.80201497494788 9.081727023936516 23.928943914816116 8.597832830227425 -33.80541038185875 34.98512226988505 -41.16722567784734 
3.4230317404254973
-16.99178914023325 -37.68242985182062 -13.235741520333008 6.112189829808976 -7.022341677690989 8.820447216880076 -47.2448511229276 7.089723128798212 21.016961191349665 -41.88092785021854 40.15098922877242 -47.15662146287192 
80.30650433158559
-29.64476317540976 0.05318202355925905 2.772062664398966 -34.50162588923199 -31.811297684941444 39.08366704943306 15.8169995121807 -31.465816262961255 35.048181910218176 -48.01348764258191 -22.561607494336265 -34.83807512102757 
76.28181388301152
31.381460775214904 36.58170807599885 -26.148338424971417 -26.74832556844494 -26.589703876260916 -3.015194117870699 33.04820350461142 -44.56356060540985 25.067644715447784 -2.490857848156395 -22.437881915195078 26.250797492568054 
36.68361383097001
-27.864716254976273 20.388788092509273 4.559761216106352 -8.67352820145448 1.8450554726232227 12.358435801067834 -14.239427649009095 31.81932698391175 -42.180391772311154 -41.24163071672227 -16.175600621047614 -4.384446646587868 
38.214793919475966
-30.568021715357197 -11.165425045984456 -2.0464825613955355 19.232195337387566 6.847229322897263 13.32764732938081 -25.488114331253254 25.286256109219266 -24.759192570262023 5.138057252454111 6.212640764485002 -27.225050560557072 
13.182203515489855
24.466759732540822 0.8696534117759924 -42.70656349247195 11.76543301459946 18.538691034875924 49.05649407928627 35.08728121020354 31.124268576312403 -21.51656440948546 4.867903107568694 -3.876310049630746 29.080242179090348 
79.968076237611
16.175146878394457 38.36641322646598 47.470844659999486 -8.369374594535948 43.52626220900335 -19.328141681135204 24.068734533506074 33.50710986544124 -37.98203710871664 -4.818912699299304 10.990980168000405 -18.585248741605696 
86.26678280244008
49.16434386087202 -15.889331886158033 42.64836716462534 -4.967203333310032 20.98180294511849 -27.778497615050803 -26.63347707611894 9.100045991090319 -4.843705508630549 19.569262004393764 -31.311390190469556 -6.306442260797731 
97.51072417072378
-29.1476932267975 32.79342771539811 15.013687212464504 2.905011641969125 33.90657946935805 -21.79546078309643 -20.605797017876615 -14.685640582524272 32.02885232906502 10.967022792354541 23.14140924149136 -17.177312867943286 
55.25519494600418
-18.435065664028215 1.2873149815540117 18.562152566761796 -42.09996640523688 20.19819777550157 -5.709342708207657 -47.288373429461636 -21.725709652231785 29.432285322881953 13.145396326957147 40.374112929104356 -24.260453351423706 
27.25347158176854
-14.59295542661151 35.48506203540511 -9.881689893127351 19.20706468284287 47.32298028367627 -38.139403918727034 28.968848886671523 -20.434501969290032 -49.4463039861994 -30.92331006658988 -20.653725043719074 38.367727171913245 
65.89770338889032
-46.9226328289868 22.409867917011027 3.690870210655561 30.983581364484763 49.2420434925923 -48.400094512726135 -3.3403819602409044 -5.931540937072086 -0.9009138692871872 -41.90443987606316 40.46839145122239 -48.11699683560996 
0.9548514361605198
0.8786636780961175 24.085860788756747 -34.11125426007201 -20.585700520441453 22.966479439208882 6.330866382436305 -31.635633338065496 -0.8985173952826386 10.239849273856215 36.65337646361657 37.41336660773004 3.845125094161908 
64.78141888013889
-4.7763686638721765 28.286305525045364 -15.823390551114827 -19.248143022045404 -3.17283996385801 47.33656093336836 -36.80531592017321 17.57032934902263 -39.4171350961374 44.47937314200402 43.68322517704209 -37.4712500383258 
70.64593237168647
30.199727789344095 -22.17452717203997 -37.04242845101 41.82684351783338 -6.044666145335711 -45.05987561656912 -13.325752543430283 8.45228216605178 12.246858664894248 -47.62825347186711 38.6836660223984 -25.18672101853682 
36.6782438102175
9.999985666638743 21.963255859257828 1.190461787931973 45.00578538819306 -30.210929287550304 30.653645595662766 -49.28417839518182 -28.524582387108687 -31.61883170111498 5.089091032134462 -10.775098503243342 6.6733978416660875 
32.944150098692816
9.84016704100911 12.772896418960343 -28.3335764769018 8.316360711056788 18.30448025142846 25.632629067837513 26.38293715129406 -13.051928806667576 0.3694497311999001 5.361964319977197 -32.01179884975346 22.221198069335856 
63.28449521140741
20.922674940890985 11.431485304474506 -19.56391941314275 -9.881774335133542 14.852367421179878 -28.605534006586243 27.085966591789486 5.039542534106602 21.13560596541562 -17.454199164256337 48.99700783536673 -29.850202304239037 
16.689836308103757
-46.69250447884746 -14.506454591619054 -15.293486725493352 -3.7236747715323446 47.264598438126484 28.95549136872549 14.31732701362813 -31.83416438886173 25.90043208736529 -42.033315013679065 25.04624692779504 -8.966773350925337 
16.515407983314525
34.710088752072366 35.36247725738977 11.324835276175008 -10.011761647288843 32.34774833729982 -22.524599747233744 14.736864921631138 -5.535857154063976 -42.169551632563305 -21.162431654161416 -24.53733765858318 -6.894585568551328 
50.91406543752779
-15.539119856713832 -27.48874592056847 -3.284495180520885 -28.88339329408176 41.179311527180204 -6.330987594901551 -34.65140172292483 -19.068012410953994 -43.89504753144112 -35.429088697740994 -23.05767502824796 -4.176397506713123 
73.26230629976791
-27.132687899893593 25.562203975207623 -0.647184749964488 -15.250866785000348 5.616786806333948 -32.977992784481245 15.254475564748859 -44.23962258910845 -18.195006866202988 -24.55481556066247 -12.646337034213005 -3.574986661470838 
91.28417334374033
-39.24184617437402 42.92480371377437 -42.356083060254136 46.44733866161992 24.157073922962226 -44.573552405954544 -37.01985622333969 -36.4042213820563 -3.7344536162174933 -21.49809421956368 14.141323827542905 17.228033333361708 
61.001406529480064
44.7180880433087 23.707070189374008 -47.62698236532648 17.096562127365104 9.721818755613235 -14.50731127544158 -2.3904989603632885 18.764675819106913 -24.6749635923737 -9.69631812388402 -5.441304371202868 -32.81282689362037 
93.4871883423773
-17.17616485647182 48.406208636097475 -4.711077991553736 37.24531141792285 33.992989024827295 -41.59580702430399 -0.2993359956937951 -25.650811053441004 -27.531155327383228 7.324011477353267 25.856084294822438 -5.308906256310905 
28.63043388075368
24.474277279230108 4.847161637718692 23.5766088125189 -4.930798175709327 -11.831293627918015 23.962256210015227 -0.5349317788322239 48.62688500867513 0.4226637305558043 -13.24286789302517 7.015205100247435 10.777672117214912 
99.17689684858854
33.059946517776595 34.10358818809753 45.515432902288126 -28.508548834942694 44.48695276897065 14.940487716622968 6.895033321286093 44.92227301235941 -43.153497813780675 30.489840295618635 -48.0099018835792 -36.3124324223559 
87.23469041733938
12.107010619916778 29.267804010301333 1.2504980566600423 -39.32323310780605 34.64006933118469 -12.755394806458028 21.589342837919418 38.844209977423716 -8.802651963173027 23.775079666621252 -22.30424770128181 11.678174057053248 
63.366061539652286
-37.560688046439054 27.736313308208267 11.675744356344019 37.873832075955605 -0.7674011243572778 6.8320917848113325 -49.85368714680839 23.516937780753153 10.12444518320482 15.555436455652398 -45.07897781165734 -9.363792429672714 
98.04218487216836
25.01277738998769 9.799175866513721 -10.496559145981564 -13.552223747604621 -47.22322230694817 7.441135524733369 3.6883245912892733 -14.085339610427305 33.9506219322039 29.468146970787217 -40.192186222099025 -30.025190537183597 
47.29184232425349
10.205203230442692 46.016983488197766 -3.0056211613226367 -42.40742693357168 23.803898610956637 38.182395984694466 5.949682966260717 -47.592344193040006 -41.59198711846981 -5.113940398246832 -4.286513096428898 -16.258425736913864 
55.57528908886985
-21.770551747065113
44.87906335831423
4.497535307480241
-49.58062913701645
-39.77818185193814
-32.71144443076109
49.25429874487817
6.786010628714877
46.34793999973728
38.11390729014144
22.39088990870418
-0.13400436084424427
