constraints 123
variables 12
41.02583912816884 -11.03384681881441 -2.098381003100954 2.7699888701985245 -35.16936106875206 10.563207902851659 20.989814200195127 -12.346130673687014 6.807837722331769 6.27982949080841 46.513658613907 5.196067521528306 
30.98874818751941
15.803209315442984 -45.20766055007481 6.069408888058014 44.31536888598666 29.351043950253512 13.190732884460829 -41.8573850767186 25.895243026331286 -4.385339763334642 38.28580200570899 -36.324948403651234 44.79438499319775 
33.67065819348384
-15.848060571058532 -16.497204611412727 -40.37914959884036 -33.05725172591035 -5.597417982283318 -28.30196755693666 29.577290615695333 -27.997531730576075 49.863715668009675 -30.796607955874855 43.71160869385878 -24.6704716144469 
78.61815446235852
-34.412674556140146 -7.229355598221545 37.10950913012144 -29.35223163268683 14.336204539258532 16.362543643241594 32.72874168912662 5.414118717349815 -21.00671394989454 -42.94067761028955 -20.166845677638346 -42.543766448599584 
44.97426681887672
-7.378158634310097 -38.35003400445463 -7.552468164482207 -44.96629989102097 -2.294753053632107 15.728099660107318 4.142210558811769 -34.874011268391 7.203676489000287 -8.66476677966044 -28.745338836620604 -28.200670081367186 
64.81883357814957
-21.54358758513496 32.553774149712254 32.2803822420197 42.48780014902053 -23.328741853871847 38.31729169455738 -15.947920409733726 -41.018737959919434 3.1437057440864535 36.779598752282155 -28.003544098118017 9.284036184527814 
85.54037718446712
45.31969709854113 8.068918692771241 40.29570536366627 47.9006191496472 37.87430993510044 -29.010056435455077 -27.060235797128684 25.31332894172816 -47.57558198950179 1.5846752159309077 -24.054361124349278 36.71269523389236 
35.39172624900138
13.170457703014506 42.36858330037218 4.187016216592646 -6.605035281718067 15.78684651358644 -43.661652817985185 31.9018015077948 -32.94595084383091 48.08221468931127 -35.421793947260916 48.07036409730139 -23.60643824469133 
71.3155221264182
34.91177130593647 -30.637804285646062 12.885188776866265 6.201449962873781 -7.724219715217139 18.721378768516317 -30.717926857866296 35.22155298965261 -28.317191261358065 14.774384166839155 5.136328620103178 -49.45636159192609 
67.12869941055907
3.8385835357533793 43.25422056999358 0.8361287256246968 -14.384814504929736 23.99988572110864 30.331826876618337 -20.966330093890374 -13.740927223810061 -25.19010728118255 -26.372768966031057 -2.495183684820944 -4.114958009455428 
65.8600292749242
34.76363865180528 17.092076754889902 44.54995777468801 32.822115568417615 21.62103142444252 -17.860743134431864 -42.87765040480194 -9.498091410636313 -30.23768724146878 -35.10955272404179 -29.658515813160548 39.03414117163905 
95.95311242840314
-10.460398664021554 18.706270625083846 -48.44537990992271 38.07276011346927 -11.270824798808746 -2.905010346195226 49.51700916643675 18.077194895489427 43.44081860840896 -36.80738486543829 15.278912658895948 -22.33714891781988 
20.99062476908128
38.60332281252711 0.6639239363497893 39.89383219619533 -44.76397990503287 3.9514916226714405 14.913360917434787 44.29302764069402 -41.87913366125514 -39.67462436986497 15.773371657059897 -12.238972662107372 12.32989478122959 
97.09328639163442
33.4202126198838 -20.824993674719515 -28.906881669178897 -35.5769560632604 28.508464176160345 31.633066166375727 -16.924585457047584 47.761106668154156 22.83400601040924 -26.95227121910785 -32.19402196722966 -18.92132007201314 
93.93562066898481
3.155622321784456 -9.753106049976935 15.867797638741493 -6.583907883861286 -37.001336552881554 -28.130393864999558 -16.32879342049919 -17.15427777226664 11.545286847836131 30.002575570809867 -48.64433670567115 -19.18178926972417 
73.35861146684533
7.232979572828654 -29.611016178389427 -19.939129556687206 31.081662314783188 38.28981977539462 14.057030292663185 24.458200667078785 36.998098749772865 3.1053201712352916 -20.142423700071067 32.42984564905112 9.040115495441214 
81.64607079590245
-41.76625624445076 15.311010179584372 -41.646468137097116 -41.37514684450565 33.36053864720812 17.215439844129207 -32.10666632989015 -25.651325682875914 -13.126239713535412 -3.6818947418530072 4.511189994393774 -18.272011131465582 
71.23133754465958
26.57673537897334 0.6098121273442771 48.86671463035424 5.822948732301747 23.6184215841066 35.67722246725603 41.67208399328891 -24.00544891492048 -11.150506755419478 -17.12262602202592 31.567978661138056 -17.169791904595414 
71.8039571115971
11.361744165853096 -0.33511767358831435 -0.16555540060062413 -27.67224889471488 -48.92011364282776 0.6341530640303432 41.58404366703441 -8.596828831623228 33.60517674499748 7.053778735630033 38.969086555802946 -7.750213278700379 
69.8552510351711
28.137425024994457 45.81873686546544 -48.20473008764318 13.574949591290377 -14.471994397947071 22.508088046809917 -33.308477686377834 38.062837236718465 33.231568377629685 -46.431804539393504 27.758546269883794 22.860673388766102 
78.7869054962743
8.37211382724837 -7.929439464627244 6.988453316322051 -1.589343383410288 46.64566064654183 12.855850467161687 15.795954647727655 -9.872612845585003 3.8522923769415556 33.96390301523438 9.615000502459623 -24.211468646961332 
15.427349448249384
-32.13962209267895 34.134911149712664 45.40367411370468 -46.612357596349085 -46.05745115741622 24.78691653367379 35.35215363940435 4.018187317205616 37.42482740772094 30.41157827415988 45.81252726530832 11.13863208422994 
68.12603662597516
25.096548674438466 32.14194510159126 45.87773696928346 -6.802866313673519 -28.689721174297812 -0.04298880407876737 40.93501900691116 -41.83989411212245 -17.679427870645092 -5.687732087403219 44.98447608447833 36.585817425993014 
57.37512919132109
49.64194459764394 11.176077426926142 -19.67944292645142 29.234591108389864 -40.97485466971317 -17.383502115627927 19.378153080209486 20.386750720998464 28.854191789454035 -22.73866676876749 43.44647476107461 -48.36598155485385 
58.130371088216194
-45.17316883470449 -34.585779154068334 -15.265629663028847 20.380858888806003 -30.870033876329817 -48.59409249343729 9.38941199907164 -19.414889892692155 -29.30857078381669 1.5200004987486224 4.111391931211408 49.51858073394048 
76.48694652719861
30.797160715876203 10.364319785171439 -36.43387235859433 -33.591983996556685 30.90263088548359 9.862587538509914 -20.673010337417708 49.29409577180144 -10.41121221873972 -13.976164841071103 -10.772214167640072 -34.676133381017834 
57.210936890118134
32.31101443170034 -3.120506611978179 -43.89585473965092 -22.59855145976335 42.56192666598734 -10.941108111462704 38.970684296677305 -7.535621784478721 -18.607198089004196 4.964500016916951 -32.18405481695534 -6.865277469712225 
36.375705886337315
-17.20843259020444 49.18467558035326 7.053525522162687 -2.0720719099209006 -41.309801176641336 -40.571063529295245 10.642031940606557 47.71472992005751 3.815235738801867 -23.61004608894457 5.0151921892595865 -38.14490307669526 
61.446043019176024
47.37502091128121 18.156763969606246 -48.66650188093605 -11.951129215297826 -35.87660517663651 32.785359277033095 -31.24114857712629 -40.325968040847094 5.005942374817273 -7.827227923617684 7.97522406569653 -21.775398036153103 
84.8790827042919
-45.367005611624734 11.017066837951631 0.902944236538552 23.814319286650914 -48.51769067302379 25.515055068584218 20.535847760844774 -42.64953589111873 -47.02208383529416 24.896906845469033 44.498631773511335 -37.0335624312318 
12.07458449950366
-36.4091835486721 -44.39693564098892 -29.851700842745764 36.795808839610245 -10.072593358857738 39.58350624541012 -45.275066986751376 -11.40196040246095 -19.450552310964163 30.710231924592264 -7.927380860503241 16.313531879515224 
41.87678013655643
9.578328688450867 -41.66049714491417 13.089446303560884 46.53723821563075 -14.734756775070409 -25.983279986680017 27.197810508542346 -14.337394534905492 7.819447785845732 -20.01624460824205 -33.32699280635669 21.561962156680636 
36.43728363733084
-27.418614235240057 12.440502065685408 19.522976316799202 33.704608857913485 1.3163158101472092 44.932527207701696 22.35509953188442 16.924324760503637 -49.52256833342656 -4.856521457089222 6.776781500589898 -26.17955745674665 
34.244342516724835
2.6598210799096975 26.862200713654914 41.80389444606713 33.79470701534899 0.40631801715230864 -43.49878708009093 -42.49523660779023 44.46754903480094 48.682452770976624 -9.810436940520752 6.420204483802209 -18.78432952120914 
59.5198967338058
-0.5453632069283643 41.29681939719697 11.380873098768262 -13.526034098620457 -29.164667616146733 42.26078758228638 45.25168582983376 -45.33098877524011 -29.427056049388923 -38.271395945340856 16.913908125707493 -28.750312928864062 
41.0331408179996
-17.22423414323336 30.580134062711068 -12.6528368032385 34.36752968711525 20.91035037655135 -19.114762050775504 -20.748738189730386 -19.96356082829236 16.09286148772304 -20.43952001812087 -21.313371622485977 -35.44701154753509 
44.36334899349763
-14.5502181997512 9.923037083052023 -25.828387751294844 26.58128442796351 40.007428746997675 34.90693236955158 14.232686525955259 -24.446804388591982 -43.78272522655562 -33.31658492755709 -27.51198637678399 2.2176443295474755 
45.29928140760489
36.084847993765166 37.97030913408419 -3.423387801114629 -7.379966767728654 -13.00570559701324 -28.166925360718743 9.706944827398601 -38.100378814603644 31.44907666070104 -47.924470490731764 -10.545049107506053 15.10809835385335 
67.43173470445973
30.18055783033057 -35.68811292788317 -15.629544816033814 49.402688763429865 44.431901565676654 -22.51248468853437 21.74990205128239 -45.539016228676665 32.04012218656818 46.34349222007582 -17.04506193148722 5.476484885049281 
20.195127414734603
11.117826895367614 -28.183420978103292 -3.3810556393068154 -45.22367663321709 41.266274988722614 33.80779270961287 16.416380381766388 -5.310197858456057 -12.234058100957178 38.928038611782995 -21.192739137928186 -40.334863439066304 
55.37101002266228
-13.048427039982101 -46.39203455113206 -30.167225601214152 20.079965284798504 1.3389358912573215 -15.600877001878018 -43.48382349087346 -16.031735681142663 -47.963126127178704 -5.9586709255783035 -44.58876060454333 42.05989024295408 
11.942656376634886
-44.13709355997361 15.68871057897286 34.05581121727276 6.9846218639642 -47.98070324715717 21.543699111711007 -32.49314480851464 15.571451557868201 49.60578698478737 26.3295790572423 28.413038855593854 9.588579184691902 
49.81222028205837
-6.348100388359171 40.25098349372108 6.170824021144675 5.740465314348043 24.661195298780243 43.075478280102004 17.156158699084088 10.46238830507528 26.271889971019576 40.61089998000308 41.426323912939466 28.478084594649914 
91.14769294994515
-44.857393420354754 44.26571834999987 -19.058743730611926 17.032308966549508 37.53807684627914 -42.57914074009553 -2.1494825774142967 40.36738171366534 2.871997335666812 13.718414172225124 18.862565210089528 -2.8719537211844752 
50.899093329784925
-49.0993665376843 -41.5348889155151 -47.580371207740015 -14.987000167740106 -19.237228449591413 0.9544996013466047 -40.382632780851395 13.348999732744979 21.727872825162763 -44.004962913289646 19.694287987047048 1.3330334753156023 
85.6700841279545
36.49399615041422 11.870669339285364 46.24882772594012 -6.90156714231356 17.10835552868714 7.831794335940941 -38.71037552450627 14.738769517077941 -6.093648456324651 -36.50103038021811 -10.919561751870923 2.1024201284163055 
43.53892463272279
-45.297918714208684 12.801340534482762 -25.194213999215908 -26.266780587804085 -13.909748892008757 46.81181524333891 -21.79402571413117 16.002280157043216 -43.76961163822409 -31.929287408682082 11.34329525633214 36.17215719227012 
56.08179079836268
44.66590639998704 -47.767714807861324 28.659624692158232 12.898140917514723 28.412282231888113 25.218606000545535 16.3908153836189 17.0966117819748 4.746161602158651 -36.579951360869345 -0.16698941121240551 -14.252996544168774 
85.03891224717461
-31.804385866090424 -14.181067884108835 23.072162831609432 -16.028115586894288 -42.86261134399284 29.67489749565503 35.71421285296378 -2.240530113912179 22.255792910269804 42.62120242933105 48.509355783291596 -12.223472815276615 
40.82946254358553
0.4951555893938462 45.127363756668686 -21.45899833800623 -7.183087798772959 39.55421572764068 -22.829898121437033 -0.9779541418716846 -9.222186847894811 40.44869025946532 45.18671747328912 31.888553217221755 20.927569439306936 
32.41053304407636
5.551445390917976 -13.417552715731084 27.24962120816386 -3.713241414724557 -1.7368060517554014 28.995722557264756 44.515688212200104 -42.74695234008242 22.46444240619242 -16.950357105482396 0.6149721261326277 35.87515709368142 
58.8401710541372
17.61910984471872 -36.230918751746366 -30.357243404299027 -48.95409531298267 46.01475421616253 -43.98973894741492 26.182363800060543 -38.072809558773514 -5.370253150734364 -9.273758038851064 4.063069378023634 14.531112532702537 
92.37797735722573
-30.874120363685698 -42.559216526247546 12.773733652546618 -6.805325540846731 -11.8445558423887 36.7437674462045 12.115657542856098 20.140136309306456 -29.303716314442752 9.184217129008395 -23.288855338382508 11.541758055998862 
77.80030886067951
-39.91224673240471 16.234513980697272 -42.870956631252675 2.2705710488969544 -21.135343746515435 -7.049121818757179 35.26088308133757 23.0699439294132 1.9037032708878243 27.58646909698909 1.113819621621694 20.84173221139727 
68.75158163499995
-38.83283743266597 30.094663065052416 16.25180127146318 47.64775696068675 49.23204910850919 40.760252814647004 -5.087375288655579 -48.18316920924921 -25.30780368344997 7.171752525216434 25.32534764362731 -1.1226414421316093 
16.093036174255804
-28.11962985556187 -40.42311472184416 -37.69180625686553 -0.8479562773283078 -12.364063502439073 -19.545300947775946 26.12039470486596 41.181754041501435 48.42930850261217 23.192821111076228 -18.285144464386672 -29.62868781734351 
68.62407643811375
5.238337845205699 -0.6372770262820495 -35.11181880295419 32.70262767166187 43.228472592537344 15.827820645855184 10.37475660072431 17.54607606158254 22.79403345057939 4.357247382006982 18.65307441118702 -15.812801072000667 
63.85592536364625
-16.401598818263807 -14.686062660154576 46.61995356454959 -8.242917872232546 -22.042351679487027 39.35518907691089 -48.48123984215121 32.873024567601746 -36.5020296723899 -45.85295337839873 44.615190501575725 2.2700246844362084 
70.67988807997902
-4.259249825447029 -43.00068460906833 40.530601226000044 -31.917984012228217 -18.09996198057242 -32.242567412591114 -12.958083452768363 -30.30536411134098 13.223259519375205 -11.872554729293086 47.84334194714543 -7.538297199958322 
66.33717618138479
16.74771194833707 27.55532925551843 40.4537254524063 8.3818311202728 35.59469817047082 -3.0375664619886606 7.3860080137794455 -48.13086378794114 -48.15071229743542 -39.500837018032406 -29.84624312852373 19.486085917814705 
92.2011724325052
21.188087641934928 -7.362414983984991 29.52678400584037 22.99523639469055 14.505420091824362 21.239998394111396 44.3758252969818 -47.85660091012469 -2.7999088702061243 31.44546544854711 46.82873641380475 -33.13007879833482 
82.26806479324357
28.153685724978388 22.023552640766994 -24.872321983624612 7.084501522851859 11.617748484291049 -23.62912946559732 47.91747367047667 -41.87792208766916 -4.474138317460785 19.107963227279484 4.761974629049369 -47.26539439212718 
54.097372559506354
16.96586238373176 45.23038486744794 -3.8391495282717756 -18.97913192047149 7.926576789703773 -44.32049747836356 -9.795740222367279 14.64410695431549 26.160907099263085 12.271355345615277 -31.029972658443217 21.0326259150968 
96.97558163274962
8.847116289704147 -23.408218333565046 29.345890555640565 7.961740420871379 -38.61847013266766 32.05592750521947 -17.563184992266123 0.5250534490725798 -20.488338467497368 47.032434872777884 -0.33734853032111545 -45.40892588503521 
0.028225310378293678
24.04668126614112 48.60210331363493 -41.48234725296997 47.237372764689994 -35.62227076209706 37.70571619159324 -33.890407347288786 -29.254717089879968 -42.25581513908331 -27.136487527292118 43.11893795622052 12.487462497671984 
59.13958368777823
17.455923373085696 -3.272384387481061 -28.280813206379996 -17.894980489532742 -42.338913036780255 13.247416748622484 -30.796962327752308 2.2775167377754286 2.6236142254661203 1.6355619418971443 -40.02595803972167 -29.771557919802603 
92.54696011280303
3.4124465647484286 7.832430822950066 -21.593019042005444 46.853563189878386 -16.818665295042514 -35.891433669112104 13.429589165346975 9.263952309323628 -41.811852139176494 -11.735869415453351 -47.993038950047485 36.97803357828184 
10.222757235275747
-41.461795824205616 26.476006987937467 37.09884010787259 48.65139263763102 47.116363903360664 44.20496151834509 -24.978978928206573 9.483189006129557 -23.804506062644148 -5.934365234597379 -33.286610890926106 -17.887942155934056 
78.83652275951644
-37.282474804718106 19.656877975626784 -47.26157244908463 -38.358186596386744 13.624368093406822 -44.34368759822927 41.46363080295451 -44.9364876503147 -47.475620456560506 32.8263744117106 -11.336958117904231 41.54362109226358 
64.50133819857965
33.75924819033999 15.48229739259466 -28.293825951641203 -40.14564278906122 2.2133826427005374 -6.835740612300235 14.466335428298123 -41.35999694371078 -8.380086815708573 6.402645580116953 38.1908891544896 -22.938789138808335 
85.28526678549898
37.03151365576612 -13.061045071821496 -47.19679067401685 -39.6244798450053 26.098105354365813 48.33150407554004 -39.03255583639288 45.60012312980351 -5.270197227099594 7.7425602288549555 27.4303218442775 -34.03038599798354 
67.19424945876227
-2.725305868350489 42.254278223343604 -22.916007192124464 43.16496778251016 -22.62418019904913 -37.79542707720016 -33.88455769894097 -39.556923283094136 33.97388651539298 -31.5241015672022 36.981157013321294 -25.750985228143264 
84.65061708761829
-36.59127255409085 3.158976678021638 -45.31358349251976 -36.35512029359048 48.27608388668119 33.18068196361837 -29.906377689015308 47.370941024955926 23.147207819659826 31.044722587859752 -19.263448405695904 -10.343731299497591 
39.3853591279682
36.62227239517338 14.659934615867542 -40.95186392118917 15.512805314512775 -0.41255945171423036 -14.497771584527676 9.307820058011743 47.97678750290268 14.484626862676635 40.69278588412098 -31.394332090041786 9.776086835432409 
54.25289182007067
47.68812894062927 2.949905386003529 31.958530246127083 4.859375238222832 35.76747629219011 45.026513468467584 5.675636327859301 34.65074872032538 11.39596500468025 -19.102878387143097 25.781298769759957 28.613731332260713 
6.277217535213364
3.8962981016372424 20.887256989532744 -20.057218184536683 -1.0446868145911452 -22.410762782826545 29.338829492892486 -40.854994148107764 23.18936616329563 -2.2046839565468375 -14.249763011191888 -25.630529114254617 39.312299724299905 
57.45255924197817
28.53949601934272 -4.269925379377263 -1.6013904659488247 -2.50745281580015 25.328841367288064 -8.901871188690912 -26.695720364932196 21.914881862819414 40.12718427484772 11.172958450953843 -34.49482728374159 -34.10519723711132 
83.88711718119335
17.595693467221636 22.14863067506107 32.02711804625994 -1.6704270213193553 -30.546389661021365 -36.15379405091883 -48.29587147264939 -28.144833636346377 -29.27069863562527 30.47376683596545 -13.85525249978162 -24.088076545810686 
84.08105221626754
49.60848730186565 -45.263423602024844 40.36498006786637 34.79777949730938 20.22053747751832 17.122193628523945 -42.785491512743825 12.853988965701078 -17.149473621780288 39.855476905232706 13.434007599756029 30.69714901922083 
66.74208919350819
-1.5267186824048125 5.751819254905087 9.732006918809276 -35.73777170370025 1.4723524942264277 32.87452315270099 49.42330775261246 33.43035578871434 -26.04912439838124 -6.048343063745321 -20.47949534215877 -29.509767153723885 
55.56857192891415
-3.993028351400973 8.114985900906568 26.197281023208447 49.99883440768748 -12.387757187362155 6.072459614834557 -38.14294845094254 -38.80912677674018 -8.744615535012798 11.840105461636384 -45.86111041621685 -34.47060147592672 
52.65547358565432
49.71016860515341 -38.69788322781312 -1.6260902788071547 -38.297003566403276 29.328687625416833 7.710363838051762 -21.52084428161517 -23.24555545589494 34.57009037468056 28.372906605183346 -45.55709124532598 1.6862033188327814 
65.85540513370579
-9.259773815235242 33.59668352233403 23.413359112936902 -28.426102249247943 -22.905793248880656 -4.350415164240353 16.504966574643674 41.4749246246117 -32.388260892654245 0.9150113351512417 -38.92203693863474 37.72888610247125 
61.54370964455301
26.094428849458566 0.3278053333275679 7.813147115629818 11.939703955520876 -0.6379765012912344 34.854622648361484 -42.53915653468337 -22.03799763314922 -39.111495972596835 12.369483169799075 -38.382494191333805 18.070702761760984 
94.96192387982518
-26.583842584475505 -43.3174761797262 -42.77486462661957 -34.49213653639333 -43.580471150194114 38.26938838803852 -38.265012785789644 -11.919106701435467 48.6725834133682 -14.6991673923036 46.50783775971344 -11.706274832266331 
43.799721702417806
-6.538130926155027 21.17808367973757 29.170050652248193 30.784860434708776 28.865874161764737 3.965546494400755 38.05151271163422 44.8286443174331 6.245839208073768 -4.899731520108276 27.45887068067735 -43.900212134687266 
5.064945558831246
-44.736637715881535 -16.298088379328654 -41.12855561610436 -38.35233126327755 -21.267981178755015 42.052159536528976 -49.41583268759444 -34.23535480802701 -14.219960850955104 -22.062946709117526 -41.947067042716256 46.061535794073535 
34.3735943279627
-30.1162954014217 -23.663642005249528 -49.695796338160115 -32.68484162777368 31.834931134963313 -15.287875536280914 13.619518754434488 17.726834461514144 -30.020232508005794 -6.246657690160994 -39.256865484396386 -6.87238896287149 
42.38521363723652
7.676371805788861 6.742625955449533 46.347331990771906 -11.514516145761768 -43.06854934129717 -45.23360338434369 20.133472016847705 -0.12044470469619029 -32.566809297541376 39.075829891143215 21.545074502935364 23.907364887845745 
34.878838356972494
-23.049888719374223 42.09146786027449 27.119526170117993 -34.72206219646027 -25.989718176138588 40.06172976474525 -2.975051407599402 -23.88213703236547 -25.908970294353317 42.60407151979429 27.395304980599207 26.515413614389175 
6.995798200185233
-43.147371073535645 14.924797952156197 -40.7445249993199 -34.69717117781692 1.7624390318047602 43.188236347964434 -7.206435542939559 -15.153249138441524 -14.698359485573853 43.60992004864633 -2.9002483113547584 12.58238863603254 
5.263235250737253
-47.449594678467136 23.64739250154416 20.244503843709992 46.197012301426284 28.637753455848383 -13.099294590312617 -37.450841738928595 29.825531710365638 -44.88567244399779 12.331183273266092 -15.360497321420617 -48.20366250708565 
78.23985525671345
24.29347039016595 -44.939254939079916 3.7358632011672555 24.68588666527488 46.01719915855814 -12.243859633623835 36.3087483952922 48.37638362961944 23.52202831563619 19.407846782074714 -33.65040291974533 -19.62633146816485 
15.438935648283369
-23.096462031022767 -30.87752611229083 -5.8214665794062554 11.52154593484368 3.79166481597467 -24.623289901718326 -46.7922228419017 4.057113428246296 14.295361757118656 12.105886960460133 -22.767962213802704 38.437518813241084 
58.786899847100585
35.780131975248835 -49.798712945860366 11.826465058608392 15.58178878555438 7.310158524809054 43.15485234472294 -27.840231756417378 20.49347174986258 49.11474678432154 42.807450275836786 -6.358495002840378 7.796764435321904 
56.40165046286666
8.922149076703178 -30.550510804591546 -35.919908931594165 7.135203179947126 31.72577063952386 17.539367785697806 -10.076330987306406 -21.847835132597147 24.391765469644753 41.23741493742526 23.422800845292812 28.500646136068056 
15.010089304222928
-27.262160175568372 4.282495965760667 -44.68480638390658 -2.5167943993956285 -45.32873284266855 -2.4584010031457026 -37.59550782654686 11.431792012377272 -17.413246254780304 -48.05826892113985 7.216257662933458 47.463333436116784 
89.49059223082202
-10.461691570057631 7.957389799208201 16.05126802404881 2.510798537929972 10.357967405508496 49.38550328811688 -24.208114409530058 -8.692894474336555 48.73876113945174 23.151465530804415 -10.049247357812405 -41.9780639525846 
86.44646541661973
26.560643944056437 -31.020089705774247 -10.631295257723337 11.74248210779438 22.234006913440496 11.081664737484573 2.8795239340480236 -36.714280798296095 30.388405253088735 -27.08570516828993 -28.614786172984264 13.082954891912877 
35.31868215801906
38.17957042535744 2.4762425830498955 23.659204672211075 38.15255657913235 3.1014472211768336 32.994054967425114 -38.79839818010472 29.062439612914346 -35.30009856008404 -27.471989752876347 -41.36260778859972 -16.143287194124397 
30.283332394331474
44.44391542106942 0.4386210324797375 12.23620830349568 -35.27244138760144 28.145953360240995 -5.596826357133288 -2.0100422937344717 5.878915982931169 2.0745597485610574 4.7437946650602285 -24.982483324448403 7.8135014317786045 
73.3685932102917
-4.47617007946819 -22.69650585744173 16.704186911882815 -42.8290750171048 -26.189620141898818 35.833166422798385 44.69147421159951 -13.767635662774488 27.872645453804523 -29.073634223820065 -16.576124763508517 -10.230409553869357 
77.3352408499977
-5.419928170904797 -9.172017493275789 -20.5414196041523 -10.596687392946833 -5.851543728283737 42.187956702067666 19.995770921397096 18.10830180279285 16.052408211072347 -40.24135428285788 41.834984456584706 -8.019759517264802 
56.198811419338156
-26.093858325125286 -25.4910475415844 9.634494261007951 -7.596825323611675 23.16405963908676 -9.629998281445381 2.4679018415695637 13.347471533529863 -29.386614466613615 -49.364696125706764 -11.00871589059659 8.468314038263955 
49.63826286311076
-11.702167646683371 -23.717666985843344 -16.341087548450858 -46.6203900268028 45.764969071675964 10.624925852894386 -41.218502663316094 -0.8970093017388905 9.01248233706744 41.60792289260519 -15.274788291029317 31.21673713460673 
94.59237845142684
-8.211435897832494 -9.892281957912488 -25.17923194630788 -48.99110840365827 17.48259915104812 -19.29291335548424 15.436162676285619 -18.222289381054246 5.325298050726104 -31.676204803699125 -40.039966847502214 -16.090749380537716 
23.954563429826305
-49.98908271377083 28.909786840379468 22.607616584265898 40.499351923710364 -6.526052297132388 -9.334619983054402 30.652662623623144 -32.48632605353264 9.929874694174423 -25.312256211438154 29.233333929752618 27.578457498464942 
61.828515924730034
42.58603634902971 15.926253605721712 10.000608641786677 -40.42270780137588 -46.57405994124619 5.064326242339725 46.87058795191011 -1.225994532594541 32.81575042720243 35.91585830955913 -45.80305318768457 -22.559607986722163 
94.07653273626629
34.895553677445406 -32.08183968944003 11.362538991364026 -35.80285372626898 29.454420945369847 4.29928073069874 34.88250987789101 -12.705524674581639 -36.653472912161924 -10.447168397859421 34.34886187448852 13.943731889410003 
5.646214107383485
-15.519523421182711 11.921914563627581 36.013247759284326 -20.809762571509104 -23.485984329593645 -31.45696847325198 -6.467354112892089 8.045028881483262 23.741231213004397 26.615373091158844 -37.357091780622454 -1.8498863842461901 
63.334255437862375
35.30688178872745 31.821281872337025 20.464426922677006 40.2550284398926 14.37457712127268 37.34357947763378 -38.2568763513185 21.19455597130718 -3.977560845197182 -41.65908162936553 44.49820972961915 33.40963461673927 
68.54355827121562
16.827493276398528 -5.252868807347376 8.452803449148973 10.36036809650085 -11.279519016043885 3.829216012467441 16.74824247017149 -21.434794418642056 8.142744946858635 -11.129332118339327 -49.45156277477134 -17.82340683043133 
89.19353402849148
-44.595426675951686 -49.98658438681293 27.065025551391145 -3.1081636669192747 5.203188090870036 19.986427817470997 -33.13476447000505 22.14168570557125 12.555520066021188 -46.50307895233193 32.18026765640276 -45.6618266218 
63.02401039424315
12.103758563477683 38.99594374222475 -0.37254139046578416 10.139956077512124 12.898607347649836 46.46252819488976 -37.14636705223301 7.547984891684045 37.321480907718865 44.06380940393187 -3.1301911208325492 16.78579842983001 
57.89744039751845
48.68196208457795 24.160303406976553 -25.813922045482705 -24.41449544540779 -16.820077116325415 2.6153927352436597 24.313304360025953 22.63781936265032 -10.138749524162606 39.81955152474808 -8.101029056781847 13.699224489502548 
54.53075299027661
8.35870783141548 -30.58552105489768 21.334301903002256 -20.132593140096354 -21.57847754344492 -6.778206334302759 11.25112449554733 0.43443045717468465 -36.63576278174491 -32.33232791983845 -2.8021439082402253 -24.110417792318373 
18.92820824263801
23.538131598365112 -34.15953263640033 33.82210490447146 47.44371664217596 -35.034478149621584 27.886786676002743 -40.86902061650969 -15.376789800050126 -32.818574596894464 -26.695780380987 42.97244547618084 -11.55832988463925 
86.43434066444694
-4.314574425651529 11.043003841912437 7.121301587203952 32.94188909639615 3.648312767100194 -1.6725369889575177 -23.61770500964493 -12.07690248590432 -44.38625159536559 25.429770537861828 -15.109062471942671 16.557060188298934 
88.38637323439208
10.21775449177332 -48.76912797716862 40.14008006133537 -40.32899380845786 17.751105233903843 25.74284017848302 -17.235861305060865 39.98905802555713 11.325275360501216 -33.777204187714084 0.5154130148324185 -29.58346967806501 
67.95215640965107
-12.262245285641747 34.492193324466854 49.14709325525813 -37.28818132365546 -46.286648814716955 -47.13248573810159 22.090815544029965 -41.85226713953023 -42.03347128776234 -38.227592613661145 30.551184612324462 -42.75873576542647 
95.50137486943532
19.951640630572626 12.48000555056359 -8.510489242532238 33.65563061590687 -12.05554908044644 12.891873818715816 19.22376395733025 24.57991237651447 -21.031366194447433 33.72691946968523 3.544240902218178 45.05123825500108 
5.737131473109147
-6.217490604402151 24.109976594233004 10.267007207707344 35.11199219541713 -24.70826439190127 2.511029167674252 -15.464992107122157 20.80143015088524 5.308413994644582 -12.936524425467525 3.6697375148185287 -16.76858719748997 
7.2654536338504165
-0.39409942005803345 31.424652534854687 45.27406268823145 -39.094567746893176 -5.760548755215709 45.434639565607824 12.690895365315747 -22.76072834014776 15.941685014636846 -13.08751755769022 8.949677387869173 29.27091684384581 
25.597846979924398
-5.600082748743461
-24.207248641251756
-27.015569395003414
-28.905597569152985
26.160501842366983
-36.38455757088449
23.61403748025168
-18.89486396612965
-23.89575926677072
39.357755592626646
13.904081901372514
32.776499146194524
