constraints 129
variables 13
37.1674710679644 4.851444265114736 -24.53625676173392 -41.5106195416291 16.537761573466 34.75411373169118 -36.06502312197545 -7.676999142007546 -3.0753844855183985 -38.88781965007736 -11.211066089446987 14.188071925572828 11.741007654030625 
1.612632717032625
-32.89851422682205 -3.72435157217177 32.87001881597472 -6.540604839528498 -20.070611737126665 13.37495898520644 -20.4422521367731 36.724978375955104 -1.7521276103606453 10.316649521970554 48.40501879752762 -33.98392492423847 -34.50728079741182 
70.35719216853641
1.6069589237770145 2.665599946970943 33.084380814971354 -19.28882937532801 -45.79727305086128 -30.941784295132322 -18.262501140900834 -33.85491569893169 -4.6639293261614725 -8.284027227809723 38.409914832313206 1.8784363921803617 -36.60945892841446 
30.415138816266573
16.421129653769512 22.99483968817306 -29.648437129764606 -3.1251019039368657 -35.42914280422194 19.14795066872884 36.86083638237953 18.453073207519623 10.014156408373132 40.55404097186464 -43.83323399553322 9.803618178083049 19.200408815283055 
94.09505788628917
-47.462046664456246 38.59508521932024 -18.640849495076594 26.81306290237373 37.69506205752846 10.158875823092714 39.81657457957964 28.15896510416404 -2.570396238293469 -49.66945370166131 -42.14768016599648 -17.934505276161246 -40.18345559857224 
85.76704035477978
7.856899076922808 -34.75362190042246 6.290832208694766 -43.3328072345079 15.225930095908282 19.08075308374403 -12.653694793721385 -1.907589490448224 -28.271881569775857 19.0238412179593 -4.271346655937904 42.978964449014754 -42.990308063222315 
77.69195151920708
31.732446068702444 32.452848313875066 -28.55118712032454 -4.39806635097694 -32.42452377729636 -32.79729509389525 -11.250775929052246 -32.99781019670645 -19.1880369159137 -2.5641612239529508 -17.536787826415136 7.314431953902925 -19.640531681511042 
78.33687040444485
-32.940276225100774 -6.587626837112971 -7.047392706169745 -37.031877250035436 21.204257026863942 -1.704430097235523 12.69995596696166 15.19535795452181 28.59295862932008 -42.32630291585564 41.908854593800115 -48.50798655192335 -20.015932037150776 
77.5585166240247
-32.54399705783318 -37.63039671066758 28.99573548157815 29.167898031308624 23.720138934239685 21.701532785213615 -16.21008339774165 30.27820188942374 -9.543711598429738 -34.64796997486407 46.93791803681047 30.618439322523187 -38.020601294201995 
59.2914847360035
-13.436145559745583 2.981614751488962 2.6384102759116743 31.774018036176827 33.288176617074086 -8.564304019425727 -27.199839077558664 -35.8274137586518 49.544091940244456 -16.651309798468873 -30.574266897218504 -29.28849717558213 10.515557142983923 
2.8993323891210565
-24.189807020662325 48.605801903934946 -30.75371179920777 20.32693316151304 -43.83009138406223 47.01131356750453 -47.605004492188094 -16.619058212252583 -37.50007053985157 -14.291015618196134 47.66284774956149 -44.73714053979838 43.4872096958365 
2.591386212916791
-0.9050603506629002 -13.189906992379541 -41.746277601733695 -27.211050416388183 22.258358643637735 -40.24655591486288 1.316765015198449 -28.332001210393475 -12.274859330630285 12.586927241837664 39.392111290563136 -1.0478689570772346 -1.6606950620103902 
50.92062879368219
45.52886106211821 41.86311389607036 3.422807343735343 0.14438990254511452 -8.446815635013259 31.44690308708769 -48.62383241514956 29.812077139510194 25.911408560292884 38.14498224167875 -18.9448109020673 16.363275376637475 20.741175991564276 
10.190740274844078
-8.143956899509497 13.631264015524671 19.36270793137996 31.555116787127176 12.616760184567298 -30.95685634491009 -46.62955599121703 14.935301973140128 10.243906728147799 -42.499963639437254 27.11865477748718 -0.32521981504081054 40.39909323457432 
54.63230676430041
-13.36709445526153 -5.477416529718695 44.63063676760086 -13.543226890932004 -0.157538830782876 -9.215917599959681 41.01157480176549 23.41994024920237 -24.482886897017398 -27.314739506134313 38.64594244637047 -16.60674504594654 39.40508512627552 
18.666852817616288
30.331060758467856 -29.60649502946128 -32.19295870317771 -30.155647115613515 -17.78569768272086 3.6334040400365666 -48.81556560968868 -9.985637887849265 44.458638317892735 -15.03543498656181 23.388754826130395 5.35730374558748 -47.2679571086317 
61.85696168795776
45.71151229008149 -8.618930639553135 -23.238442476726494 17.7661296002141 -20.806950312896035 -30.33033833773098 -0.7563079419498209 12.071288855680109 13.491596385524382 -12.354513191416459 -23.921474943557097 47.7246770751583 46.10221511223094 
30.823413877856243
37.195719865158765 -33.6656269176988 21.828606514964036 8.929293817744785 36.16642693117869 -42.390064044871664 49.149017916655396 14.77515876748528 46.345795995370835 22.932190112029645 7.4807492067388 27.927830396434217 31.46666174811743 
1.265592289571138
47.33606792407345 23.977213927693015 -10.59430188165522 -0.2864744474589287 -36.02438182372356 -45.39490486136923 -20.73085413884106 20.72402738104607 -5.596342047289006 -16.325227032397862 -6.004024131867602 -6.714600451840333 47.41281179287718 
50.20636977973876
33.35216691675454 -3.5917962991158205 26.874207977251373 30.372275122970393 -34.50948568903376 9.772212488767174 49.58224649216861 37.541588484365846 39.17619852500803 38.62384402923979 -9.298537173381469 -18.077925299036245 23.329117299196724 
87.84173163798552
12.22625756587452 9.492594194349799 5.709769822537659 -46.45498505135105 42.85253950587075 -46.311448619777394 -21.623771500550216 9.701055327986282 -18.7263761634479 -37.302608044571 -26.034425043340104 41.896248544479874 -10.849034693527585 
60.24078190169328
-6.096081313582381 20.765669389067142 24.873653097481125 8.36452590475789 -12.675117276769257 13.534311206215492 44.708819929533874 17.026920880316666 -2.222722793078802 3.704712344780525 -35.94157615283344 37.17071591469491 -6.271591709094729 
76.13276902917285
28.276130981925576 -18.51663417549563 38.42029671757976 -22.434384550239063 -10.138661174910666 40.19486492884474 34.81178696536362 31.172447534728477 26.835604032360123 -1.968113869008981 2.140436039383765 17.681182692030134 -34.27990443607823 
62.8415752209563
2.0637128335423327 35.44093893394455 -8.229125414690728 36.41780380798002 34.38991372466165 17.062282052332705 38.99221530873922 43.70727641702008 -34.91505144841365 11.24425837795554 -47.06367185787911 37.84236471597801 32.541922395143146 
84.97926157105542
10.411227322805594 15.34212660796571 2.0262624110382035 13.533786773790787 -38.04329821576506 8.34243650800942 2.7598440137579487 -46.56480479488442 35.31167749761275 -31.13922774303176 -12.716545011445923 -12.848388705252532 1.084509722572946 
73.87062362983238
-1.4623892996694394 -12.765886996435192 -44.54896779028085 9.35512599358983 16.52759484359838 -27.602574249094623 18.943477190736218 -13.471027930307791 -16.510655847067525 18.347328779932297 -14.74334248206106 -45.93774678582842 -25.85142136925119 
92.12005501024029
-20.51392048467484 -3.5906584477531354 -14.03362716348888 -49.719034579184274 1.3259543291811653 -49.75947565447183 -26.80985671329793 28.53679320307549 35.49331486166068 28.493600729865207 38.07977564677549 3.1478632793752936 9.007797588994158 
64.70714529804371
22.854465775179975 22.983623625618407 -37.055160474283454 29.06677447493847 16.706556426364642 -4.853075145418252 -15.106594426343712 -28.009826953668448 3.65446985418739 -43.20050557089711 17.58759203536954 -28.90376599364528 29.057616667730514 
31.153074499351064
19.044747851790788 -6.951816747205385 -44.70805072821037 -3.452258892916092 0.031031206485998553 33.030085030808635 10.385574900406503 44.12093329707429 5.78863065833319 -38.4893396355957 7.339661872589531 11.777787399095594 40.69709728061606 
40.46787666959314
26.41064256540288 -39.994660579098195 -43.09541163460361 19.3922987047182 7.8054898649687985 -1.469729987542003 40.95305183719495 35.15674537335181 -1.9573750090319777 -18.098165768142373 36.034686265249334 -30.76572469430028 29.65681849609966 
16.788677802250028
31.755289960802955 -39.233882659503315 -9.022810527826863 14.110261566478584 38.14338197640585 34.62565990456024 -39.616766399802295 25.080667947569395 36.1322751409774 -20.105884320733114 37.74453686884276 -28.175434547674772 -37.144444096554 
56.058093630702466
4.675682071383406 20.43215050915522 46.83469709065065 -38.24124365894427 -15.211428214368851 47.15194636804628 -44.49915907476889 24.06681016584423 -44.69979160738986 16.877289750390673 -44.51899033377011 5.02711259259425 -17.845258723620624 
77.16448736337556
14.692380368586257 -23.388807257779565 12.244392645574834 20.727527762864753 -5.473569551058631 -14.764471670671583 -41.63539043059489 34.686369177549864 -9.73187269422381 12.647941507000326 -44.78537078989897 -14.197214515967161 -21.61642518332596 
91.25401901938497
48.05536185265977 -12.480177820628192 20.422822428486995 -1.1500127516526106 -0.43764704854098113 -43.172067507947666 -44.97718275818379 -9.75200652041476 -35.03771252093051 -3.1871037305551297 -18.141223797373527 -28.575700227993195 -9.282656091525773 
84.19765756853285
4.3805086858945685 -14.409587823898043 37.822439356285116 -49.727766924350306 -48.21644693142161 -40.018314054345524 17.206241867804366 -31.687097805207042 44.90318529481861 -42.8224854938396 -48.22246149239091 -49.07609108359809 5.582742250810412 
35.41171154378954
47.33439215148198 16.69191521161541 34.5558935402497 -1.398775952143538 -37.14572488021739 7.125514236308938 -1.0041444279998615 -41.28411264105408 19.60913537665114 22.059116885124425 -22.377260556250846 -9.368615648939446 -21.899854155083077 
44.532568536146464
8.623573343423942 32.752221674508334 41.982694552091644 -5.38513586361001 -26.3721868937428 -24.539082879855656 18.9528989510395 35.72241340497233 29.594370531134587 -16.155719690033685 -20.007247846108132 6.689244827679822 -30.29541648643006 
71.1670620670221
10.421781477777294 -31.82130316759837 -45.78128478759223 25.207876450459224 38.878868309689324 32.98303235104106 2.741926016236775 40.84179103030151 -36.34133926329379 -3.660418276894184 -19.541059187616682 -20.8515035462828 -30.247160560637298 
44.59892617695832
42.63486180832675 -44.155455536835156 44.49716439399859 48.41278955638563 24.042913354865206 -40.01737517555585 -45.09883885241841 -9.933801567101021 -27.031821490991582 17.63041343315591 45.537962883904115 -16.33936181008734 33.049616823890176 
94.6360559227962
-47.702332851050876 21.561869934318494 -29.53897318238896 27.60686531760352 4.358331685173532 20.858143772296103 28.794792026132328 32.872338460666455 4.404522177247117 49.53155734462017 -30.499371181501054 19.472180296282545 35.42408815169608 
33.627371840601505
21.844752795810933 24.104466429461596 41.339654815622126 33.91308582937778 23.093229414272002 -6.511302429898755 -31.71794243420457 -16.648879766534776 -23.013503694281944 -37.257039722093275 33.48878063207354 45.16602154730266 -3.4396025936405366 
67.14398997864218
9.611181731906669 -14.630934003190923 25.98224399201986 29.03342739664842 -26.359876836233877 -46.6897645204011 -44.691169201679806 31.653114374119227 -28.289616199114352 29.159528203198462 -48.0634872798872 -22.66322074419518 -6.280029531459107 
78.17662239280791
33.00175272434876 28.755049719055364 35.00134064063427 -1.7900680768093835 -5.896110792966212 48.805172645548865 46.20717702232109 9.073109533585757 -8.53994071617705 -12.743554321672114 37.12426675753861 -39.720868024761025 46.96557678032467 
60.40683969988695
5.304758366541918 27.069061714179142 8.621315370147165 -16.22418621054652 6.2048350073708605 23.75469286837108 -47.59711772655593 -2.7470744372753018 -32.05331246075753 -11.898768456853212 -44.11524395056331 17.14127727623689 -19.129623901886696 
30.808282819147927
8.795735234426552 -39.82055452273967 -40.28198687319935 -49.89563481461793 -48.82962159857335 10.895025745759 -15.406545443792773 33.05227304171579 45.87440501270807 45.53749282378399 -24.23355701232176 -47.63041665128046 -0.9797178767915966 
33.3575647567961
46.94098774560052 20.400686036355467 39.1525011952951 -40.85516999650864 11.78349634882131 -19.666317101090016 -45.92962862467434 -0.29508530471555616 -10.693026426399157 -1.1623779266993068 -37.23061504076459 -8.648024933061684 -34.866621988161825 
24.002460173794972
-30.77946778759251 45.511876512070444 17.70702253017201 37.79627257950206 4.570168453709101 5.175919710035316 11.207666193729082 13.211200653407886 14.831434585715428 -13.785513278936236 -9.787251481190317 32.851662291095366 -7.748660373327276 
64.45459675161462
-14.916035986000423 37.92544574258666 -19.723933445740816 1.9447710173951975 -48.395797050236645 -45.56977782627227 4.400227607336291 3.975230480294911 23.566626269499253 -13.21482538269695 -5.825874895057751 12.190964362238134 -47.181562898879115 
28.239355090068496
-34.743636804258884 -31.47032021096222 47.68770182306311 -37.90448736364843 24.63739431519204 29.736273366282816 -2.2276637596706976 -31.879919429561244 47.022910082641175 -27.150091769821483 -9.253813889038 -45.53289349522289 45.85424494429017 
58.32934211299972
-14.862151490370614 7.025903529551115 28.556245937872035 -40.62328003340959 1.9637516623873026 -14.690736465418667 -17.658648830870973 -26.460487100099638 37.64772003048104 -3.168965736513087 -15.738131754648002 -44.18514373631266 -19.164957059662193 
0.3790257364671312
-32.80920792177719 -48.74994131484864 36.50989871853403 -27.328930447826206 2.024701787725057 -40.5723973262049 22.250684770682582 -27.410741048174003 -24.35938051640396 33.242448170369414 3.508672815679759 2.5192838081743574 -45.998030007196434 
50.02402614451206
-22.528890704780935 -2.721092357840014 20.29704848850696 44.32481807177885 -1.6292762329263368 -32.29838001951877 -30.893269858379956 8.591946754047974 -38.970645559209416 -11.851478377824861 19.336376957544616 0.45775001840444673 23.974192977276843 
95.05355374104548
-18.989782486089545 43.52981024381948 -41.35906786524003 7.06421205926064 -25.985228299394404 -27.66949944755096 -43.02111529606414 36.4219005461658 -49.50889780387116 -48.56944959492851 16.1989021225681 -14.066880071209233 16.81404763385696 
43.840780925470455
46.45574262111025 16.214733885059104 -14.040197117242336 -35.62942752792543 14.932277184822311 23.853552012789464 16.551536750997897 -20.068764089434453 48.093720075492655 -7.297473223950568 10.985972571884375 -39.343004992558846 -37.1941170563437 
17.742901159007662
-48.21778585388009 43.2357295000466 -13.43784301928487 3.77362894334118 -47.34272112087496 40.98628217716882 -42.760198218902914 -40.35352465942738 -11.17881984334754 23.98857553294704 -36.39318607963318 -7.15278516838648 49.59761100720091 
46.96734653148303
-0.7734871166905748 -41.069650001915015 25.714617438919745 -27.350164722055194 -45.54233328083808 35.64684543878242 3.4728472711195693 -26.037691421674413 -36.07612642032735 -27.438607208761013 -11.51261909561756 49.6997969192407 -39.873411043916605 
63.53772175469653
22.812266787492604 -44.802005989380476 -42.19795271496215 -48.322441894493714 -9.004697178755059 32.055773127082716 8.173063676902025 -45.86919368627396 32.973798087528365 19.101309425615085 17.422513528365457 37.6516041662489 -5.28962526520754 
90.56433985611292
19.516027192980715 -15.143087744305426 -48.91884675549713 46.81161688552443 29.927284002542763 -34.148672129372436 29.766896706777146 28.022135416892098 -16.130016011410817 -29.786125436705902 49.761042510421476 -18.176748116959818 -19.683549567173454 
10.299473914961531
-36.40323329691173 -7.821644370234267 11.383515740206661 28.38996173001982 -41.491449909829 -31.288734427131672 -44.40781552657987 -22.563593377616765 28.48198051345821 3.1720559107882735 -46.941692176181505 47.96661644973287 -23.491201752408397 
72.89357234071537
-39.15268233519582 -17.81128628556887 44.35249938622002 -40.14260464618921 7.5268155686261125 -49.596321633518734 -4.25694437736793 8.382575375221712 27.376628366853097 -35.45317329386618 -1.842382398312722 14.469952284900629 -43.23329966130105 
19.010191631790285
-41.79262402417568 25.479443118642465 17.88896146518215 29.854805561544822 -33.861076162763304 30.08721133546929 -1.669844534186474 40.10394509264606 -3.92807154535236 35.364107026593445 -41.10170788046199 21.01539836631342 -9.666997296232246 
10.336388018122323
-33.33373968935312 27.062848602441747 28.60910783319217 -26.465826370768795 -44.62811904163861 -44.18646964022665 45.632005324348285 -34.19731883414777 -38.88554658169481 22.971291042935974 14.718585074634404 29.045801207617345 -32.28636279625894 
37.56129955552219
-41.269795212660185 6.591079730511382 23.14730849389676 2.5645753538540674 -15.12260215619495 -8.490265177306192 -43.839206827537645 22.267645958960088 -34.7153443409428 -24.50512236887904 30.440661695820353 19.17459329451728 1.3432107719814042 
42.79557310741934
22.672055066143216 -49.464190391278194 16.618087544359042 -38.776002929079354 0.349294089045884 -32.620161040579305 20.43889054972658 -4.602586379163839 5.3853193400579045 -22.6083293102771 -27.70781906251205 -43.85376100401357 20.366233402277672 
7.062890244532449
-44.25351383816992 4.41401648478427 5.723100937189926 -41.75383929449829 39.87930394255109 47.994619973908044 48.14382752227124 -30.421513656500597 -33.96123097407269 5.096574242445598 -46.77620379527314 -25.80520600084738 48.26087077194701 
9.993877657508177
48.65472017936111 -8.264667294294348 16.776450916000627 -47.082749243764546 38.17688431122929 4.857513825938689 -34.21955394932925 28.8593033670372 -38.92917015153586 48.29474290891798 -11.00081846678318 -31.888423660834597 -32.859776490700675 
31.961922383446616
-0.4203074951317092 35.1210100328576 12.938489886764856 -21.310742925896943 34.43849352419427 11.647873113065742 21.41755425761943 31.87306441545624 37.445316609952755 25.226764974787358 24.22782783554662 28.664351490556896 0.6807811629351619 
94.57678065145653
23.57431711841319 40.27284944160682 18.495122442640394 -10.123487103547987 -31.16542605512801 -47.45362613647486 -24.79154260028401 -2.285949314951118 42.069941402624295 -2.8077289468387647 44.03130819565121 -11.958289624824026 -13.887649228455658 
96.83982555797698
22.1474105109007 3.6097114750458488 -10.915298697005525 5.599531423750491 -35.11089408632262 31.12260542140139 -39.986365345888345 -39.14289933620452 10.548880466053767 -32.24326736573636 -8.380703767605254 -38.252804052213264 6.608930946861001 
16.696573702410344
8.417466992376909 -44.91616023610797 -41.96611108769552 -19.00767398102876 40.945226030558516 40.48151372257546 18.760126034165097 26.3106502197453 -49.77793633313357 2.9829940744044094 38.62834512751394 0.04498292408877802 -49.51582785419073 
93.717002709783
-40.25555062345617 26.771380701090436 42.78044150391416 -43.0592652583135 28.616941725628493 48.1804107717909 -22.80559893430677 -4.720532670213387 -46.59257933043954 39.38509200793149 7.257192985477609 24.057336492861822 -10.756018907777545 
62.89944791947182
-13.457574309974476 -9.679460871075463 -21.214347151324976 -33.39824724158518 -15.515483066527445 22.486151798197312 10.089245588555883 42.641116051827865 -33.8620434335207 32.506858354283324 -20.681700836930304 -9.484496649844445 -11.104349476154475 
64.0238188981727
-38.05294377255941 -30.55606576844405 18.110339194149688 17.18707573794903 2.850738115827312 -17.324983103339385 -46.886179954074144 33.654793776469845 33.036602311859696 9.518593723720961 -14.695458647281946 43.73972750530817 8.75860576976337 
39.65677547752308
-19.225174785104205 -38.24662896155881 47.37172622771094 18.685137784858 -8.62512451322204 -34.69483783573283 3.520335954688157 33.85444780296966 -49.83860245027951 9.64629942250074 -10.8817652942518 4.627780549591442 -0.1454746816454886 
59.10461604840168
-8.933706711516798 -6.062583814927258 36.227455820014825 14.239102514758542 -18.23310980328867 22.920460777062672 22.27905054130744 25.549588603756163 49.23264837189794 -45.56835735850099 43.59036703669237 -37.59073521641957 -4.0497889558112306 
58.77628917686456
30.441946966288796 49.3446002362022 -31.351874482007748 38.87597790346071 -31.930636442978077 -9.130623631941518 -15.268826250499416 21.47398284160029 -47.13956179488085 -19.21349319412451 15.381716496776576 -33.99298848839977 29.348209132717187 
82.2033736402743
-29.808008538311835 3.4144388002422374 -39.47042895215286 20.463455820774513 3.6795182231231536 -6.574369898590994 42.340281608020675 2.779006973301435 30.15104336044618 -19.23944711460478 -27.95720714346961 15.556641279705175 -9.881192014932182 
88.19839174766629
19.834159881001113 -46.760350361970616 -41.163891051483915 -42.38659014839203 33.15708089382835 0.9479519024092369 25.507476142615076 -11.15317986043626 23.997841856831883 27.278578515697276 0.34203780073077894 -19.32200808396959 -49.11919734449675 
93.33665703107407
25.856939579920237 48.177792766168565 9.319759237366178 -0.6011527452577852 -21.299048583240733 -23.628500378936135 -12.837613189325566 21.568261448905957 48.756681917993845 -28.591911114069703 24.56465254584127 -12.63810924551079 -26.606869178459135 
37.32743144524392
42.257962212238496 1.378626461307384 -13.521483796346345 -10.963726304941993 -33.67750467217242 -39.972041492512346 14.126696246212362 -39.751457860965004 -17.14392934166723 -12.243492888208529 12.138706396114806 28.915001604808396 1.7285331624289029 
36.29153430947281
-6.285783112701317 -37.938213276300694 -4.962419680126082 -36.87236657444535 40.24609179571729 -23.023082722314204 2.9325988577013504 -4.185156405952398 22.87436080226057 26.328421538925312 -32.851056486989776 44.563422222905785 -12.035682791431427 
91.0672023148657
-39.10415826507068 47.26258280426333 -24.213277805888247 -43.13767319093106 32.66689518413918 18.217506255059334 48.416277973871786 7.335969341642738 -28.907063736763938 24.74099515499435 0.22796073011539875 40.509725838983016 28.132741001734942 
84.19313963734264
12.358959388697478 3.6435878910595605 8.69796531863797 8.144414532298384 -8.882662751850425 46.04339585666858 46.23433961827631 -29.95533739296524 -0.44326132122397865 9.432064111305273 35.832051524658766 -11.887583960239233 -48.70017554582251 
61.124513576227024
-10.886069768306193 -3.8838923223134287 -13.818688086266782 -23.484372012560772 8.450898420999955 21.3006643906337 -11.605123780645997 44.285247634682094 -48.020098186012305 0.9200937092946901 39.566346052842974 -49.75639236528026 -24.54967539686146 
96.66863516361359
21.539005022939705 -6.114774670068755 -7.899348588854416 -40.239867565511446 -3.3549956363837623 5.488780861938167 -12.432030284316134 8.4872844748487 -3.1497302239941405 -39.00498661945598 -36.74136243223409 -45.200536587277604 47.39844465424217 
86.91425599488981
-41.34075573350656 -43.23016611161874 35.44283176773989 -41.84029786329454 20.742778515690247 -20.22045432207794 9.643442287490899 -32.02793752737257 46.92568649816042 20.828754313254805 -37.180334676884385 40.9957769214479 26.95729149429603 
37.591336207681415
6.487239652268137 -31.91345581517825 48.673827341137326 -23.337888015799034 -6.52841834120418 -35.42566908625945 12.72511613622995 -36.09751726559978 -17.22224009567219 -7.524288524040699 22.182703588308144 -46.12761364883175 -30.489330337633014 
91.54380101740571
-25.63595116638584 35.04353047907779 21.87731272936503 -15.936372351633835 -15.741859568158581 -47.17913290474738 -22.83371697549087 3.9453235957406037 11.613700471125142 43.3563127964637 49.08790237284751 1.9370119668202008 47.05191593498836 
17.720787034950327
-10.02829200341867 -4.3261524426119 36.49140965638358 48.2075962550156 33.056275375562294 -34.200853827388684 -12.276039382845113 36.372298885350645 12.469628537238606 47.53811582943858 8.15524544073908 35.8711657865846 21.48682794499085 
80.87421212057384
-31.4743183718882 -37.757583873655754 23.264508964457747 11.87265642859633 -26.147803356840804 46.48141521387174 -27.509484383104198 32.71521832746642 49.88256543473031 -20.40694500027096 41.250029503039244 -41.3451065786654 21.029707847338543 
1.2616086740087074
-32.10216031130937 -33.631412834131304 -35.945832877441696 -42.6397058340011 -36.16029249005007 -39.9194802710689 -29.31132963939145 38.22992965531223 19.86410746821406 -10.651432802506832 41.94962309928934 -37.512019154941335 -48.97121015131661 
65.55023685290146
-32.944027674590984 -10.41357420390544 7.095032623841625 -37.125392799867626 10.67680945854309 28.418812637637586 -45.88440237622328 -5.978997268335817 43.654788542533964 -41.01600329003976 2.0208197804343015 -29.17524867104668 4.403246283163739 
49.446005225193254
12.910399060905966 -4.325100490522615 -29.14933721209335 -18.113460308006026 -24.753119141615297 -19.141735763008548 -43.89307695442205 46.62868781106519 -29.74002539263677 -40.14122937588037 14.951578828315576 -22.78263146722678 -11.390743480254727 
87.16054187026545
-37.204873242032974 -24.025852323458974 -22.28404176602321 -28.752293043141762 -36.05991590626259 23.501050841990633 13.162935667240873 -0.7365167652473943 41.76941152194996 -25.40996930313445 -8.824871300968404 41.185561998557986 -0.08435939500548528 
67.70178283391056
33.43112624358213 -33.6055906019736 20.514838069190006 -34.49034281118324 -19.680273440386877 -33.84442347946823 23.325287230941015 49.961400037786746 24.243663571359633 -48.19331360365528 27.791610766750168 -33.10645869157239 0.6859595150609437 
40.33426513683771
-40.93922926241036 -47.559795274715476 11.492635557967503 -3.4548520042549242 -21.492773477492456 -23.689734825161146 2.1887964548709533 24.181675794004946 -0.49974719982710525 5.463661579376712 -46.866613581079655 37.09947572299305 -30.052734700374074 
75.7998279763585
-27.068799870254367 -3.9788574626042603 -35.42728308706161 9.178169963904871 1.7589983605796888 -33.60138204116243 31.94295530184786 -21.5774242138287 42.12588913237647 38.56168654861196 -16.076788575063958 -46.081043877363435 35.07637487769301 
2.5994315864512285
-1.4463805581939582 -38.00313561872941 -9.0422112075872 37.31615078542468 31.25704444095838 47.49326908009395 -34.38791603365195 5.122609361057492 -6.15784670954951 -39.271433992537695 45.2152758283041 -7.131786467120072 -34.058930948934105 
32.581985412803725
-34.02395905068002 2.3890548869396255 49.32163590438499 10.43554481686514 48.518345813089866 -26.058583884050257 -38.059848468941325 -47.537259646923914 -28.988814510876004 20.70983467800032 -4.348794897242271 -31.929772433023885 39.97183139362366 
13.223303143723497
29.16699152470686 48.2577149808789 43.157273463943994 28.782804368015675 -3.8406589411911227 -48.75660494721659 -14.92820936544922 22.897820221263515 -42.676615385073156 -4.090788877982 12.356901773905072 37.24905419297191 14.77264879952709 
18.452321606053868
33.693203112281154 31.839095066268257 37.31107170780001 16.086141473015147 26.831893458383007 17.762298378776265 35.92829614450446 -14.283617082129382 3.9870730137088444 -28.58029401152645 40.29029022353666 15.22453602351463 -23.941835082891217 
81.02431704888609
-20.951783696106695 0.32326175372242716 16.015105922184404 -38.11340578368407 -40.535842637821304 40.905224334106464 -27.73277577755492 28.239605832527673 -24.84680633140637 17.38887256227821 23.950032468459398 -23.742284166850357 44.666998202970106 
9.771785054642113
1.8023768670510663 15.442320181365105 -1.8050140290002972 49.93412933174187 20.66975372474782 -16.3074258386778 -15.165220547431389 41.191918515640864 -17.342187478771564 -4.851320738954321 -31.315429197945477 -11.818309639091908 13.573388225146374 
49.28975741366448
18.435714662369975 -45.13465951661504 -10.471327759035113 24.78791419030766 -27.80533108211759 8.775794613059254 -4.5526037643836474 42.264597863784076 -23.06077517308155 15.581340245314607 32.700233193123125 -43.63508121144528 -39.68534011110331 
69.62832257476616
-40.79015448945018 29.460088530588962 -8.598652249177277 33.32912421312109 2.104317044313831 46.80771368161476 26.63601197727226 -38.90580743755747 30.361002354761553 -43.85583009686014 17.244719746448112 -48.035939356999236 12.87106876565585 
3.4528424385102063
-24.653641067984644 9.179239554818878 15.968330854381023 41.0465279166647 -42.68873150165393 -15.367042163661196 13.704221685716654 -45.87815588342967 25.010334411649595 -48.516311760756196 -5.985949432127235 37.58800900031103 -11.734258598250179 
29.161513026969597
44.407972447036315 -43.758102209087234 15.115316840317945 31.58433829271428 -8.066641362540125 38.25579415252797 20.428177663716653 -28.3929692093302 -46.10641606629752 -15.536194947691449 7.960176780868366 -17.44139884730913 28.171456926423787 
74.07744606029209
46.113464120464926 11.17954594785671 14.993871862875991 -38.76961108687762 3.465166964735822 -4.6464869958779715 15.587504298658189 36.146963022430185 -43.44389533382979 -35.265495815613534 -2.586347870458553 19.74847287016823 9.481094000845992 
42.702831200237014
-49.46638249038472 -28.844045561688645 32.49831120927185 34.04007203148947 -14.85568869709514 13.817537190623831 35.17586198446344 4.295357469982918 36.437031139266836 27.883064916638858 38.51954530649647 44.02224656607312 49.67062132213812 
63.96820648408886
0.07655608547410253 -36.10238624388309 15.713583994644324 -43.405207687005344 -23.814343611389287 -14.809129999958103 15.297892989609181 4.363657431292097 -23.6548533487303 -25.86602247101585 8.840607394851531 -11.689215717442345 -23.904298230315913 
68.44967705155524
-22.07235332123183 19.91710147759032 6.865981158666166 9.627418066211924 -15.582634370221491 45.886783243564395 33.90462639137097 -24.506502596791037 -36.390140162900494 -11.921538090855464 -33.27684874445377 -45.79605275112715 9.041181374880956 
13.868303592875408
20.39986290707654 12.995746355467006 38.199985347529534 -35.25664681874117 -39.35410745909675 -7.136062459781378 -49.1726535656361 -30.931792656074506 20.71004719385114 3.789323745154796 4.448802563873819 -21.26249945678139 -25.999885990268634 
54.223372268763235
35.400961771004674 -1.1787372265207239 -17.276095318528625 -26.755959918761786 47.85326900668187 24.329744336958612 19.90420363556828 24.128238251287883 -21.811166728014054 -41.13116339874897 -20.202498158505655 14.043707104034752 17.59648445395291 
16.226703683962494
-49.95277584652911 -23.854909140182478 41.83952474066473 47.82684675711944 17.82791599056928 37.56600650467432 -46.09511748604138 46.50227746533672 21.78762241943025 -10.36899172633612 -7.400270418623201 0.19007485099042043 41.77151998596706 
95.06827475601433
-1.8492020775086147 7.9150744457963 39.110590995922266 -48.91401188261515 -45.52494999878486 24.82600190788321 21.68494763359881 26.88230959618808 47.028495594509295 -26.933092021804473 10.022185223032821 -40.50904967336745 -14.996662999756325 
90.91124189637726
23.366898388523225 22.821344311629545 37.13184320010954 43.855485137302225 -12.041660359739858 -18.66554616802135 21.468689659839427 38.26376269002702 -6.32110440301247 2.002299086043834 -28.73830682176637 10.674407092997342 -10.213091374883142 
76.0312782367021
-28.615727783969326 14.023956323895163 15.623127802737471 45.286454817108606 22.791135841468446 -14.186387193227525 7.980832645325279 -12.56405395886879 46.07204221211815 -37.36227640110462 13.255492582047637 38.541628119994996 -20.583253145182844 
50.513373175952424
-40.45941595200752 22.154364156673566 -38.832477859585644 21.094680344636828 11.511967214801054 9.92904432849965 12.623927411869133 30.124993786547392 39.24400942877814 -39.64331515095834 -47.12223178290873 -3.625378663802536 -18.97356018782739 
19.41796262596034
-15.805495650331899 36.83132818375556 -30.198328904564587 -30.20551039705641 -16.179391649731535 27.055355881040285 23.018122973070888 33.731230000179124 26.084668409140235 44.3802099021307 -33.50414094202361 18.72547874919148 37.27332753224779 
6.035047346209666
-25.67334397725507 44.92485019202235 -44.99858882314105 -15.71602107481663 -41.11866193811876 8.448727878187512 23.658888362246216 16.322180327776792 37.673067824600466 15.804728685701733 8.00557989320123 -22.061819730950116 37.12601674282165 
21.153675254288707
48.09783289303611 -43.1537174827353 -32.77534519037415 -39.61631338407116 10.469645842621112 44.11257534226904 15.569617575421248 -46.214039885402926 12.853981074992923 -39.75748620884889 -35.458020257914754 -7.418105045807842 12.718362880565813 
96.26760561611938
31.078484775633257 33.63322018732184 -46.49795408607259 29.563265224398776 -35.01395487917915 1.3738240845232426 -43.31961128403975 19.1494052991317 18.774684080122228 36.334000350756824 32.645312653698895 45.869890239866436 19.663807246744852 
85.58488173768508
-41.12097163255007 39.11651819644885 32.71746823229485 -47.98713785843174 40.011476022954724 23.657674086704972 2.990152656146371 -43.459205093928354 21.090214880637603 27.651414702589335 4.115271784121809 -29.75513981046062 -27.245211927601233 
66.06718397615973
0.9444455809229808 41.77294074574871 4.995845746310202 2.5099618731126014 -45.35364550806279 -20.447526947707328 -5.207376692078938 46.83513512514766 -39.900220688766396 47.982670912053834 32.160610223459116 15.961947739149053 7.4661965656543146 
52.138134410568505
-0.9954094508082676 -29.062133392743483 2.503067688830285 -33.53217237033699 -4.339573247851661 44.575800144305674 -36.52019695245428 -40.44450841434152 21.1223347268961 -9.11942805271039 36.48407607895284 29.214529471154577 -5.3093855158372065 
70.00061989436153
35.45701387450386 -9.977497678156865 -20.86189336079185 -19.414582152919802 18.471548165611694 48.85734989411392 28.481926312129843 15.19864689258064 -42.431032785824726 -36.92050096939347 37.06029230945293 -6.168346489609952 45.89453611378144 
50.71106411341554
10.85257860091722 25.58130363797224 12.923811883826431 -37.70463354279363 16.843965809452058 -40.79915381020989 -13.7529594755594 -19.922978951441728 -8.275624055263698 9.501917622990554 46.67983804901834 31.724910557365916 7.324626643122443 
38.480384911415165
-27.60586447373674 -6.9726833322513855 -3.068924160491669 -22.441744167866553 -42.685895125387674 6.820611483323994 43.98322653301571 -49.52166042828369 19.197648922053418 -36.13013355319866 22.647129591883825 45.15801236600896 -16.375284301267413 
25.501801959164695
-41.629361491270274 -12.79716848179342 41.53956900843737 -32.50248175317688 45.76489443558279 -12.19964815505137 30.044870811214366 40.08448704146274 21.019657493660375 -25.64096217394788 -21.17874381745658 19.8243204650841 36.54845392150389 
13.526630990285415
-2.817930990307204
-7.049749484170121
-24.107268978290787
-7.270376854806983
1.285577025617755
-36.41344118153581
-10.062970286578988
-49.5623534075397
-22.468142711112527
-48.083990571003795
19.753374638312167
0.3703355899901979
-10.53238115394155
