constraints 129
variables 13
13.755835647165107 -25.962563640421997 -12.318978788626382 16.726538758344617 -49.61233742525961 13.502453933793099 25.039413991530267 -27.119754781594008 4.676773086254805 -13.23221167949773 11.858798820707065 -10.4830455887001 26.133295293595623 
1.6958014879109418
-10.151703297211746 -24.665880144909778 37.35028110295737 -13.367539394775328 11.21074980806437 -18.821837242546536 6.489881142030562 -40.18072142092352 -34.796759881689255 -22.440547921810793 -31.562853792841683 -1.9831558960057691 3.604785384723151 
69.81423956916765
25.105456884764322 -5.776622760368014 -45.5868761243712 43.77549248364828 -48.040380124328266 -14.51498740161339 29.98700071196663 -41.25965571051643 0.02971317733585721 13.53277648183876 -31.630052557788723 -30.9273248065571 10.520769444138821 
3.3445642292350475
-5.323978899466788 -39.04491703766092 -47.41956347410478 -42.281376430872506 -46.81245951178082 36.60532962010595 -46.131210244819144 19.558393508486006 40.20937382687913 -35.30191131419923 18.281478603978925 -2.193184285084982 -37.25614416238599 
92.78364652939327
15.509430464081731 -12.168510968088029 -41.305027984679995 35.17092452412888 -16.92459794665534 42.55036712137179 40.57993610329906 -41.95694730299713 3.0696242403471814 -33.29907605228366 -33.37913702724403 32.499441009113966 3.0138941539413224 
63.394042010484306
0.6087199903078826 15.7690936934966 -16.88453295887443 9.45714104348513 -4.923655438617999 -48.98427628611519 -9.37090772531657 24.059325893809827 21.086751805570515 46.95595748665576 46.12767667303041 -26.275341471672675 -27.66241812047995 
59.93773099212962
-23.81105547239788 26.077892636467652 -8.698010784463918 3.1767704329160225 22.337638350040436 24.530325939806858 0.7708613635873576 0.5247759923815991 -22.960275049874035 6.601686500422055 -24.56922348452717 35.44379462182303 44.12717016953978 
79.68725699756585
-44.993410005578106 19.7869552754851 33.23883930405094 49.81773127405978 -16.982843154959873 21.536615676844548 -24.30485819891013 21.322554677139266 -46.66283743512414 45.82665504809363 -7.31896737968605 -1.7041912300834738 -39.472411621220374 
9.37650585583496
-44.30593931645558 22.37696650173136 -20.7081438990956 34.89027235804471 -46.078867657044796 -24.40288045738611 43.434265493268185 -30.974967071963654 23.53974635911196 -38.09541243937191 -44.6581770159456 45.20826363801119 -0.1035580733260133 
6.472058423106186
33.28010174394103 -29.114935346816385 25.09724076758981 28.000733605797052 -4.311646956548678 17.70163633659068 -19.248061142069204 -4.0247860039917 -10.821469795213623 32.6822981991842 18.446050542458323 32.18611589145188 -9.912491797314345 
18.633038491541697
28.971349485691206 -46.1742463266316 48.20125474489973 2.805435266675474 25.42786093642043 -15.92456212704154 -4.335741028496557 -25.719459622355355 15.017291139608972 -24.658731526072252 14.107060856441748 -27.416901270681983 -0.3201401136154445 
50.15854766503437
38.66924648427026 -47.28774809197452 -23.316457254126977 15.27325182721863 -21.13519007776724 35.075682338643304 6.856764906818604 -4.477747780484442 -46.86869689959662 -27.260102511432095 -19.63737973758709 15.872291726948902 -33.576246895323735 
82.96017938342399
37.744706967691926 32.34094127874485 8.358832171941508 45.12945698652382 -2.5682572693970798 -24.488851682149914 13.184287999186473 13.086181107327434 -0.029921797963652352 23.964130790146626 2.243219481524207 -23.852964508859454 3.960351109056667 
19.19379847561158
24.622268156779697 30.281128772781372 -40.9935210271084 18.429049251126116 22.31734193822132 -11.481957039733395 36.94226345147801 7.278608288207124 -27.47997934349814 -32.01703527372881 24.182888281001496 10.226413177702966 1.5223437993106543 
89.87783525488382
-34.74436470031743 43.74372021364259 22.257155755319403 -31.721704589738277 0.39617441657505736 -45.85251240113115 20.635788473753323 -6.208062856395657 -41.446193381418226 -29.677177472046512 4.614334972016842 -11.07580098902411 -48.768921967882996 
30.04057106455652
34.31431370715576 23.42396972181635 -37.70979660081457 -42.16060098564762 -28.456905701284686 29.931804843326717 44.19079273528111 32.3050375770551 22.70390192925825 -47.07059791754127 12.080374511356695 31.06758105881299 0.3548553689427081 
47.28976300613142
-26.258735797120536 -17.048946672925148 -4.4290833394615845 -33.34672274974314 45.60433714778196 -11.552252958351225 35.78226076394682 -3.594270826269778 -17.127663359708315 -7.946926922851539 0.9070145237958016 41.20998974809038 -4.747692284400763 
52.98498001450195
-15.634064261198368 -27.156013217571207 28.878869822581294 14.425285482578005 14.961045759344671 -19.476716566223516 -30.283019658723497 -34.341494544499106 0.6198267061014562 42.93736053515116 -35.93504818372732 -23.65290494372083 15.651098238222843 
8.904589444249
-42.26454407778413 -42.3297463803854 29.42821801373485 -18.14851388674832 27.074326892806226 -28.833226440112803 -33.690214793943326 2.2477991246690507 12.18396079387508 -37.139359290186114 -5.872429350989506 -38.32037198316618 -34.44981764092424 
97.61141993648211
-38.284092834925865 -37.58137022259154 -2.271536838711377 -43.38027394794493 44.726306012310786 -42.853873931256544 35.8273907192666 -10.368661529502376 13.365627614983147 -35.08330624533899 10.23434051988312 32.621850675566606 5.715628473655258 
11.496617055042957
-49.639643891195405 11.606966094533213 -24.063744937753974 34.88838775142938 1.1381846077855755 -46.28811308569365 -12.075423834483232 -19.846864866066348 -31.410415488565956 17.746478645200796 41.89580603619628 31.568758271184464 -35.01509617995842 
88.27122007728914
-46.12764725292031 -5.287758788776898 -48.0499112977256 -0.4978161090741864 -43.78858753573614 46.23042212298422 -26.666773236722406 18.391602979523114 -48.92888903316892 14.864300560524129 28.724779465369693 -30.166145769365727 28.109759320626395 
93.71771505868355
-36.76725472545952 31.184978304222625 -47.2676884608101 -39.18798805237584 39.445929441664774 -41.85290428962573 41.84263303688776 -47.355854826151486 13.475611758719417 29.557435665068027 -29.670253049262996 43.766336594476314 -41.45211574727771 
64.7348980611651
-6.589278859440327 34.33133237664511 -33.17398945816802 23.77538865342555 27.472408100988872 37.09795184893453 12.974103530824053 -1.4495234387744773 5.198800979418472 -14.432497647322897 -18.569434966763033 -9.847885847618464 9.540261786594506 
5.722336917490523
43.44166999292585 47.139549680816415 -4.52457851033207 -44.7363082568728 19.612741534469336 8.18277869058138 28.536119169072336 -13.7033703167615 -20.93359195130402 -47.43985084325395 4.710209160457502 -19.914206686121172 7.254440545024053 
62.45609039243723
-32.3933270792785 35.80637612242833 21.051712082145656 -7.881879389123704 5.661935680299493 -30.859455066149277 21.96785651935184 -29.32933521015024 -5.3141354376272005 -8.879693873573444 -43.855780808441004 -12.253592365612064 49.19045234090285 
42.7936067864408
-6.7392529934964145 24.08426465869185 -40.286321685934844 7.091231165414001 45.55946303507554 -7.143727763263094 22.745638369721433 -44.30216713251443 22.898245025808592 -48.27597177776829 14.883505835977559 -34.21876738163172 -39.919381020282856 
80.48856022727873
23.486458580979843 -40.890115081078015 -41.33568089782125 44.685800436201404 22.37120276761827 -25.610777950443453 -42.96654589558756 31.593130900880368 -27.01670534718992 -17.426702913267867 -20.27398444051839 1.85070926483656 38.998955365569174 
44.459041511028865
19.84066005509385 47.26460802427083 25.45663275427505 40.04611188520943 -23.196386427393435 -16.652912493509696 -7.712916636806554 19.94618291616355 5.8586100317888565 33.76252455579166 46.505269594738024 -9.448760285447712 35.34982087114474 
33.08591113541135
-12.65307657036341 46.721292328580276 -26.800248566606832 34.144042682214874 -35.722864734426786 8.42762600597905 -45.05888846195768 6.6978137400960165 9.067875393103442 1.0885583280402997 -17.75630295326912 5.337335761392495 20.035870359760878 
93.26039686782137
-36.91564161693609 -33.800139309208916 9.051792113586075 19.897119750268928 -7.459837024345376 -35.51623318425254 -29.923719673722193 24.568060601267675 6.641869530064341 27.72017465405395 -8.25221898607785 -0.17637749029999839 0.806894427886931 
3.37699710402799
15.941796349187968 -8.675061805612117 29.07796009122184 -26.39144489124634 39.240597409300506 -41.595975705767074 -9.27434024492785 44.82714078988347 -35.10294397741039 -48.603096111598795 -33.2698202568982 -34.73880087236152 39.14570434961617 
24.392823779659256
-9.760506648182329 39.77809252916147 47.608739816845954 0.9685962588314325 22.308324842529757 17.987668314027758 5.064158998223981 0.027769194424230648 -42.94574038644513 29.00615815058724 44.98778182266226 -40.95980791861776 -1.1756418676827067 
74.24820692257967
4.050433789105348 -37.22174955047149 38.047711853476045 18.22810109562198 1.146090023378136 -2.9280898693004573 2.1563684001096206 -13.410438730901078 30.54631077931424 -0.8445800215196826 -26.710877896331763 40.44674447791607 24.420877445702942 
18.85432004551797
45.449668553482496 46.60738683188454 -8.766049266806142 -11.83776765399935 40.37265048529346 4.362248133676118 3.4197684965271407 -29.317384787280044 13.558203962634465 21.26341922661389 -9.738716449131125 -23.038502310718677 -40.232445340147514 
2.6771774265620496
-9.960239770646417 -13.08702229707329 -29.270650582765423 -17.11450677791109 29.29285063476918 16.340057839170157 6.888358127491635 29.1234988246526 26.4132006128079 0.9791278999822097 19.735241961855465 44.17853307971845 -38.16081454301299 
98.54726437664398
1.5881382340924617 -21.960366830801668 17.733879190990848 -23.052779615437867 45.653786816138634 34.57468704597177 -33.6820901401188 15.085816062937397 -29.221980874508834 25.325663654739444 -22.083610027042266 41.687182439559294 2.502420314186935 
29.250671911206606
27.29962564720799 -22.966868826602305 4.876002943419444 14.60486594815275 0.04185076521675768 22.738648541838813 25.927806557408047 17.140486308003474 39.39176037174056 -34.52863343732751 -46.21170322785464 -2.5803626503628223 28.54313952958961 
71.94957901237582
-19.84544753963786 19.271616031880598 -26.786540457356413 4.6041867206683875 33.126199340006394 1.2899976386086536 35.08274613642931 29.965728855356005 -27.603915643775277 -6.247159861369234 -32.08530764579598 -24.861558414454944 36.361756393819405 
74.46274968338469
25.076385939435298 11.64905868354218 -7.069189670504784 -11.258214311929393 39.692651983313155 10.508854138009028 -26.374792227833744 31.179446380597412 26.815483227815733 17.503226193338918 -35.95331165423779 29.72033467303737 20.758597440733638 
93.52385493648765
-17.152547768124514 46.29127062966681 40.141659806165976 1.1843014958643678 6.057323601097899 -47.59398166256369 -31.791726097098838 46.01067877355078 -16.04942235938558 -26.951024346668937 46.626350913916454 48.17477696717823 -46.40726025219122 
67.62752551897387
7.249007100288139 29.037856887870277 -28.210379249906648 -17.10400390514406 8.208672558847951 45.699063352748595 -19.63209206896217 19.492452024741027 -1.7633801350499496 -3.7067718922764925 -31.451320586339794 -48.9071414235313 6.244663221585554 
98.95856141575814
15.63221182055787 23.175393088366164 41.975286529849484 -31.804407325423657 -18.705506965986718 37.00100438481276 -2.0789692889081692 23.764415182655824 -39.497081583851624 -6.345451614789056 -37.26654832410525 19.31812988757744 35.39059994870763 
82.8541835153487
-8.0134706367553 -29.35386632184015 37.385833555953354 1.7249140871805295 33.42893562481055 -3.2982899769781113 -20.52474913088258 29.845502194117756 -29.24592622439539 -39.48587612681648 30.68622457219955 18.616230688563647 32.436362859532565 
61.6362268850226
-17.29386432847606 -24.641723596729282 10.326753758533549 36.95434930503764 2.013143575131174 35.54377226034458 46.47001714379171 22.48806877546022 -30.024902559414834 20.16881748720384 -23.99917087137764 -34.76684514179313 -11.919686469247502 
19.520146609460653
-41.00472334108459 -48.848139055027254 -34.20406199748584 -20.55075202353367 -5.201134700701324 33.09044012755747 14.506639832719046 41.75618231469252 -11.378279736475228 0.7045920976490905 42.568446379912984 -43.601491275990035 32.08611139137156 
83.399291142673
-16.28047630992812 39.979069880486904 -33.068938080555 -33.159727832709194 -6.078231438307611 2.329659216235534 24.223260211701714 -16.22981641522405 20.16408100934875 0.9958530969663002 -29.80697102357591 -39.33677276761605 -21.15974923491779 
62.04159713567796
44.20871640966914 -36.822106648035735 -18.9786127865876 -25.16958971972276 44.42227951915824 -14.581851759735422 7.274879798568946 -21.696667434602546 2.2634771418982425 -29.31076271002485 -34.36110585616083 -43.23794648097169 -11.770459220613802 
84.7350523067422
-37.05655549287316 -45.72106975406853 8.311777631944672 36.3697702584503 -18.123883607591907 -1.4061464365270453 -17.079957790132717 4.967259105561581 -15.977466287059507 -2.2787365294863804 48.31060223011315 39.4475650752057 -47.43127498710472 
85.47883114917502
-15.707609794723432 39.20049119507722 47.43451921990095 -4.23733155750179 -48.61878738494709 13.812181391912134 -29.68580412239641 -10.367866432316795 15.591015436302484 45.511262636339794 27.43262066862208 -5.8693267719229425 49.69578852689335 
95.92700145269562
33.78208879001349 37.25732759019756 26.06530327413546 -42.947347916018266 24.187210496013805 -20.38311359706304 -41.92767701218825 -4.76703497168365 23.752126224668856 -49.985082129000645 4.588534546342416 26.545591176489097 -16.923567310640664 
39.62718301809956
25.23090688787309 -7.878055192629837 2.083173882715627 47.36124205319511 -37.21021788095521 -27.246196104676724 -49.615668413106306 47.64132439259802 33.66449348302726 -6.442219618932029 41.816259896710676 21.0858315869785 27.15184658796926 
71.52049866221596
36.10953833779887 48.41011136027133 -49.92268133870272 1.4231681446118998 21.61474455887324 18.375408109412376 4.528408610785192 8.944970450784496 -20.412290961561308 41.71823057513046 -46.65596153322041 -26.32950396776109 42.74478560203542 
44.732590239831595
10.533474457775895 39.277207976268286 38.63078972489686 -11.459111712829397 -8.057223126174975 -16.645242920984202 -48.20080622887174 -26.922506694144165 -24.743723332961963 15.10864908343062 47.88626275056403 -11.577637864180303 47.81515647689277 
55.62667915523022
-22.63216510966899 -29.639723262454698 -34.245277972524235 -17.562798996890052 17.119469845405064 1.904618272019519 8.606455169555716 37.76417282896493 13.857694770403995 -21.98716270909179 -10.219453459390223 -41.815344068521696 -34.87780753731532 
66.8340833779362
-24.760972211683008 -17.679764552241863 10.665705791861626 7.567721464743947 -29.810725200125976 32.744619347548564 9.950534790892064 32.374739011864264 -43.227912634057965 48.46544394231739 49.90750291751256 37.77239641244438 4.488123321852967 
15.139092698859535
-38.80468984678927 -40.44438779889838 29.501011046998087 -48.396854614074314 20.905208715081486 24.527024983368975 48.97496091435117 13.361803283964413 -15.011993280345429 -37.81916656435001 -37.750753316145776 16.335475577333213 24.63736671466536 
9.973829806177658
-8.078532149077603 -32.51355394154869 37.445478864977915 -13.06963495721758 34.805996341704414 12.858346718269608 -33.64583932029993 -7.9337967753917695 5.253604701575739 -21.88206161123962 -12.743518924326203 -43.52046690262846 1.4627490055765051 
31.863491985060932
19.561060722873762 40.945696426855946 -10.817478586584883 -2.235194458131865 -26.88681596635414 24.465463612845824 -23.398147126007217 28.025738612866903 -30.42603097438826 -26.545048553215288 49.23903313714891 -22.289149165774013 -33.30923629716402 
66.12858820516406
44.290173455212994 -12.846404943152024 -30.150939518192487 22.114793569688246 -29.83522970357385 -12.03579337866023 36.87823508388945 3.4573236999659116 18.831030085899528 -2.9186977579055764 -30.709624621794372 -40.10647378585317 -23.886820685173692 
2.8619058952739973
35.96361773784972 -11.335973944762891 8.227507007025658 27.380457563426745 -6.261666644921185 -32.90339664561122 -8.386586302824803 19.908101218848444 -46.52342133306778 -5.179595719023958 -42.48974363399736 47.96935494137692 -10.157709420343807 
1.7047804142888534
42.75033881867206 4.424041706546035 8.391662750169317 -12.519549230225337 -26.117069741960286 41.69813692947302 -35.479761404570475 9.488876229103191 -36.98631807713804 -22.412045102532495 -24.604744423082114 -23.880935965954542 -39.36161921760349 
40.987923785820335
-21.791205653057666 35.22928649415053 -6.73046794451345 -9.557069925751314 -34.08062528008193 -30.785531307418303 11.798709347187653 -6.397992691537304 -24.893410471056253 21.368329887532838 -9.692743547023639 -48.54903746073727 9.645460367927228 
31.802548352479644
44.432340706243764 -12.372748749282415 -41.38578453496564 5.423614224762986 -16.585004355691567 0.17125018661690206 7.181221871540309 19.33123869741921 -29.398781392092076 -9.256171415721951 45.17379813707335 -47.509516284174936 43.43683284225661 
94.64089666585961
49.61374464983321 -13.35690878707436 35.89123967968524 -16.13858716064113 -45.28862478330665 -15.838277983452208 -46.23519788206759 -44.96389124938267 25.641919226846923 -4.085863766843069 -23.520906790859907 -5.800063346655257 20.885177287340525 
40.19261014277783
-2.2811966325042476 31.192074245573295 -38.00865754368925 -27.62283606452155 -28.31143392451182 -42.10692277447266 29.342933699180236 -15.76053150930835 1.7676071913849256 -13.440438893649933 -32.18517800597827 -18.342436856759825 -6.010491940573793 
17.192551262008713
17.19135069382739 -10.000184440654373 -0.9559502675585065 16.176453162972223 -21.21839796121798 27.549826877263285 -16.60747501871525 32.35137538306712 -8.119134895093502 -30.917743027416332 2.6075134214867504 41.23227131710972 21.558425755092387 
44.06285930104531
-1.8074326721007168 13.264214065140493 -47.2912003352832 26.934241121692168 2.9068897892150076 47.8038546255851 44.38557400518698 30.562211626641684 19.014504915084444 0.9429077597881843 23.144065691316868 -41.84419826855549 28.8970629234896 
12.34029856911889
-15.548996000753782 3.837358529433402 8.113838109771343 -46.09463936874316 27.176516089504204 17.527397593892616 37.26212090677815 31.4752988417642 -32.23430305600724 -34.0778536359713 -49.114339254391105 19.555863418675912 -32.10592269633119 
78.08001671120529
19.198356909612457 -1.254999804820791 -37.75663562446074 11.496555276889111 31.534991728476243 -4.364998192756055 -8.509197355926425 -37.46438737639802 39.21021288557131 -4.2105125026824055 29.687618531402606 23.69787149019875 19.86162548343617 
61.81727573332145
44.908945077159885 -40.55395760114454 45.37230130441971 -9.383938992005206 47.38973782110196 32.16940812727714 -28.887413797920058 36.53453604936591 -39.681811823859036 -39.641384962394575 15.51059900931567 -39.49761241763111 -4.95984862329334 
82.17491481247978
-34.144646821871234 39.10339750123728 24.635181751255274 -20.663628657817235 28.755970241402267 -17.88233541061272 27.656778958157744 38.60676002664847 41.82495634634556 -37.765303554151295 17.28645752600758 41.16123455056683 -23.076884847130017 
6.439953076289195
-19.766668431722245 -26.283929590518795 -5.3019242149903505 -14.996802289767707 24.417891495337287 49.54812968637559 -44.831899893251105 11.047755126396396 -25.18929020264934 12.392884912851287 49.747251002530234 -18.64440109657296 -37.24617217988094 
21.69823402331097
-3.622442111122467 47.36397927529494 25.674625368753937 33.82451172173616 31.32838517745772 4.2350000744140175 -28.691023495303046 -49.48054263998279 38.74271636548163 25.430457594549452 -36.61743125057832 -46.63983850699547 -17.845429548743738 
0.39995035744077034
-45.843766760530336 -19.15773243488319 40.971359358029076 3.7910607054472223 23.323244571330605 33.4100217319226 9.309458931173708 -13.98378508895589 -17.546495402036108 10.959032359013676 -15.409138867540953 -22.93838767012576 -30.48839854692208 
47.20687044354389
-41.04675798958266 38.09934622496522 -11.067263110696778 -44.18505265631355 27.795394549161003 -21.235313851334425 49.32259361396214 -5.741636668536913 46.67438443187518 -18.11376933158575 13.054178956387695 33.17871305142299 0.2904714071371828 
92.0074202643651
-0.133231167860572 -8.68187826163733 -4.559769908170232 -20.786285529554014 -19.970917563902567 -40.87893693878463 -46.41208571633386 35.58047152681377 -48.28915378370135 -12.2962466343415 -41.90037473515397 47.98241220562048 21.913939062235272 
14.129293287779522
6.204377424707616 18.05623831297916 0.6463761072532748 -21.21010205105549 26.39065016924806 -32.21611979319381 -26.020652486129116 16.18589523697709 48.21659719869484 -22.535513314567478 43.209631422790466 16.50447835531645 -46.59339023022709 
1.7692155099905515
4.55669507147816 -37.8605887048934 -5.373593032490135 49.123476483389155 -3.3441645718376236 40.65622469235876 41.47341571500938 39.8372545573164 -38.434266082458706 23.69568264612535 1.988734885249258 29.20474387740248 49.09086406968906 
29.921631778307088
-27.608557494073395 -6.779543149874577 43.92617997455076 9.357552004914623 -12.244363385089073 26.609637686685687 10.463549460541863 46.31947344252494 -18.004970718822445 -4.453354456946975 31.05649085804484 28.641196976055724 16.789533044835565 
70.73577120555716
-39.87830938131995 -27.999026343895917 5.982736392514234 -9.545325475264065 28.662915819888966 19.897191243958616 44.49875938427198 17.711463741184488 11.634921142809397 -37.81621447112454 48.97146184583244 10.842197701467938 14.021949672532742 
78.06443885643
31.048544310893433 22.67635074545825 40.58754812197418 -36.94209277009545 -46.272420319694675 -20.176366873835427 -11.040668001789513 -6.314926407883668 -33.8994245314755 -29.313762511771724 46.04448141727087 -31.508381932525463 -27.471810285096097 
38.47645671077872
-26.27130840367102 39.508484320127664 -31.46577248040392 -16.179641981601442 41.39338176739791 14.365606253940527 -32.3943749114551 -19.546045327626715 -0.007015821469515515 -33.98741409057378 -49.397381263657216 47.0691642790033 -4.733840477482708 
84.3634080993032
-7.371660939339428 -1.4574447051106034 -13.888167049570335 -7.829575674346209 -39.023382216197966 20.58072442131578 -31.7570542473806 -23.953765953604645 32.1712929115147 -26.7581345684738 2.9379029531770513 2.7902898622199857 46.129886957416645 
80.84392596462793
16.04165337876374 1.0403854830905743 1.1289641738855138 -41.554469905403536 -36.67455809935255 -11.242557210454976 -5.481856121996799 8.386542730185099 -45.1037387507418 18.165310177279252 31.024118642123227 44.30106663480609 -6.445916632322671 
41.50555309864708
-46.99428326898296 -35.433669351466875 9.826947004787833 23.330486113917843 -4.834556216480593 2.326755348976981 -30.12891693688955 -11.953967616284324 29.992554936308352 25.03327618881339 -8.494813991663406 45.02920318658066 49.60720413433111 
92.86374919403207
28.35507435732103 -22.116676967983338 24.6947815111714 -37.55890976136848 -27.583055580912585 19.257406445787836 -8.135996360590028 -10.058486496473598 -18.69552121975501 -41.85568095952057 47.03196912944894 -4.013886348655717 -41.97289470717249 
92.68572325566095
-35.6661867173948 3.6347084656531052 -1.6462819907086867 -1.7499873154234606 17.574197082229134 -49.648268985318744 -26.35177624945215 -22.087235699568055 -45.61763091654202 4.989673687781838 35.52030122334513 -49.54249216876618 -37.99793258239268 
41.636429800280915
12.716761273634582 9.627876671711697 -31.95792279932732 -16.401402940921663 20.385990221589125 -42.399479801587226 39.532779933358924 -17.156370984793767 17.179924224605728 -24.488587098988546 -20.721457606246663 -7.100480959376121 26.615081165625938 
94.35647629583954
-30.23461008924234 26.51139290833578 -14.303803697912002 20.700712794874846 -18.2221590629286 -36.719698466758985 -3.987007322358849 3.3683693474829823 47.39840116250747 -12.939833481317855 30.35275186880601 49.64985076124333 -4.792306274169576 
38.064668494018896
-8.671743477439662 12.549463813688455 -40.727233125983645 10.436664264753183 27.60281527436294 -25.78868059261984 2.905610749303669 -37.54155329331349 -11.99895974276334 44.898980736538135 43.19348880894157 -16.367995596417813 34.12611958397186 
31.767772878491684
22.94719321819086 -19.46584663509565 38.061331602235256 -42.843087104185315 -47.017122327520724 1.6522615367360132 -36.684402364799254 -27.758079003841406 39.547656325831355 20.332017895429416 -35.620100236852046 -31.373944939518616 19.218646576877234 
84.51950838524324
43.093399974303225 37.8127475846059 46.749756694945546 -27.844396693324292 -31.524829837473234 -33.51058603072489 20.109930950023383 11.88152273604193 0.759407611926953 -15.833871602294856 -18.64879239379016 -9.85988625543304 -39.92086548510743 
48.95109301107971
1.9643882051378014 -32.19174165096291 45.57531254308826 17.10801383909879 47.024722101911166 -27.828448693970376 41.66540811899124 42.52879314187632 13.699468277246815 13.35319686778086 44.78744514707539 43.36828392583695 -43.41619345093653 
48.23481847777765
6.142588337250153 -45.17395636461002 44.8510150499889 29.457726461523208 13.791426627575774 -40.57660476062526 44.347445500290576 -17.731111727456195 30.91600005957561 49.11230941963518 -18.467703516045997 -2.223333523179683 -33.85818854741366 
77.16596084193318
25.556760948780266 17.607206230692356 -23.47901266314998 -47.96093748055227 19.796604843654222 12.003048808719576 -5.890195340075181 -39.75063572437971 4.796829283923763 21.08140687129088 23.030869018766296 30.819985963889337 0.8565419706630593 
87.27029687639222
-24.507784737389105 -30.064435731465355 -39.62327213192578 5.866473742847255 2.4426617020037753 1.2034028940186658 -42.3868727252692 10.209928559451953 27.374753716734844 44.27419350042223 -43.379030045877364 38.14550537900172 10.243716880647327 
2.565067192418724
-13.05216629534177 -2.7571050774343604 -47.44721225257512 -40.558926965619925 -38.974563627830214 -42.32782764904526 4.362401681886098 -48.550558102413056 -12.76930392374085 -46.317315190114606 49.3127114341885 47.06427780467391 -31.76906635227198 
17.30899717454011
24.705923140235925 9.887592038823279 25.49760670494851 -48.77168168722118 -19.7229767752123 -33.63410958661726 -42.23248545312004 21.619605593659074 -8.511560450575153 29.81980995908367 23.749927074067273 -33.57461622069762 21.01625362282003 
4.947536157628307
37.52265420298279 -30.406955509860033 -34.447409117317704 -40.04889800339134 -21.170464298112613 47.67317803896009 34.130864295197654 -42.95215526425946 49.886454328190425 31.578314196680992 -21.112453627970062 26.367665768665233 -44.677562786882305 
53.356148469617615
39.506234757780234 -46.9000289578055 42.526954508278806 15.507224619044052 -31.453283116466256 23.24246979187646 15.944080345002163 -21.322298204479285 -23.55611553761404 39.41728101159282 30.748702967479048 2.4837117682860352 -27.831739273503985 
24.95808479904451
-21.140537044826267 13.774549186023513 -21.62796622255033 31.83533864681914 3.3877037997649992 -43.182275145746296 -31.698526835923968 5.974855390141698 16.391187407574378 0.6896860715882909 5.838621138171639 -7.861687142376347 49.19586846638359 
90.58183022688343
-30.25776032767564 -20.227422976405396 34.56859581261065 -18.217860261182395 8.489949148825815 1.0979469502889998 5.668084830784402 37.76864157147365 3.0806216084357985 -6.806221838593395 -2.0289297332408154 -42.84839378212012 11.738013583135789 
76.95317437690854
-42.73494239223087 18.127201037787685 32.66374315933486 37.51672861581844 -10.681335924363708 -6.3438852605040665 48.81970520172287 -36.84142500606846 34.98499848028818 -4.243562154509725 12.177065367734372 -37.41367020959335 18.26316028161702 
3.100825628628412
-16.04902515962069 34.22970700973342 -5.76265565237879 -37.46615232777327 -27.952772717347973 5.330965395010082 18.83271081403089 -17.82390530336511 -2.7209176022285106 -6.486469522450854 -27.028415806456785 1.4574843491193548 -24.130496476319795 
18.993495894532387
-0.01684965215470413 31.722940546407273 27.3360909568419 -38.288031310600935 -42.98565154870329 9.979419835977211 4.063079912677935 -35.59555080602118 38.70912850310923 -2.0959737544254367 -8.30332027014311 -20.01319231887414 4.567870411236122 
38.408770706516115
47.957219558980285 49.62561689680727 30.168183528332463 2.85826421514318 31.543448237239986 -23.52602799146676 6.822948961048844 -26.537556609405133 22.511468152671284 29.292092992732606 34.270885453853694 -42.5827779011805 -49.157203413991525 
20.03539712131279
-13.360451718548674 22.041701619170922 30.873010340093373 -0.019037923110190036 -16.809846768078593 -26.538604007920817 45.83455947335965 -39.923456799727965 -37.751871230464296 -24.68730881735378 38.974317740500595 -47.065302946704634 39.24290439692109 
68.49451464012488
45.538442273379474 -23.74228956515273 27.92487834027797 -41.83095592524224 43.3742056934348 -29.53256755368129 17.59713207671804 30.01396855094518 8.98046141933596 -13.072695830515372 28.593925712396455 -5.845312553071125 40.54541470881648 
27.382223191993205
13.257553732446212 32.25553731837108 49.84246649679427 -9.89488621661684 30.309699613664975 40.92498615075846 30.81185233578067 33.72739915352419 -3.2170608763006285 22.890471103381785 -15.762111109454494 35.84379173014443 13.572526687740194 
26.324336097925325
15.138633028933398 -19.779815907590002 -31.81173588837096 22.253133096168824 22.31682792819859 -46.20338328160987 41.430598509995235 -9.841666510105362 -32.02200415129542 -27.334354618891656 -16.515196987687922 2.6772343202943603 49.40361116778867 
34.819683501466436
-20.67852574483321 -38.26133528614809 -5.625711016520981 -33.300841165117106 -6.688728904836374 40.51888622790425 -32.63003564083239 40.43665615641913 -31.393833277137052 28.278811409870926 4.5310912444266975 39.18045569382055 -41.890817162119774 
8.444510642970016
-8.053129642941038 38.994163990423104 -19.25098671853176 -25.78128821954907 -35.95638294759552 -42.43256461240371 29.29549208414744 -49.438215927253125 26.678312865246227 -7.66396716579554 4.096407003640948 -3.443487864493491 2.999547338482188 
83.59781185903418
10.885695361816119 7.971710333660184 -40.7800462576039 41.8244062737232 40.20753963504926 26.26551323610053 -7.848628962353629 22.60677186363492 41.020499525510004 -12.680012664063675 -49.31406099607233 -32.46405414563573 11.690259236689784 
60.87445362564241
19.363399713802224 -45.1912758030107 -42.15083728926247 -10.07426708407366 13.74689193618385 19.461183435356418 8.49519637760877 -11.710757292519446 24.536557131962383 9.871298150680573 39.2226626625926 44.065751206657495 0.18229218260626112 
94.53517822082168
24.621249052382808 6.934274581740411 -23.78591529094063 -28.890305264489058 30.649800681058778 7.992439453289975 43.59028059171874 8.32760752452969 -37.814416074530314 -27.708550443559922 -1.928722674742687 20.629528856087546 0.9693736393185262 
86.26345045384627
27.958098372374934 35.22038642528865 4.81125823288906 24.9150321105609 -21.507631179483987 -38.25371688806144 -9.808475447744222 -23.038742529451316 -22.203778047240696 15.900983368008369 -12.714406133688215 -19.99955236281127 21.43771518589584 
30.009497253091734
38.96142426812091 -7.619263952925984 -9.460640379712657 -44.00047834803901 13.442429576701123 -16.41483313902895 21.804377638020938 -20.840183799540025 14.09837464397937 20.762884990145253 -43.08259662360893 -35.302198176222134 -0.7786268631699755 
15.45980335480569
-26.51676206003002 -46.65297114539493 -30.33650453633281 21.652819577220555 39.99949239758078 7.138386325714642 42.85718759545631 -6.132463457839009 43.31577274392822 -18.06278163194993 8.00908024346846 -27.539851927171522 8.614285262059262 
19.46184192864565
49.152413345912166 -37.930025565927416 -30.846382916304606 -41.7628610316242 30.262777968831784 8.799880261529268 45.84958615740878 10.300298436655154 -40.213609310729424 -38.14237563342904 -34.77597334395165 -11.536032425579492 -9.300276094698447 
76.19196194371537
-21.665568085618247 -2.4445875128360726 -33.38623997207107 24.083049479740154 43.00438466527194 22.288534116947062 -5.5442882930701245 -14.30240472189773 -2.9932111923943623 -45.71110432148316 9.905605114830337 31.29485163701341 -19.191145325781665 
51.28016763022578
3.0345724336545885 -8.929569278516169 -34.93004967798633 -37.44629148504307 -11.513654448572517 32.550630796538115 0.2903200208021488 36.58126724130386 37.062860896547704 30.000798645242156 33.84080941272825 -1.0059451860043893 33.719500001183974 
65.48700267362894
33.06073881043946 -47.86024476002297 -9.25501709507681 -2.968932875755904 12.193064419711583 1.0422996727883387 24.29545834921457 15.724834391896309 -14.366968053461463 -45.17250472079779 -2.528105618411111 40.72026790058226 -39.70144026794104 
37.540937442886545
43.7743790594526 -31.3121969411308 35.88760713251796 17.772835124141167 11.036473882734846 2.6361328971472346 3.369810677494378 -17.382263464734315 7.837328353262528 33.91241535701542 19.266704107743593 -11.764622883858543 -8.091277414457089 
90.75262144366998
-13.893094463694922 16.642170368664665 13.198821419311514 46.92759830138472 -12.100385868029882 -43.64887540602628 13.023899985532047 -45.16888588216644 13.551858742191015 3.091291830516994 -14.866164660040141 -21.217986589118677 -49.13805368530858 
96.07608881218017
24.53672179957634 -43.636642910616295 49.05356123060771 15.15313597659302 25.572466609971485 8.297175387126742 28.772057133920683 14.656538126466003 41.994755883758316 -49.34568724673033 -34.953539143334545 10.89581504415603 -11.284656089002567 
87.12454319413855
-19.072243118782207 -28.046041660230593 47.38411509484607 23.62301022549957 -32.65391766468166 -19.169602789725857 36.1229041975825 2.6846936900507075 -11.813579446644162 -44.047108177161334 17.500611961821505 -49.100437336387245 38.6645173907318 
66.69572050410379
48.23167479564445 -30.933319115950585 -0.208355505407674 25.77974590963578 19.09945994014481 -28.20357066076612 -27.950986805986243 25.293247460889873 -5.749299883443548 0.9657513194533465 -22.650460197907798 -41.43927001424365 35.2766689788472 
45.73208569932128
-10.053219909556724 36.20010075062743 -12.608812112501369 -49.26250593080383 -5.8421582035706905 -38.552981524291994 12.535265621678626 33.68519647990934 -30.400857029908547 -22.811616866044325 -22.61744403048114 13.646577218188497 -26.90911440848016 
85.13528052078533
-13.465619573693097
-9.17758175796336
-12.731693408753955
9.607478569895221
-18.020591857171553
35.71064430159187
40.188668663378465
-38.807812307813535
-23.551373957306176
-4.991442384162504
21.398505876116545
-47.137462346528935
5.078194411928848
