constraints 129
variables 13
9.251747878830862 -20.449985632678136 -38.935948876560055 -22.794812556532207 -42.71032525027315 30.575885546965566 28.437529294302635 16.609699295232417 45.35828092524844 -12.827501356136771 -9.58682461857974 38.46652891731961 28.36636306861368 
15.455010530554969
16.492707849771946 -2.624337697451921 -36.43603598494204 16.07325363814809 -1.6116304853500694 5.965675463755218 -11.423790015975612 -21.8449718426761 -47.355744406789 14.493017598858955 -2.775644195104519 36.109364898374466 45.08810415524313 
18.62626143322006
-21.665201921388764 39.43685527983287 29.12100758918315 45.25972011660252 2.7564507442893813 -2.255066033457595 5.184505462874334 26.06404536584739 -20.548706933770244 -44.15823767370335 -10.298435073000043 18.969724449079692 -47.20745934294758 
37.08314182295832
28.370014780242713 -21.107284442479557 -19.900674836372733 17.072699124272944 0.8939676907606895 10.749667996322763 10.956388074326675 4.366327746540719 42.07086834618475 -39.8264931548935 -11.98826333924572 -39.99233183446831 47.60877675324707 
60.32843800774476
2.714834462456949 -16.47778968030532 42.13056202599418 6.836704023756347 -31.147667569815795 29.423324381201027 -38.4713002628255 27.067686199799084 21.75797580209415 -4.665613380251386 42.16640678639271 -5.096755227625259 11.71776452819092 
90.5068855013835
15.377861097043137 17.581498050555638 36.3610383474588 1.815201307991785 -22.69769663313398 -12.665547948385758 48.72266602128586 -26.765480597648207 41.2938553903808 47.27326182297075 -14.818953956027038 -45.640841833848945 -17.019132048159747 
18.338090224046166
-19.37884300487438 -46.305703759191964 -43.49426936972136 22.11791983184081 -23.058551058964195 -46.745039424061176 -5.441978350805577 -37.04116180920391 -14.58214200384085 2.431841230935106 4.52097000749567 -47.98229562431208 33.457806313325094 
61.13431698366576
38.38318079499035 -34.21868953563717 11.921527157403233 -45.10315931622469 45.0246628324591 32.05947453840025 40.457654339322744 -12.064350745443406 10.068167595438048 27.573755979753074 -14.805547466575156 -15.93152318503769 -49.30605881892524 
3.0017957699520093
-4.3522935603149335 -10.039187608386015 -39.35203603012489 -26.29945604303312 -24.14928186890668 -19.66204190355555 -5.869169373634598 -22.680110373103023 -31.518530814501954 -49.39704020162126 36.336436301416484 -46.868407306001714 10.156474416122904 
18.726252695722046
33.11663698839281 42.13654864330299 11.080441995606051 35.32366479560554 42.58015768434386 41.87683346705103 22.885332527026634 -31.48485367030478 27.39097501617192 -24.6328167991021 -15.238009761423363 38.457458648234336 28.113456119948594 
99.67384977091417
-20.117987768555924 25.369761133909122 45.15861383315534 36.40709611415305 -8.372945256916474 -35.578139205052 9.717790662981898 3.756817603810326 22.287369561986395 -28.9693483411134 42.52718769052575 17.689112310997103 25.66077466628343 
60.91106526198663
-16.61137952172895 8.534868403209984 9.377927461038723 -9.346392111187107 24.07897740725508 -31.560286285875005 -17.200805080392556 -3.3486090089944653 -7.387146836564341 5.008008532563146 -38.02698176467191 2.875282139320113 17.779831157735472 
76.96175976493703
-5.5848507423542415 1.2966324954992388 49.46002314116029 -21.25130468124208 33.362702127889875 -17.31721164391221 22.42836069554137 -27.228036188359695 -26.323526906788842 10.041408889823721 29.19030957375685 -9.72276889259421 -40.290459739139216 
32.16535118293024
10.848577786617696 34.921225920115276 -10.770360620565889 -19.469318767048126 -15.917465082281588 26.659065650008145 -33.1226100179783 29.22619280916375 -2.970980231339894 17.82595284100239 5.661966406568489 -25.356489846037732 47.18524090501094 
48.15216307469758
35.64030459380845 9.33272825940226 0.41157445852412167 30.938475377366558 -44.804480088374746 22.729233387151197 21.694004675488102 28.73251853920202 -47.775293757227836 -39.61677490192235 -34.466938479932175 33.58473039423903 30.065823330784127 
62.87413890905812
-23.341911878114384 14.326005404641009 -3.8620733858059637 35.7680406801429 20.222733575607023 31.29727524608522 10.038506788339276 22.776790208494674 -5.280430984323004 47.574622382583456 42.23624323164303 15.703562372873705 -19.441195907722285 
34.97180260855613
-35.482978681883914 36.8101218501771 42.588049210421346 32.96528945647907 -21.014442584812453 -28.083016003205596 35.787145209916915 19.175276389694105 -6.30544736359451 15.848419394742265 -40.045892882663324 41.14934324122143 -30.13219480979561 
65.76002528419245
-28.59475012422996 40.93377549562189 -1.7967740553762184 12.437326422663709 -12.455421426141811 -23.719208079953912 9.886267317063883 -15.170249299953099 13.614621569203102 5.32822945582123 -8.286218470713699 48.88498303909272 -19.977185326536016 
5.201530341411276
-45.87713548177192 48.17457728749997 3.344683746553976 -10.77387998295746 -4.061216419761479 0.8524423324311385 -25.562971755324458 22.301582120587412 20.30058246635697 35.16361074636167 33.051358133197965 -40.5226978364284 -17.507457260209023 
4.021472888951683
9.919885743153934 48.88252238994514 -7.695841941498507 18.097455286131165 4.493410698484027 46.90206263132036 -48.93915762915021 26.417885640633173 19.342403345677297 -9.147797568093665 -23.387872418447365 3.638582072786292 -9.310275873627901 
12.399535845855125
-41.666400862200916 -26.03151057676335 38.62535243869408 3.5788858801225487 -11.406607119058684 13.139420437276584 10.260594872369786 16.504608017816153 37.15359780711732 21.8698351284732 4.4112414858764595 37.73295721092222 -29.37859609741563 
6.946258900145308
47.35618158210194 28.72142709066766 -29.665583294619513 -10.653171759626325 35.800019117665386 -35.055727277485914 -31.040912356960902 32.75712986597064 -24.624747118998293 37.96166790068423 8.60065766460216 0.37938677604660853 20.85163024728297 
57.103340801020266
21.36768222756446 3.1117419452517225 -32.322678177620645 -49.5843677538492 47.10361551901495 -2.024791225285206 -46.441461981292754 -31.865594603883352 32.39252941007139 32.09164195306823 3.4913395902733697 -13.815651128097784 -0.034466979260358244 
54.566840511320436
-8.00866331443784 -7.931412532142467 38.27903860389863 -13.691298910480128 2.224027548701514 11.000791064140216 37.30550992827956 -3.8888896763527256 33.320601754030804 -3.7548036745768556 -11.528136928590527 30.26004253122288 44.37099266656804 
14.368319492183124
-25.799739435939728 -17.530899397202028 26.418064490783507 -46.53066045766503 -4.3495083044089355 -28.872430241078394 -37.76622977010389 20.444486618538008 26.03278934000997 11.644747422891264 -32.259728714868004 21.95396795579356 31.254305157290332 
83.10018826357592
8.645872560474189 42.99834086133056 -30.317856470327932 40.460214282784975 -48.80216342691488 46.874446436722394 -31.54971272471879 -33.703144630933444 36.911019690081915 20.769322872057373 -24.992662627238605 39.24615998306996 -32.286585205211736 
32.36382344601777
-0.5035246494740093 20.368593282188968 -49.8433581147445 -5.444089260853005 -3.9213790532415373 23.12502252422499 -24.828485750874762 7.776884848181666 -20.54570964706457 37.857577011277286 3.3057875034483217 12.36212659686231 36.6091528737244 
77.46543979423582
-15.536713487396526 37.05113296034099 -26.797134190280747 47.39142406849088 -34.12942549567923 -26.069979528162847 29.040262962918206 -29.914050951864013 32.329416521475466 44.992817286023524 7.708511018225437 -38.20917185551475 -21.22971145036514 
0.9862788645086717
-8.266599634756332 -32.21393118856287 36.70421792695271 -40.683862204873755 -43.49757926316285 11.168627162654943 -36.622724298758044 -5.4689462188293305 -46.27811893052408 -0.21709702526756303 -44.735910630153995 -7.7362505653792795 8.319760271303302 
16.0984680182378
-34.00626660430246 -34.50283209045204 -38.52439890318939 35.63138933789227 -7.116564460570061 10.636689476489082 -3.14674475359309 30.931177035919603 45.96253801923652 -49.89220015074404 7.131782285027889 -29.793689235548058 28.701182585833322 
18.061843721448334
-6.425587254826858 12.336936611409833 40.61524032879112 46.260771562432495 42.64493713538178 33.324203870597714 -41.49898217221414 48.32510669256931 -9.42451552093032 -6.848544698276648 -34.739678405756806 32.26759634514454 -30.690872190854122 
16.58327968406066
-26.891532321196955 -6.401674239684176 25.385317297852737 -33.39581510901856 31.4148841759027 -45.72464490438123 17.105675199545416 -15.000508057617445 18.507957889743096 16.38817017700721 24.712193506872808 11.00675605024751 -8.517149214047706 
43.69959419762699
-46.670568836032324 -33.983130298962365 8.38296034506304 19.035049979958558 -30.933184013751923 9.979744977797559 43.08284689290798 0.9963060895529807 -15.053269645896215 33.47025215604842 -15.217637684930999 -30.4097824543367 5.218520463152245 
98.29589867991542
-48.771155756873775 7.101155290091654 44.13817421699075 29.07851329431533 47.616186988403925 7.899153657472667 -41.562108461691835 38.41792159285798 -28.433277177927984 48.86408024150616 -28.520660982308975 -10.95352686411514 -1.3162248899644098 
30.719392475819994
21.478865562992183 -42.1910063256104 -17.130129792428676 -30.192641509469965 36.212553751055964 -31.64646673751389 -29.06243227514106 29.700874607457834 22.253451519099016 2.0940950983831286 -38.0030757712433 -17.46470388477949 -41.93712816919327 
30.307234141618455
38.68561549839529 -18.943000200908845 -2.847768770331726 -15.849694554287666 -40.48518113887748 4.123652014649849 20.051345915534426 43.939812918713386 29.43592108708917 10.754455785887238 21.96370970271954 34.20416966126827 -40.80977935505289 
50.816922952012014
-13.241241182882824 -43.17408477177207 -16.91423836363063 -15.95001188527656 -22.65431337844792 -18.98573336717162 29.552510342092134 3.3616111439025076 -32.50709877529564 35.8995717336892 29.159101604265487 -6.797792410779202 -49.19826605954106 
69.21713152119716
0.7314112745390062 -20.696382577315966 -11.187450065175987 -6.151448030645938 -22.20476520689274 42.18656811892802 2.1159498539538717 -7.085404573284535 24.772416824499317 -26.422160703613752 -34.13873958243675 43.66427101355475 45.191757591460004 
2.2416660089425666
44.19907186328628 -49.41925953978481 2.6331088537035683 -46.281824207360756 -13.035909098467137 48.925296746343435 -40.794969064725485 -12.925063897137775 16.2991020720073 -48.63345651072895 -13.936479733236325 21.015974452663443 -49.059599135169776 
12.39265333807369
15.811217344185565 21.555908481341305 -48.47045244906988 27.880341807774982 -12.426344917102881 -26.044881363474982 21.58583142895708 20.49501118984189 -17.86893977230767 2.7251450875704037 -34.331577801275245 35.52227968136184 -43.30871279658839 
85.2518359542214
-11.223396162616439 -13.718108827857513 -33.2785089279035 -23.05303887763325 19.18113752540654 43.4508041966607 5.713166885457596 -21.172617974619513 -49.350742328181816 -41.57699606995905 2.8372190369446173 -17.965914402076713 29.420355024210608 
97.2593909735842
-6.8472297344497335 18.041693048124827 -43.69105363857608 -11.168123311865642 15.365410178534162 28.17235322691633 34.956019201253014 8.441583814849352 -1.912308113895648 41.51616361505896 -26.480559304695916 -23.50814669412574 -32.86340928733786 
66.47359321189083
38.98859102934841 -49.27749722508978 43.609835685050896 7.8736529426857516 -29.172078614346553 30.062623741812473 5.31488823969822 -31.015207044480007 -16.20129686944074 -31.665084101633024 -47.41849485316263 35.72386179610673 28.577730018349698 
66.84538879391191
-46.4292390096192 -31.018305938980372 33.186279550646105 26.318032835321844 43.9005219978481 -49.77782044997786 18.262175084599917 40.68480062826377 20.739299958153154 35.374954522668475 -35.14768911738619 -42.08288218107946 2.477521083204323 
22.530163784453027
14.672542313849718 16.385785708411277 21.667268132541608 -19.94304524549767 -0.3236314192837426 -10.837935433669323 -18.871490170212578 -36.49426677024995 30.293387375117916 33.223392872795586 30.95198628630878 22.01741637486228 19.84298440206325 
95.70304176426659
17.585840677502745 -42.04875534505044 -13.601692894377429 25.123779878046506 15.275173651529101 -42.944034215896934 -47.22993401101466 21.98135691571825 -25.16927562829516 -49.252463250784054 -39.7007498024745 -9.905525549888914 15.0348998759779 
56.9196974592588
22.7923962982037 17.81363305289102 37.95040046130471 21.20210190467617 -26.797481946880396 26.482017945536313 -29.021244150077408 -3.3060348845382634 -2.4465756021940095 -27.53254273111565 25.723074269028658 6.939472675675532 8.124596460498623 
28.635129900073185
16.541357326398426 34.274431070995234 -18.94159497617003 -48.69339176089661 0.13378063677469498 -36.33799755078767 -27.679093039785464 9.551523173602142 -18.410664136285227 -9.25143603218406 30.342054929378676 -34.916035684538826 -17.975715542405766 
22.10909208385151
43.68063867152988 43.08647146070217 -21.723081652712573 5.514668083548123 -2.296166663041191 26.960282065809693 6.080110496961588 -21.456931871093076 -34.459240865474996 43.30128942324393 -35.284779437721305 -35.03339318036282 25.463966098192543 
27.326895432651565
-26.64210627381265 -19.910237853981492 -20.627659650248432 23.529807097761804 7.1584030127982885 28.57229838625898 45.1933633399035 31.510506757119032 -15.443890856974122 -8.73802337165398 9.792333589421062 2.7410070296236455 -13.590226519046197 
51.174160424774854
-41.629480346653224 30.43819211290399 -37.76765228458348 -47.00607347241706 41.35390010455539 -48.22408303737576 19.151019539232394 -24.660410216032158 0.41855927157092054 -0.659278584390222 -4.8297481873525925 -29.48520803487775 -48.431569442969845 
47.03689896887291
-10.1023839785747 -7.410379336762759 15.07552199720395 44.572344809472995 -36.9007761392407 -8.610493844693721 -10.387616602262383 -25.792538624786122 14.283627173421735 -2.6661221136326105 -8.948975241496527 43.62515250244863 24.97005809432305 
10.0549148621507
15.172063843929038 49.58069935332132 -20.6210597065547 -17.660045637055198 37.92243553415605 8.41614390538735 -21.01040948504327 10.17940683055867 36.879458030744146 -48.42548041302822 31.742117055446613 49.5653451472587 3.223665467401574 
76.92512293205314
27.617513203425688 -18.825831350249377 14.79227006701943 -19.98825778235115 8.911962655160224 35.180051505539794 -42.32028334497413 13.261556060768122 5.728478643072108 -29.815832784783993 16.37126092416385 -14.256763772958905 35.040925211792015 
22.607962814456563
0.5400996274360779 21.238495858329713 -44.857402266892045 -44.11300239930674 40.408036143135604 38.19218071252986 26.37349187501215 -7.584787596831774 -38.0357293286512 1.531725193438369 -46.27251230310199 -44.57227888683195 48.35639395429561 
73.39760895928596
-22.727342437625232 -17.12647946051966 4.412176934273603 7.5022255853390405 32.27496238789635 0.8177993048993599 -32.47964230162877 40.13533447059473 22.497626071317384 -39.973233879056245 49.993055737031725 -20.239904142349495 37.3555144928404 
96.12628820354084
-44.44795934884897 -13.305599786191294 -3.564144001294281 21.088812937429836 -14.274374047617812 -35.45193894906961 23.353709702013887 41.79137394745095 40.71242169160266 -44.11283709046515 34.992574704232 -19.999205931938345 23.662769447221706 
96.02267019680201
-18.11239714189412 37.38039993115598 -22.651788046469257 -19.128838182905827 -9.159114583380244 8.975925727575763 17.833835231023855 -2.4886495256611383 41.81532074039306 -0.8734893935146673 -18.962097923661947 -0.6391467035200762 -42.26439661507004 
84.85999973575588
-35.04229173359042 -18.176620156311806 -1.9680777591693825 -46.429971483269824 32.860114315652424 28.807392637349153 24.59393201781839 -35.864328626445406 40.879746527250234 -44.307020794758 -47.7403216463953 -6.367312525829071 -32.76259350114691 
20.12453772975099
5.046106717400498 35.39868509402217 49.68572006455619 -41.567419036069495 -25.965131421371524 8.452860065008238 -17.191363559960195 -17.46117299013764 13.159144917721832 23.1341272845101 -12.554116767298886 -10.125558480666108 15.094248826522076 
73.30989568652029
40.78301666314292 -2.8578482960240663 -18.96319753265795 41.62087313518447 47.54228924931829 7.678695539380364 35.3642941310808 -39.03431281608617 40.228979223588794 -38.2751602137178 38.9988905122499 22.792314575142782 19.532495377754643 
49.08601581303634
23.75636008090099 -39.248393121392596 -15.24901877772318 34.467390300142185 4.04305376367526 -33.11846888423722 -41.497247740799914 7.192947482492286 21.97086255087767 16.728926330124025 -19.992616531730878 -30.931028266897787 47.29214419044786 
39.67898832740263
26.863838349364087 16.828093116237042 -15.486373649234032 21.25084199688024 26.522508297033667 -41.10918808052364 36.13031858761717 15.230935474835988 35.54263373187561 30.107246480788632 33.127516527623484 25.254250195313205 -2.7539842938358348 
82.69259837615444
-28.269012644539494 -12.193430098794224 36.52257265659465 -13.254395466183567 -11.157521647590563 -48.390629574167264 14.312713501172254 19.540047092841647 -32.32028462655451 1.9621598024479354 43.68610707297209 9.205187533919393 -10.152905487848088 
72.85536568044657
-35.54405566143426 25.461702803033234 40.395249241931836 -25.469812233437594 -16.08771600119814 -22.244414386075718 28.384832476616197 -10.349941944512366 17.527655673053474 -10.566842185805484 7.051724837520744 7.361683622882808 5.382584640720822 
15.526172888839485
-35.121957867888156 -28.738099049721566 37.57827239929105 11.26678297083025 11.705264472565759 14.64985442426395 -4.951863697560988 -11.372126082284304 2.4828878272426493 44.43229946963915 0.9495325842458371 -31.014905501021538 25.32800642888239 
63.663125718099856
-17.78857511951133 -48.57732947079326 30.278284608991484 41.93642019450665 -39.16663191736498 -31.74410573576165 -9.54724396039721 2.7157592985622614 30.175643570389923 -7.981087776601711 -31.707973480765283 47.17061397606771 22.749982235876033 
41.467298996228685
6.131346537754432 -24.795892793265907 42.914773545525335 -41.92941238768306 -27.432821034747633 -3.90543017912627 20.398242954848172 39.02079228629593 -26.09015405361318 43.536699208524084 38.717571719698455 -32.04131059791272 -16.528128374677422 
72.85633916855956
6.331511349408416 -19.579582853457122 -49.476268243562096 -28.213766797207985 -32.24147664229278 37.43276406898207 25.455643624178833 10.428338943878948 -3.0879616389371876 -42.26377121910632 -21.9838206470811 40.89162034102915 -24.45103927806026 
26.79080778959727
-8.544565028890794 32.58246597915661 35.99705328702743 9.02015143329836 -13.017456532700045 -4.7617927898545815 39.22140030391665 -11.324392026964127 -29.845635180394847 -1.4675442242145564 -33.19034942495224 4.25234778792165 -6.3557967964087965 
94.44429035186313
28.600278222104038 21.565668858532433 -0.7035833816287607 36.571589143604626 26.447645715868248 11.396227650083787 36.454875993033724 19.182064096720183 -30.98782268688568 -40.9611578669141 -46.73984046326757 -21.96609870652926 2.483465634527839 
85.14022449936604
22.942527066469538 4.861104320195707 7.7886889897740375 49.8867883665457 -1.9053774910401273 27.906987236102836 16.1082421721988 -4.095519200248567 -17.510009024824036 2.0025328242510483 11.41501158881487 9.158382023079938 -27.779547484273802 
83.42455731745589
21.273231429215613 41.69052073932352 45.75744888556888 -12.868007481052459 45.27745286858257 45.21022831478014 -24.000506436221137 -13.033166981587222 34.28163889910161 10.352092262587021 -3.550121076381828 -26.980479262036493 12.96290336179132 
42.84233685604799
-21.624125976383134 24.596959945849264 33.28405139533682 -15.134736226544312 -33.867416193696975 -7.90551113936759 -42.936539090294524 -42.40282820647552 -26.208220235547287 6.561506536178598 -7.8694748467058275 9.175919374010135 -32.20203555504392 
1.863717181008906
48.43928723887909 1.300128585613514 47.580991060490376 -8.916793228021561 38.03250354193919 -42.79723888612922 -11.113382319207751 36.160883277694595 15.892868711196485 23.919602717121833 33.04333314065261 37.77406833192907 47.48767560753939 
22.57397180104367
-10.53407986805125 -48.944655999199306 -6.792258008223108 21.82475640242201 -31.596839175902 1.9969634964723042 19.920885554043252 21.675628222632525 -23.730803571100477 39.2485317980895 -14.495118647597764 27.519122485628074 -13.1449900226744 
56.5038264645942
-6.505751659199014 27.590008640520168 48.298618171351535 11.78600004812973 -18.13017897898184 -39.071840213170695 -2.1004928220566796 1.6786064416377613 -7.460429673584592 -22.49806120034887 34.69493411866024 -29.086721132434256 -33.79634807450334 
97.31888643688467
43.17272023978785 -49.286954235689926 21.066214493176275 21.151249533502593 -29.422801936560717 22.903654058297036 3.251028082029471 -18.07027592372503 34.97201937778847 1.0434897922607291 41.79751737650518 2.909523731988493 -18.44445054813987 
54.68599862417115
1.7583018597730913 46.38866977476049 10.68159366930169 28.376770265248 5.18891884054775 -4.940772636932387 -27.379735390677183 -26.899240162768244 -18.285104195033874 6.997914391237799 -38.69921725766583 -35.36665573164659 17.880879786843835 
74.85336282522303
42.11011351842585 30.61227375143443 -2.3689257854346266 49.96305626804039 17.27826627442664 46.13578787373184 -34.960241377032844 12.933754968303376 -33.536789049347746 -13.694518913392471 -5.194806914642655 33.64500886250897 -0.14466394733251065 
93.3707826429323
26.03974616498131 -34.31387629388752 26.453448307705642 -24.004805226113046 0.5336042945782395 -37.087252515214004 -28.878707566449123 -41.34729923620103 47.9389858421777 -10.8899784792591 -29.384340043815182 -9.723943584662585 -22.783727478568306 
65.674994489718
40.984141524373825 3.016945632439331 -33.79698461421251 16.781818839290665 36.56262456763375 -15.658728400714054 -10.688678256269455 -23.330993281727807 14.259689314125751 -11.328867952414981 -12.871357285970142 -30.511192612651918 -24.102960398563845 
18.398287401112402
-38.90847562948974 -41.41544961975254 -13.917814021235074 -1.667730466645125 -28.578611530101515 -10.88741412659595 -46.57839851991186 2.509498285732583 27.15597592187241 15.601218978047612 18.839605412964502 17.778054564429553 -16.620383880312858 
64.33983461642201
16.350282655660493 44.68614597669274 2.6499690619639438 -20.58281085094793 -41.163277101022615 42.94038529075716 -4.861520166517941 -9.22139899755652 -45.77601643447458 26.063507703749707 25.146283819318356 -27.152420287893854 -24.110897958265497 
47.86925147445712
-39.57318521908758 33.058235910043905 -4.766364970059577 -48.01449066340879 45.14096218970306 -18.9295023802044 34.05110545205204 24.895113981099527 -2.709926013645635 -18.50890222487752 9.653903012531728 -47.17311312616509 -32.88329576551337 
35.59891300522763
26.681073834674947 33.317881089485866 44.23247884518946 20.874142828154874 16.090613764579516 33.381023109205955 -31.8729649190013 -8.943486664849743 34.046776787161136 17.950630979837072 -20.76852522067425 -45.991460218923805 11.245029667463712 
44.641586669321754
45.85433597947063 -0.1643978828477657 -13.32571481825974 -16.15380413984667 16.077612194924896 47.515416321052356 -31.101920361930947 26.80608459876467 -26.905135763886246 14.715233150968544 42.643367691093545 38.53472207292283 17.49301649117507 
42.52589282464248
-21.18229355099457 -2.6705241965610327 -39.37605765128346 -25.482344542611457 12.032544193852857 38.1003611300213 -10.518470714907934 47.823483082462275 21.292422162454514 -17.14404868751388 -44.60565345805657 -47.1187691824725 -13.283072321969883 
48.42517398048255
46.363673425317614 -41.982962435581385 -2.0057905574168657 18.85701302353567 26.021108556329835 -24.772095728635158 -41.27802379769574 7.928417615085223 -39.050451453186874 -35.67769321954876 -35.12610652705299 -34.19601852151818 12.505812297161924 
84.00341260510984
35.336273867389735 3.129295567378044 39.302801543779196 -49.46970494855483 37.79212000865091 15.703045708111205 42.15350308474606 7.268298510311041 -15.813541367876446 -6.638651879389087 -15.45121607189428 -8.259514029459822 -33.41095880711058 
37.82098941806248
38.6353708334689 10.71789085735417 -33.522532664498996 45.966552604323624 39.18001437365059 -1.5629057767183738 -1.7041486268435193 -12.570274819105208 -23.849711606692058 38.20936123457412 41.601146468897426 -31.702700095695334 20.312090451148592 
23.486467515148423
-24.808703846568115 26.39773439890051 -44.36163436386418 -29.12601186163841 -48.68357337314565 47.854346626936035 -12.656834381125805 24.63374186589634 38.40627084060071 29.456567799239437 4.999634048090549 -40.10725283887143 16.704139728048006 
86.88889488553363
6.470107906711689 0.07690158640046008 32.77965312809758 -25.029474167286548 30.2709635507682 13.013360797687412 6.0996344665088955 -7.2031075558235855 1.5144764753239244 39.696343472144946 33.66846009799987 44.03761785840442 -30.28562078836716 
89.88692547184962
-42.79371973941858 10.63369848111163 5.51144366394405 -40.48189825554975 41.41550195170943 -23.25003208573194 27.769863920180555 36.302247168624845 -38.40698558536568 9.077242724957834 -47.485225878434434 11.988822097714838 14.177602433880054 
9.441748819571416
-9.174202446082724 12.396001038652258 44.779059268855576 -43.83221328205194 -25.929010619886984 -10.359356381063968 34.81756804548445 -8.247189825907661 -48.239862662861235 -5.083148424348963 0.10889178151093404 46.15242911553837 -10.184139988250763 
14.724083643309537
32.562984206316685 7.336085725258826 -4.794503377905436 -41.378353501652086 -40.37933988071683 -36.237538458550475 6.646333612333777 -17.612916432886102 5.134988425327805 47.03693747250827 20.491191777796047 -33.11816490622827 10.111100642806733 
47.25172659322197
-34.078992774424236 49.978298015692786 12.050141107399284 8.372549547192335 4.215452414011153 26.578177214715296 -12.399871743668676 -13.475929638751126 3.142329190875934 -9.947194495691114 34.79850605699134 20.13948229864988 29.400853449834926 
37.36195254784106
8.398212368215653 17.678044781657448 9.57357122911776 49.65830734346288 24.601102285464165 15.977540602967125 33.18614413781104 40.360719208895475 19.97965108148226 0.296966342106586 10.243774375853796 -16.520010798838882 -16.55020924626507 
55.7180541590601
-49.99242348858114 -3.593206716452279 -20.13511359148511 -11.187548556857799 -2.206261366588521 -46.57785290854562 49.13278671433312 -31.65527993669147 -47.77715794326611 48.866545308975205 -4.285020165348094 34.26958485306834 -13.383784007060896 
62.20470228284104
-20.051118598915384 15.395106172434211 15.13078985659186 -48.85133629197198 -15.158646973203702 -22.178197929101763 -23.25660169540007 -36.44727447769121 -40.18649363898349 -1.369047120134013 -41.66000298989662 -36.030503182686225 36.33397038126623 
72.28365023098208
41.93487380303806 16.557127106104744 -30.540230374745214 -39.194582736173984 40.439353399978145 -47.54641298680979 -15.9889906525799 43.06951804963032 -18.58087784035941 -23.215413745649883 -5.5624037315515125 -46.64466162720736 8.923769608467069 
88.14755551566473
23.39324365005369 24.84649870227142 -0.2582907972674562 41.71489643715725 -34.38592054330692 -30.153298865812417 32.328139507000785 36.02542678727235 30.90615181949103 35.22947091605643 4.173296625770675 -6.916181264183528 -47.121817270874985 
19.00138584758093
-33.477322503796444 31.563533970595756 -31.487018632227237 -28.15345795011868 34.130591316827804 3.709571457936512 -42.24709666154946 -13.866654269466835 32.12275670595494 -22.03686026995951 -18.01818098217537 44.10299879644293 -37.93664068481145 
51.381100989228635
-24.38194546808382 -43.177674444600285 4.96637632781669 18.59887743368435 25.98983399407497 -24.02816299233289 30.260619342593273 -42.61376844656255 23.246738600022837 1.6532690606236997 46.612377683974685 -35.22884774377975 -25.73221424040296 
91.13905576620233
13.029168482099365 -7.742154431368945 -47.641312799057445 45.84951401873923 26.812546890768346 -16.159383175433753 -2.0120330664647454 -33.168204600044014 18.697534835529126 16.316195996644026 -5.106434625144388 -27.372090021376238 14.910703604389653 
27.82286024210425
20.598652657323797 -32.342531945478335 -29.101502933513746 47.58548821778254 10.707365837277308 34.103994072067096 42.12192935304316 -42.47857861216937 -17.69177509171775 -4.217992540867542 33.583291736942286 -25.337136625034194 33.39503541413353 
18.57533233504707
-38.354952390863396 42.27725713074149 -27.577923443290597 18.775336582098518 -30.77935389079911 -42.88211131808377 34.94244009108685 -1.9888373211624923 -41.43852889216768 40.41279200195537 12.735416726402512 -38.54779113137169 44.633732734325406 
31.000693345095332
-45.08919914588241 4.576462607558163 -13.526439396974688 -9.551323760394446 0.18512174279976534 -26.96345812644069 23.92819765494059 12.036872730333094 -35.143274579686974 10.01856962165315 32.835600881323856 -31.8286264664015 41.96373609233818 
55.977343102543244
12.9643876007583 14.087288247976673 -36.30904164988561 6.744457287340033 39.93054642073689 -10.370313241180995 41.29874905077324 17.74439381286919 44.826872125383645 25.450880372100173 24.678990286194093 14.416840360057904 33.44562239807645 
15.138394432884738
17.10029983282621 31.931776431366714 20.744418100247827 10.588623012659049 39.78661677271627 -39.102826056004524 35.59994311753442 -15.632931810930238 -34.31960256717167 19.997397184469108 45.91352667032746 29.84675230235024 32.07360900683682 
61.36372231090167
-35.222753769571504 37.592228354280394 -2.2531882659818194 -10.033376874508384 24.678661030232135 -5.2426191192736695 31.838598152066908 -5.567207092359894 48.616896622938256 3.190957841593054 8.874731741916143 -6.57186029433705 4.522278850610348 
51.49463446261502
37.21830799820795 -0.8887372530836259 2.516239715374738 -43.54591251118825 -33.34064726516138 -12.849800517028662 -16.682186640325035 -39.93557003096909 4.944254733817253 41.40855008010972 -49.50251587316371 -20.202906830877197 22.75248148145353 
60.64531521624112
19.29873106590111 -38.19398512870459 41.96005383131897 24.436102667283777 -9.60780729626368 -20.55317548917329 -17.013700288244102 -33.98839257342195 8.196743816530763 -47.21658391618371 -6.397577736660928 40.82259503138516 30.296537279139486 
88.68218245542496
-6.2125735996287546 11.378855948309273 17.00236650787184 5.644878568165346 49.049061498920295 -8.727102183934178 48.25042372854027 -37.293115882506676 28.084361679094954 4.287432023943325 -11.19908919198712 7.528479981866788 9.736480440932027 
68.0989795966413
-47.90638189789536 -4.767577510135567 -21.088506084231373 -43.67179557629812 -41.86298096385154 6.59198588831574 -8.549068912656423 -22.44913240644403 41.45200647604061 11.849361692725601 -6.087256909353286 -14.628426952651687 41.36092765185818 
34.74510876443926
-44.204441454014656 -0.22423420195121224 -1.1929008134492065 20.26510138718656 8.947992950090402 -23.286287687005746 -8.590497341284511 49.16228375129347 -8.263098322378504 10.233475585841333 -38.3980856757928 22.48618921210425 -35.99456054201984 
39.46820237752512
31.47524159097547 -39.84590765328748 -7.066144317286607 11.396259796851773 -47.663630221347375 19.02337074407386 9.622959595909954 -30.468862801151808 7.0163447374209085 37.97544176979649 1.5522381221038088 48.561217125660065 -31.39470587544706 
10.197450623966597
37.02164665900631 -44.55216094416946 20.560942237696864 16.14863939199276 14.268079372755764 8.603375601011209 -39.967813616237216 -25.375888118385813 -9.845366765229635 -11.4906919757927 38.75867134735468 33.87950051193823 -28.837260479300785 
75.49754592205026
44.051869972357636 29.955820001142968 42.87430554347698 -36.59344683933679 -13.867319178819372 -14.855427010537369 -26.786974408558606 -8.562878177108324 37.49512392883723 5.958931191408844 49.421071305721924 -19.229124966219004 -35.01481406948547 
17.027657994113355
-0.92062687796696 -2.622078867660804 5.928462809185135 -14.995872321253756 1.436766189199922 -12.071702236934144 -34.090261764073325 -5.116306752733067 16.895274170685013 -48.16479819876328 -42.29783600869121 -9.95169678822765 49.705863235479 
69.19620604863624
-41.63671032746741 -23.091821241754495 11.761031414346768 -48.23801692788891 34.65965044460992 25.186043202143424 -26.17242595585626 -27.949636253893406 -24.248797596672688 -34.30976397958073 -25.354998196310298 4.3367680656261385 -23.538588101229895 
48.848799594204884
8.021993449086217 -19.50959551301891 34.47832795624383 29.327426278475244 23.395417621545562 23.488849367515314 -39.52347745138849 34.729895201676925 -43.726607889463665 -28.068049217483658 -48.58073089764336 9.680477692419643 -48.43405978139593 
99.98926036289937
44.19492854336292 0.5134866615818652 -44.9861919874477 18.9534513663141 49.26095916680586 -39.65398502800215 25.758054388987745 -31.064463234679028 -37.88640158508021 9.485606587451812 -33.449968396191736 22.225887998195375 -35.82931957449853 
31.92544503238969
-22.816561457059436 23.45840547664136 -45.95030595279095 -24.894589653267573 11.437127375761015 -14.046530948234462 -4.7573548966877794 -2.8319025397298887 -41.85058210580995 48.47851083589228 26.83384565549285 23.614754749943984 -26.998373895889916 
22.15343950153761
-39.82372670721418 33.566768125686735 -40.829341083980495 -26.65867405939123 -23.66330193652336 -5.235772629006789 32.21747019793034 45.10311196603675 46.63926970242139 5.983769944250895 7.4101951472746705 -32.84164462655392 21.781824413042756 
35.73376645218366
16.137912692558558 42.282280460249495 -26.231337389195318 16.885641360267613 -7.847087945039057 25.68276882196713 29.298142556978505 18.32596254617019 -31.913597588276833 33.13909394669247 3.2628808585954516 16.76460537943025 -11.985331793551623 
73.54757564969451
26.664965287248364 34.510225806830846 -27.19034043971099 -47.99243301531643 -35.48195209910355 -7.675071023352565 -28.40991714466512 -19.305523818977054 36.20278910179927 -49.604126426543345 -5.203980278352127 16.504811272612812 -16.73843497329699 
25.01230774512433
-47.757778416776695 16.821516894421492 -22.23702573086779 23.712321415174628 12.962191661539904 -32.26386367446861 28.136148611860136 -12.535622816507917 -37.262786173247186 -7.32234079051036 18.769415678222344 14.874461337268798 -40.08845359958618 
43.636126179656145
14.687428529954119 -29.539501416092694 -19.573014496633377 -37.9675893310201 -26.73465245273341 46.71139467009537 -1.032934180224224 21.77384260128221 31.20824502041785 -42.05104704458789 -25.316796104908512 -16.85138148440339 -23.08159840459175 
42.93659067626976
-48.29121050815148
-15.041749057816943
6.650245562335236
-10.799439642140719
10.805044969436828
43.965575372140236
-20.18643717034897
25.933277289088636
20.960016359890517
7.624022347099654
-47.2902345290915
17.910256240179464
-8.338772695951732
