constraints 129
variables 13
48.96033783589094 44.537988747686796 22.647532456572222 39.81253447848337 -15.956332252201399 -45.779783595514466 -6.317454071569827 -44.30274308304782 -45.0349821782563 -49.50601204642018 -0.2253831785168714 14.29666140835107 -1.7749853741041974 
81.48778429531662
29.409211544757426 -49.08836149496053 -39.583418525991966 -27.630032459235565 -6.931556220618077 49.83063772927942 -27.403582525546643 -30.928351587250226 38.463910661423014 -16.401251306965037 -3.8647820299635285 -27.1261520651087 19.067437045701936 
41.193356987214756
-45.41173771483713 -30.7078343608748 15.491108083154941 -0.43500685510824155 33.803800186071356 10.649208937899267 34.756266916008144 19.27151549169838 40.787390921554376 33.30706661336093 28.604437129742706 -13.171669515038296 -39.23380919830729 
27.73917125619103
-21.25860428171099 -16.08316497831175 41.447932413896865 -17.54712826804962 -5.731079107055962 36.73783254735487 -36.354885551384854 41.231141939632664 -45.45299546895673 -12.43377568551903 28.235755513759102 -2.756217728135077 9.342618472664036 
84.95772984599527
0.857739210142924 -2.7143768501283745 17.359391667481233 -40.92197777505186 7.784709842662153 44.73116279361764 -35.89417735822255 -15.730887839058283 -30.89290673127175 -29.2478366504089 -49.452012557131 -17.76259527993036 -11.357249673904981 
39.92675370701574
-14.894085100131562 -13.857649799056858 -6.0725675592060355 18.575592961724453 43.29111372329632 -31.61586638629351 34.18607424936374 11.992717491870522 -18.353951676316317 33.03342835436521 -0.6383133685602473 20.1956764893699 5.6345828540065455 
37.61571803072512
19.07941405531902 -29.098337328401325 -5.254273823387614 -11.642755197297326 36.849116594412095 -36.85671187229936 -17.68869157600512 -1.9808327495261082 31.86058169282036 -4.730230851448205 -27.59855107983672 -43.90893769670845 -21.598708106377806 
7.03625254436504
-48.34998573062534 37.384402193432976 -8.772578207915295 -12.933887939650099 19.97551621620333 -33.03880204706762 4.144538587926924 34.177967545426796 20.90117319402465 -33.147484623090286 -31.394731269280484 -36.09863784470598 -0.45884567224555894 
83.16610618177431
39.306944438657496 19.9619242263081 -45.69167635016389 -19.048057121689833 34.57305518083362 -15.4010632506658 -22.987963119338815 48.58894105399693 20.72809623864312 -18.714713226673208 -4.747134692308052 23.47571801529122 -28.273814172522837 
78.751745735055
40.88438205991281 36.45276032027836 -2.030375603773173 -13.825402403599128 -31.199547295767303 -26.347105131759808 21.554300752004067 25.967665564741566 41.419699418339135 -28.62851662438142 -0.8952847830818413 32.8267885849628 -24.02284728440748 
42.06731955002464
-42.08794069305601 -44.493134438579 24.096353725244285 27.74971713873275 16.264699543792247 31.268594715037082 16.103436614386297 40.77680084061468 4.661069721034849 -37.98592000813549 -43.84195340015402 31.4845821231508 -8.979149367868231 
95.8374919399375
-1.485822323462628 17.08587373773966 40.06107067408729 -41.9509893948517 -29.91265762110894 16.922686243851132 4.679496194131282 31.68731594223972 29.99274372067852 -34.574754460857534 -44.51146447112636 9.117915072797501 -27.167623038723796 
66.02532126009382
3.568609526656708 23.521629290247546 -10.752655629155342 -43.20894681245787 -38.939242969061205 21.909569759401293 -5.3851499979877175 31.695056965429345 14.393967521544127 -40.24196544519825 24.757720190015917 -49.80294795875133 -44.25638777920995 
31.438683866407345
-23.852531744374517 -27.783170367767607 29.74300843393428 -49.67350875610494 37.32033720051987 -24.40710614119508 4.521055683608388 7.799915380022767 18.088902443372888 48.76665884354284 -31.185468402634896 21.304808033910177 33.6201761740254 
52.701567221941545
-9.79545390365513 28.235614294703353 41.56444556093321 -37.058886193520046 43.45234439397055 -5.405589376746455 -37.842730968733406 -14.770832129025067 32.46045345228633 -14.77959743503473 33.58046703844663 36.26066402506973 -15.439011017246699 
35.83951868924107
-32.14390963931979 -5.099892805337227 -8.366363723265039 26.265731903220072 -23.83923501211207 -41.3999787293517 8.981690602124402 28.7928598411564 26.685940749876096 -15.229126550475023 -0.05473174861755581 46.14752366096077 -16.966988467515108 
7.498618903552268
31.906601090090888 -40.66896010576498 46.62043366441439 46.27550386953449 -12.356925496241068 -22.73995095266458 -7.306677327349831 15.304328778736377 -45.09046468236123 17.32268618162381 46.26423076344736 49.45584871357323 -3.3179363151398675 
98.79914125644854
-8.322829220061188 -13.896418094403082 -15.328732526830002 49.55252122703037 47.47512621082902 -19.170207882919854 -0.4860786932609855 -39.52211341844362 -33.135311690165146 -10.609044903319742 -37.52247247592986 21.904451457615266 43.30962114596001 
68.35052644150569
-34.43683091038285 41.47789726336697 10.648541336801976 -17.56858712764521 9.567847494710001 -25.993184386145685 27.62011495000297 7.910015930735682 42.96819842083144 -9.66067567351817 27.792468441059512 38.26829144304162 18.41334349771961 
24.54292447458194
-2.3681716052962685 30.839787346292013 48.165348985338554 16.49270197531966 17.808613631628702 -18.669844823504434 45.00159433370857 -39.569996973669916 -34.172418415836674 -23.137853117371876 -19.105894347635864 29.135766157339376 31.681794283652096 
7.5896682510862785
-17.793295168554344 -31.930329579536078 42.46857679452502 -38.05503375026667 7.20157946251252 44.1583753727477 26.768809677731312 41.22757539472617 19.32272293931004 -10.12693040771309 -24.92073036615592 -44.486841168952516 -21.975628123043677 
54.81864281089622
-31.299072606004398 4.754948566497973 17.83848905427226 14.263790081255095 -43.77550870690848 6.469965707100279 -24.07404241435901 36.873413107959564 -45.88233716559876 4.546803166383597 -41.467909675492194 32.361689220950666 35.90693287770776 
32.481191079328255
7.567718563736449 -16.133773666288207 -46.94000714873548 -41.25977799630462 39.96299021626267 19.55075896324513 -0.08689234800023371 -38.02450727161951 -15.508270344457806 -6.724144436664503 -5.148889440110317 19.45010476571464 33.44001874706069 
75.13414127012766
0.4359267727134366 43.31386778642418 -40.20654554789014 49.228583738880346 46.29284964730765 -33.74433740931269 24.54328995058181 28.27942369140976 -49.697981499822085 -39.418559797180706 13.262449506615738 -27.522688608288203 -43.99407823716839 
22.9107970933649
-3.721773240105243 43.45735307951092 17.131901876437908 20.454714769589273 2.569205106366489 33.35064379423159 -36.25793524493503 24.231478231834487 33.93976359966328 -16.422921057031438 -21.238857376403853 -0.40263391190402587 23.076267584128516 
98.37507667935887
-1.5037554039901337 -14.886749321928875 -43.23510281174509 14.021056194238 26.250635779394955 -32.962268931363894 43.85174382051598 -43.726607411791484 14.247030363595144 48.63199574694322 6.451695328448714 -44.217278971399445 25.814106315414207 
70.98112028302533
12.463329194837534 -5.957591408860566 37.15327245728518 15.181056939420785 47.622863407154696 20.91009129642883 -24.009012098866457 -45.48994358781586 46.13097081200786 18.81319712836421 23.03519820268211 -20.402117768250903 -39.68795679710683 
38.458384989059645
21.39277180429471 -10.37441285371171 -48.183690501901985 46.196896128376466 48.96805576484056 28.233288931163315 29.550922114762884 -45.845191054418066 9.350979385288895 44.082784504788535 42.82700270637598 0.8192502669554926 -12.18356233745682 
22.916473682526505
-37.86469121480566 11.9786255568931 0.7948717826888583 20.473550366713795 44.514074061585745 -0.25301910144715123 39.53740362738513 -26.231087065456503 -14.351723672982573 -49.14038097304928 -28.312999671239147 32.00988562710434 6.640398389838786 
64.50914365915551
18.08052143392858 27.820247392668733 9.818531362313706 -25.30188409376921 -33.65522239775698 4.460688380750888 -35.00154172388874 -17.583423512162888 17.71295811076253 25.379306943231626 -44.70791003298504 -21.09035207029314 -11.02387279131586 
68.69527505693091
19.855493662708028 -37.11743795163703 7.597740903787134 1.1133882023487445 -20.10457307564305 41.697390267677335 44.75739294068717 -16.713307858507775 23.804172335048293 -40.55215619409481 28.453339028009268 31.78890615641788 -42.53181093309517 
63.25553400227114
-33.21841000473255 -48.37201962752109 -3.403114328201738 -46.78689292575334 -9.877365829837672 -42.37347018741101 -10.656370575495679 11.106673038836604 -9.794835255433078 23.014504494190845 9.541838483899092 18.382060563239875 -6.120534203834083 
79.22398367570975
-46.44513884648621 -45.223654361407554 -40.078653517807716 -7.854540953133984 7.039012732599559 15.618237937538183 28.30084977311884 6.9995631303219525 21.845069338219815 -1.9921214179708855 -16.911763965265223 36.49769978472193 -42.16585212599043 
33.91864076026204
12.532969188047957 -34.89044924038698 -0.44019577329261494 41.720613799736356 -37.16022051920949 -43.97498358504873 -46.431119049780925 -23.29264649151105 -14.220868014403756 -23.207380322140438 -31.500523144248028 35.91469453740977 -25.492301893708603 
54.63596272279605
-2.7948637246237737 12.85226171998437 -33.16226306259821 -16.90562559957749 37.8101858424109 3.7254946170025107 -29.317457044967053 -22.096626068601978 48.901911562059624 38.30797639091408 32.51843585982864 -28.074858595137066 32.99100598263624 
95.83082837269772
26.441992041866897 46.45871343858184 21.9225957848802 19.088121760987377 -11.235410527844245 19.404132340089703 -21.904163112794084 8.41407921290611 -38.925501762257895 49.524339291191794 46.150905276944755 11.270078429900664 33.310148932530325 
20.443107683327554
-48.792015236394924 22.886346389003307 -2.3735769696029863 -11.963147344294178 41.7936113540776 -21.264669254107883 33.699080560359604 -39.47731608161604 18.265552477354106 -49.42922153060812 46.600799187615905 -18.185379119077783 -29.151859252973978 
4.348533507077034
-30.504530492262482 5.614365096346049 -24.684206134919783 -9.44784638847456 25.135800157381567 -19.777373764428518 -41.08678903932481 -34.72158214089003 12.512419143522266 12.201475379798495 -45.72345605932604 33.894890776698986 47.99110021003021 
90.78775154310046
4.920591526252814 -31.836319512892285 43.887878187371015 -15.647915392435777 -27.71713616950795 -27.56740257121555 -48.32979609820109 15.217620268868444 21.366149540259016 -35.17304264107216 31.83551310240574 29.797056542401577 29.696997922844844 
45.3322536701551
38.00688639656218 7.276147730544004 -27.381727308724113 -5.759977607553779 18.898754058526052 -8.033641222682697 -13.140196325586587 31.63620168591261 48.543882084734804 -8.031121481367023 3.881819972753462 21.443335400728543 -7.4638538688536755 
9.936737885896886
-25.338243225758596 21.985030763905684 6.031917587595657 10.491291384841993 -21.604289580737955 -30.87695085964146 37.8661109505731 33.24390549783409 19.011651129752764 27.7245051549705 -15.622744356725903 -19.60685554996574 -34.557720052260095 
12.5486303641982
-3.600727926516413 43.512354531280735 -15.718852215553092 10.599636216752607 -6.634181604494586 -14.58797067650545 46.746533777561794 -16.425816902840552 -20.41354996322038 -40.14409120511101 -34.19674725635444 41.239052811062976 -10.507926282267654 
84.42922859194417
33.84341184497016 -45.593376179144194 11.010446837664986 30.00217660017313 -13.497093124793423 19.632767672837886 49.22077470034277 4.001014722642147 13.991201391217103 -3.156156275628831 -3.9502406721668706 34.09397955956695 -22.26224480440765 
65.80649148548083
-33.99032739631431 3.918509425929493 -32.790789585331424 37.6859339462667 42.842358401948815 -46.87907055402242 49.42725412129211 -36.10442177544701 -42.57863432471284 30.24924971719163 22.01783840139322 -43.977339625931236 -16.622388371508514 
28.93424440577963
-20.45176161477611 -32.17820551721583 -6.347638334400955 -4.686459764481796 42.45917367070645 -6.899730858234591 -31.45547728901108 17.797945363553822 -21.924931799845304 1.7759568502930279 -16.19247983400738 49.048777547113005 -36.02378722800109 
20.470772883709476
35.964400445437846 -35.57044703222163 5.442468683009629 13.709624847582347 -18.75204218126395 31.214802893933125 20.728858836468135 -12.873179507860499 -25.563940218575677 48.483426660835406 -49.39078435027869 -34.96104914533112 -5.659406301461026 
68.89348029148108
31.924820397114686 -8.674704778689978 33.82171161116602 -19.57017922600105 -1.199234361612831 -35.23619624660238 13.937406739532065 -41.26443685824859 39.74351468149932 47.80276400201018 -45.79836430164925 48.78286107058571 44.008976074747366 
31.20530572426109
-6.087430158722043 -1.5919857722409674 16.431119987422264 46.08587885103668 13.125794116051196 45.63048609055478 26.327014182808938 39.56491158076081 46.08556158494572 -43.30511974638803 -16.85511363857244 20.599897197825427 14.790489291345239 
72.41953809328614
-0.8023852892680381 38.50812612420566 35.85839411621302 -3.2951358101281443 8.12486036616464 -21.721596613643467 -30.03181695227166 2.949097870713622 -43.347218650486816 43.9760239197132 -10.104926227752443 -8.36128925573194 -23.22889590075442 
4.377394449246619
40.51862768160504 5.525198308652989 -24.37693267233314 43.427669211483064 -47.828575186306644 -2.430476369407252 -48.79543351519574 42.19681464731735 47.30942322877229 -48.769967424816286 -46.60543045248451 -31.283439109969102 49.72340252476799 
22.689159013107286
-38.110275001642705 -32.58729887350393 -34.625892001244296 -39.741194029971396 45.29175013960628 20.80425759892306 -45.577985133474385 7.473798153067833 -1.1028806616722235 2.723051262369438 -44.86406099877903 -36.72267727312584 32.664201174414714 
4.514257974810176
-47.89703073936291 -44.77815711035754 -4.616108520458695 43.51052561547232 3.5254656170314647 -20.246542452366747 -23.744492613955646 6.529318675448067 -44.62078937260016 -22.5827563126496 20.87048863978447 -9.774869404754838 -26.179981879554838 
90.21562923762575
35.032302530516475 -25.164721516018275 21.464409885858075 43.37139121630858 26.8916100671223 8.189989540336008 -11.966737166204119 -45.608604326702306 -44.44833843262829 -17.185443011922445 -38.664410843686404 48.59671025468023 12.59956982528417 
10.53333960765771
-9.317085026228419 -47.82068645151294 -38.0550541061388 -13.807565879859204 -48.43702508939535 41.36505335199848 2.8981587199890058 34.949874353747305 -32.23523977442335 49.40715903405679 1.596220723649303 6.039233608661419 -14.86479354915408 
21.904036768049572
-43.31484406316471 9.99455375461904 19.761094730542453 15.329665462890063 26.593393876802082 -3.968457296042203 22.60804386112963 3.6844511437175456 47.78161600193624 31.612012723528792 12.51171589702129 43.818870449778274 16.03017197618388 
27.175587503071007
29.904676735848795 -48.748156030066326 -13.873969773080276 -4.395310872216662 -45.22441063365221 -44.79976622639688 -30.763026368718872 -1.8041000376306755 14.09576963350375 34.055441328860795 -28.188473752566033 -43.257205831626536 -23.688692592632922 
30.687617686285094
25.01892913218863 4.79237580604822 -6.512625383082515 -39.272524573924215 -0.45580784920819895 10.219266240132285 5.304482697765387 6.370279800028975 -13.02091984225465 25.968884006001332 -36.655164347150205 -16.733888535087694 -43.89932237397627 
66.1528005888169
-31.029821390400492 -21.295011156209775 -39.99509768496772 10.636533746770397 43.580777233975084 -14.424958873215012 -21.636809330531104 -37.15788549073346 -33.8414778075655 -1.5336185970040717 27.99630201218055 -27.30530675911784 19.735363836032533 
45.81289672058012
-35.489995718786716 -10.525440972513223 -14.208387852642623 -44.891281637781454 27.913173973857496 27.792969871350536 13.576896496081282 37.00561063440469 -44.06039117816037 13.992188382038975 -30.040146170827132 -21.507874362776857 0.22067313655288245 
79.97717673625257
44.650914498218214 -44.625174275995136 32.50663117032089 36.81843624554564 45.50583431510691 9.926465250099348 20.81032076064575 41.42248240616952 -30.89411888132233 -9.164486691357752 -11.35235333323299 16.148512236865116 -27.07611626657258 
69.48596380220825
44.475050067600264 -6.543166210547426 7.123638553006195 -20.88411421771229 -17.02498533338848 35.50664009759802 -13.5965737954471 21.547710871042653 15.016350727348112 22.077793036750222 -4.717300198639293 -0.04723278355645988 -21.083156426619865 
59.2732607692334
23.844259882536093 -34.492838908746464 22.061604838218813 -13.834095543211056 25.18253804770727 10.815515667976172 18.981239273427846 -3.1146491981381104 -29.328120864752037 3.6237740526248956 9.669762548604623 1.5977167286247536 -45.343013242489505 
80.61163747147062
0.22293017379944047 21.412941332802276 -33.71901494332832 -37.0501137128275 -33.19653737129147 49.46159798904118 2.904864091032934 -37.17277477255034 43.49041904130986 13.214990301243091 46.93526978248384 -26.704022954702967 -45.25425907384468 
91.57944747362747
-34.13401522427549 -27.444682702340305 -25.968216098736484 24.377725174742352 23.951654329945114 28.18542585845755 -48.46055532019861 -48.46254902403276 13.170627586279792 -43.13465893385327 -43.96277172498092 -15.361408282648433 20.99705127717452 
30.751907942076294
18.527465078143038 44.42898007818124 -47.00936426805386 -27.03327041831446 48.69654101277976 -5.5011059622895075 19.32581188626186 1.5325246910829051 19.071945524735668 -36.48720193652636 -23.879757113423405 13.61986862487938 -23.650437724474514 
26.2283217965818
-15.214024076049661 -49.8901749924364 44.53054595952733 -43.01035510322284 15.614770123514049 44.247464560551236 30.307800276247576 28.464407343862533 -24.57756464443004 37.55583184925908 27.567936344738314 -46.89961867951793 -16.68470382344482 
91.19948927368571
44.92531545097003 -44.88989208051649 -46.494846737246455 -18.368820180513513 47.88059593889973 16.74877264698293 -30.412551475745143 -4.375176903076763 15.496980161873111 -35.767403333573 -49.189447114093646 -18.307488285158215 -39.58690778725903 
95.85207068834426
17.602430384806823 -27.59731726253376 -49.437710537410105 -42.333605739661515 -39.01579005367757 -34.73873705194191 1.1439137953649379 -9.377511439077779 8.488409512077219 38.58701695121745 -23.807220381014403 -42.97600729575357 -42.18703312579096 
33.206931843485954
-49.480964970309074 3.9827215898372117 18.680378664620534 0.8169577170685898 34.84123215066438 36.81703529258242 -36.765403117894245 -44.50201367074491 -40.38870676887322 -43.681378282878654 35.79665014609962 16.14645526992092 46.330777455984006 
10.391267622950695
13.913131294553224 -5.526482310429557 -30.916280279394602 -27.22784743859654 44.37007864271976 -34.25376533575406 23.561988614030156 39.378291622342715 0.20800564064649052 -42.41122225490107 -23.965029454002007 -23.722247350476376 17.76213079767315 
55.93118658054863
-39.48384830303742 -37.63268861078601 -23.634883686356112 6.587707889725792 28.804930162756293 44.54524216357818 -22.412033471280544 35.966326321250946 35.1327785992688 -36.50002640136593 -34.242075322184775 -24.9443954527247 -45.18131907354657 
64.19237017640678
6.980605080357115 47.10444786446142 -5.360477359694457 26.691420491411705 10.0067399147772 -28.694965308118793 -48.45309950779516 -9.769836203945161 29.022350502465642 42.30856892418731 15.912614355669803 46.180697682482915 35.804300353164464 
18.54812289880199
-4.339146103392778 44.10416650646779 -13.328431826674567 41.11234976480958 -41.554073675226576 -10.886376366406836 38.27578382882626 -40.69165184371788 -49.53992107497874 8.494732340357118 -14.487061369878774 9.071549680880807 -47.49317457164349 
80.86126824096787
4.701346702829355 -23.975040760732625 -23.349081126150473 2.0794519956236854 -14.340657835345269 -23.740317716617486 -9.943097243137998 -41.22286975333299 27.429367532998967 4.803147620633553 -23.446011355351903 42.46088572691694 -45.866531590124005 
84.26098938285625
11.015722427071374 -34.90381299864981 -20.191539991450657 44.26309789660752 26.818746906174866 30.462691789702518 14.057282768275343 26.11384320153911 2.445721996233317 -25.321104888723145 -46.033572581754214 -13.55896243429553 -20.27675836523851 
63.997288760571855
-48.022510643713055 -31.34227274770167 -46.763629286643734 -21.69670908964756 -15.73573277992503 21.6954143334991 38.13721592521517 -35.291822980988506 -30.344902271169826 -28.263105559375244 31.865723512303262 -32.79167930094923 5.253331672698025 
44.57132799796094
34.22665404862431 25.590052498958897 -8.35276470668633 43.71384155160892 -20.18249693660785 -10.408495757517777 17.96380748590194 -37.42367353878002 -33.02209824984833 12.789808938098503 -34.990689557945764 -2.254261833763273 38.231794889017294 
24.764077115657113
-36.64739221566361 34.82072943033795 -21.380494416759333 -20.208406229278864 12.445661606913063 -1.7231052203099395 -49.63244881006938 -4.333274926031514 26.738819225184045 -7.524444174661461 -24.980120803713778 -22.810985362841407 25.236833772946 
62.200437223253715
7.454953369969928 -34.55095513892695 22.054811720154632 18.00120579108497 20.138912310931175 -33.752383792924775 7.271569226096929 -45.85770474068621 30.51580580907192 -11.18416058321207 29.741167758553942 -14.899960358574575 -40.388324243418204 
19.460790599795008
6.511678658646545 40.320625512391146 5.73007569240923 13.843393073052837 -12.886491765562504 -13.654072108785222 -46.45767436568391 -33.69779987924676 -4.782118357380085 -9.566200297505013 15.926689605670205 -45.031157103785986 -44.970606618716005 
50.44395419271017
23.586327937281837 -32.62213408850373 -14.735222620541109 42.03008057891424 35.77673821216527 -17.144234313352428 9.683379442488395 26.073359488051963 44.399159599880534 25.181042210511734 -10.126967499011805 -33.187878263861705 -16.732823375021056 
51.839113930313815
33.358383604077645 34.26685927543774 34.529566324640655 -35.34700817564831 -31.913055405192626 3.329392103341192 45.03319190641892 -39.347383512030156 2.9614668752134037 16.279473709707005 26.835544334947485 41.75280262289877 13.325483875356682 
95.51168140568798
18.127315622226718 -32.858212997613045 0.17217179666534577 28.8999733776797 23.501137578403643 -36.76064455716876 -27.66504993289497 -48.503220806740885 35.803447667394465 2.665640163080816 -7.9684731020062785 -35.84191282551102 -34.26779960734767 
75.86858395819507
5.871365547560018 -37.794524459787006 -30.106112082495805 -43.1097359756927 -44.20014298120124 -4.619422643574353 -26.790767195343335 -41.79087427373164 27.44072766044475 44.11700804747851 27.357508394821394 28.67735373123837 46.91151663018218 
26.549321491011547
33.37543325986064 -26.720467465225926 -18.57475353785204 -4.3019392167110695 -16.42280098909599 -36.229148875219295 33.854657704630114 -3.085469033263962 45.63806328623808 -34.789891288754006 46.923697517314665 -18.061540088583616 19.9847024386235 
74.98479334477723
48.80420216958494 17.816194374166344 -49.43872291470619 8.132564147055618 -21.365983248258125 -13.553318672827096 -41.40902956969911 15.595515647112208 27.83607759379312 43.66693279033642 -0.8714633679444788 40.50054846173052 21.106233450834083 
45.55830089493429
11.000157879912528 1.6413242204471956 39.55090178791568 4.049326220861019 42.152721317694954 43.044225492923644 -42.306083159443254 -46.089492177340794 -15.514615289105627 3.8327670817730777 25.935208496101353 48.88088556569241 44.91207730373297 
93.56202829841219
-19.467775856496083 -44.06419940871121 12.704397533718726 -45.22339382948145 4.288339510305924 -16.40022369837554 -42.909892574171714 6.7526607232278195 -7.129327352104077 -37.27199241881705 3.633238057972342 42.21667012940624 4.043149773296371 
46.324403427409976
-6.902436047559981 -7.709470323277415 -19.911207027477072 -41.266253401927735 22.296059888864747 -16.00535604686076 37.30862621520721 -46.05998621651377 2.854620449447779 -10.652283359018355 10.722757008185845 -12.277563616582796 -49.13078068065301 
55.43397722828325
26.96256018406514 -30.934573962767374 38.11139325165797 -39.23441908675434 -46.16888090780103 32.48801528984693 -6.2622562501912356 14.849997692807733 41.12238539102039 -35.147005473134605 44.384913379196234 -44.92082164538168 24.027792953770145 
77.73545561965362
20.08232495321785 -2.110614238380961 7.822327936223239 -10.425023885519991 33.59066799070854 -30.4024453798911 -9.489608189048049 20.605239982885124 -38.42502863494978 -23.597899528160703 8.724972140445686 -42.05062281591822 17.446865110492837 
22.743109308272402
11.412056392153794 18.28887699714116 7.761386894662245 2.54892217991879 -24.304628387948878 21.158435779012336 6.729508683987497 18.853080319742375 -20.195108442614018 -12.811372098977628 -33.29170686110173 -16.152299770838766 39.06584131190853 
42.5128584829218
6.45644589437704 13.646341137628838 -7.316864452832327 -6.925468910907881 -16.506276993492378 -40.13854472646905 1.4195533403319232 -19.28506350868613 -37.921510559039376 13.558584905992156 -20.74580479974355 -3.3081180158027763 34.11849890887396 
26.23144012253992
35.721034210680074 7.673641851362156 36.75573573385044 -32.85093507743453 49.86567787365432 44.2722604704139 37.41693619161829 26.758321459071183 31.62174221305176 12.824888666727865 24.797216723374234 31.7819602065304 -48.10349502272604 
67.40126255740715
-47.4550277034088 -40.765453193140566 38.76878463475096 -29.089986693580737 31.342027925433257 23.78556630489851 43.940295226190244 31.696035204992228 -45.376198183106766 -34.26890886301858 -19.055029422708046 -24.834358721912064 -26.640003399558708 
35.29235094103951
24.609092837106616 -1.254235726835887 6.117147153922964 3.0416512153677786 39.868255411329 -37.121938885030744 -17.949904022968333 -24.03692309591744 -22.714424127161227 -9.231798139603477 -33.47968726062497 13.987450043192062 32.478749512480505 
35.2552304685528
11.714661282519103 22.798066800460475 17.151895212309256 -27.564580496678925 7.939114533227077 45.285744079064614 30.541401708670506 48.569511659390486 -14.812428997006322 -13.761251263611918 -48.176770569034346 -10.678158536908086 29.136837976043935 
32.68520528064197
-3.6075257973966686 -21.475691183214497 30.894506504504733 25.7626268429443 -8.085790205594044 27.427739356139938 -14.372665266910502 49.07123861708256 33.65795143749047 -15.20231029633289 -8.37657412893661 -26.825240166805465 -27.13365688156647 
33.231275882234435
-21.607607217876712 36.24442273617896 -23.228015976573644 27.716147221058677 10.083350934818789 46.798926520751635 -25.635476631610054 8.722255810756465 -31.198512052802073 -33.92483352490603 -31.87648012171296 14.011603805011802 21.329621980587916 
14.771542862760922
48.67079029836859 20.870674213276146 12.312059625973127 1.737689177318103 -3.3407710840453717 -26.385203425921368 7.133728785848838 40.641519142461846 -5.796537488997586 -10.016786602184446 28.52843594919773 -45.273495323430836 -3.2291541314066876 
44.4381635765302
-7.624156578886762 -30.520871440165255 35.689729477680515 46.40080460992135 -49.802486878085475 -41.64151810747754 31.295072593508877 17.10135781952242 -11.461803000599524 37.69704082775607 -2.780117200990574 -30.00963055191591 18.7193283411425 
53.4636224110151
7.454145824865812 16.55251166459159 14.377386311652003 14.786637490712394 -20.468741420613224 -48.11610643352684 18.750673507900387 -43.03230420610352 -0.4347920044964084 22.538379016738972 48.85378457430481 10.172740956813008 -22.149934019903515 
92.91792302560849
-30.52018910276979 9.069842443788048 -22.653395774538264 -44.12351391287479 -3.6038555389629323 3.3898702348606733 1.6191775500837835 28.22663064853124 15.150496863671393 19.718264652356595 -36.35078446469298 -17.517609410514346 -30.420456942011363 
30.78315760239485
-17.559950306703364 -7.558422239176245 -17.586625999214256 -39.91285230513913 -29.559016581631013 12.105212187784154 19.294754679295323 36.93704590198959 -18.443126541332365 -35.0487223061524 -2.9171180471702414 -30.242075105946697 -13.127276836010097 
43.72453629039049
-32.51275634945088 24.034896966429713 33.21108303342979 -40.32628600330208 -22.122172981613197 -24.691999050951807 18.253357969095873 -15.438191440242669 22.543829469410454 -42.64735944419738 -14.8056488168953 48.79491154060476 49.72369741412059 
91.01009588101235
-0.23728630149564367 -5.340632318576397 -17.59480664581512 10.089559289400377 22.92820423426275 34.92670079529219 44.194890415494484 47.345282913095915 33.72997578389433 33.98022556568134 -44.51765510024225 -44.260618576221255 -11.60163874352206 
61.13679953805807
-20.32506101232382 18.032893812330514 24.30594737679658 13.981726879513936 -45.544838027655466 41.204765783997274 30.27194717591253 23.304324707937198 38.8129063586466 41.2803761867833 8.357240792910467 -19.3837917419866 43.03113522843739 
48.85833356305125
46.52567628131507 -25.74611525725745 -14.145982478719155 -44.04373640029322 6.410504855259838 -19.28821761263769 40.74245497632185 30.753339492158517 5.913164050506047 34.121343504663855 -8.577297178057385 -1.6106473202717524 42.474829859249354 
38.68638295480723
15.859526317002377 23.187140822202394 -40.40052953634296 46.4044113476245 -42.663842359911044 30.497232442599014 6.570460334282032 45.54817405102537 21.499098711684525 -25.17942326443885 -20.709006756639546 44.15117007829522 -40.97345660246346 
44.94729204104395
-41.208080672961955 -12.8645288038176 -44.99492718414726 46.55636819985138 -16.811144834010925 15.739662777049816 48.14994358764105 -31.94669776065825 -1.26631295293722 -36.45071422927817 45.68015359075605 -33.62031707968769 36.09391804044566 
34.70167385721249
-17.039764919230073 6.110743767833867 49.106553245983505 -23.26837860426788 0.9464505303017816 47.363985088113225 34.99150267875061 -6.956171906291765 -20.9740421510605 5.873953267076757 27.37277052478329 -11.857351799964619 -33.98684249367534 
52.04529446474344
16.44399290310939 2.519118353246405 -2.131658869177599 24.878277113170697 4.228122725044948 -26.510124676794987 -22.870553402156034 -38.632032205755664 47.11941856012733 -46.69799508674794 16.098581845983574 32.3102777569478 -27.240938324373833 
76.46246025764312
13.500680840128112 31.40515465059127 -16.215848371612296 44.52020578743 42.63252955426033 -13.870802975344567 -22.897016017631255 38.423753772241525 -22.05391005506615 46.057022085533234 14.087836467092885 26.09630231872461 -23.439112074752067 
7.1427396392694575
-25.560153419155018 6.015242117556731 -38.623980856853855 -1.070100560859963 14.468683076578031 16.352272752037933 23.25304305538056 45.74034937257656 29.14317858364103 43.62496960880375 -28.83310405375622 -37.400557106228476 -13.492763777241457 
34.83010263438494
11.272682986807624 -38.01294177650422 -37.08134985578098 2.6736070118892457 28.512009331597582 28.46097187877629 -41.943214195834514 -35.218418970441775 -22.316710291709065 -35.218921202395734 9.758314728444738 24.67126000465983 -35.173744166218924 
75.37008361215719
-39.521524565724064 -15.21958872158664 14.321659796683875 -19.221778971604884 49.53865198820965 -20.001839958213864 -27.717035816764245 0.276667339130654 18.309297714592176 33.909757957834415 -7.382434473401247 48.78629521959424 19.09053582387311 
19.362354992258425
-11.439077572909419 -30.944532977873607 12.691065208673294 -0.021637505219104014 9.537680569326781 -39.66739286402042 24.569239183734 -10.112473768305094 20.87973779992906 -29.26370905464517 4.8885031242637424 45.21834834341753 22.23190073506835 
42.10766763395261
3.952636695102555 -7.21594075580655 39.40164508366502 -16.662989717034 31.22455792912875 8.917832535509184 -36.03981686551996 -49.01174242296562 13.49567569698862 -15.443506329130052 -4.922089139344102 -15.497545220317669 5.761099945237781 
1.4414950594626719
-41.121975472158645 -22.657046608799448 36.96929986577658 48.70046719382654 42.0179188518341 -34.84763080038718 -7.946931301635715 -20.907815119763573 -21.741285096165754 -22.676745249714358 41.51190270942605 -10.157703670971138 -30.540890178982817 
79.34148877324058
30.30427557558785 14.266746092996712 5.730466939671317 -20.156566097525687 28.921458613723445 27.27429883108036 -26.584139507880266 38.5349308259044 31.25290735236058 0.3591333369864529 4.106587931945981 38.95222652142604 -43.78353838475421 
39.83900450866336
23.085442922930824 -16.498020555782354 -26.885088385989008 -44.13601568373391 1.386771753140394 27.299496259037852 24.293774136020417 -10.884640101307063 2.089206151650579 -7.968597005725442 -37.08664393787853 17.133744630824594 38.507666247293955 
41.400987667985426
-41.48846402889078 -27.139943538382283 29.62705972003093 5.671438717557784 48.521909203039655 34.24248668768796 46.42084353865799 -35.595681702501516 30.025248430088396 -14.34287127589264 -8.376556642376812 -16.302450799331602 -7.24944845470511 
59.40954397255549
45.07626682702033 -42.94070740698584 -8.294861524889377 -11.271094907097442 36.94284678475867 17.511094630547205 45.80164766684551 -7.563907234163601 -18.11057936839714 -27.404295950616287 27.46296916552663 15.861477882635384 18.753058703358164 
13.672035317063258
-22.57549309462117 -27.392226473647384 -47.72980566807485 16.21172389449532 38.81639007588228 -32.6022090723852 -13.885767970003407 28.768798708883423 -44.90344069270043 31.516527985005865 -30.2083356391463 -5.123983324043515 17.51895599930711 
19.251491203817682
-44.128089087293965 -35.671585791371676 -20.440744037822668 46.25474342661701 -21.42310306427344 28.146696673917845 -21.916042477999518 48.89464208602202 19.932134153091297 -45.029922419623404 14.036840474856078 -42.56517865735123 25.481883155159778 
65.7102573170432
49.03015527298622 5.272446901496764 -32.003261031442136 8.005225158722752 -31.5338896122487 41.48734016411619 34.65275442445804 32.34359721046256 46.677593472338515 -25.401897988130926 30.837014733955087 -22.31271364202656 25.06527432734444 
1.6908689076932881
-47.96462411886756 46.002260796609804 -19.678451925794892 18.980891576738017 -25.81621779133958 -17.685785192745165 16.570058705128886 17.386634971932622 -47.58452602091352 -20.261965605883027 -37.387187305021186 -10.159327712079858 -1.6879230543278751 
47.3869107307614
-6.534819077111607 15.831105151780605 26.567398138147638 -36.85098808962339 23.97238432846561 43.06185352237331 23.398531015187615 33.026702699202275 41.53928703320743 -43.86036532046863 -8.910360910107386 44.06523595521554 -45.13130533106998 
57.83999810588433
-34.27042414011968 28.854967844063054 36.09151476351991 39.77431712115002 -11.49473433373727 -43.8269020583093 24.785540686007508 36.17418564341189 34.83860884312628 24.538047484867775 44.117804441511936 -12.970859982782137 -29.794648747088605 
13.28154255174776
42.989435453512584
-27.742550106448782
20.46816845883926
16.17895103549374
-42.772016278766934
31.38819625747513
-28.75633642624036
-49.788316760861726
21.15974270015063
32.923141248739114
-15.601115911951233
-6.4423003613527925
-13.84743074160739
