constraints 143
variables 14
48.06734362486233 33.982280267177714 -48.2515513895782 -19.39552967943008 39.45455908417776 -45.54730183690725 -44.90245886060421 -15.083732110535749 -11.021084466472239 37.330088067993344 33.47061087599543 0.3958536976181435 -24.15228437608439 5.621115394393172 
65.77931283722607
32.3515801073664 35.52788841772853 3.0906588110803384 -17.35496808020268 -46.72987961793731 11.650386020183326 13.256862409343142 31.92428757695997 21.76711939692551 3.226809712758694 -14.563806789404602 32.58376740923073 -46.70235630766587 -48.22641039682306 
64.41144387891869
-16.360536214498246 -13.290887430650855 48.58356017077689 12.971289273010413 -24.168568110637345 41.20757711276305 -6.345618096067874 49.87084453533076 0.287686461816115 -0.5783895169553901 4.677691256845037 -0.3115208839144401 -39.362147472789104 -16.01374413797003 
7.012479494804835
-34.395173940899255 22.869103892431895 17.432808676236533 33.71065398243161 -8.694171217890045 -19.32588778475538 -31.841518479793805 -21.567650566029574 -25.98763919783391 23.122588429395222 -11.136707463521212 -26.51698878661858 27.064745841835176 -33.804846859613775 
98.07976382342765
10.223852556975523 17.54135329017069 -49.94972376805252 40.284339416895705 -20.248201122427734 22.066120586546816 9.852002028739356 35.56769394555303 -11.985423575495169 2.260733764398104 -0.43170220077013255 -4.045620810921349 -8.578883066610807 0.22291654743487044 
35.35680679878245
42.20054498253147 -43.473010362293394 -6.036921568207845 27.986880272322153 2.2617657590406424 -29.480885220821087 32.907357746392094 42.20377340040052 10.611240431219024 -32.00647721714135 -5.624125788863857 -44.97709996156027 -43.798026297858364 -6.0855338790819715 
13.370793399672309
-15.350870757440049 -3.8952039358763813 -7.337272166714037 40.059546135990104 27.04805096937727 -38.2826699249217 -1.2745176679615184 22.014416535801814 -31.846737663298608 -15.072608361963283 5.849620525254032 -8.429623621671936 36.27570757208157 -37.27256048072376 
58.374963047934315
-37.41106859472061 -28.511885870117972 -39.48483482795483 40.983328478484395 5.466450189810409 16.589665519776787 26.67838514663005 -8.75605877526855 -25.598712716128812 27.71301464281926 -45.94912941333862 23.105205457371156 6.734730157484947 -38.282175314578346 
27.43887747803254
28.877416189438506 -49.39336014279681 22.222022240647775 40.65652943752673 22.270471213609852 4.217411207187148 36.45398447993506 1.3714331805805173 -4.304782245042901 17.663631711425722 -8.934058994676953 -32.44981748230235 -8.69342171548945 16.615665947071804 
26.630851634698104
-24.59326126243714 -22.83886856508559 -43.96888488030868 -22.247888434904397 25.494886218072125 -22.61863108700286 1.648894786585572 -1.4525988264950342 -9.050691635733479 -21.636623577209257 -32.815516099915314 31.725110352028338 -0.13193387451121197 21.834180995255124 
55.94763736197047
-36.44629960077482 -27.5574377535579 -0.04038073057333236 -32.9703213248406 -43.268508859057945 -37.32064140804676 -12.276983859080183 -21.741766373424454 -31.503667084940513 14.42146794207703 -16.56041562399775 10.793052425287328 42.271670313148945 -8.134930109141024 
29.540901184619216
13.537396352473273 -42.27245631847699 -14.119166974642916 -47.34156544918184 -20.534837098849877 36.342102364346175 29.18735016604495 44.55455399858913 20.5147856368322 -22.61877500729801 -24.212580619387403 3.5940222350482856 -17.123332388292525 42.67087615729356 
63.06626319856344
-29.78149642837362 30.301731513322906 17.61888448948595 -21.436033519928333 19.281139197252145 -40.515590440344795 -49.35018191105522 47.672802258342145 17.117764028226816 -11.37577717084276 13.548690506405393 43.37326797618503 11.875903299777448 -22.054161106672197 
81.16627067061695
-5.388940857353489 -48.107807563393735 -0.7417011977170134 0.5207574764603535 36.03042097984145 18.803384059809332 -29.440106335213056 -43.46233676175126 -1.4824070567639538 -30.404317021426642 11.245935342301806 44.50176147516407 -12.628617330517045 4.941621254415786 
3.652448355205695
27.751960589887062 -17.093821923028088 19.943278901178616 -32.53039945240618 -6.767961057568193 26.905933485872012 47.79512711647479 14.984477944206148 17.21718002820029 -22.413957058178713 -23.10064443183324 -42.83644120377056 18.868275799874596 25.583204654319232 
57.61102860600694
-26.738945620101383 -39.77696347187375 -36.018289067267894 16.059997009349757 39.94007325623605 47.814907964631544 -3.502124005353757 9.390961910482908 39.81928671843531 -46.68210317830203 49.682573805775064 -10.717312751568862 33.9086346615739 -1.5526125840418885 
77.3651637627317
-11.248166809680136 37.573346376742506 42.80411478614248 8.550339672407233 11.016433591992758 -14.533685229617262 -27.56959573167662 43.59274397199172 -21.41140725913474 -42.70529558653645 11.554932652585904 47.712456554989544 -4.214542683722456 -36.662600080998295 
20.334204851130956
25.77772423312061 38.492123921095 -43.694309755719985 -2.6439952247589886 -12.230346959645367 11.27958011035016 44.44041873454334 27.25213424677733 30.4567700723657 -46.12459480380482 29.66450988251418 0.9747307135846057 -32.454285901107404 36.504418615469646 
34.16067993144707
-10.877466398592553 -12.062434923170471 -43.23897943277745 8.919833856238427 -32.83951210498659 9.7076119992674 39.444516164313725 -11.393541158291143 -24.541914357647077 -23.96034803251329 45.183195361464186 -31.486884010405603 46.77889920148 8.584137953379724 
63.6925486468049
31.42693593822557 -0.8142203051945387 -6.427131033862786 3.1574468127947597 44.906707751005925 -26.716752645719012 26.511122384192504 38.49771050937828 -17.229934510972292 39.30057994595643 -17.618582618887366 48.170991387922996 -1.4840445669794065 11.726197517531233 
60.03142148853129
-48.31357995038489 42.95840980155582 -12.964054847644746 -28.218243848494218 -41.85297116479367 -26.476635016968253 -36.48510396392947 -37.7222606389755 49.90845969883722 -1.5388388468204468 11.254333457607515 44.22240919362996 -45.16397520464247 35.652976301074006 
85.11263727571725
32.86644174461168 -44.33831029047205 42.7404099639147 13.760769735649838 45.99382242989168 45.58712461670946 -7.0169420990239075 3.8901493452799443 11.630495493836136 15.548438274187646 29.54980009620867 -29.75733052357492 -8.18360565825568 -49.54718649116086 
79.8752689664708
39.32970631446048 37.51962797653134 19.216719158476778 -48.73627702999306 -22.461019017024007 37.13481320161597 -33.42003463702794 9.098401933719693 -37.21488750834647 -41.00413938331549 -46.56062235991979 -40.18486450138312 -47.05817574943866 16.94680172867912 
96.84037674651645
22.22481910423994 -45.99926864195297 7.2525055886809895 30.784313600971487 -27.1798546620575 -43.76631095812928 -25.005571599612242 -5.346058933864505 -6.622280483509357 37.59269040370536 -31.41518660667485 -42.6711211607794 32.46751029442558 30.16339958620661 
82.14607796901076
1.9575676023457333 -33.59262136262969 7.695339839666239 -32.759683632584135 28.871599683198113 9.751132054331691 -19.936116170206308 -32.202764800319414 -17.727015236169507 30.574448673109117 -26.023861099957514 -4.922944887785455 -29.90566386957767 -28.37630519499319 
88.31493603863258
13.118178104476542 -24.17346103002086 -35.1815267633216 37.22207378519177 49.357790262054095 -43.871994502897664 -46.35041371978629 -15.645923008774723 -20.023272016460748 28.67411435373775 5.6897302482331185 27.700722100358846 -34.99167675150833 -19.025004043272908 
55.735204861515975
15.938610410564436 -25.635827335696938 -27.21567432852462 -30.977472251554637 -35.500885220489074 -47.331954382410615 -37.7586117320017 3.514768661135136 -7.637940406074264 -31.84751135684086 -40.966931366241795 -19.571917852535957 19.043502153132323 -21.139134857358734 
46.63213416725718
42.969795038299935 -4.671953617989011 28.010983736042704 20.062567377748735 -5.314891195234914 -8.996861358146148 49.61459923266658 5.662276198090311 -39.13967748391216 -21.81521624000593 25.31049115766352 -35.04191698366536 9.106219444898592 29.781254574502185 
33.85699952520723
36.03737309948373 48.54604280571952 -0.776725220602458 -24.156758148720836 32.695329852447145 0.9583077134033076 -40.20371732621301 -12.083498110960846 4.156234151662062 -48.22456348800971 -40.25762953309899 -16.813472637720793 -43.688200298481796 44.01498832063059 
42.75651441373333
-32.54416631216054 -0.8109054365146946 -25.978933929303917 -7.416206434888274 -15.461714707114083 14.755077418381518 -15.6807549992838 35.13126794818045 38.16661797896033 -15.815644582892418 25.939124707144387 -28.159749775981535 22.852747198387817 -25.638719728716808 
30.234430964538095
24.0217346188159 21.553081911435797 -40.342989431984265 -11.468623659843892 39.439772996003796 -5.895752565400734 46.91675715842911 36.86168841198983 49.63460138828506 37.133005272082144 -20.88811225855749 -17.41236933080942 -30.690592432618846 43.50733654225246 
66.2561587030513
-10.098019298702468 47.56157820888416 27.384029109804644 30.9548359090267 -38.01316304000649 14.821369442996499 9.521313324234413 10.35001198724629 19.040807466000274 -30.932047740707127 -23.236558239479578 26.24496607014767 -26.565033156567953 10.224785252034948 
89.46731249585257
20.83491915620594 -4.0662357601745995 -37.406669902648936 11.129600200770959 -43.25890683197435 -49.78222812190878 21.766176929068934 25.586065789332253 -3.0604856018477165 -3.1289510824248126 24.667615900587876 -11.106939905991709 12.695487010073478 32.54657054507642 
19.201772891107794
35.364453276161754 -34.24070966404198 35.199049045108126 3.445444211978277 20.22557767303526 -25.151944664324798 32.07517352239603 -36.59520224083731 34.95898290505576 -44.16656793894561 -6.422861656436737 -36.937882402190496 -24.344885807945772 20.07410340872177 
33.16607583033709
30.770853802351226 29.544330665372556 25.976773570898587 -38.85220067542444 42.014204305197524 -29.62508257010459 5.138780612092788 48.48404928212369 20.12453298706859 -30.58496458467015 26.320012605428005 5.698205617037253 -36.23205756137455 35.594874307814536 
68.01133532461436
-28.50476373587708 12.830360143262475 -4.331500588693785 43.51129193825129 35.89137564674655 -17.20148589909722 13.263203888024535 11.192313144597975 -6.550101603544178 -18.188784183906314 24.297429555766456 7.03229578398998 33.64503948513729 -25.73660959284406 
85.48664383815748
-43.49317802433524 -22.573058785154455 -29.822646528877595 -7.480209321114728 -41.418038818117296 -38.26366725639467 0.5128085820744772 -25.022757903868953 -14.183019587491628 7.018303604509143 -14.830859005149144 16.174470691458794 11.480950781891018 -23.289548866013575 
62.64055001152698
-22.146101375022788 7.106684118172133 -47.76860950360429 28.116640413704204 32.01072370877213 -47.950006401058495 2.1713743562950114 -29.72189495431271 15.126747385423329 10.39181780636413 20.1876412818676 6.119155028222146 23.699541064122187 -40.0847620736307 
92.53279665956889
-12.164601359809012 14.192552473047968 2.9090154828894867 33.19536104712128 -3.852104116495447 -44.60493078921367 49.193720739023135 42.307403284309714 40.3911529467083 -43.33081752923059 38.03613455768466 1.774943591289727 -42.72516357701978 -38.32578674473468 
7.512097032039289
21.01258170359054 -12.563960667230255 -46.10264888040765 27.397511463804193 -14.785378474838815 11.730934813690652 -32.317485426789595 34.811740131266745 38.77071953730709 -2.3282630795763737 36.437704004590145 -49.39280952812341 -42.765149192227305 40.496824827654564 
88.31448520928875
8.89335567629331 -27.31777947504648 -16.930961052309 18.89139242038989 2.1031955715541955 19.339465762871328 -35.87091005254655 -19.743540054751218 29.654197215254868 9.049327101464414 -24.611910975331607 26.37225658144756 39.52600060062878 29.43172012814 
54.52526851926211
45.72014501214929 18.971067090570685 -18.4710810405355 3.3639250960889484 -6.041242893793687 23.094304001182394 38.273364335284086 48.33071132698667 11.69494593769771 -21.81782956178031 10.2923783776424 -46.23958011228554 -24.54624466625902 -39.5687343813801 
1.364838066030749
-42.309610508155835 33.54724530902267 30.12097841255226 22.27066711167356 24.495766591104996 22.780285127272663 -3.7057275651250947 -41.175245640830816 -0.9511804804121056 -3.2052997241607954 -2.3447831119738396 -42.437269785675184 3.04259781908042 22.341435349607693 
61.661430139713104
0.8467639994386928 -14.298810756390644 15.883729829273847 45.68411067282929 -7.914638104588853 28.30591862391691 -0.3275329615665541 21.62784668636678 -38.68806153456846 -45.20115372928537 -46.20169585038288 38.54700023083592 31.542640592597976 19.181925964373804 
78.71329564239615
-13.435136242769175 7.13480263562689 24.51225428448967 -38.67184982108377 -10.203532347618506 -43.20692642087363 -21.999132153554555 7.029454150254466 -24.00465822606862 15.921122002110451 2.0545303842786424 -40.17549715198879 6.289079184548093 25.692575415789847 
52.057064442823375
-16.69032284021109 49.63815661267169 -40.48439982198854 38.26872320392806 16.271542190958897 -46.45311521326434 -38.50859954332787 -38.57079060176506 48.46820309230925 45.07499056236642 36.017574311876956 49.48192040140471 -15.49838328081615 -5.657197861221107 
32.86315148080092
26.294071390469213 26.67996812705276 -13.507432509169867 -32.157135059927434 -47.67065995196595 11.38240297405563 -22.537018391040476 -44.356010125366794 -48.06324933789862 27.676746593005802 -46.04654277515906 8.409895457577989 -17.748491335430174 31.804097904940804 
28.599328037947302
-28.63980448544099 -45.339436345931226 46.63244044970638 -22.3514344182679 25.028201230421814 -8.632338193609556 1.2947992068358474 20.325246788755564 -17.37784814455034 36.79973951337382 22.965580790198445 46.584441763855125 -49.43255423470235 46.42849304183244 
90.09219038119683
23.10778619345409 -49.53706060783426 44.03800682147376 -5.612802940962126 46.158517318393095 21.48509748721912 -27.448628420262587 -12.500385126443724 -35.690737526823135 -16.30038625489081 -36.76378219221274 7.5221787583400115 -35.92457747002916 44.790858463723524 
63.4411581155132
-9.645255286547737 47.13153553687691 -24.60467454029739 -6.027864666464275 -28.567755643424707 29.05748774301803 -38.473997648228 3.799733936378871 -25.561108497584595 6.456023970540002 -33.4996057212751 -48.0045021271473 -34.63136006207126 -28.197461026512926 
49.33570918056579
-25.37261447891812 -27.344871332306443 3.532585154000415 -8.24954749092283 -12.198511478562637 37.08270987407788 22.642175028094243 31.712557971716635 37.11915594946613 8.80333466727894 -13.529581892530494 -12.100188779898659 28.52575678729808 -46.97754911966576 
35.353566200286245
-13.510713583325341 15.859286730728059 -39.21971789450783 18.484090418004627 -30.63186516223918 -23.63592625467964 -13.256832848913206 -48.422033023492894 -28.84106236534143 27.016891913120006 -47.96708998816418 0.8478013994876221 1.3785964982571883 21.719784956424775 
6.86038040480208
45.29904168155444 7.600517387094499 22.24596349702182 45.09288263568858 42.51103126511396 25.66559003963785 -45.717836660267665 -49.1269165237452 11.834118755619762 -6.211683210462681 43.99286119001087 36.02058318542325 -46.67129290758649 18.830158328981156 
30.23881224240006
-3.8145079686980807 -9.208483449772785 35.062978448538985 -37.08561074885799 -26.41335041018994 -37.14103393059558 -11.578745218092621 -21.174797730907002 -35.344595351442194 37.44705857083993 12.542472240308577 -6.890406653500328 -47.98081791616289 -8.318303279208969 
86.82094934322834
-43.58549074790956 21.99729231567042 -18.00709459287112 -18.748928675384178 5.868416671078656 -48.85523677557796 27.190942328097563 48.01172335263195 -18.649147429788272 -41.63174037794688 41.111820533615415 15.544492375608442 -12.359697189485608 22.751380650069535 
30.81431073480373
-22.696030220378873 7.729072140295578 -38.535012480099155 21.32999796674045 44.40928838782085 12.925918125331648 47.00141777686483 28.61251274833495 49.10181121410682 21.324157445521024 18.459785779242296 -21.398404961896354 44.21463196201263 27.795080386174533 
57.722806470148
-37.78784529647825 -7.2146069249324185 -34.12653829110239 -41.89611487457563 23.578061762080452 -18.505365201415113 -35.26596261457763 -39.593514722424395 2.0248962235103676 -28.2122586731241 32.914828732316224 -30.673912500974254 -12.984580256684787 23.33927797327769 
84.52521876149936
-8.26171815016955 49.70612034942263 -14.055676460747854 23.383748373152486 -42.34509482834595 -15.227400761366262 -42.02784986809709 -34.13742131574976 -5.506674863275343 -18.19376472961407 -47.80654303031546 14.172667433756345 25.79231088291354 46.85397465288624 
43.09304061166757
-11.594339166671162 6.62117527535694 11.56771384703795 -6.2943399640332345 -12.144404967380375 -10.3327784636407 -0.05079366179388245 24.563574940086994 -20.024489976505876 -11.650304453259764 -29.178983762840726 -7.479929258875998 8.781098685174392 -33.70315120440429 
67.92351929044085
-6.986020792879735 23.595559673586337 36.13589976610247 -11.06747955701016 -14.233896330756949 -46.26314375995359 -5.215969077303463 -20.288435389798774 -29.050878726550057 45.08060084662655 -42.708192321084645 -29.242427438730367 10.548407274658189 30.388839782148693 
26.778676964930128
-0.9320570867206968 47.93194138757076 26.876991115076464 -45.88648881952672 0.5517942215468281 27.573287867602232 41.698307824310334 47.73144433748975 15.627569085493946 6.422392607461013 18.857182901669603 -8.658500422703277 23.793755268503332 -21.405286572219506 
29.519687114232173
15.26779506431565 -38.271046158576105 5.8500371271139855 -8.228239902768678 45.780447453240086 -16.12783517993992 -42.241977329216205 -44.41750122821952 26.010503295934896 44.4535643457521 17.498403257483957 4.06202758816999 -38.09347248531843 15.590683541605898 
51.91945920432075
3.06043616044267 47.178816735876296 7.334372884293771 -22.22076946432747 -22.2636433488404 -37.709603901679166 22.443478230615483 30.019671845404744 6.930727601272224 -25.707682972561862 -38.81328960510978 -47.52525280001279 4.01335692472874 -13.33600358259394 
39.61466849065815
-13.41072067120784 46.326912939830564 1.3076690663791695 -1.4854251765656343 29.526066526504408 24.43502352603744 -41.54073460990237 9.654760512030812 -30.53534536608964 -42.91185304211433 14.516334838690852 30.945485038177793 -17.054126168082938 -41.847017078320924 
52.64690328189331
22.787221463307176 46.79203386609447 47.70815491508465 -3.468578367546236 14.147041443456217 -24.566501166061904 -28.90904591670732 -36.29669383807516 -1.2017052735570175 -6.6019241378928015 26.886988230089017 -48.30826052212173 49.6782907315056 -7.729503254734546 
57.68655971269314
-2.466189280703631 12.463207244555065 1.6050065130250317 25.888678019241496 -10.788754139829294 -21.77096420306168 24.074881221154072 30.915609282711543 36.18034473375192 -10.538150901553408 46.56846875905872 23.90791736591791 25.401956284615608 3.700206879003211 
90.99212583107817
41.30197005200142 49.14164690294572 24.73711904930549 11.216204053752598 9.648913997058564 -8.701516907703791 12.578417819863233 25.901046627148432 -29.38383059331311 -49.865860365152535 0.24899455696478867 0.8656795466081348 37.31951220253575 -42.98770175782121 
28.057852561279095
-40.78727803215506 -29.03416648876227 23.12162223284679 -45.922515006576994 2.598806898144055 -39.756263150276936 9.143859361183296 -36.63743073991227 -27.159465397418113 44.98110338627286 -33.55812968273661 -22.172414579399767 -30.52814121920051 -49.70413943590282 
92.58073277592712
-36.2776157188009 15.919489940491033 -12.201858408683663 -21.141709715624714 44.28937549592452 34.638723764286254 36.359132772134586 -46.99018815042911 -48.544553454699745 -0.147070963447419 36.543863924684445 36.36474817428447 -7.693666063933172 -14.534401066725778 
70.01229328401774
41.47177849355637 13.61061010075182 15.264765631544364 48.025013043818504 33.5717016321648 20.80506898177353 -47.284712986952215 -48.35301100415439 -32.71406327495417 -3.377233194128337 38.43533970190592 -49.67529083669999 -11.498253861427187 -31.060474391640234 
44.8791742542177
-24.78076796491795 10.673511750614587 -2.5657671650119127 -30.200930244889413 39.00958355799169 34.62271983958554 -15.69717552372881 -17.264937442351233 -25.161990266701363 31.40757697461882 -34.46468412327162 -27.91802080969289 13.65065014510889 48.946468466691044 
56.159858186328606
14.208925385165088 -18.60582493580957 34.817712098545044 5.377220067860101 0.6572513926752634 -24.638991793322273 -9.97856967658469 15.653764816334146 14.618785524109413 22.43275549806954 -18.522475837617193 -6.389629917390671 43.69690452747632 31.053521840429696 
94.64712718239166
29.939399088247043 2.3787537039377327 23.471787304131283 1.9031384196176901 -49.39869975509764 14.697774229855938 -24.87840174214645 7.138702443405087 42.196926358014125 25.241432838448333 -6.029190473592529 2.5908393256596227 30.681254903506343 -35.04015774274243 
94.24617847995744
39.969655726052665 34.478678403714596 -2.843248521257756 -43.847861179195256 -25.278097778863597 20.579570686651152 8.595125377536249 -33.96791882408628 -10.379152552731163 15.342383538117318 -9.174599296865992 -0.12193838568338577 41.862819086667486 -39.504967675350315 
27.645170755269667
47.17681543031364 -43.53605285572705 -40.776104134793385 -33.97504930490328 -28.21295087241189 7.988996948508664 27.258257010879845 49.885346032323994 -28.1250169323634 42.50742517021979 49.50254589253004 38.78682496075041 31.8921354472117 -7.839929528135933 
94.03830122481914
16.894006873016608 6.161413886809328 25.833211604220523 -47.78774107439221 21.50220322157142 35.84457387468821 -38.82505468078321 6.046560633714826 -15.035310808260348 28.896135808008466 35.55216596144032 -27.648462620775195 -10.964978751922963 26.065915463721964 
46.534710085184614
36.69112346896773 26.43943342030262 35.094316579059154 26.106459938256393 -30.254553273676965 -49.07982780222413 39.95159740563541 -42.958456928993215 13.634672580728392 24.041397718612814 -17.695687428804284 -25.252983966875608 36.412734746927484 34.72503972517683 
18.349218702185087
23.361701791278136 29.20909135137761 -24.21516455154492 -24.2630781765399 -48.985881565759485 -37.60880674955703 10.652472642553931 22.514570668996868 35.88077586527517 -25.36012313297156 -46.95938159909423 12.848989531491064 32.04931591784701 41.97440907009077 
62.46336343675636
-7.25141146696879 -37.82070061887107 -37.466504588845666 29.335378861968152 33.08449815770854 -37.43324077469947 -2.6869961829328304 34.796908383264125 6.91835052688311 -44.54317633602326 27.08080081581558 22.462433380512707 43.47622255836285 -16.687914042771148 
71.33350844813506
11.966712307837234 22.06520059130237 -9.767361821510804 -33.5703604412821 17.482596340838256 15.811141164039697 -23.16303360436931 -33.07201221955009 8.310850754687173 7.303190379138236 -13.348800481288848 16.67977878779493 -36.80699030390734 -23.937337997592735 
54.417465760553675
34.36754536111192 -24.826007738184085 1.2109084764555291 -40.27956688118692 -28.04673448467122 -40.35788738891204 31.792841933808873 32.94431768575376 33.892823080187654 -45.400247637961925 -48.08016185521201 -45.188977973069846 -10.006646091641393 -20.731111453380112 
58.22768545563598
-24.386749736131996 25.43463264021551 34.81135146295078 -26.89759685758296 -44.25519658274021 47.74511711303015 -10.755509562973295 -11.291321650714657 -4.756508516999617 -37.58215853342287 -12.441245070110483 -25.937241262918718 -23.199592700837535 36.37088426492626 
17.594394159084082
-19.77634480837849 44.05256634798856 -8.398372925051198 42.41036678007647 47.13351801538515 -25.035762018130804 10.153607947160758 30.679195100074438 49.72014035852996 38.71551176319295 -14.090757403216905 -21.932548413290686 20.581495188228118 43.754978202082 
78.74129306252063
14.612161515282352 1.904298050326382 -5.463333081382373 12.200403753744318 35.779365686951735 10.225622469910057 -25.050336426051512 -42.81436515025173 -21.808305499516745 -5.771423422630683 -32.437901053962534 -39.060571193823215 -15.062240373413417 27.970137876453606 
49.539518444567754
13.227939640778551 19.92679113334168 9.77122490395125 -21.539135944750022 -10.287742587250662 -4.072145458023293 30.456180404231432 44.243652223515014 -23.714485913017015 26.733670295041165 33.710762963524516 17.00316168195232 -42.454532739632334 0.3149223745978844 
66.03493240274845
-35.091270961554244 -2.4083968432413982 -3.118360900389625 4.098556176189504 -49.03643527897334 -48.01957591274727 43.44409273535639 3.265401644241841 43.12275523380835 -24.057975365447227 4.766375088486917 32.6326032486494 -11.722599486930598 35.85567874287052 
9.531633450291011
49.14000600074827 -42.62888231870613 -11.498387538842024 0.08871776400272324 16.135679491920285 -33.72154998827137 -34.24926128802722 24.325776195865927 -9.758957944569502 -34.93704740099947 -8.87640049096747 -40.982905299557636 -15.55905600805707 -33.15394753432801 
9.044346372885236
-34.584711355307306 15.03121918526439 -43.24397074305223 27.635075229281043 29.911730195596576 -44.61185830748591 -18.710226643005434 11.540393652477363 35.263845903436305 0.48131585496226137 -31.091769498908416 12.54162268701866 41.188740094778595 -7.3664696676324795 
23.79974155634076
-7.385441590707551 -22.951635334217745 -28.761852145127563 -33.51622799483339 -23.395736283769942 -36.09776830703865 -13.02335235039709 17.29078139905286 -30.16514446279317 38.37943258343215 -35.46407019035314 31.742289121164475 -10.25813486037859 46.62257269670589 
56.90706295139656
0.4684717196525625 40.00916204406528 12.981915066676422 9.054175731991108 20.53889523981279 0.712089336034559 -34.81110027723494 -10.925797614840384 29.945261274258357 -31.387118469487017 15.413920446285346 -49.074745033982516 -27.536630410871364 -41.97595864413659 
4.914047451368453
-35.61658787435472 -23.765265409715962 -35.45014275763872 18.902197512628305 -14.905269331936054 -13.853426832995595 1.5357368452352773 17.81995922531783 40.42136297027413 37.45221355237564 42.199662613862415 11.372132207659455 -24.762385694164944 -3.9377857719448457 
89.18949008027482
22.481783309698542 -14.08607744078222 19.54974331539067 47.70440157203056 49.75042866155054 -29.566361263188245 12.152125350620338 48.33839331087117 39.05869846700122 -12.080372230225613 -43.0863454411009 -48.551887498344435 17.618645074899305 -48.195299516878734 
58.603131035839326
-33.88303191118581 -22.91034407387633 -22.538127674294685 22.152793142319638 33.681955079804155 16.295656972307413 -32.682412080082614 -26.896338840828406 -41.69086927754356 18.632131318937255 44.30294589635683 -1.0944645855770716 15.24825376288777 44.427226523894774 
87.95510799650123
-47.091784696687256 -18.833396058227336 -35.67798221646676 -13.436963999054221 16.493749526714353 10.356542117362842 46.16076312653115 43.45874981391641 -40.96216298183249 -24.369112141290884 34.93278733544609 -34.112658341179944 -29.748214013300313 3.3647480873099127 
82.9834055125784
20.84600885411986 14.944668019102252 -41.58807247789896 -3.987953509437247 -36.135615975959034 -23.64134592474414 -23.481375098119763 9.301585828787886 33.9054915580104 -39.031240004410364 -0.6234091028915572 -1.8263934645076674 -39.601315448218166 35.00149493125812 
90.60254759928894
-43.15985588667236 -3.127066266828706 -49.08475243091955 -0.2999240580025955 -49.37679439502377 -20.259095869471455 0.6984684396089023 45.45483276946524 -42.060824779732386 -39.508758687262024 2.07999525216416 10.233401590409926 -29.50401864457074 -25.12143023084893 
33.609204213896746
-27.69933501580596 -37.173325615676845 -6.342306348230274 -14.948137073953362 -45.45992327496625 -24.4161469991243 45.99054560276666 30.660922633959743 34.85578975203367 30.945170180707876 18.86144842991675 -35.38028762583881 46.05508034413148 13.030909265196364 
63.66832041722523
-39.681664748611524 41.15407509329542 1.410414798186224 -15.385583923870051 28.112262881096413 13.819292455382048 41.574946860847845 -7.392706956946128 49.82550726422312 -6.947921524430136 -27.31970718697142 -16.921292395744217 -37.50105250807848 -23.75752015877056 
59.91327318430518
36.4711315439811 -1.2522719560552318 25.363738341420998 -3.487951070660081 46.09370961916048 -33.420130254546166 27.347975485133773 -1.2291007880623965 49.632365944194035 17.641585082002237 11.578324733559079 16.28597873712934 -22.194032714573808 9.592999810562084 
74.95216846890666
19.24925491302018 -13.507679033170128 15.681322356703731 -11.885247397106404 4.773704560275085 7.1049536051791335 -27.433262593801423 -4.768059104648394 -14.966456522163782 -15.916471588713222 -13.930372921291855 -25.934584598422283 -18.570869473137375 -31.93210537877833 
83.74594988687315
-6.866836569014858 1.0368644423990787 -1.342282553782745 13.060956363325992 -11.617374589890296 14.280272694798214 41.61672218650567 -15.58037147951842 -16.92662068246313 36.05922722315458 41.962548522821024 49.42556194396781 -8.539173403758483 36.49998758465979 
66.5903455228028
-13.521713013579728 29.391808563571672 -27.960409641400798 37.91016906873298 38.182282006640605 3.0676701800505057 32.73384338146151 -46.564692005797134 8.029214573519639 10.99978502859689 47.479032324955995 45.34075890229735 -22.57172311371822 -26.422905883991767 
25.263134060494043
-41.28202215001379 -1.602300089910635 -0.315238163711939 37.613195928365755 17.58416960455567 -47.90618280709177 10.45753913471188 15.081273993394277 3.661404182552644 -11.157593003992602 -33.47898950481692 38.91212480672263 -5.4772345609628985 -18.549778612842406 
36.96839859668667
-42.038384242084106 44.90995928780468 30.312944118281877 5.840118616097776 -49.514386072955915 47.85863338661346 -43.80087933640113 -14.982134651694714 -19.405133132264197 30.72488004721599 4.5778185958888145 -8.785548907309902 -30.02778727192822 25.288254239288392 
13.971134005286522
49.13526910694233 -33.12580044522632 0.8138421849700137 -29.949124695214756 2.9066490870453876 46.48998416754195 -35.71223567777791 27.06208730950948 -46.488961491854496 -30.593804207252994 12.997706096431408 28.64433220768825 -8.761654157187039 -41.77283944100392 
21.211948216634767
1.2349183077958372 9.057429770715565 26.325746281355023 -45.08247287685758 24.976578639803122 -34.66883005752359 7.250813613673557 -13.589929553793503 9.415369142628393 -37.556890826181245 -11.50696559605715 23.984990577290375 14.262808596897685 21.673209815881222 
99.11168478776332
-18.938326166370246 9.109615029454169 -35.94523964071183 37.15071270216835 -16.22063188387144 -39.783350438500335 -48.03596678659792 -0.1767491177528484 -43.5645065318745 17.37192863126873 6.838805888412061 -2.8805725325609117 30.09414310330976 49.29091350285249 
44.6913914924479
-12.206783555847068 41.27455960134073 42.15052335895241 -37.023620951363355 -24.390224104158055 24.836403792789113 32.585570236703504 19.89275234957688 43.28549972081201 8.010677900515532 -6.160295718096705 -29.65531325151257 -18.27112996721566 -19.01783238152546 
81.7510839366633
-38.44524566092507 42.99086869821022 -46.488644839068726 -24.133572606165423 45.71785851794348 6.7595822683148015 6.7907078581332385 -29.784759449641886 37.10373947625648 -47.71565163573508 15.062341770192376 -21.86058396515078 26.66042170751068 -29.709369036877465 
92.48107352188077
16.061586795546447 18.44047589279269 32.74752071038904 17.288879142920948 22.18895831145889 -30.93344323718531 -37.72437358527446 47.57386255789034 47.88760476413181 43.97217543332002 7.533828926419339 -29.28120265861509 31.825484396770236 -47.7018189741811 
86.09918582495676
22.101419109081206 -20.029260916047896 -13.905017019314968 2.155049770579687 -32.309409411284385 28.145085550466817 -31.12491278988051 32.72825759482539 -30.110435167686322 8.070429723541984 13.580001420885658 3.267000121014675 46.309576402158896 -27.28992551413264 
50.67016339473918
41.02678074419849 37.113979134495395 -37.80576911809611 13.316013388845029 3.032669257712527 18.155284679466646 7.732721356540715 8.562899077188192 24.311792215231392 -15.66563707595796 -22.34380785471609 -39.13796402329002 21.64084511652709 -19.556809338488335 
17.09028063597746
-12.495751911360543 -31.770879477020575 -24.790476171102817 20.755578627697744 -45.73721613586604 25.558398496969346 -41.656086482682895 -43.00054417121465 -36.054005947600075 30.026777767061347 -9.903511577709793 30.404096591448237 -49.4197760091066 -15.905678967373369 
98.16301906149876
30.178407601153992 37.58776443938888 -5.695815257483616 -2.263248159711395 -37.97029053998156 -30.405696063179445 31.853665259660673 -42.915465805791065 2.3244217216753285 -5.605239329290946 -34.6846402098229 43.23284856341981 45.08521444487195 -45.87400086855962 
79.659499728578
-39.81868619124606 -15.26459426979946 42.83939874979525 -49.09583336337724 35.51830780776129 -9.510342006978036 1.4358050167201029 41.52101035838851 20.39537595261264 31.903276336581442 -49.68006691036738 18.149789861996453 42.52413184923249 9.33075357137804 
55.15078277747423
-29.774141256828457 42.19133481115742 27.90742062308017 -18.290788921128474 25.800528030344026 27.244965779673308 29.156400111300016 -27.826701081063465 19.13495021684895 -45.413954935369304 -39.56368832125319 -33.01331455843027 -36.42595444638983 -17.091979722536877 
69.18344749303247
4.024591892958163 -27.242308161195872 44.257605814129676 -43.734549436322254 49.90678946607923 -46.59779910890224 -49.55208336367723 -39.24819335160898 -42.92374833689557 13.685931104107432 -15.563169078369818 -22.980306375229244 -5.343164314578999 -7.301414549996707 
76.49055661324674
24.352070777941577 21.122795329000013 18.464624993606648 30.28430788277015 -0.9518368620783946 -47.54247852201831 44.726891533892584 -4.9508293070109275 39.554722164244154 -19.251604357069386 -0.022569087299039836 -23.54382482577678 26.239814454381417 15.059190995004286 
56.14822358816194
41.13561529255317 -30.83090966765596 48.94096863585035 -11.07470478891107 -2.438230748352396 9.607806217213323 7.086992763061332 6.825519518122789 29.49011199118665 23.960168076578455 -12.593342930764194 -28.02381312611617 17.216215260686184 -27.529209216006645 
44.188004136886526
21.963132998820114 -43.36749696537857 -20.748585402963027 -46.96209673605135 29.164115406321642 -23.60887767724239 -34.940739754176874 8.933517830107753 1.6597890007640999 9.438158829589618 -20.258327618689055 34.98820986236683 38.11552015275224 -3.233494113111746 
47.375059963392665
21.429557973966965 47.952964195743476 -11.558308601431968 43.86430546818684 -28.193294666033797 37.68119167882283 -40.21295339968104 24.13220575521929 6.588781443492898 -5.567132040944934 -20.928449348805135 4.016723726879725 -36.91433879061387 -31.448176366584768 
97.1258238353553
-19.392875145560584 -14.983115199665697 -31.495895310417755 -20.981331381817647 43.98837471142933 15.07405773659383 33.43535050383937 13.25865344176318 -6.77356632752074 39.46661969259738 41.373202849811875 14.942262031781794 19.915352077636314 -15.289643879948613 
94.37415254450924
-14.147876096247124 13.720410483942558 33.81259443036568 -4.159948040855177 6.715912950082938 -23.910258389762085 11.527573291442451 49.78029893882338 14.668504429278755 -49.32975000599104 -13.50008534164381 -33.02853501991342 -37.58294803469276 -8.048170739215479 
1.8838032167594498
-41.233066428724776 14.690603504478759 -2.722750292957258 -24.58014946985533 35.73491254607933 12.262995730873705 21.59329149885876 -45.02870366547279 5.353908159348798 -25.830265695354594 -20.817958865262543 -23.834380186741157 -19.32939450763128 14.696617898855095 
62.09950206285293
45.057235914557864 20.125825981811346 23.29990200239719 -28.838002863955214 -39.37856366838849 17.680029508137252 -7.175180641293736 12.059068707424181 -0.5906793031615223 1.920610638713292 -15.778680554447789 -43.46506486726432 7.837913919630104 -16.990953468521354 
34.412894005217964
6.5687422294817495 36.359291854888326 7.126680378262662 48.05642212472769 28.097254198364624 4.146986470425858 39.50373152549639 13.637952201287419 40.06179572360638 -47.04247518094202 -0.8330540110457179 49.6814494150895 -45.575394352082654 34.46946330962338 
61.21699890739768
17.804463145730253 13.288030504859492 -23.32818568164734 25.7476360511412 35.9367741881467 -39.63675220809989 -8.231688813205949 -23.555782183753305 -12.774880710081526 -34.226489624827515 20.5834560399164 16.450208524621445 47.97905001318911 -4.459805832094453 
6.600839485584853
-25.734107902067926 1.470089228875274 -19.91184242552614 -43.466208737279544 18.24434278067325 -36.52164717114334 -10.27970824269017 23.72286727849911 4.675545333425802 -29.812196648975164 -30.750664810455664 45.674303708489774 11.500240507731071 -30.636595069109905 
68.83834818589135
-22.301969799030996 27.370944158358895 11.70040200216296 33.589548616699716 -9.12659707108611 -25.921698130232528 -39.181972390828975 30.534419829109282 44.46533333782452 -10.71323630785367 27.57696735104666 -1.5836307553920648 0.4330333910664166 -13.925678844987587 
37.23192592632047
3.020413348445196 -29.1819105296524 35.94684695113794 -43.61233501312141 -31.207269910324708 -22.431794417881733 -7.201665395757608 -9.191035363049217 36.106107364139575 8.747339191261105 -13.285838681030228 14.841909730561554 -37.234295254052974 -24.897381157350708 
18.56521771761318
8.536021603504636 -1.787285246770189 6.602918312873193 -20.983414677858914 -40.486296703317215 9.37189479504137 -20.16655978785298 48.875189316184404 33.215575472601955 -21.797865253468995 34.025277271365965 11.626650390675216 27.357244132000503 22.747564605210272 
66.01842166198388
23.562330832980933 -45.73487634641681 15.84998476608554 -7.398837926905969 42.073367126599265 38.215944401404755 -11.328380392218342 -17.56154498280935 8.489244582126489 23.986589598343883 9.79057533282618 -10.803703496389105 18.264254054578117 -32.472004574681264 
74.86957964606363
-37.51132532831415 38.36597959746187 20.008807228510378 26.761912770571854 -26.081774935821368 49.39569316203152 22.431572581087195 1.4066770125777168 -28.248729271786488 48.27136145517045 -0.393756255774214 -39.02110025837615 -30.33763826589465 46.2297443591728 
29.472835128420872
32.49816594965084 32.5031025510816 36.45481518374616 -33.402946123997424 17.462814614790915 45.1944420216269 -14.18445757876016 -32.880169402104684 -23.934991753038247 -10.388744753613842 25.99685865401989 -3.4763858520763904 18.155222564775727 8.722477790915583 
30.73338991690552
1.2854301453086947 2.3630492782195986 7.269667055774107 -32.09365860352388 -9.181360100597011 -45.35556408840359 23.91132813637175 -42.06031317852664 7.062427607696698 18.013788760867925 11.029930690352849 -46.767404937294685 -44.339950719992174 36.3326475417107 
25.293026769974137
-22.709177015167082 -15.12608102194556 -43.23509099023467 -35.42056690135562 26.770580163978224 26.21763747647499 7.871869075620076 35.025991858831944 44.82413019435502 4.242083858692546 -26.69135812806357 -4.28009385218823 19.93720051919425 -18.00524704642783 
84.69677005647308
7.9562267412180105 0.8740565105461258 33.37851615765776 1.4861408386344976 10.999565378042718 45.39685439897082 23.968051633924418 -19.517397276432813 -43.06633944497411 -11.898330698603012 37.79919206053262 -36.79404334185502 -36.54807206423073 21.014413914693236 
59.22847833014606
25.356269157191605 35.33672156071064 29.515599734354637 6.167241168495984 39.40474792784221 -37.105557112816726 15.713688973305437 -36.173415117988185 -1.3113002875090842 -21.24168024019505 -28.43741492925691 -13.433390419982935 39.37835404619314 43.240067486035784 
84.81955617078978
19.525339527413408 25.29665540814638 32.80629210299263 -27.634294124657632 41.40976814107758 29.811359768046017 26.274903970728587 -12.538151566806462 45.163509392687345 8.882085189594015 18.971501044934598 40.18845436938372 -45.81742822236969 9.833258627330196 
96.35502375916354
3.619126918563694 -31.667225643649598 1.537133596240551 -34.48331630174515 -47.797239903065126 46.22940301862094 43.42937054753733 25.475610752693257 -6.619510151765574 8.071686209325165 33.14297818117052 -44.66083141686644 8.639091996597948 -13.218268299686564 
35.534605257890696
13.165545402232446 -33.996487786319676 -35.72040067180454 -0.5094279037620311 -32.23940924747255 2.396772734248607 4.433190432633275 -36.861787320530325 30.660547091770113 -48.653549089187464 34.55369199998046 32.95143468319084 16.19675283684512 9.192607252403548 
83.26432985576541
-2.27233669179747 -16.191995312019102 -8.747152754108342 -45.84778271904557 4.526630303773096 8.660717339555916 28.325997899790096 -48.17986386861419 -19.60026059070844 34.156634417859266 -6.53334832082011 -20.212916098450705 31.102025350330123 -16.947706626221006 
79.13859817781476
-1.8565230680623657 35.96700165666728 42.68406288557833 -34.34402481664182 -37.05106782310086 -13.26201323333759 -5.812991613262042 -16.753294965347052 -30.932437902378783 37.38774555964868 25.615478115787354 -27.8763699192084 -16.53222213208447 41.821623196524 
4.517719866488646
-13.18148979931285
9.84736684936415
-7.503962858953017
-13.763584372748447
8.10085523727593
41.20105055805806
-32.27963567415604
-17.344126657165425
-23.033300358761146
-35.759286673558236
10.701587307098812
-32.7967006741121
-32.33680271131747
-2.0797496439345053
