constraints 143
variables 14
-30.41837552412091 26.54800476093969 -3.7893205025254844 -45.62957450959282 -29.465541631763536 -12.48959991165087 46.4737903142821 -30.624432929184053 5.019280329225815 -38.04857620964566 6.479068167640598 -43.830427519234775 -15.844069652603643 -36.572304811582256 
4.263360379471903
5.778846457326672 -23.540674881274214 -25.859360375218145 34.22028702495956 -17.328092886434042 -1.5214439386509895 -8.161035424276541 -4.102162804136277 14.071208661573593 -25.42827786691546 23.524851322112028 -35.18223789172711 17.38496471719054 -13.562739304554036 
30.202849116116926
-8.037112193608287 -22.33615100665025 38.979533654736116 2.398550463652846 4.848018799660558 45.28827025327702 40.66844175098268 12.287579595152145 -25.015415942575725 23.017713546240557 33.75989504027699 45.01357087025258 24.06876271709875 -48.91562577568376 
62.576005701113225
-40.862807842743635 14.367315982534706 -20.81088681126404 36.500870919080384 -35.8535132449041 7.54490493158729 35.05857312427699 -21.57014076699295 31.572140365400188 30.57120786926629 -39.35196878678458 49.11737206695969 -24.51050250279043 -42.634344975548714 
39.12536106728615
3.200011467639655 -1.9475055943685788 0.4821696515579177 -21.552722737659092 -36.37077901280446 -3.807066878106582 8.405801402702238 0.6397922222539449 -2.1706141933911383 16.73177677233457 -19.07231315929756 9.820591351090137 41.10449781713757 28.887485144499166 
97.58430313322141
-23.448137471710805 -9.35151933896703 -44.470377276594476 2.291500263955328 -18.712176963183293 -13.028705919227257 -32.48569047024008 -48.92666865989766 5.482028478975387 -41.36499472092918 -0.9486531213003815 9.180270628027586 45.34531861283402 30.901002180180598 
36.29110269780254
-21.08914612146545 0.295990076804145 -10.778397640028295 -33.81742480632156 -49.90460219696854 -44.18035489680019 44.46627038144186 -1.8577004357798188 -8.530062162589637 -11.243128607943788 -31.645199192469175 -12.812960672167229 43.06306078684882 -28.037248103298417 
4.776722130656308
-6.078488318327871 -22.762156532530575 44.83292210213614 15.508309565799777 14.135668052891177 -30.824346539102653 46.36673828579704 37.295601493132764 -1.245692468269219 6.358068440943377 -21.761146670916855 11.353783223941008 -36.504883321183044 -29.002275434426682 
26.776297201129097
-3.9595527233022807 6.829499973100596 49.388451057244154 24.788943817251436 -11.207825941633978 14.70382518417766 -42.21047526428517 26.87701160300861 -35.62907738554384 -19.032968280942143 25.728471184090836 5.14004541510171 -16.9511727239218 13.563772105921736 
94.50133235429912
46.137598407400134 -15.433080295712976 28.290608204017076 -28.83114319643967 44.50260229641343 -38.4646008903686 -45.72399630072417 -23.50836799254663 43.78422648891376 49.40009404755483 -11.666824582404992 39.01663718763105 -29.102207231708277 -20.81824621743301 
88.94811361843597
16.922318044050996 -3.0149494230036 13.901908396242526 -5.096593777818384 -25.751251662469322 34.53898633237513 29.940964444282287 38.40174145289497 -1.2160037220855244 -1.6769384892067265 10.531359377438932 -1.9587288742948559 25.147347357676523 15.915539164941066 
40.17051821383829
3.108275055834355 -31.495432488232254 -27.36458968490789 25.94545880874705 -42.60912136771583 -18.130077227932095 15.157142288998642 -25.407119020959513 -1.9191712752865584 -26.905825883402066 18.297293896834148 22.575647888952957 43.318638045654154 -43.5926418010228 
90.25680446365303
-49.461468223944806 -39.44934539666455 -32.22036402390125 -46.97143943033768 13.213233413857004 7.104945494280557 43.38304458743775 36.73059689203748 -18.82542156253034 4.256107794297307 46.081541221416074 -30.698874558835378 21.80697875306538 6.537455738800745 
76.14620364678154
26.292288711755106 -6.577885747051525 19.172271142096875 19.287066656861967 29.42537547696729 -11.324008363234029 -1.7658974672541063 17.612503516621686 47.1210160153461 -8.734594276289243 40.50939668364924 -2.72831191358879 -44.60638819197391 3.341004980441774 
83.02397703584255
-49.694869946409085 13.300075366760865 -39.84394002089016 -14.191750390081857 47.62287704833038 -6.441269298046002 -26.822801988048006 15.714189052884379 -44.9505851012015 36.00499275699397 33.21527460252676 -16.039469638134506 35.01894491281152 -40.77377570765347 
11.091678515850168
15.570846674505631 -7.225851315411994 -25.98101346799271 14.937332590962555 44.98243611750952 -32.183874365445945 -8.762375744153573 -49.571258578126944 38.842273877440434 28.872728973332414 6.153947668948959 -16.90258684195588 44.36954697904882 3.797035018367282 
21.623547762005522
20.306043178920802 -0.3474333571292263 -35.422781612273624 43.155053698622694 14.566893770815525 20.86112568399136 -7.966361232069893 -9.595573582624127 39.5847959655914 -49.40632206903719 -35.20151288777147 21.667165727245802 5.739246167526204 11.441970700703841 
2.8178410987484304
-39.38291427547334 12.677139805041463 -40.655935730088984 46.885544282377765 47.841104738883075 -16.730358602914905 -27.590068351111707 22.612832890969486 13.645259502709415 35.393786949481495 42.642116335086314 19.75717656228177 -16.84204858381161 25.831413566049747 
10.337242551620552
15.97831190815134 29.93220157546149 44.035063074465114 -6.057595958566353 -12.14097698608201 -9.950511242359063 42.59248764806493 -28.24623825711049 -18.577306058920527 -14.846506672026571 -34.071494041552526 -33.917040730227 -40.60076787430672 -20.107089877775564 
29.114897944819816
-34.619731278134054 -46.86451969814925 16.92818485259437 4.616106699695322 -4.708384425721391 23.31578316524488 30.95792166549083 46.380546511863585 15.73993583510375 25.552846138078408 42.14638244140416 17.894332539340382 -22.14036977303555 -15.571350238574702 
18.88435956278268
-6.353718800308869 -28.0239084497102 2.7096216979609835 -20.008565699670633 -28.089929268103386 35.81064147406342 -28.77012627564919 27.268453218730002 -29.168532789645518 20.70441778966118 -0.6692220452737345 -39.26519883330004 -20.48441440662475 32.89311706972893 
5.764733713978543
30.935855603853696 -48.858865944814255 -23.272314579280895 -4.384477588973759 25.381776370710725 -43.914336813952836 27.224423702926174 -49.942928449314536 -30.520434788131155 9.627869578713131 -49.55882292211914 -27.332830609083725 46.246133827045625 -48.99999626751016 
21.914618993703638
-31.468035496395274 -46.35914145665399 -21.604477182211845 -34.2431157236366 -19.47812798645725 23.53189606427719 37.99405335430377 -0.001891659300866877 -29.11119290474954 -27.88861780376053 24.147917908386162 27.374668970133527 15.729361529721231 38.00026725068676 
22.581346404006496
-44.998695196084256 24.877985542780266 -8.665499627859234 18.785637083807842 -38.77157340367182 10.43880729256135 -35.20008338140512 49.75052390845718 -46.52563200554531 -46.565781939818876 -34.11596876745242 -1.2459734520300714 -23.064542105684883 -40.05706217208612 
28.538717595550555
20.140119508887267 -9.184786945637192 -44.380271504491176 -48.00148812756875 33.84556149860933 26.0771245397586 40.63353851097074 4.675066204649923 47.89426873013552 26.71385899275907 15.830340683569759 41.849097778245266 -48.840334775498185 -44.86106446784254 
45.32144023776107
-2.69311074226097 18.402432219104966 11.545267973320527 40.717652792536455 -38.8807627172842 -15.076855371448175 -23.061827096167033 -12.125854854745555 48.436506881964974 29.12630294114301 40.03880218876303 -11.719600838546619 -2.5257723713852513 47.874318474402926 
59.36719698331119
-45.875796976243336 -41.210564683486005 21.71697232814313 43.552414899667994 -21.421882071068875 -47.501200140620966 44.91401933487697 -44.719443082587304 1.0014598883929295 25.265271423200858 38.62551568131455 -42.72031039269638 0.5202595171334394 34.68084287406653 
24.726550755298014
22.354011667265624 30.84231396004766 25.09877688524469 12.410108330263412 23.717889386333695 -45.81612859230888 36.01938778748092 -9.926264838532717 6.7436132595868585 -7.170903202734522 1.8093162038825952 20.942811244647757 18.725101289797735 -6.887040744082029 
9.834991990219489
12.465203315744866 -10.6270506871913 -11.487293366156038 -16.9832834517335 -33.28088251651743 11.494614755455878 -43.94733053428232 -7.639350735117034 21.908006461765936 18.67669885457012 -16.6283905715515 -14.79827184478986 -36.52657425449463 -5.225323704646954 
52.57140444742801
35.69131543431152 -32.561282392533286 -21.371396334443826 1.3603637382441605 -14.510811648039436 38.303537621084644 46.66171096892164 -7.975983573951218 44.67023475767232 -30.85888871741367 -34.118015420711046 4.400749905146149 -34.46798351044493 -17.492679777833764 
60.29517750839343
-29.690826114234902 35.29013792381161 7.352581514797393 24.85095042139504 -16.231336608026012 -42.425853414771865 9.33464494684263 2.7821364209688966 -46.12595571696223 -42.81254412049652 19.76238810568951 14.560379099062942 15.329883304491489 47.77056891985484 
51.85773734951782
-10.320296848078804 25.41944150341095 47.80769261263967 -47.89510532395116 6.092847581479951 -44.422163551459406 16.84255237116649 -40.83694144099228 -13.63653660209112 -19.241506967600273 10.820055679451322 33.15087589567082 34.46058655667126 -19.573498514136332 
73.14620904297014
-25.932146039393412 -27.389979580499922 -8.7179583742249 -13.640531030644489 -30.299926986631355 -46.26936870987528 -6.2884480688614985 -41.7674920111634 0.5644664876596082 31.721759637821265 -28.51616727568126 5.67412684622002 -17.72192862287605 -30.768738393040675 
7.352878828530729
29.976877983804854 -5.804419213947263 -49.477998890608674 -34.00135199087355 47.75667169133007 27.240667884171742 45.66785856459512 20.131626868016326 -46.643496092606625 33.56347846082434 41.548609517834436 -4.393489896719096 40.53714281097942 -24.01118528304701 
64.97632512692111
47.03484231146959 -46.04653958324365 -43.82352858663202 -26.225772938873458 26.65606889708249 -25.784174327372533 46.99730655966859 32.74216487930637 -23.87912382547588 14.261798649146456 -33.164399816046696 23.181251772191004 -46.639688361005895 19.31410994446732 
61.36029243596196
-42.986624218794674 -45.141325438185156 17.87671398630279 1.7647620728602078 -20.480332208088804 7.41769460350168 -32.97850799213068 17.556774147057595 48.33524927041236 32.894057133299256 -28.356084164667948 -43.31265820124973 -29.424144652217443 34.41186157484643 
84.41685053411244
6.139180646521261 14.835241401471507 13.196135715833279 10.847335654340242 12.052538524834652 -9.719469084303 1.4430387621916623 2.1421076980681306 10.048194487072394 -48.814012294155354 -11.463031177706071 17.513274060815263 13.614440404779039 41.9839013596568 
75.44424083779974
-22.89358420387988 -38.7431078915336 45.27465006302809 15.257612288062518 6.909150818166232 -8.432969206850224 33.226202643478544 36.63542763267216 -2.201030825002505 49.44737186670281 -48.59333645506969 1.2736580618702789 -37.68506753861271 26.438216760419138 
33.33170318399379
16.568720104196103 24.78861178618527 3.42297255177062 -46.127963495028034 10.273398264020543 23.145422963935886 -5.053979901091623 30.1543357342847 -24.782199045852625 -16.011690274790915 -9.040784684006638 -30.29766628595979 9.06175795799524 -43.49852790977457 
4.020049026834371
47.3030505324481 -43.43536094102649 -44.7373401844836 -42.20340514301492 -35.55354963378355 10.003083829569938 -32.77170049819047 46.191381091084125 8.17504540878771 -12.86335404562837 23.956532653515296 -48.521671809636146 -20.206691008416133 -14.4840506442195 
76.55899447706402
34.55397771105709 -41.87502919766561 6.94739683056217 37.92297870618356 0.7362114431498057 -3.1303853338179337 -43.42691473545052 24.42136919587621 0.5007511784444176 -18.90175473697354 47.2940518474214 37.628547286815504 46.12769374805259 -15.95923148108136 
32.159551908889725
-24.51375145405229 -37.562567877566266 -27.943376651124385 44.86456924768056 -48.08590887903538 42.62729706289147 3.043096532188642 1.6422988643379526 34.035351305420306 -1.3226812328687387 -48.47590140467195 6.607887055547714 -23.01075418377324 -20.124499318892408 
22.27548991072158
7.0042261383620925 -2.2731252843044985 -17.279916442162133 -16.41868151612472 -35.179853787491254 -18.76134677736845 -9.21176360605299 11.078604329652052 46.89586622336279 5.336909732008998 -35.88226885104181 -16.363403677701562 -13.099886688787876 3.4180934103708154 
94.23008848335836
13.829718061623986 -10.542177011303508 -41.44520028931108 -46.86917701952352 27.301657475523285 29.226912287038743 36.81861883854776 42.454340780893105 27.681407469795417 -4.132918572065606 22.910594407574777 -7.621856352893317 -3.2997377710596396 49.613204601809855 
66.97684724603678
-30.98698659957383 32.772136141263616 -18.439666057460858 -12.087288698531786 23.682863937347776 25.53779578450974 17.7869265341766 -44.49048645633944 -42.1600289697177 48.736891560861466 -32.91258889885836 -8.526099762262099 -16.68161456769353 29.259984807840297 
38.354716405621424
-12.349594798722585 -20.78974045131118 16.34599614722518 45.547987142515865 38.70370461727805 -16.14303450005604 31.62883922220138 25.7001545127181 26.067846229036846 -36.721197232969715 28.100224315910395 18.56464443614368 -29.854539263295376 -34.17576022567468 
74.04396451155382
-4.730046190013049 38.540776015300295 6.9015437941938345 6.610335255121157 -22.2545484777518 -40.46397074995301 27.362790874418238 18.937357384661397 -39.29880345315604 -7.928356000161116 34.44220827502242 -45.410843195880936 33.58916651233605 46.166350276708684 
15.107867786032703
-16.430197504778796 -48.75721752987153 31.014164209631602 8.267768780758345 25.28434576609655 18.786182474166026 31.920954286136336 -15.521615455119317 -34.442972971500275 -11.075831850511207 -18.20589630278231 9.635765997810388 -12.820055600637794 17.868364580145368 
48.074541890654196
-37.41365488734315 46.453695831684456 -10.075436217831168 1.801203298164907 35.676598030223715 -18.205139346203747 0.16087552650385817 21.923784793470688 -28.03222683477061 -15.276599826852845 -20.404312848957783 15.030377180459482 -16.826103045659167 -1.5936043782855194 
7.9891427275368905
-1.6675516426722297 -1.661671297429315 34.422769746486594 -14.40879690552368 2.050293327669607 14.846144919226063 14.526958436085607 -22.905942913254606 -3.7320246251879254 10.576687964342824 -49.072206795736584 -1.4440078797018714 36.87747919351406 28.832615403729093 
25.96205110704738
-8.791424524384674 5.407632250857077 -33.86115602614829 20.030532716649503 14.828335544250876 -11.665931174208943 -22.913199880601187 15.277707488091536 -2.251203394703225 -47.10761227416458 -39.893572708915386 -28.265700786547164 0.608186862245752 28.4673170708473 
53.38041983610999
32.5054651375729 36.572686147215805 -4.693400727261263 -48.92779942774541 -34.92454333159506 42.04462344231992 15.609000881832714 -3.37882857602483 -13.086985221164447 -41.240457605437065 15.961667611089268 22.065824281392338 -44.70005779926039 -29.304389752355743 
94.65284898814014
-19.81269880723403 -26.331354387311645 37.36334181284626 -17.438243922235785 -40.27696253434553 -20.277321451411655 -21.18679828601141 -17.8718927167118 -17.017836472061454 -15.772377010115747 -2.906915171282641 45.32973753255159 -40.098639374356814 23.59793216160901 
13.90732168862636
28.64736852265999 -37.0881279591773 -25.731403419232002 -35.12672401014787 -19.32854563725269 -7.054522741606526 -47.6711730050146 -32.95878299329375 -23.693195764264107 -21.51083278565923 -11.991790922640646 -31.762358291241412 10.456432657928758 -13.194620502360863 
71.34405756645963
-5.688265702172657 -46.383094162450334 29.26663234873159 12.721983448468862 33.50924132997784 -48.00680502119876 11.210430703723496 -0.030014718497128 35.96752528460017 -24.458124920819802 10.802382533703828 -37.70036431368655 -39.279928991739794 -21.222750538682643 
21.102456504798006
-29.3737899829397 22.618339851685036 41.22577156706609 -45.13865272437692 13.662942474234761 -22.776712920081998 -2.910065302305263 42.530998515223274 -10.327238519101286 -17.011521380522908 46.98356419647813 -49.44473072901728 44.87428910730428 -3.048794215592345 
18.526213781751245
9.213854898802744 21.23701947332772 -7.3324111121541335 7.1351979542269675 -32.87544290890153 48.76399505792108 37.27215013898825 33.529526179667485 -17.0339810940365 -19.65150360754756 28.311873448924246 0.260795368793012 24.06510756375397 20.90458647661204 
20.399320940076816
16.01188990631772 16.20015072838565 46.70961718676048 -33.25111653163236 -16.544863899547757 -20.6967859899463 45.760100354153295 11.304784300831038 14.137281456950333 39.70172732780719 35.43059209824007 -6.561006008657209 42.1595183033658 31.12170964982316 
79.83857249888734
-30.90828380926508 7.346507581042914 -16.11805476719701 36.056540496632266 9.746689314241351 -31.850849532386405 -45.45956076298723 -44.32417390714871 13.7780150131696 34.70165073735134 -33.288445512122344 -43.7850336365799 -46.525200753312866 -16.745824862034752 
67.85422537478087
-44.521335448183464 35.444427902151006 24.628206204488208 -43.461279644645565 31.21173255028691 -27.885215552432307 -48.607534978269626 -49.96859605473922 28.255645802558462 -2.2997004609573466 -18.866941003782678 42.9940335849295 -14.096369354643471 13.266227505878568 
96.4923040583522
-45.32389819079026 49.263499234146764 12.420067563741569 -43.42358367937451 -25.81417975938801 -39.82430121264624 21.678622734704348 -31.11689486104262 -8.742656123468265 45.59736318163341 -12.296357561590455 -33.92417936444162 43.388844332771 34.35139543686893 
7.368623584299128
27.73224650114564 -30.691857413695466 36.75293325619276 26.01378466237739 23.62035829442361 33.42955200983582 15.863764308529298 -25.73416755304828 32.10619264333525 26.29768446445098 -36.01133861786984 -25.556389509228506 4.973214911780076 -48.029024855713686 
23.515702198551747
23.84030144535309 -41.765998099484406 -15.120281631088893 -42.68386018676112 -45.93264976863885 -32.55933065398331 15.900411029983474 30.65747161700189 -26.83517176790663 -14.44865296235448 10.220311499461175 13.946770500844416 20.327482076537763 -18.414323316518487 
18.02301912227675
-46.390430785824236 -48.134783862936224 19.103190490626105 13.108069586397605 -12.977140698577074 31.41136927021431 -45.0358477620679 34.264438871951086 -3.3409133049766524 -32.58843593606058 40.883216024170366 -30.45005513307757 8.46127190397715 26.570524311614207 
2.9620957737970133
-45.414420729794756 -10.042322553796325 -46.796221430681626 -42.31184528879155 -47.444227778126255 -5.262254483484739 41.33562427044794 46.81165232090035 45.8126893711306 -18.350742625947447 38.904384701563416 38.06513755053109 -3.185349623884605 9.440016288615936 
61.58039570003997
43.86427337605495 -20.414180569311203 -29.44442521526379 -42.528223376083915 -44.06982537065113 41.96629586924219 -18.582144235633223 43.387525260400935 -19.800936316694774 -16.371154741407523 -9.252237841347522 28.347038988167796 -16.56408226561382 25.170478504276332 
52.35817410748535
-49.33033687119853 -19.35552633706482 -0.4558785363381048 34.33200241517905 -18.752557914503644 0.6668100434775255 18.677703978972318 -47.38673225330935 -12.501291162544568 16.2914442877062 -44.66506008564786 23.777417304423693 10.019779738713964 14.739743293440313 
83.1042114292128
29.11040569097935 27.096454811507428 14.576119027898486 35.85888070170728 -29.885654460195298 -28.99338056507791 5.8883759750815585 32.11447468591247 -25.829198384506068 -35.56025777079628 2.0102780923945573 -40.58479415059595 -21.668921179960353 -34.62137602293521 
93.10920687408078
29.21426230892537 29.066163732462996 44.43323651493789 -15.362404568724216 -6.3305878845939745 -13.702774410455355 -30.11392251668923 36.94753888215497 -37.6425480951045 -38.859105865183054 42.602961440831066 -3.7061568202103388 -30.881941887838195 48.54179825297027 
55.48270572235619
22.001471355673218 -32.93033205135121 38.32811249062377 -49.73629414693921 -30.250803091718826 -26.702996303448167 1.214185497238084 -41.72505626985381 -13.277974601253185 -6.208094912545967 49.88757652100634 41.113436783191744 10.810719419288183 33.93619101262087 
19.556079359771495
-7.750222796047858 -6.912454436631506 40.147236695131255 -2.8063266053723126 21.20782625519992 -19.536809387502675 24.26407012057159 4.212537322736523 18.234253249831838 -46.26951840143132 -6.16625840192944 3.4015805484380337 -10.731943904176141 15.126403627069678 
98.6648127511596
-42.28972932133015 8.539826467486797 -40.90530402366323 6.846797168913909 15.819709718067003 -40.725034409374686 40.10700313989145 -8.10855233365421 37.43130144934882 -28.255367776746176 -27.798574586809078 46.73381434049236 -0.18340994297467716 22.302736840773292 
6.323074691167974
40.03799634529507 -3.5899097208484747 27.066821057748143 33.60198027532567 -4.415411187196661 48.09030338304176 49.545175957411146 5.379528878419713 6.473808786744804 48.282296211213236 42.78210195824997 44.095362985343186 -7.539631407463801 -45.87141950795861 
13.487766322169403
43.07246023303436 20.943149089567626 17.713256611524045 28.138572562997155 17.78889602401972 39.964766689389265 23.687702125471574 29.178590048645034 -23.599423970560508 -34.96679547448019 -37.36566451671286 -6.777983935027635 23.079989236107096 20.65962879444126 
73.11832023700445
42.55125885568091 44.161838333205424 -37.78637635464567 29.6152619642952 16.224733196592965 -45.86282645853422 -5.970966806405812 -11.633654620503833 17.752955702672594 46.21342720412946 -44.34927937555484 28.700563291218685 -17.428896781005264 0.4585404462841396 
19.694475371880095
43.4769748800386 0.4307470241878306 -48.52683387456318 31.999446173695034 39.03825947210531 -14.647086759946482 7.085677947835357 -22.415590653757867 2.430053072525432 -41.07073383093227 39.74052726090474 -25.62372064179107 -18.37110212604771 1.527663940939071 
93.05126681444268
-19.238726566553353 -46.865159509257616 30.352891373449992 -42.584668465987484 -47.28384072404294 20.523085280896055 -16.667079907390516 20.6384390099755 1.6090972398725256 47.41231847135238 23.445556870844456 -7.807703851347227 -15.283449410793573 -21.204375312854985 
79.36986253303432
33.030021266353344 -42.915174224526886 45.79320665262344 5.2413167434107635 -3.1904785512927063 25.571813269951193 -19.3756042462512 24.809137553703067 2.9258125120383696 23.736508887663348 -9.04027331398732 23.438785961465484 16.92907197119635 -30.299018272008315 
5.802091408736098
-34.8278344183865 -40.294016857735514 -21.808563961927497 8.659342545576386 41.45257598019417 3.2277368847826864 -27.327942627275036 -31.99106165615666 3.141002870122257 -12.281236534565032 -16.18260930505223 -40.081492972970665 -11.905130542836616 12.77616564653232 
76.5259816171157
-46.82546301583368 -17.150106502063544 13.270502605914658 19.26010510920672 -6.615391686421724 48.840235813388915 29.784405209126447 46.70337176822669 -20.743066962262212 -48.88835959264273 22.8962674328224 -30.439919938830727 -28.375794940060473 -49.37317003361904 
10.792059198342663
-46.222807971815996 -36.232949014043314 -39.96809329597781 30.489065030223927 25.551858541606023 -29.794314987920977 17.147088623909625 -15.618865118922855 -41.8055780666114 10.366605347162348 0.4645945757085883 35.86584710246038 -37.75110216243446 -26.60552042749005 
46.5810627416211
-39.5102843577189 -18.770083937466843 -49.1323538486887 30.76140187657434 42.348395476231545 -8.082818114259894 15.288938781306186 -11.274509152506717 29.404600041947106 -29.64446999277722 3.9618119897407524 -9.731298500776298 25.937231446949767 12.540649073432853 
90.2250266898148
23.47174960108667 -44.48898686697746 -7.772347953479809 -12.99253131533986 12.024854756845372 -26.343330262332387 -2.6183891225017106 -18.72209044027091 -32.41417869169146 -4.122472613905025 11.496281829381303 42.20281811822559 -25.888914728640543 33.64913225094671 
46.339259618119286
-19.31137407822995 -38.256632179011895 -1.2456869421700532 -11.361242491659297 -36.52687528154171 -45.890937412218925 44.596865478770994 44.80940271983124 1.043910181579399 14.773072148664639 -37.93716476756145 -44.978738547457965 35.40018064970644 -23.881730888384723 
87.04915663430394
0.7485344226435728 1.0373178288788552 7.061349877873191 6.955147920535566 48.39124547155005 20.522129637763896 -35.21366390266412 24.233222917973478 -44.35461989950472 -25.36022167326262 -19.928441801282947 46.52087487751736 17.003885561471705 -43.66822430724877 
95.80542302982091
24.92683247383944 -9.896957243654128 -22.49230532026364 13.930851572669724 -45.27996576865709 25.585691458603705 48.30150038516267 -42.67219995023467 -14.029148434705327 -30.265136245661218 -10.543280516834997 20.037758942272816 -34.380189262049825 21.33839963858543 
20.262927604171953
-38.24626615802439 -3.0002227288872234 2.077128103396589 -13.170674293022131 0.6436620640535864 -41.98659034260853 43.18627728144895 8.46944231726485 -27.655177518536277 14.96844203525481 0.22174944948494613 23.584305741936944 -47.638730018104255 5.49912065583591 
32.4699665856029
10.669688104188381 34.11589232223237 41.05296501766756 23.872036033640327 44.936310256147806 15.553213342832976 -2.902298860393337 28.289961933413224 26.520192452593875 23.458574856520556 17.504111992569293 -6.4752996598533485 -17.6264224742525 -3.446100978959585 
8.486227542968738
-44.29709482922792 -49.334785959016436 -44.05028239240533 37.03114842721061 -1.518818345540872 3.881944671386229 14.677739066238686 28.926508329615714 39.9737594658213 4.811964721627994 16.797710476009343 -17.705624945245432 44.39147331252505 18.203287738970147 
0.9668758158343671
-26.033765203280634 5.087034343234663 20.129298193889753 -46.62010424147381 38.0843821454895 11.033521625925665 -43.04347994573169 0.6315477343917237 38.9909165028328 39.720160357186415 6.298035216956357 -5.675835133701312 43.76624084728357 16.031360697340176 
33.44925034130933
-43.8638097473883 -26.29518012317934 38.88215545202995 18.541000216082224 -15.412147407959388 -21.433318044402906 5.215079168020907 2.008248660622705 -27.11557712506485 -17.381055836880385 -45.57932076136018 -41.03905863348302 -49.01290471727885 -2.7175709250442637 
65.32576746556127
-33.34316716687911 -5.543955604905108 -18.375771326412902 -37.39934774683034 -26.48558279514165 37.62973918058843 -41.012195667515805 -20.231439779903294 12.96731073969 39.34914204019164 -34.2719111688235 -18.042497101433163 30.949813656368534 -24.29506376819989 
66.31971325570049
-26.883103659811304 -38.08342597404969 -23.81954052058173 18.032393764367953 -0.3717786292296239 -4.962421746717439 -22.917437945763307 -42.08183800710079 15.071124082518708 -30.426975949204472 39.29713473341424 15.031035836715631 -10.63670108384791 26.42083170735698 
16.175568776860217
21.60039933222089 -20.425416707603194 21.44289953114024 -38.24703739387115 8.30519816491784 29.422722036373088 -24.58554372232522 -10.481590322631831 20.846846383490586 -20.20973392781982 -4.695849786360384 27.60224722663392 -12.305540666099944 -46.440887346797766 
2.0807994902708016
-32.48536135524945 -47.82309287601927 24.64123201303144 41.35600276679065 -29.535555228693898 -43.97815342227642 -6.70884669791166 -15.089890213070824 -22.193161470164934 -24.007207875198944 -32.38217812235858 -46.48769414529125 -29.687347731935333 -29.54903454106096 
44.67042338476175
4.4338478751233765 -15.278017844513059 -11.530499931923224 -6.445108682111979 30.666816232207907 25.43911498593657 30.553356803274596 17.74476096274087 13.098953848605355 -45.754644537368165 27.06905435388896 14.082101809533384 -48.24148345223127 1.5508627008732674 
68.16415006269135
-48.07870376141313 27.73126823985295 18.976180091381238 -22.742868788500438 -32.54954761003018 13.465127439080739 -15.051414498727958 19.10420335177308 5.432260030911316 5.916149075920906 -17.481965673951436 -26.999780917855354 43.43815420116768 4.352894921988117 
41.741891461622735
-18.153204394807698 -47.893312687051925 -7.37552807696639 -22.24276123940069 8.621403219608602 -20.96103339621499 14.310819382815879 10.054081434648879 -6.792948584534763 43.651185430861176 48.41211534116806 18.482270595594983 4.592933902314655 -4.363854706634406 
53.097427291473096
-22.830483019803527 -23.867821845159444 20.642835662594024 45.52105093368144 8.79740049032214 -5.156328541913766 -26.634907872679157 -23.17178158230232 18.57678448152319 39.67065049199309 -19.56261791278745 43.21017692107681 -0.21636698249815112 28.159564260140286 
33.36786677937739
46.23190531405828 0.8606904890477693 36.19850609892805 -14.8041691852142 -21.355999732141516 7.860070883522795 1.2552596009898522 23.64266408628849 -34.49641246616708 -24.603706422613513 5.980813898018852 18.232590449956803 34.66732938836978 34.298872623502575 
16.094980506016874
29.191377715414134 -24.417030848258968 14.798051714162241 14.146491310571434 21.888256722679728 -29.20595851762795 -49.65312896500189 -20.9591936086462 -47.831603513722555 0.6857404489648005 -30.92278929479949 10.154565384450507 -24.86981070438872 28.738131974799145 
87.40703174542452
-15.593541409661647 32.73375024941177 -28.08371775067322 -6.539412034538152 -35.1699733049873 -5.916008122728854 48.815073602601004 -3.2671741174740845 49.9947353587024 6.313700246600085 -23.21023317059866 24.823845142828688 -34.952623887711695 -36.30096454517899 
8.541715719910869
-31.911310462565147 -2.8032839907889766 17.971964616568997 -41.508168974237066 8.692397138573348 -28.859991886749846 33.751121619473324 19.76275210950746 21.829661125999493 -6.7691532515839725 39.594627031581126 13.703902167670826 3.7630622274962278 -32.88645213155321 
87.38544889517964
45.63194093314894 13.85332984983777 -1.8999326456829095 10.591913913581841 -37.1776557372452 15.899601566618912 -41.25873433472914 15.402976808435184 23.77619675089167 17.877239261919925 -16.154955671062766 47.819941114466275 -8.600494190940509 38.555243109666335 
49.61970750382346
-45.506682917762866 6.97064958006105 -25.50516482028652 -31.3282893572011 -4.574461231857519 -13.365159613697756 1.57535684267458 -49.73736213950263 -27.38269742861248 -42.34717703851595 21.46311759691075 33.53116950966873 10.317320019007994 17.74417618429564 
5.333363691971016
0.3114476113429063 9.742314893404227 -42.39594195885229 -5.324898517007412 13.730128780944703 3.9660822179476654 34.03530636644754 42.153015962599255 8.94014471702306 7.133542978915131 19.12628422588672 14.270223024848633 -16.85002221270799 -13.762327237142266 
29.51798462192883
31.970212869764183 43.533051604157436 -16.595739798679 -40.95771497205193 -4.664209015699015 -26.347375211872603 -18.03852402491264 47.87648662855031 24.187392908879673 21.713317159106737 40.52826325233815 21.84756785267473 47.65265921382924 -2.748764086177111 
65.93758538851898
26.632834445926434 42.67372995672946 -13.199600693506042 -41.982403068948855 -36.658018871250064 -46.06181501338548 -36.37601890475861 -12.914145649476275 4.328815503702607 -24.135834836431158 -28.225376146660153 -41.53131508371307 31.069183809953515 41.039643967794305 
60.54893308088148
-22.560106963196404 39.5549461035461 38.91046353071687 31.826945023728385 -47.32000856500138 2.89210096211724 -16.46880743992225 -10.16176676811709 -33.310819807559255 15.654455220322987 -40.16260198601783 -49.427960558088245 -2.4556504573104334 -29.96749749827273 
54.16755068578741
-23.65036333244307 47.97237781773288 29.93047204877375 16.657164365795282 -49.99714473651944 24.91906081199835 -24.09720515856505 -39.35254225948388 -7.346408570113475 -34.37499108450312 -8.815519584877286 -22.604799663093644 -40.73526147324623 24.67691183123013 
97.05820646734962
33.14010234761288 -33.066049916442374 20.584587263477303 24.41422722522462 19.980484883372668 22.327260659188212 -9.858775025057952 -22.40257632423791 -47.97239527428102 -33.29954424602083 14.156364543948598 6.499162224786495 33.953485784288816 49.63189081764618 
9.108056810871279
-46.66012834972448 30.316675557587885 -24.108883333927643 25.8427815589734 -18.29844771515767 30.944830570925518 43.79361688075318 8.65869066257816 27.10769934216654 -9.827387126145467 7.942594049951715 45.939765766605774 30.8114033673738 15.877884818949369 
4.434626734687564
-13.03446852331367 -18.559335919988584 -1.971277157973141 -27.59326240715415 8.603007315043683 -7.236704613707104 -4.151688040668489 42.22822743138252 -9.705457191430298 40.07195723506466 47.7243043676814 37.69139851878694 -3.9126657966644913 -37.44672272521691 
78.63376513200463
-42.768925627595436 18.407321409381424 14.493181024528113 -43.87566370274229 -42.496387992892636 9.862291178496982 14.283926729156988 37.78683515676644 -38.41814543012357 -33.4340172441128 -3.0634606141183625 -39.32603980922382 -46.42668446088235 29.307078015371914 
73.16570778412368
46.264373107992355 -48.355434571891884 37.34392841908209 36.10239563494275 33.340923530905684 -27.764290959892946 3.6879584946157706 -14.697231312415092 5.546313802829907 -40.32552278205045 -19.554326171540303 -43.03968129958684 -49.60093334904895 -42.5496339634296 
98.12126070740663
-40.90873519892051 22.19712539495984 40.0849437843284 -6.261202357841867 10.951737119966765 -17.49398249687132 7.8352665158538315 39.22508968801732 -22.94163237955361 8.82300765830638 -29.606840655258914 43.70122033711577 -32.077666233491975 -5.471814254661069 
60.29380929911681
31.16291398104667 1.9700811506709641 11.377988739697543 21.92299835201274 -11.513151357454632 -13.887701745518967 -30.433795378415486 -32.18699334770028 37.78208083427613 26.03596190943361 -10.228018874961109 -19.656940624106277 11.812776294524305 21.532564779451917 
46.63393819127527
-35.989083289179945 -48.44952845716006 37.03890924186673 -46.265984111598634 21.118037310821407 0.8711425550604659 -36.94483499316824 -13.555820714230926 32.01148291507408 -5.005658050079774 0.21810806493645174 -19.116311598561886 -30.048446939946373 26.46876074233529 
54.54581407720778
4.754140101169767 20.224885951356796 25.340529082274642 29.7332884887806 -31.03600044519751 3.2985642584444363 8.597674094838268 -9.63313693055926 37.7239271158993 -27.38845613233557 38.066123315046596 48.53840454998701 -0.8113065307347327 -30.974517541221847 
25.639722158829738
-4.421269226410587 28.741026991200798 -33.99212743548517 40.05872818457857 -39.507151924630115 12.65723178977781 32.29610767794546 -49.59171231216659 27.167948859878265 -48.835971329297436 -27.908061395040207 -11.90954432754728 -16.46163973906888 26.79050032477302 
26.761536275257868
21.230309478769712 -42.37005254812756 6.4386284537674 36.56714262095659 13.308760453027816 17.769721966835306 43.74041420098254 16.132137412965207 -18.72828749302018 27.234701033972996 -37.96090666013302 -6.8579742278042986 -22.552769619684 47.22737562733069 
77.72651357077201
-3.790257104598652 44.309375802480275 -23.696646494242135 -31.31172811298464 -45.115637878532034 31.459504506752097 -0.7598992453617299 -46.74731599522375 -7.541849147770563 -29.847264959540322 -6.176039060267179 21.309310745165845 -49.47237434262216 -27.72061698942343 
60.14585495754766
-48.842863924854605 33.19010668866322 -42.08179489159133 -6.265525419691599 -46.83781973629162 -1.692004426455938 18.410290638630144 -28.78108637038691 4.448753675268115 3.4488461219165245 -9.640522845414893 -44.798923436465046 -22.38186619364081 34.90998629992012 
0.047224351448593715
-46.368559655744455 -29.117037282381773 9.66235106077049 37.45686867468328 -11.77999494848514 17.0252362100762 42.098848759040706 -15.565726983292436 36.27760695556151 34.230196227978 10.148441145471544 -47.53117490016558 10.870992436894845 -16.881916213882185 
88.61787777160018
-17.839114713552263 -14.71162616459948 11.190138025065202 41.548803276076 18.64870301403367 49.550437665138475 -1.57516583645657 29.928716204814748 5.099948917214348 -40.934917226735536 -34.09516633019608 -3.7298845259331586 29.829962521384985 -1.4875584546119356 
23.12468103925992
33.372816865006754 -28.309117744542966 37.65997669474153 9.02380095437637 31.010377091113426 13.08289814620096 0.04583131302224075 -23.191116060725882 21.332166883965556 -19.729215989011163 0.33174582590508095 -16.72572891639482 11.448560731606214 26.646027590710574 
81.61528319815112
-30.40150076887369 49.96740505314318 -3.8431750954849164 0.1042718290012914 -37.51031835706779 23.175722489753497 -8.66475089303956 11.294707261116443 -17.92807825289342 -33.88854749854144 23.182977230920642 9.156662831193131 16.04954281978887 3.9456895931623635 
88.63392331550712
-42.17904070918742 -41.5446472891511 9.89679983675503 5.394221965901025 33.87270691331892 15.68380914849476 -22.67653869136723 -16.333012007687763 -33.40393436641995 2.529357716142769 -44.305459400694794 29.601343613728943 23.37787646850046 -13.405118029229932 
42.80943102621616
-43.73778528221995 -12.033940723900052 -9.295407547403464 -41.05668424590884 24.499445718219036 20.39201919319737 29.8503517851984 2.5175661223256327 48.301771788703675 19.1045258782478 41.71984577088902 1.4462687560087275 -22.946679668517454 28.22582416211722 
17.99962877452557
29.485675124632564 -39.432823789972204 45.82904227089621 -42.58446037793758 -47.28586357335287 11.852782755850654 -7.250773683273593 -9.132425590578741 7.695863761808141 -42.719216479025775 -4.321414001943026 -25.964230846574154 -10.067373414201576 4.14110112826809 
73.15987283649996
3.478247399860237 -1.116661521891018 -38.45304882843905 -11.419945540073115 -11.487952917561486 44.13216520803883 22.21964631863888 0.3797290409782832 3.061926811640106 16.211658250807062 49.895956403777504 -3.5679733745343185 49.18186468840628 -34.86182924694113 
69.93189692683218
46.908012111820824 37.098481660766666 9.892555292502394 29.13384980198859 47.933884264387245 25.39517617388971 22.879983888626086 24.9298957925658 -43.04145556097296 19.35026246921096 -5.171515664094862 3.7013291921194096 39.98841896166951 -4.538032835568394 
37.63654394468977
-6.573678139860405 10.709641119766978 5.837622092729966 25.355980104932314 -33.2552363548115 42.00604707987081 17.39399696216654 -43.20303211534 27.135273067178417 21.49468078346291 -42.28983543672474 47.16798341476401 -26.897476954742906 4.438770108229129 
21.89387010651397
20.71414473905395 -26.895103467791447 -10.238514552565405 42.966907487777306 -18.506762888611973 -22.590305451413094 7.871986917612304 -7.955470907308204 -14.770518829025988 -47.85501370285685 -37.37139432237239 -46.021587212595385 21.610899627290436 45.52434511936572 
64.00229014488978
19.152327526541953 -6.553098567143778 -13.447318825789544 22.866661345653483 42.76406014321444 46.77847810887954 -27.521566924523498 4.829395694102942 49.196788232392265 14.334241109243706 22.839392639155136 -43.8671337058427 0.9775723215323495 -16.348783773686527 
15.156513673566108
21.39027722830204 -40.65983240551526 -9.269821116783127 -29.837954598643645 -29.713168677612668 36.55391533597175 -29.72892785106841 -27.094657588052605 38.36368667692314 28.949974607120396 -35.665220588932286 0.1618313732085852 -34.384177767243926 23.970702735997776 
52.70339273969559
-25.72248413481545 35.87314529856016 -5.412463143213721 20.261825070462805 -21.08646491750692 -20.202481078506686 30.07721729319198 -30.600578312985295 -46.88772615453711 -45.18343975302645 3.4157730872856007 18.731034253598224 26.68857090038287 -43.571494846696865 
92.44419651145803
3.36275433288359 22.156578117676972 47.050557885712834 -45.520734683805095 6.4783044825137495 26.234895181995725 10.946511906325227 -47.81250104238545 7.197894052042194 -22.570394380558422 -43.24229555458593 42.309784938262666 25.46208025324391 25.276864401738464 
42.77460741946781
-31.781256550622828 31.118983453009633 -8.466229332098841 -5.675308886953644 42.31036652913126 -38.55599897769157 3.9381986550665857 -32.48457090095576 -35.12388069149522 8.99689431296521 -20.884592600980167 -10.940361499050987 2.371087510287097 0.02195680936794986 
52.79116556732843
-31.97641142303852 -10.111591692894692 -17.47725122772914 -7.321760412785359 32.076638563127034 30.16964813367882 -17.306381832361403 32.23510598335636 -11.815616924646157 -15.374591680762151 -31.43395398514679 31.952741523865697 45.675653888917395 -9.39009377838191 
30.52865665780007
8.90743659504222 18.226913822529553 -6.412147795071455 49.80546025471698 -24.97544340935661 40.54591255806159 -47.148541114771156 28.027703950539546 -10.16975731507933 45.39977522250393 -34.91005586154655 -6.28949264839197 -35.5749429103815 47.1209013509617 
1.383429382349488
-15.25379167600451 -0.0044016218282436625 -31.162594162767864 -29.91233423240711 29.952134700226424 6.387193339643829 32.41310071356163 -49.40444344643926 17.261317892572052 -25.90727912445592 2.4452328463186674 -8.89405166132201 41.32041308955678 -33.53025087141385 
88.65658885754668
27.299733821372357 19.05989941449826 -41.919892764519496 -35.368252018025814 -41.78216439301396 48.22741125374819 -30.24687156590312 5.085617417110079 10.65510487699639 10.925813818963938 41.30576092300596 -21.284361591641655 34.02880891816923 -8.126570424063416 
88.80981210918434
20.936207702717795
16.34058735063735
-33.63120808318312
4.189874493143542
-5.787266205194953
-16.149542332923318
-16.718693436382303
19.501678634363856
-7.078484764015201
-2.981635132005053
46.64401175080387
-35.32187335277387
-48.76767821011862
48.14888468823398
