constraints 143
variables 14
13.390453379651476 34.86363767300766 30.80152584779519 -31.532089631058113 -35.85367322430491 30.918926836131604 29.45471972385542 -20.176222386340747 -16.051744533140287 4.107828590976368 39.74696331306603 43.00502655207438 -31.863132657435813 46.33165407709092 
46.13332014717846
49.93454691270223 -35.15558294354325 45.2329245720361 19.165084970316343 -8.080492024683814 38.91666319473158 -20.26631181787364 18.802069736731895 30.6613832863695 7.398926227608449 34.160251150405074 30.600446406894605 -17.42557812944436 41.9873671073026 
24.62196816644864
-41.063127544726576 -45.144474965601546 -10.97776741404899 -25.231282057687743 14.417983228440647 -14.481917549203835 -46.59935934439963 -12.866286776593597 36.237557590860774 -31.003191435320478 29.212275967658854 30.97536578290992 -15.518017873950576 -6.049837107954836 
86.95207404675345
7.863914183147514 -27.752109390079827 -19.46851069601291 44.839849383576194 -37.78441985073641 -17.0758293287004 -19.33050312171417 10.0775144056391 -24.440948568038568 -15.89623752959465 -3.2066972927913753 -25.19959699812324 20.526092056817532 6.329031985685717 
31.95669546041071
-8.970100930902078 3.39015619561723 2.237675648779202 7.460919614421734 29.110447004193134 -7.56612393166607 39.66450146746941 22.84470833275705 44.91473700846514 -36.49166306711107 10.867652957659821 -12.495103066482763 42.52664893780937 -6.145905830147832 
9.286121175108153
23.230444102252008 -28.837640478749716 0.5859063690339852 35.098703054082364 22.577241389873194 37.76575285147784 -48.79981155285583 -8.65717083315539 49.280582379097766 0.015060215210247918 -29.953769829641296 23.46494561841841 -16.20324636905466 28.403476187156613 
76.90926014134114
36.91247057148577 -0.4153040107045669 -9.392755319409929 21.68542161376554 -0.25945126964403187 3.8832190182726762 16.53046775680322 -27.414141866224995 0.19518608327150133 40.5088198632276 48.21674787173713 -25.61100196299061 -17.152414852728057 31.593623570634577 
15.243473090766157
17.96730028260731 -18.90722863861587 30.202578195075944 3.265388184856832 -47.353353479642024 -1.3110645755157861 -33.58651849257424 -48.95015810408435 28.913652896462537 18.502142910430933 -4.286991337531667 19.646931899335 -19.431801060835863 32.73436320916694 
50.456425288837316
26.263472501049662 -7.3745134477676615 -4.348929767381435 -47.34181438462345 24.96057645747213 -45.89603690701321 -2.812095196481046 19.525167698709993 46.470357084980634 13.29255216871946 43.804233086971294 -18.086189919076322 -19.771931119415843 37.172513776059006 
61.56464990019527
40.28696824019637 43.14180840873554 26.376484367416467 5.6677912134600845 2.765826024812867 31.67259238323065 -47.60091472066655 20.505115935294285 -14.483284374727702 46.473540042913925 -35.26933663389875 44.82055441465873 6.98226275353305 12.137545679164042 
12.16768483512276
-2.344749506398678 24.360783215150377 -11.47131248284127 34.76035361241544 12.499878512975272 43.25737556404019 -15.276645253716815 -39.30994566153794 9.440270916903692 29.57474162548749 41.762907365055796 -14.173735440789294 8.070456287403239 -33.518783275213494 
96.22039460552708
22.79459315068874 37.560398646877616 28.688087588613215 -26.99030411934479 -18.90536683762255 -5.4959448529067885 -8.712209893875432 32.91621378011439 -19.861613544298073 -15.963340544598694 -48.95091702757378 18.004020601504976 3.0369697776508673 -44.80161370809157 
64.33487758553308
-3.6448677154581475 20.545449739222633 7.634855522568387 -2.297131736408211 6.522419000377134 -48.217418806788146 3.4632189570836474 -5.231298278437578 41.628355890857534 31.174321195530126 -34.504169403634165 -13.944068251299733 -6.782322482855783 19.5270117295196 
31.001828379661767
7.326501646075755 45.772742341672924 31.218120827633896 -41.19984121879325 46.28009795596191 -25.773800035555094 49.19951390801927 6.715960374226647 7.530187413741572 -1.1436697800666806 -35.159788229352614 6.295393835501315 -28.590876703379685 -5.373771642513461 
60.592666523361906
-37.837611510380455 -26.575807773336667 35.32875794927202 -49.95142708143228 -5.486025492272518 48.0810676840663 -23.17499640506051 -47.8427044207949 24.989207146080687 13.310615502470036 48.21471269223184 4.212028069982779 -21.49005709224775 19.879523364311808 
74.95301339505212
11.665786864967473 -13.31999994556157 -46.0651694070084 3.7284911716381046 -8.078560072148491 31.942579638503872 -39.77314442029716 -14.656566459607333 -6.0530610719167655 15.933981868245638 48.57464490643683 -1.1121185271941272 -34.10100147734049 -29.664904451589525 
6.7825638666788475
-31.825080478898638 48.89547278627742 -45.98974539433984 -30.51385771822802 29.70536962076949 -3.341270469568471 -3.663518405468956 34.29990296323854 -39.644158035927504 7.959327017841012 -46.63569713099881 -25.840648752427587 -37.4650686007766 11.621360250541137 
90.81467828347826
-32.10612116755782 -15.271915060011501 -37.69214319039935 -4.095152207905684 -40.163142161825625 26.152412460304078 -10.613366302929315 -1.3908509562763811 -36.32626133895762 -14.331410802465392 -9.115932164263981 -47.80080955114011 45.74846264097371 -32.85229421710409 
29.866246566622767
-17.228984728905928 8.69309343637363 46.166691616433226 -28.45598378687312 -32.04483460168453 47.515041725892175 36.20681670038401 45.9804784395364 46.11886645831488 17.170804626579482 -33.54457420770911 33.48647634911856 -10.892179056656126 33.17472379684486 
47.861943344208136
47.62169617304788 43.93835621175019 24.93571619783694 -40.72507927342616 34.17602506372306 -38.1610152236415 -24.71549776196372 -18.71230970871094 13.587800098291439 36.6537310938088 9.048426823592095 41.845978343144395 -31.03733012082336 -31.14221534944005 
88.55040408067329
14.721572318945775 -27.811210725842905 -43.70058274973036 34.55315893255086 29.632004802635166 46.60110801905245 -11.729691173052501 -32.56063637981317 11.086885077181485 36.229535506700756 -14.38024411835994 -44.68710364636158 -38.032615468268084 -11.127197130564682 
36.36647966106966
-36.7741003872492 -2.603887752055833 -36.92809908118565 23.62506243669118 20.880894143329556 14.630426490100689 37.513935387093284 -19.347689076425347 -35.07326590456482 5.51297058815522 35.479341677973636 36.43210282245806 -33.63831458509455 -20.560954647222385 
26.65241497197869
34.45562743395098 -26.423517693837795 -33.1487919631262 33.9470887083456 17.217101159145727 -12.785273246999871 15.94722591942849 3.9570333660252643 -30.56658016330669 -15.702478799577655 -21.41167293609394 -3.778943809288073 4.109450605325115 25.953780955960312 
55.3204982483482
8.701909587729638 7.308916824574339 15.617174236557474 33.97228660040787 -15.291400776129052 29.85419931355075 22.695189865252317 -38.53156319112216 39.94933107116701 -22.833470988194037 -49.51464803593554 34.29937484535786 7.48424537394223 2.0714733560291663 
56.50814720031113
-20.487583634484064 -26.9458468249674 49.63277134868662 28.445731697488412 25.141335345713813 -36.40649565109888 37.940940717966896 29.520078709523318 26.666655023737505 7.6928242323976335 -15.728686934888145 -46.586355132377 24.39989915605176 8.357921502960473 
52.13945510142668
-29.26968817362917 5.610740642951974 -44.37978604700912 1.520235957512547 6.513769488690194 34.76681665137211 -40.615542198556696 21.85999481319189 -38.51491373792709 45.431726925968235 1.357353326887548 15.499689494675252 -21.56922974381521 -41.83245745607 
38.98235524524095
-22.25997420628696 9.567083998462714 0.21392460988251116 44.013197531249205 -10.982002520023023 -39.27400511007284 -45.23330624519384 -26.309418438628597 -5.472586253608881 23.852588972022772 -39.64544621103073 -46.55645840431936 -2.8956004699177456 -39.42663001793274 
64.11338377218593
-3.380981625861182 -19.687986320786464 -33.51061586769993 6.683313504091537 -1.0497616741920197 10.396523085828477 28.3675952788288 31.004592635139318 23.306471017189637 -11.84894637764127 -15.45145838583342 -37.53595121468602 33.723811732799135 34.71070886564412 
62.65778785137538
3.6446635088830917 -3.2013365440917383 -1.0835584211565248 -1.89679448849256 23.356639082518456 43.23259833209568 -31.876666094000107 -18.140297348264667 -3.3209202250885497 22.64932851794427 49.19212811804786 46.6875028752348 -29.582818272596946 -9.23843605168446 
11.891236472786005
-22.80038391088366 36.68062775807893 39.547514433004594 -46.950367937491436 21.088708500241765 -3.78534081828483 18.30389039163441 -3.4606122668264803 -13.65695691902826 32.666074427106636 -3.7257679641939276 -8.470124166081575 32.42578347797533 -0.8578251090291857 
36.00846548650222
9.443910746562764 -47.8386146099795 39.22149722809182 -19.308411779762448 -31.340562836335295 -4.532577235002854 26.000895089504667 -41.613565852062294 35.23860134993153 -43.91034586556505 4.8143737808079905 -28.532497568521396 -42.17063999144594 28.14272056834048 
17.934820864179823
-29.520137225071107 45.37304777089565 40.52836502745572 -27.12943363779823 8.239146568718056 -12.635385759279004 -5.802405986561588 39.79451366649904 32.19573500588531 -1.8495076320760404 -40.25723213990008 28.194321572860346 0.9182281820188436 39.11239091079338 
90.9500820910704
-1.9920872634506281 -45.9916800702012 35.57355393770388 -26.287503882765062 6.309416385565591 23.84125659091447 -41.1227078940685 9.097640232534552 -22.96366887932303 2.2330853495173244 -11.674061657119864 24.384798985741668 8.299574696999038 -34.53211277863234 
52.53157910501418
16.529579546989382 49.49381419486588 17.075282872465237 -24.781743354778506 -41.215554629669846 -11.273734534853894 29.330499434895643 -33.371403287824705 43.097737542559685 40.00792874926586 -48.34370974657839 8.426079242495476 -11.56653856932671 9.202026670031401 
56.93811134213143
-22.65250350722915 -31.701465419443398 47.90014344904321 15.220881723115554 40.84836084032543 -0.46621246986877907 -24.80256711414407 -31.662219830897122 36.59737753803806 38.819536412019545 -41.23608433434237 28.72852141300484 16.91432824946513 -46.63398165509369 
48.65982611525228
41.036573042047436 49.108986108978115 -32.09636542237989 -49.98140740538346 26.031826023080967 13.167018738887371 41.35731276895936 -45.9780596602846 -27.012717163923494 -20.657925840727554 -6.516008902831757 20.517296043048518 -41.15470443164302 -20.048487493652146 
34.2716395987012
20.17854316221552 0.3409836392620136 12.036576714215798 47.04284656377358 -0.7131421750461584 -11.292537923828228 20.536049231994923 -10.024549151803399 26.00922872134103 -34.33045987224358 15.235693949372802 10.147335833727844 13.477978872764105 -25.860423323349114 
18.99413858685405
9.231907700701484 42.02545172536509 -42.63875785550133 29.60903720088315 -39.384566476038515 20.603709550449423 -13.79606794066499 -46.824247411196836 -46.02316784140116 -14.280002864713062 -34.10737412200463 32.90393443687701 35.26515339157248 35.1443922393085 
60.66499959790325
-45.904209110803684 -32.47057628412256 33.1969254263514 -22.320323969470625 -46.64695526382911 -38.79989034882253 4.59717783778337 19.95645501920235 -1.9321281349769066 -38.80903298565897 -45.33981427807674 -47.78852590242471 30.866400400505427 32.584602302544326 
65.04824607056307
23.157233920547938 42.911641344819046 -43.31544136817889 16.338985157994287 -46.83055383041898 49.83598377818613 34.861308447223934 31.345865835234022 27.179758811792382 44.56167195978247 -1.1109471134508553 16.428058343425505 29.235340197945874 -7.619015007463567 
93.36474539193085
1.9523979145932486 -32.62655603160345 15.406098009654983 28.32031664577987 47.62094539076986 -34.7089637825356 -14.13813223040816 48.283589752564765 -16.446608070898527 -9.253394384103117 10.683137065917137 27.812904360912754 3.8144246179525467 49.7133485243309 
93.49134112967076
-17.074985368668003 -34.498132808395 0.009906828804950862 4.26356050041251 -17.144668020887664 -26.437796819752723 28.466895734825385 21.870391704398955 -42.765847822341186 -0.8240535248608936 -8.355534590610894 40.14731110060879 20.03200507431984 -12.144005403509475 
91.69821187987928
44.2774930702745 23.5217981568144 -37.672059448419716 46.19773401280746 -28.997675255797127 13.024986553179573 14.812136347862321 -36.46580244255876 -36.46090007830739 26.353499364547645 13.502990672141166 -45.98969760927422 20.07374311840813 -29.371307193614992 
68.84183106463357
-9.21195966058388 -36.69041852752164 13.553148707294369 16.605445078571762 -15.423278665865226 27.791587122617187 46.230652251961985 26.883151813221474 -48.72427344810281 21.58868626262715 10.274198238878874 40.69105510937709 32.74349148197766 -30.594933236092125 
83.21146207965174
-30.727041671111444 27.44628629145153 -14.695291594479635 -16.908373850863136 -34.93688739932348 -0.05266926759426127 -45.02840058074018 35.71705404611136 -12.163179251999082 16.028873679611408 29.791415414819525 46.067786621835666 44.750690886994875 -6.303143282249671 
98.02871003877507
29.256399914687847 28.775079058729716 -30.600176526726884 1.9869367035705068 -14.254743049365217 16.447077573998257 -46.49920713537773 -35.72307981850078 -49.42222441487789 -37.07681823723043 -10.62720726132109 -28.817327850336593 7.019801144707827 49.986529350967785 
86.44583822551772
36.60171973692367 -18.7232668666094 0.9644133405061837 -30.884861607561753 36.150393743147205 26.846615821775288 -24.562489224227868 20.62732971990914 -42.23718162420885 14.588864789312055 -3.826864614244599 3.893634101857401 -37.52436527272624 -32.26708570976613 
90.89047353938444
9.635784072077854 37.07871619404651 19.82051924799795 -47.73332441057803 16.352651271001704 48.92550721127381 27.97004814574457 -18.981628329683176 46.30251141360206 32.43478984849686 43.87058340003843 -21.056018757438387 -32.97205290716337 46.67907023388757 
80.5582230290234
1.4879982432824264 -31.092642709623576 43.94297313610038 14.296444427960864 -37.31083377721173 45.79916278718818 -19.751632351031112 -22.2230003254418 9.300272742291313 -31.94826401518719 -19.41881117262949 33.37727590123298 45.418073349916455 -35.01582275995689 
93.91826153747584
-36.645362357946496 44.13760860091517 27.40008118349759 36.14062188168596 -22.372245378290856 28.545987780303122 -0.22157264043214298 -27.466793405800892 19.18947658561717 -9.203507694898583 -43.507177488283034 35.809002030863965 42.21535408696609 45.054603209211535 
96.74231428733489
10.459050215347162 -1.4235897826833863 -22.21661355506328 48.834013220067604 39.717977663148616 -5.265685382096088 -32.86360333277099 -3.9601507515553607 27.548019381559357 22.891641114595856 -7.8479051937375175 23.456752562292806 14.782740798333151 27.789430802652348 
91.9945084646545
38.13163061188341 -44.06498890003757 43.68878866451644 -34.33930928732832 33.169515483574514 11.162000732387014 24.842788340654593 -26.623731086214963 -49.37470076071698 46.493291620486616 -2.840483312370104 12.326180236402386 47.686508571505414 4.6664549664360635 
28.776549960775576
-8.581502559718842 35.98658380999028 -31.2222452823297 -47.08822088852324 22.454963490696173 44.845187985771275 -8.556133825662691 27.624941123758248 -21.61730738325962 5.814069044508685 3.2838554290396473 -15.98117882074449 43.227269347427026 -31.88593944605802 
96.26887519724512
-3.0714447005574783 42.858223083439896 32.38081416043977 -0.14965802585582821 10.292057660456322 0.9136692608784003 33.59389704387884 -19.23432404425409 -36.83592486016788 -39.9883062312683 13.145932876302837 1.0338940496962294 -8.269057547796777 44.80179264235193 
44.7154661341696
-37.10832145733257 -22.29740882175727 20.46054596504544 18.939282413928154 -45.716161346331184 -25.897013944171864 17.911366602820493 -2.163052849636834 -15.989715848033846 15.749580848004229 -44.65092464126311 21.52235269823464 -38.254975933348035 13.607009240388493 
34.575724114993236
-13.055901949081303 -15.119113069072476 39.71971827507936 30.204951156653223 21.228529282118956 41.516986635476826 32.57277224131654 -30.032118194678738 40.65636429778951 -23.10575049211766 -8.500381383735032 25.154389860272772 20.385795118235635 -0.8024441925410173 
33.15011623468573
-8.350672297978612 49.74199391968547 19.881366537616458 -46.94835060062287 44.07408396662554 13.225057371381553 33.53899853265759 20.940727378018153 -11.78036420413401 -31.654677203749472 42.82392203848336 39.811928283305534 20.258035421562 -12.02282741109697 
75.04484028686298
15.525651962479685 -24.854960455822482 -2.8706590802592657 18.794495841590205 16.335630008583564 11.17739931998296 -38.13816071349593 -18.664516050722845 49.84168116302553 -17.155922550514433 -18.46333135528935 30.454634611821803 48.642751013624036 -0.08852945773748644 
44.67143052181536
38.1107570820771 -14.640237011393054 -42.89154002037965 33.37206932851272 -12.561096727004298 32.717417979421796 45.82794489850886 -48.347042880213486 39.537499160070624 -4.981497450468467 26.937244883668512 8.909601296085356 -18.046955037099888 -36.38610302648807 
2.0905628829792855
11.391224436506462 46.89032749327336 -9.134052267835145 -30.137512693099765 1.7275869408405313 -6.085619003273003 34.622414042900985 42.57227729604874 39.396353208946735 49.273710526952016 -1.637261465598847 29.844456974500275 33.47445048612046 -18.03742029029004 
30.94791486949514
-34.247940458429206 -26.90124505561916 -24.746552226114815 -45.70024170749573 -32.18543126935577 -49.23137319404988 21.668893619983038 7.3548959444268505 -31.826517868259817 -11.045280269012615 29.225708160186812 30.2834060309398 49.94412838850717 -38.56440046492233 
27.272024329850197
-35.76859120222827 5.043178051192555 47.3657061783322 1.3517461560113162 8.741639341670435 3.717066254778345 -31.71476862104744 18.268715351539726 -38.474607163143105 -19.452662390749474 36.11450105499178 24.88641096464022 -36.5961265030771 -3.1152970852015542 
33.6325186143811
17.18721215906585 35.00645099563978 35.464330766064535 -41.97867731420598 -20.27142366309175 21.207895887653237 19.380769560783037 32.76484999006472 -10.128297681741259 4.306173829468463 24.65160140545467 33.52304089134523 -33.97837210884753 7.586903098402445 
23.274720743726007
-20.441057004046026 -35.394130218821374 -12.809838724568642 -48.01503599148894 13.878603178538306 -3.3678801405771495 2.089781712808339 0.8415193631375786 32.45056229753948 -8.596315607385904 -40.485132170825025 -44.67159624778232 25.7038213382597 -17.665274525848808 
6.287784118891038
5.826004045842204 13.960141895006807 27.795558459706044 -24.67763254072456 -40.88746790615928 -7.461383645371022 8.531624953513308 -49.079307158770206 47.97995241782371 1.9774418804084561 -37.56202123358974 -13.473793521648389 37.09979514005599 4.149867586349444 
77.33442773253284
-5.764383526489993 15.949976497375175 -23.991645352742495 -37.125239960056746 26.6414235556703 -47.08540792303676 29.27296337944597 13.836770662987838 -11.528469144874542 8.594383830108207 26.587021973076446 -41.22196802378527 48.01189689479298 -29.083604255444982 
42.49523706992944
-39.594268702522186 16.442709310372976 -20.192903364345927 11.056318969719129 -3.0029187555247745 26.988131288626647 -45.005978544082566 -39.01567183380682 7.82014359147373 25.174145908169763 26.926803564804217 -36.080091209691176 29.74318963544671 -23.491394412648514 
47.85917414269135
11.764669806016514 37.08396929481212 8.542104384959437 27.80941622035506 -5.031064736519063 22.238575617061457 30.53780595757499 48.417365537832836 -24.7548122734779 -29.25714814546708 15.87292723611769 -43.35799570465308 33.38650295453526 -8.84241879286487 
39.814084094636435
29.79436649493053 -24.2986619187856 -42.46803487767138 38.45322048218824 33.57628222701949 1.0330632331924434 10.188207701809048 43.36044564984395 -34.40370117889437 14.414631182265069 39.183268042285476 -49.09547448153986 -11.740164623722869 23.11584914203685 
94.04214887461009
5.211408779626105 -43.01850776532524 -33.82726651555645 23.22034541246758 9.375639002758497 42.343141494651135 9.4454351770312 -2.758574069978579 30.809047764134974 -21.87776607859826 -15.166695425386493 10.568878095741027 33.50567207339243 41.04057474349392 
14.482622143655732
-10.990226428529802 2.521351916527891 -17.36546891488826 38.65466967883221 -48.18904518911413 24.110991225680692 -11.176522915343277 9.378691162560692 -9.403134178593376 -1.263969623315944 38.554029612713094 21.096476255334593 30.911272604683035 -6.450843274085493 
19.323431408263602
24.212223262994726 -13.636448930052168 -14.017130086216568 34.43618615260074 7.793426989800658 0.24340609852752948 10.71299269553981 -45.47612141369613 43.62554875446537 44.956184244702996 -1.4622050420445376 24.158840451776427 -44.59475255305746 15.744252959957919 
37.607905489476245
33.31817034934626 -35.93599283132497 11.89818907040818 -5.038272700329657 3.0053038771114657 -36.953997698506214 46.024757461557016 -40.53441326347074 14.512224762012934 45.82109164794363 -40.07299239861298 6.0274043628352345 32.60608637917103 41.99586103316656 
4.265076947084657
35.3471990393613 -15.650134981353894 18.09263994570958 -41.59549184435344 13.487236353932651 -42.68259907917431 -35.60150668117363 -23.277704697528666 21.18921869993943 23.639003119398367 20.24318540339739 48.12901702926318 24.135384289963284 -20.385455467730573 
36.64715253814113
46.678802802992024 42.24499994031265 14.556772244979626 37.487572699773224 32.877095038757915 28.61712505142738 -12.92168039841448 -31.83738354991723 37.65947847174574 16.87523870992662 -7.7882596669721735 14.191013576895529 24.003149019252007 -40.56133465346062 
98.55257295579605
31.266115727170288 24.745795065818015 -41.35957635387114 21.04133326125141 -47.0093566196436 -0.5749373439630148 -12.369467427271218 22.051020066826766 32.850329252807086 -12.185028350619042 8.648426202039957 1.1225755533955635 32.941752872863034 -36.67608035898494 
72.51762623052578
41.991453544006504 43.55161635667872 5.532309516327359 25.11032570408277 34.4743016000959 4.891804587628442 17.88595510286993 4.049121205819603 -21.664524319615065 -44.87340604917167 13.92481779524212 -17.942365980668114 6.428938605148794 47.28535081115062 
33.414892493984475
2.14127900843998 -14.788139079989662 -38.26381372693388 28.36425779378473 -45.82599409077933 -37.84800884753736 -9.39701891169954 28.142743023379253 -37.51366481375024 -18.398293360097483 -14.159738094146768 -47.21224958675266 -10.305429307496063 -16.61263041758776 
93.63744688667823
-5.932759535093133 -36.719422137714105 31.66345650717902 44.40599546307065 24.984043652865353 -1.6739519650065162 -4.4933444349843015 -20.189960095847216 30.143983214570014 -27.675255364056582 17.275948099547207 -23.86691723108307 -28.226405779600007 6.140693336939506 
9.940458234527016
-33.269585875147385 -30.838535378162955 18.94984460010106 20.37761151792951 -24.60109107661581 -27.089444946836526 -45.602713055418775 32.06998184001198 47.20289905025878 9.627074644693558 20.2215617724475 -42.320077749339134 3.6268360765172787 -42.46517052847156 
94.24223128319113
-10.343096112738067 4.882520287700778 -11.007785634773327 25.876332536803574 35.333250664244744 -26.21931577112643 -17.997715485849305 -45.75610511272777 -38.11027131496104 -27.216249664010682 -40.45534366562927 -28.55775331282291 16.123243417603277 28.68858901672327 
12.921265550495143
-17.2866558337872 14.124704095135826 -32.15478158352569 3.296248324185271 -46.00210776250626 16.775820315221367 -41.10070137646274 -35.77644983156418 -8.235419725625583 -31.60053583592991 -40.24658514475098 47.19412102344238 -29.977747388452546 -22.051037125686623 
80.77409005101197
-37.90217393695086 -44.93261160369508 -35.202527230090986 7.228570436014557 -35.01649901981535 -20.21120201720269 -25.510616663181175 20.517389987977836 36.61386594210019 36.245945873316515 -6.258547431272113 19.97581999007386 -22.949742710465927 -12.243106465342315 
8.532212403394634
-25.150739606126482 -36.13451806083305 49.87631659868819 -45.7061278609753 29.504768803150213 -15.428695062903074 -46.58634625507835 -46.97816311148038 44.022828819726016 7.460421374031299 -17.964068830924873 18.542649531561466 -22.97939983723609 -0.6989865871873349 
22.01934236816433
38.23199502649854 -42.11015779022978 33.1852975271529 -27.64179221346793 7.150180140683894 -48.41017749070565 -44.67829449236923 -10.290525213085346 -1.136734157112386 40.717417501125595 -4.3263013585971635 -15.454585856208247 6.143826988022241 36.78382506184171 
64.08639863315378
42.406741031893574 24.2960878882772 -14.5408463914397 -29.094399144629925 17.29291262121842 -19.974020900549217 49.0033292061447 -0.918080974827717 32.99584877263659 -20.42259871935599 33.183710149257095 33.366197734037016 32.57791063476067 -38.71817275792034 
25.686860557242674
21.440485291875447 -13.785549972659659 -10.280921099410968 28.363970555953586 1.692281786891904 3.2658249357116773 21.362966427446736 46.60640423500301 -17.172083745421105 45.713248658076836 4.886225039454374 45.729952302841724 1.6343047953777514 6.987421189677789 
3.2249424101868485
-3.54667122287524 -33.063436732956106 2.7384173824864675 39.05351852050589 9.388533463825134 20.162220302248656 18.239792187022005 20.496898527003665 1.9177136605909908 -44.088881764060794 -29.110536163597423 -0.2923206617668015 49.913168013274145 49.54327755304281 
25.664388911305558
-46.63859342239108 1.4642247157680828 33.03539678346161 46.40566026241564 -48.82579322131077 -29.893311853858616 45.21982926404969 26.4551238595686 -3.777353711906983 31.00763589627894 -41.99176638143677 18.434154752146185 -20.853482015188817 15.140338460429405 
96.31534858401285
-25.150216062226903 37.241026744146225 33.6911409437906 26.13662308541464 18.732901714034284 48.99559693168392 -32.22785897606852 32.596721349236105 -13.342243320970404 -25.18761025232118 26.970563096598028 47.77420693782251 25.261534709821234 -24.561720949602638 
64.34773691329521
16.72096951125728 26.777319773918066 1.06993095256869 35.207616066899064 9.33326540503122 -40.88670227515264 46.14232840411664 -47.71316471517392 -4.405478244352459 31.65551628697588 7.486931794426866 20.975302828958945 2.19830242175604 39.241172171444944 
16.846372305313807
34.758364156075245 9.673164094300326 43.64379327803151 42.658453716328964 -26.72138338107003 30.869378852702923 -15.568686544624235 20.57288827574085 -26.752522945571965 -15.96921876563836 -40.79747619493741 -22.6598713164039 35.89362994346689 36.6633032108745 
26.976927699069964
-41.48769548719746 43.7175283381889 -49.974979238892224 -32.09246734221347 -43.1778747810584 -15.971863257038542 -1.6991908869991263 27.505715117602577 -34.84361433289097 -32.92985026030395 -28.61197851469757 -15.7882772981376 45.71646641937639 -17.49305829782459 
45.70784312749814
5.414000955409648 -34.74098498624338 -40.393461299213165 23.570294033913953 -1.0850040563398764 -4.764199207126808 -16.31507018340099 48.35909300335136 24.360684204970767 -34.797530428747294 -25.80691118502688 0.16591813152439983 2.2955177667019484 -11.958259463636637 
98.29105565585573
-35.50813720101053 -2.725880199946751 46.34736258056844 -22.1654816048107 45.24714837660159 -44.14451209764836 40.74091652184046 -2.5936466050162608 -37.48153561237412 0.32506823003539864 -47.05565382705539 36.35755670095675 35.436587744559304 14.634558227997857 
19.106865357202384
28.779119720901818 -49.034815080525284 10.318840933890762 42.18570021016053 1.9083714109752847 -39.45498608374578 27.043979743978554 46.105859790645184 -44.31964198109651 -21.733987616696627 4.9597433828545405 -11.025048465102337 23.96685126422385 -23.39698010098086 
14.174637448944317
7.804826882504713 -48.49734542706186 -11.260783154307695 40.44098220831495 -37.007386892937454 29.580831343091447 30.114571175216284 -44.46791398771195 -12.760526591002318 8.305574439465204 46.07492555203734 45.8131077365702 20.636223771546042 43.523444212019896 
27.360616258494208
33.1517114357262 -18.679267625621765 42.510717181259594 10.661788722607277 -1.415823086554333 -20.587250923981127 44.07666724884423 47.580865558719296 11.04714426864588 -19.142320846774464 5.949558118915334 -17.919093734811376 -28.995298725111006 -32.638482821282025 
25.144235226209144
23.861871710474986 -48.05494819552276 18.7750065524627 -14.532806320257762 43.095098081527226 -38.50944324910075 -34.91420577675069 -39.602991403185364 40.55953893208671 -1.740568902584684 16.60322892150637 -0.7148738124430523 -33.53832894723694 -49.36305247394376 
32.97112628170362
-9.846056556930094 21.08416849303363 -30.7414764787719 34.3196993847406 23.32620890823766 -29.10320854189977 46.27655827569632 41.168569379446495 -23.298212927479 4.876189463388769 -48.622505683841446 -46.381412772085184 5.704851676814883 37.51959877557296 
57.035024998962136
44.92095034909825 -1.2433927783297989 37.40069299901978 33.62997474885782 49.68793304027193 -47.414327258981245 23.104171854323823 -41.163153898214375 -27.1897520104316 -19.22969358329891 21.988864946953342 -34.92838147300415 31.571918958251715 -6.386351281718483 
81.46749607324203
43.81485575539283 20.504270805273023 -22.2147787419116 -42.64550313554557 36.26877232866079 -43.80354403364365 -39.881055424174775 29.321525339042566 -33.92361956166798 -32.41930080528394 -38.46005448838032 9.613657570236555 11.72541134313552 46.1362308164294 
84.29951203867829
17.917492754040637 23.779226764645784 -39.99333536172739 28.529498379491656 -7.364338637071441 -34.77855659154741 -33.79866238226465 -47.41538625166508 -3.189426507543338 41.97058648845936 25.85195834127086 -24.277031361630442 -44.446542506476476 -4.984484494018858 
88.92161058205853
-28.617637678040865 -18.926951499899904 45.64202839429025 -33.185973764008 14.641747822433643 1.2615896929224846 20.865453764594733 4.006780741034554 28.414429399673338 -41.71594308995192 37.453665198525115 -6.867174337650837 19.501483883359356 -15.27020106770788 
39.81944465764179
-48.13939335245414 -42.15896903383168 -3.3758926041493 -30.41936537601141 -5.526262861290711 30.12088862182287 -35.03955421550241 42.73110419148706 -13.772943570147397 42.37932838795551 40.40243411970495 24.135026731475705 -35.64341953441237 -44.699494264437504 
59.41785313147786
18.451542023787198 -3.95326930163219 10.618353687672567 -45.654648149090264 41.6163780437209 20.708938259432898 47.374582464342524 -25.242311783646045 -2.3484423754852344 41.6015731263676 12.733606692401686 2.9737130483795227 -38.156157061008216 -9.878169056173412 
93.63915540214019
12.684534704027541 13.22708063329948 -14.973918698654757 32.80441097072814 -23.602392673574336 -33.17681256330374 48.38594257002438 -4.640510268387899 -25.234250837855676 -20.75900970907255 20.2630594528933 20.93720823299479 -1.1435886870104426 40.00172404783024 
84.88647353165935
30.059981706102818 15.029744430541143 15.354453665715056 -17.457898933093134 -46.602136046622924 -18.667655034243992 -18.635688794029537 -16.5652363338193 17.799658418845382 14.176827818663597 -31.299139816872323 42.4588854603013 -46.04386218879778 4.565619258530795 
92.82353222634968
37.11480427615706 37.13640480118413 -25.769286497726473 -39.844465352330516 14.733439818192792 34.645444609259116 43.799333538485314 -26.64279661424953 39.72277734761151 -38.516974187562454 -42.54118007740222 6.954309990704502 36.72548578546393 39.14100785751678 
21.58222460298751
-11.653692555696324 21.37772485229837 11.558290899566813 -31.610490442801552 -1.3858811635642496 -3.21502929434385 -3.040442242970073 -0.04259431994572083 2.566507417334222 20.88150056719195 44.63605900351311 2.7543617491486145 28.108691825224767 17.515946557537262 
71.68368992855233
48.36522194806079 -8.713674257530926 12.406094632110033 -23.70435316341152 12.183629258271111 5.252525511768766 24.03190338780817 11.413998622676012 48.58833917205796 -31.074828782701314 29.08649743484594 -44.62348885936489 -41.51700023159521 4.246215972956591 
2.280671861523065
34.652119382468044 23.067183896694814 -0.27572424399345863 1.0971937897895714 37.840439687834575 -43.68025031547914 22.33630231646896 -22.482957293119266 9.817813521874498 -2.086113209173959 -20.116296776309227 -49.20958250843359 30.24430459754629 28.146495645214415 
1.5427288909312442
-31.998793499909915 11.603201823715345 36.95282597711754 -44.38143384245984 12.474325009958505 -1.4734488756269712 20.190572224806886 -9.592936316838106 -5.9988376879741665 -37.63271943440224 8.115909275743284 -33.41247304808821 -30.590852372879308 -37.189462669348 
3.3372434857590894
47.71460032977596 47.177181526041906 -8.226142175047912 18.52072125275059 29.14676029466588 25.599527722013633 23.927835958749966 7.734819323939604 15.143450681306675 -49.57349410396093 -27.123996316559307 -20.440352074844803 -1.1175219812790544 -45.03890820245539 
42.36462658234807
-35.050177572370686 10.793766521975279 -36.73364055136837 -32.14981717067543 -11.671877850321522 -23.124871663866088 -4.560569062391195 15.3343273500562 -43.49965987725778 20.55022197018799 12.833413810432859 41.58314455158629 36.72010627247842 49.148427988138565 
30.65958822817968
22.679551932232485 -7.404337033282651 -10.769136874606154 5.577842443658184 26.31474085956846 -15.481079950941933 -26.24367338753988 26.68420967353815 37.30655365033549 -30.089650421031365 38.4754646820209 -0.26992717631463137 45.539772308842075 -42.18841966940702 
4.961023863378344
16.458432064757048 20.855255065671358 -17.77914988227218 13.326509761879336 43.61837129671285 30.371980858057995 -40.94527747209965 -31.044796594091995 49.5196918986787 -49.69200554051717 -17.267214577141864 -15.544072529657491 9.915389767722985 -13.426653293033475 
50.12029046585885
30.581551420447 49.55053401990867 46.24013591001675 -28.07295670826212 -42.00929631736361 -19.108226060837595 -4.548228067486868 -5.350945046252718 15.502736405247902 47.35257204656678 -1.5843665796766757 9.752791142965812 -30.109510120206252 -35.24500124160862 
6.830316068834241
-28.959851570630914 -22.72506346048533 -18.180288710184822 -40.569304942634155 -24.00446997285718 -33.16965285271275 48.151521108559606 7.291073153583703 -7.595309841466246 23.77807872849354 -13.511238359011472 2.108672573922931 27.64833319790708 0.5417374899106733 
64.91038634369569
-28.10315429934125 -5.18834417985029 42.455859947140084 -45.75441831627358 -38.65070807351854 27.114386006838572 -12.435105639483801 -13.89358180925462 32.59371927785946 -19.845891573190897 -11.18125593900362 -2.2351520226794435 6.135346435312094 40.06893382756516 
61.36568828146709
-38.47887212571263 21.497671542866826 24.963910883506173 -22.337003454778802 48.26160492477993 12.400016428699388 26.80879128053128 -31.229869367715292 -32.42057644211206 -27.73165897724297 -8.496933808365682 41.4589152626784 -39.867302632534816 32.457864846886494 
25.91752616928368
-12.330381183637783 41.84029395578446 -12.226923175549942 -47.540238357522405 45.36139050254245 14.066236104388722 -18.297281903751706 -45.925565108109545 -32.04993188460203 9.11957328589098 7.244398286600514 -34.422687073767904 -26.7041287710029 36.197179851580785 
38.27548982489145
-29.16455416485222 22.598029719130707 29.32291447915813 -18.866007534148423 -40.45593859602692 24.572941522002537 -24.112787103118084 -23.594878107533546 -17.78592577928704 20.93696631606167 22.06706366017751 -13.133646118956456 17.47240780261592 -14.515459798718943 
59.706998240271815
-20.874272227461542 -18.109456695865546 -39.053263696028196 -1.8323664054215953 43.69522793591082 -30.704933872332376 -34.66497014932914 -35.80104507228519 1.0730970140825704 -46.122793428211395 22.619493023648047 -46.92857931066675 9.865954248220376 29.406683055855808 
61.360186231959034
-25.00132859387173 -22.93634282367859 -14.531594046738917 -20.69493129892166 2.3114490854162923 -29.7131726525405 40.87894907074117 41.987255445756816 24.893099882163952 -2.8409622926325397 -35.697138793894226 -31.00101382840579 -35.93716961264229 47.91265069023865 
62.57731605601995
-37.110789821769295 28.393624885957124 -6.080637271731689 8.366739646622278 -47.473776049424856 18.877587551408567 -2.9564648546501644 -39.492554625551705 -44.71369454740503 -44.59783482136335 12.548373234492018 2.7655259705004482 10.573862077974297 1.6765620242394732 
11.742136524097713
-10.280462345059973 -49.05191465925316 11.548405930040985 9.633524302902117 42.09282867098655 -43.4742813449395 6.076508695462714 7.572409384875996 -21.90138160312052 33.348950739704236 17.776318070259364 -48.81580418577959 2.2242003301097384 -32.947867932215615 
56.130543204442375
-40.13698121151581 48.36896265169757 29.43040912084747 -43.24195986524075 5.67109447874374 -9.635829869557575 -42.592022791520264 25.560026048114807 6.698544602627656 39.640742576507805 -18.57684117506617 -21.286698886597144 -47.22997036626148 47.174556177178644 
3.3920639847853207
9.556042814877095 49.841593955064184 14.827040141656681 13.182083362344862 -15.78751578996971 -46.48686610524359 -0.187804371698995 36.92104442545974 -20.771432773559482 11.788928866691649 -34.740663645866334 30.48734330926409 26.541445202860473 -47.44929259599515 
39.70424590429711
-32.829058345754774 -26.21851506084205 32.164779053278366 -1.1703665652016895 19.764622632793547 1.2062352312774607 8.226750052493259 23.889133135377364 4.239424806278954 10.4915416899223 11.654411909402008 22.987287783756898 34.67772672146171 15.155839464079435 
21.17137904553992
23.751322724338493 -12.71802629441158 17.569390012854726 -13.318860650946796 -41.08127418193443 -14.953417751391619 -46.698953542971196 -42.88682839855532 -30.022005111452575 44.07504024183379 19.980842070305158 43.02982085048309 48.23812871173082 -32.45616310984251 
34.907608083554784
-15.385351220636224 -32.43421558702949 33.9593212075697 -16.693561995667103 1.620061006202036 38.517246946313634 2.6231172199018573 -22.558231661397965 -26.56605604851775 -20.294313895825855 -48.883682665527374 45.71747982049885 34.63217210157984 -41.01757153306622 
17.132125667475464
10.446321644534464 24.21583391755921 4.3742546298416585 40.13123294010359 -6.853351594223888 -4.810958836631926 22.70703103773532 37.063659449053446 7.025316957049135 25.21524844757336 -7.540757297958564 0.7954020995232014 -42.268681325318326 -31.2029587080059 
66.62730333666812
-20.102293721076926 25.515522851467708 -43.24365241136534 31.247771271062746 -15.89866624871015 44.607706091654975 -20.250903828432765 -34.29010877245706 -39.01227415100191 -21.077217446652796 -10.869646697594604 42.10518835404115 6.383499812339075 17.133969249541025 
60.69302490545958
-17.400933584797727 -46.55576760365753 -25.29860876988702 -5.364796837487141 -33.82728610951996 33.5580190609777 -4.379606443434788 18.568305128666097 39.07182870635785 -34.031153794637135 -7.545371767054 19.460180640700045 36.91202203348411 12.41432584476211 
99.64477847648315
-44.88564453222541 20.62898727757569 28.091877955729387 42.1345222163891 -13.881345468751825 -36.67514694659534 -49.088021392331626 -10.968847370765147 25.153480515156488 -49.44964347325964 -2.733375061444896 -29.680948884696434 22.132006791553096 -27.324173620719783 
24.43570548896209
-16.430043666878234 40.85161589605404 -5.257810954185217 -22.726533851306307 7.14482882960872 35.66795212890513 -13.453477632143617 9.961844223350013 -33.442219121892876 -44.84004971499259 -16.295041805572694 -37.61308633099812 -28.526552931176507 -16.163721307535482 
79.0490065607426
-24.91072566012056 2.234834658638931 -17.359391111044765 12.949656770527817 46.75870809948421 -23.130415443454943 4.345227356585035 -8.973090531968609 -26.112030168097057 22.198233651234304 40.87947748862621 8.190663907942096 -36.52987784731072 5.969002127993619 
56.221563541394026
-0.9278515328552643 26.51832319469669 -39.13076504378151 -29.310681972057573 -33.35660934450868 42.70656836391356 45.81456795825528 40.29750317742672 -36.81450797297382 -15.425673465259429 45.092569748444106 18.306292841013374 10.754755622448101 3.507647470433838 
51.738415808132466
-4.832383949377025 1.9090029275532743 9.103761392306545 17.94596976946788 -12.216980550823223 15.694664637151021 18.545763955705013 32.36836487901469 -10.681180294289824 -31.241426649724026 13.258523959556392 1.838017628978264 -3.2187232570444664 -3.0634042775610624 
66.38642966652458
-26.663251877895135 -44.863413600777626 28.784596705994375 -3.471809602862095 30.972472417421997 -6.032490931697033 -30.744580623698447 10.683379763926638 42.26974704603319 35.490506827560026 -40.91103700175083 22.509967557931986 8.257155449081111 21.21422742532178 
63.47058302855588
-29.238368398438276 42.63537912313589 38.60232194546933 -27.873531963220245 17.168134565997647 -33.26445012727722 28.81045057353883 12.26277997619006 -26.958388462617012 9.028232113140653 21.89955244424246 -14.381229599098525 -10.46386975487755 40.61923100657006 
26.884296427791774
41.39223092312622 -2.242548784869271 -38.53088102831595 0.5578349698436043 -12.090969574717782 1.81436576799301 -24.00074941266447 -18.75914016671264 27.646697681985856 -39.57736877944157 -38.702275434396995 1.435123707526266 -27.41466841954293 40.816945087541484 
86.31459849558821
-40.82268340963999
43.9498444132888
-10.595383840206708
14.878641047440155
32.83607403523422
-25.380677460706746
46.15466249057128
27.652575917663086
-11.313389420068177
-42.30722054293926
15.92373780655312
-23.005545827518503
-26.805685776849852
18.398742231854143
