constraints 143
variables 14
-23.48777340725806 4.621184417391078 -19.042087151971366 43.28640241776591 -9.790881098214143 7.568492302877381 45.72874207449014 -10.627339723791664 -19.601218091617532 5.270934033906663 -27.136860934775186 -42.632870292927414 -30.343606635411003 -9.311106210477924 
23.852614409415075
23.273270689051046 33.85776260034126 5.903366558605903 -25.770655408813127 -18.742313940742704 33.150464502132024 23.94523344501488 -17.66148280050197 -34.27453729403128 36.4694741185901 26.67222498066228 25.19796114855768 -39.033076014974355 23.914271950630877 
33.54281638554444
-25.321935766254235 14.406718064615049 -10.707230556729932 -25.094170395723236 8.035819970098643 3.568120144714811 -6.249402934864925 -42.18096105485857 8.262570962678872 6.572519111446049 40.64263891630023 42.42963495343926 11.755840127157448 -8.67395320606824 
1.6669451563858462
32.593899398649455 -46.49858360678927 -30.49761420279723 24.769434842882347 -14.317012747337678 43.2526000038002 -41.987244256682885 45.44112446497009 -36.58373051816176 30.1193691421376 -47.13880411493122 4.7678265786277905 -21.916823057872502 -22.469062355643842 
98.1152051467942
49.95562075499316 -13.340962255358647 -24.289007730186253 26.178902480848933 -43.956382046652095 49.08994960355527 -35.39430968813474 4.637859805191624 -38.8711242772813 46.416240616378275 26.630237417766523 49.65179912983203 -48.33345564608224 49.423570500296904 
85.65069290814432
-43.796603955343116 19.27164782360994 39.15534958841299 16.2933957709474 -48.531567566419064 35.93718802277721 6.8895770506945695 -24.02480746838007 -0.8453946510953756 10.696507833867145 3.0777909050321597 20.97347837041302 -30.136701724790683 -2.5038658901145894 
12.263358396633917
-42.594255565594274 -4.639329726973585 21.408672336811392 4.140834130498369 8.164198512538732 43.10145960434987 -21.69652600280373 -0.3123416116256763 47.651780182384584 31.430889681570207 41.70623266561522 -4.305989825377885 -32.40836453391922 -44.40282655840062 
29.816806000619145
11.036155303684005 39.23294084692161 10.039014172629365 45.517944494769964 -46.31686669501056 29.951751498132055 -26.630295458277676 -47.304157796293424 -41.30377867211209 -34.45371964970832 -30.938709662666763 -6.693307018739283 14.375075062201418 3.4518511260422073 
77.0394007094116
-18.638236667605522 26.224008407332903 -3.348482524875628 49.23135907025976 32.366744258600136 -33.443564613221575 -16.76587447091751 25.567176659507624 -0.26059118164701545 -28.675040222411972 32.35240366198869 -43.984877773618635 -6.657062327230577 -24.840804455849906 
63.75939115349403
8.940549215757656 -0.48951506153325397 20.61289601405842 35.15237243943362 -13.591291316038223 6.79991689723073 38.2665063520226 9.22917662057057 -26.990683649221513 17.20585955155113 -29.399210937566277 -29.337418430967322 16.36264889360814 -11.330467290624625 
54.45172237357647
-37.87575165503701 24.674014665665496 11.465104713139617 -15.62365447049843 48.04046830120629 -30.464590910536103 -31.595441966118333 2.4038288752636916 -5.062270282085144 -49.36969779885055 -33.208595881777335 -1.5844686818016456 -21.963055529410248 13.079393497689026 
8.666801096688992
-40.20765386437465 35.18090798790618 7.872361690667397 -14.870067736465153 -21.012828446585175 -8.769631036943892 -48.83747227974848 -9.622197256396511 13.324883980930892 18.739891889053823 -30.841535558274046 -48.402136742535916 -7.3982845858805675 -15.974592853173966 
61.928588998647584
-38.03982529002232 36.95043634946633 -48.338786595312754 -18.3581854571606 -14.305902457272012 -20.04265175290919 -15.00509935632892 48.59935555738136 -23.402241810043055 40.16154927219539 -14.555499791396755 21.869817307711557 14.316866695065514 47.83651003044176 
9.142898010835609
0.4217489274599089 -33.65730847076841 13.348504970743377 -14.07962151841403 -44.64514932424984 27.91731275872752 18.406004797400485 -7.333072758625562 -15.836948864510823 26.897541802871572 22.158618952582657 0.7916752762247157 33.91973041924055 6.117183655562997 
50.373780205099
25.797692691028004 11.857362462988199 11.900595807705102 -22.186203470340327 -44.08389528546782 -10.979073730416111 24.118767205516576 -28.544464218197817 26.294258712880563 -44.49360716262207 -39.45754147470423 35.33945830632979 35.40851091668593 4.252716087636202 
26.23517772818589
-13.395734885640252 21.17289739251693 4.437722011881604 -42.6579238083371 -3.342012231637817 25.64083480906018 -24.764659594040207 -22.130859139945724 -48.54414599853041 29.247688741955358 -13.97633444578139 47.91029850218723 20.499776991268334 28.217891865973968 
40.09034670319791
32.26838236140878 25.443888263308622 -37.938970861611935 45.463855724296494 -40.470870874656526 -33.91495628371587 -27.992872811735293 -11.293803085745381 -26.61425058877652 44.036750764810094 -14.217855438353958 5.334667555260673 0.3747619173658592 22.529524869523243 
29.300431247822857
-16.002707481237707 21.172208161979114 -25.449815560056454 -38.348251229799736 -49.39138513567411 36.21254530596619 0.9271609130453768 -33.8138344351386 -46.640477250984844 10.630809544854273 44.988392678637595 7.550975007112193 9.846847252806597 -31.608000197641385 
41.062921551898434
-17.790469924170317 33.525486534560855 -19.0402217268701 10.366856098875878 48.27269380859808 28.267860155783808 -38.029991987089375 9.708867069310593 19.39937004973922 -22.977517451242147 36.112831190345545 45.96993781066453 47.073355192374265 -46.60444131342002 
47.7902954041521
-7.543395990269843 45.73957144714632 -46.56358128045158 13.104865754945813 -18.00354455065668 36.0834596028094 -21.010216388810697 47.347347269493966 6.039227246714972 43.16315822577859 3.6847407851616083 19.39112704313004 19.046285379416304 -11.845182503265292 
67.96244392312552
-5.737141455295401 -16.904101040269616 -44.85277366905325 -19.49845756713313 25.647990336352876 -11.098811477754822 -2.27731667951344 -0.017640861572367328 -48.79711796293701 6.332179653657612 -26.013177340677363 33.337930524460475 25.28346991036321 -49.94707008569647 
13.260914076277707
14.471952055995985 46.063745638204864 -5.970774762773324 22.825904479282798 20.88082359282477 -2.9943887912031144 32.43184643160646 -11.091728243915767 44.698912239333964 -23.745080268199914 -36.14499968809582 12.523524104243435 -40.60673618123495 31.77684200048141 
20.788971294858616
47.843992273996264 -36.33404170111899 -45.09308643828403 -23.06938650818826 -21.566693498097234 40.07940204601232 10.482459820036148 -8.81513989481951 -25.009259079722447 -12.498187474510324 -2.167642815111016 -10.895105641175071 27.174422005287028 -26.32274532995158 
93.64133650633237
40.03822031943342 -18.37689695488581 7.056533090567676 25.068384282404566 -38.60963667803004 48.47211063264551 45.4823792926548 9.486998511945202 -29.812514810287404 9.45969050722023 43.40430171721846 -24.171577465882834 6.5136968489326605 -27.854074835638233 
39.00557319324771
-48.25282502596716 23.418448232132178 -33.18295983757117 -2.0431767862278605 -39.308449211263934 -26.466186738234843 -24.676202087299526 11.46773927372702 23.44998637587811 -26.088901495586715 14.403393123075219 -7.109567461133814 -0.1424739905813368 -2.5192804374345883 
19.9600707654088
29.335024272959302 -11.915160287504413 22.058754130947563 -6.669509914893091 22.590057593828988 21.295596758487335 -34.0317652045395 25.735588223585296 -2.9026208769709285 14.44620224448147 -46.887357449513964 12.921516902269168 -38.18685541260341 17.615259100434017 
29.733705823752977
8.418019091867421 37.4936454983207 26.488353281122045 0.10505398238992569 40.89331558773331 1.276687462993273 -14.512955880319886 9.057866046289575 38.76048791489906 6.386287882184192 -5.480742980326539 -24.49583333229667 -36.50902370393542 6.37046450831582 
46.44149516743013
-26.98207463523621 2.0166810730710054 -49.51106146781727 -20.938341882996923 -38.94629758151904 8.152963463858121 19.699637793555368 -27.125573730738893 -6.472940937653227 -36.84949658391031 41.149823259668906 -36.29044580362421 -29.749483752962746 46.284883466301125 
3.159814832706498
-31.913374976807784 1.1133801800677716 -32.18152655583331 -7.605774281067134 38.30814026005322 22.913240610589042 18.72000002933204 40.24769756691674 -25.813915285645606 -5.608451104764455 34.202932170326235 -3.5708696076991018 18.785372504966475 -3.7048635282681346 
1.4446665944736536
44.310472453564756 6.680920780365632 -19.819862984065495 -34.22580369584715 34.813116284750976 14.963271099046466 42.19425159365477 -45.83323675044044 43.43702280159472 39.59109137126043 46.21786011769383 40.05981508203689 48.494686962965446 -17.322931562720825 
34.51400623303665
19.305273894818285 37.69413427313066 -10.092977251158949 43.43180661223424 -46.50098257418529 -25.07788136185801 21.53036788361146 36.72736550911621 -36.020852863111195 49.41077543695603 -24.77669826239198 -20.28917678695168 27.460493108641998 -14.572033521058394 
54.614394930858865
3.697683594149467 -17.42647780900659 12.21361460812804 -6.624458812455671 -47.86289065326099 5.501622177145016 -18.908636246983146 -48.480506881246065 -42.69062770177566 2.4615087323835567 -30.483122043888645 -2.0914752184438825 -30.370770106237888 -3.0526999660211445 
80.28122045588638
-19.033025790565162 0.36149931021407156 -39.540431550328336 28.169672117739722 -31.796199522220693 42.949601042671645 46.866449333037394 -43.91653875899444 4.389465274757917 -41.82253505745146 42.594701397267684 37.96390386453878 -1.9051867266641196 44.0296117028562 
87.52437428708275
6.8154085647410625 46.78785846944375 -37.61614704416954 -45.23849796413102 -7.294062802946556 -48.20230184902473 -38.43449395961945 -48.61093283350938 -32.16952902333321 6.193002419149806 16.31161101649809 16.847233668983748 -26.444926522944435 -39.014102344067425 
54.838127742101996
-49.23040497826931 -2.1837806279107355 -11.939750806881612 -43.527348851844835 -2.096935604467056 -19.66798938350538 -38.16331601375441 32.70967764970774 -45.83531390596636 -2.210989607838279 -24.0750079347977 49.56503839575632 34.939543996111254 21.50040344191197 
45.8777343976433
9.75059505459732 14.399652142502546 45.988253944598284 24.647314738439363 -10.540145662021082 2.9244984005649144 -41.4753627052442 23.46188227455724 16.44968821822455 28.629765407061853 -43.12651969494314 -12.42612691912447 -16.37713433099195 28.56141891929262 
75.3069541226529
23.69816659133609 -34.539358454841675 35.28822122009558 47.42730302714445 13.945150164375 43.42416420627826 -34.57348679982742 -31.592960603216124 -20.33269117926243 0.8380346592314822 -21.94321364028352 18.96742045512643 -22.12383234384394 17.78883329453474 
23.042512229857437
-21.252781203827176 -27.250269671976724 -17.78402526699511 41.93729768513022 -12.329230796371583 25.238854704493946 34.641830059557236 -32.532622755459954 10.506357347818827 34.89425048360137 -19.11751299332912 -8.497889598021516 22.01297910393552 49.774105959323435 
89.60017498975448
35.9760165151513 7.905628589931744 32.65558076771687 39.70278645330694 -33.598383460300454 -29.67379501678392 34.761739554936995 46.36557347892115 33.413147676454145 -14.410775159484025 -18.171257565852482 -26.155462471357428 14.206987378028316 -13.321474245532073 
71.57640830219523
38.270615197603604 2.795432701330604 33.30319178478385 16.508534182275852 14.258267430559798 -34.33377461305412 -11.72202648247228 -8.54234966947083 -14.568350150665943 -12.258998926841969 40.575462188932704 -38.59782781091094 20.865997338180662 -17.54831685750913 
52.60436899283775
-28.177838515584263 -33.03851407576224 29.30448900262968 -37.89975114303266 -18.776762853884065 17.411272701981687 32.47716682023881 -12.527953895121456 3.446427285831902 12.695023672259865 -35.20428156244555 -30.470100794749666 5.99502755605247 24.923699523097795 
22.862727339623966
32.22662043027819 29.84784966649103 3.880963693109919 -28.839840641789948 -39.62264556487375 -43.908522969114536 -4.248917988421056 45.625299229218996 -26.7210881053455 -4.807522775896992 -2.7073177513968005 20.499264089055757 19.73232089370883 15.8437460221365 
25.112343812625994
16.17329103120484 -17.82084219325035 -37.942514617668046 -37.78855326800657 40.30883425571426 -44.50570861222921 29.54059431602964 42.12430211353683 9.683235906140354 9.43462139850719 -14.623509378222465 44.735055694453436 -3.9864797061002903 -47.17446180307171 
68.6507050739078
7.255455213705751 25.436685977476245 -7.7262553743623315 3.895883159614691 -1.1349581544304996 38.37559551275014 18.5271999048407 44.09503322308862 -31.840104661283565 34.19539574698784 -40.44005183785122 35.47025106934676 48.82558128759284 -16.643879734539702 
61.041587519907694
-37.60266368750208 -49.15552773685741 -11.307009213441631 -7.941764460974852 -12.47495330930574 -27.932812949388996 17.006622583454032 -23.216159800176726 49.54101353739354 -11.877670791148454 2.321202055215842 21.25767977361737 19.01461078938364 17.408377127040225 
92.96942647321156
38.50604487559768 -8.639647812069029 12.305956699992478 -23.911192342382936 -25.04704385455202 15.203688180522803 -2.2316131230367944 15.164732625306826 6.396967225742166 -35.70566669708417 -35.9071536466128 -21.068599609157125 2.7880359728391966 -38.39944748949784 
71.94406012335867
23.2426177524993 7.6204822191956225 -44.66888857028625 44.59693126369871 11.450128111104476 39.96515661729589 28.369867205585237 -45.11590911829866 23.378023778822595 -45.004140126673505 -5.028713255950002 -37.52113558528521 8.157484289031721 -7.677797313383628 
51.55340698765012
20.913659890953568 31.98691576250131 0.5230279732018701 2.0381045472370616 -46.87165959742639 -41.691660256431206 -49.01837665058066 22.426760259723494 -10.637321131379508 24.941676049348132 44.45592642026385 -35.83728842956657 -28.148494803254298 -49.60573017365183 
19.774003595723965
21.320165819032567 7.050685911831721 9.863926205459862 -4.372925788453266 2.7725631252784595 -11.983357911735894 -29.620641639186296 -36.360584898670226 -42.76844720878936 -32.91841514944579 -35.927160989542415 3.726491284723842 -3.5888350802550235 32.11123592048793 
58.75557656638907
11.20968613731678 -0.4400426400506632 28.40130550251169 -44.232891036709965 9.238088034478508 -38.782803360103316 -27.336483419902503 -43.50413760739208 -30.225299463806564 13.287447025552076 25.571536657721992 -8.98131991030965 -18.263346440382843 12.391222723075856 
74.98165611423865
-5.0169575480721775 35.83584056909697 33.937607502450334 33.21264674018903 -45.8436235934947 42.24856066182561 -44.52195289103696 18.663698844830492 9.992688448531226 9.449742605160182 43.63881761151079 -25.431077632023435 34.11753308692914 -9.620682089571673 
31.292895787350528
-24.168616800265262 -15.19192959159669 45.56543048855923 -15.379652839372412 -11.350765456205394 -45.654198750990645 -18.088912460890093 -36.68051383575431 -22.95905121209566 -47.45468574579059 0.5580036999955027 -28.530533338417563 -4.603711225642691 48.81318045303105 
77.57331364506148
-18.591814308402867 16.82408818326742 12.76688058171986 7.161968334925653 -11.52234918467515 23.337541283494957 -48.25552209282069 8.689550399247246 20.60231058662137 -24.187866780826006 42.46149974845349 36.00736784872521 -16.595973384305715 -10.829045246385327 
43.622265603421354
30.403657835053465 18.920749949687348 -38.6033639967805 -43.53129826202882 26.961802346158166 -6.015818468651311 43.738669054969534 21.05048297400222 -41.811551781507326 -37.07500930634722 -6.120564800669328 -2.573971028167108 -1.5184999291395727 -31.48753899076192 
73.84175667204059
-16.94518186968557 8.339943861702906 -45.10129152295814 40.0653655517538 -39.68290637055038 -31.825470872848737 -33.174128495554626 -25.650843087057172 -48.602033154238654 -11.839659441214437 0.46802166064183837 21.25070045277249 -18.301412235588842 42.77931532505497 
3.0177234951395127
30.053920613198812 -32.51208200940569 6.5328397408959376 -9.509445146543037 47.56048776396938 48.68437126967622 -39.23846146537224 16.209129942405156 -28.27009066131928 33.45738320679459 0.5914204328300556 -23.958585716996573 -44.412112680689496 7.764766096773442 
45.73258908669112
-19.293492680319048 -4.157955708780314 -10.007522937329327 49.1887357147058 -39.67578067929037 -48.71138555948793 -21.460820453774364 -46.10733072794623 -8.126832895577415 -37.636747353026294 48.48882135459661 -31.134794483960214 -43.664696426723694 -14.916335796864274 
52.44018428928767
23.701679008013983 -10.956846947639107 10.151226647620234 -29.886861182631343 13.022486720527851 -15.890775344645391 11.123394706840052 -18.472824296963587 -39.01898829758211 1.805450144932685 -45.66188290256711 9.34849277427039 20.004369312030704 6.373683388409411 
57.66611354085383
-12.572259115574766 17.64938224772989 30.986655710203294 5.186304153456554 -35.39868378058001 -19.211689912547047 26.44200122688079 -39.475698422546635 45.504845769238784 47.295810940216754 0.6602870366321341 -27.136660505307862 3.4483056521611957 21.99067129346875 
47.17126783238196
36.531574326083955 24.32799334801193 45.792903883153116 -7.489192215638106 47.589222874072675 -44.898647786663844 24.88879152122135 14.814291950827212 -1.0164678827571905 -14.473556241370964 10.153515671188664 -1.1194755834172838 -30.390902546612452 -12.331398910579317 
76.16304785809125
-3.406527271365391 42.00560158393817 -25.897345536925787 23.83397440286204 -44.17253449696765 28.444529160110505 12.789796088141117 -28.937990936488056 -34.1752820826255 45.80102045489983 -45.715953065732094 1.686942152414808 42.522376491732246 -44.12353733807305 
35.2239906657984
14.693797789734774 -6.5804642112367375 -20.26794751886387 20.99122155261547 -47.232933639025575 -41.68705496380524 2.1129916307680006 -10.032190122933258 -7.853192936936594 -30.406563104871786 5.187597176000423 42.00076066581573 44.19255264773007 13.783385748911023 
59.595079850572205
34.48232441092502 3.1428987322143414 4.608740459746599 -44.80970316341926 10.880728845568242 -25.734253299112897 -2.8624699842647914 23.893335822853885 -11.393289992382762 -18.073832740495057 -17.620050900667486 -7.303736941733696 15.777015510133737 -11.944109233247325 
52.23349535273631
6.148978169356667 39.73679141826136 48.09046287169271 15.76978442790083 -25.459436791733992 -45.8713852097168 -6.352840466926558 29.59812389855881 36.512122053019624 -44.15338783549382 -40.95127459132931 -22.59597883275023 -27.018416145474234 48.39001090438988 
12.255102927017258
-3.2507436717755027 23.03049634938641 -26.068864034621942 9.84730575050753 4.833259251948775 31.797387028903998 42.838734862935596 20.414623720719334 19.154009174733318 -44.55826554432829 -43.55177667610847 -48.97160305844744 3.8697261055320027 -41.11278568098682 
36.546285355101396
-32.55738477038936 48.1511538818919 -31.67765823590716 -16.66199968356358 20.243643858675767 -1.072734287880742 -17.66879078095488 32.59047889265584 -23.621631630002337 -22.83426199242059 3.046496842783995 -27.802258529168412 8.322146674620676 4.192622306383932 
71.86155371218108
8.58739747689522 -38.395084170579494 -47.45593298255276 -16.992229275550407 44.19039942227738 5.495905356856021 14.456146248825547 -47.301920170850174 38.621024940880815 21.354375677600785 -49.66283749865408 41.556920601015975 -21.735103472425564 -1.5141324462177224 
89.43005151595008
-36.29848137207824 21.648736507437377 -11.69952367239047 5.3608443097403224 -32.89111371713649 21.266311871898736 14.151693418845952 30.382344176677265 36.79750023822466 -3.5392814409451603 46.44136019279519 3.86055020723213 -45.12792952996565 46.514093004603836 
80.40838109796636
-27.085443500016016 -0.37556462162739024 48.27147645463465 -2.524210910484747 -23.890995967394126 -20.346912926647665 -21.57359874857574 0.11284482414417596 44.71139339911643 28.35838528257095 37.0215647586936 -15.1241192312917 -49.73512050986969 29.190054907560054 
75.76871472414439
-41.3764099102857 -37.909561476633 2.6680735429888784 -47.532380513129816 8.859525703381934 -46.17942869341084 -37.53239912215819 -8.895143265306373 10.736629249118465 -35.81997553242583 39.753144569588216 26.138864731307308 -9.534443854417127 -26.03279029709762 
32.46665072689573
49.02850742456506 17.700715712493164 8.55341664551593 -40.58120986549657 -44.7618036334436 -32.0651573430433 13.205026189521604 37.802184129910685 10.75337451215671 30.01507361056059 -22.852598858748486 -42.86010137714851 18.565960810338282 33.60042365407628 
51.527213339983426
-7.297961089866249 17.640129397706602 36.71269736582798 16.293438750569223 -12.93219401154282 -10.45542152153638 44.489782822943596 -48.49461419325388 29.77991508535193 31.2382375897632 26.83240326598964 -40.31051776788239 -18.06718131740831 -23.577887228087093 
14.842416451688633
-32.39519762997113 -24.944320835807066 12.420799378616856 -16.217303701333954 8.14059886381012 -38.2043982896867 44.732917099043604 23.74581522162522 46.05740636488906 -40.32387091167621 7.190543876737223 -41.69937534238058 -35.10349200993248 8.600580475824216 
52.09349727876905
-3.907035492273792 26.620906117075705 -42.21069987711584 -18.264918824228683 -9.291273842226488 -49.58581912910539 8.484448826374312 -49.58830126912286 40.06451231559373 -17.448086755182622 -34.97452269336038 -25.69044947525938 -21.826799028783817 45.373604322716915 
38.79295803315793
35.58734164323015 49.338723062090466 -39.87863879785925 7.038016370875823 -43.47520911432415 7.666415666570167 35.774839815754675 1.7590545318185065 49.78244853974235 3.2323298188623255 4.000255448490833 -7.442897769326585 21.619142714063358 0.33689457059465155 
8.944521986169052
31.79553743571688 -33.66083565792254 22.97542483260237 29.843924721126783 -49.59042547526682 42.29203041714162 37.98989225853201 -25.720106789970888 28.355334191958576 12.423524524832828 -32.67648192237819 30.402882164534915 14.957942601868552 -34.322572368100744 
17.381700956888213
7.558504041231593 -8.687459193580125 9.473157301049596 25.70985969615228 26.48841885467516 49.41171570504473 38.035342109826104 3.0307889003354234 42.64174396070514 -39.182684677986934 36.52707916310612 -7.858819331138768 -0.8789458814783799 21.4641714961397 
26.73945289764901
-25.75107433840056 -40.5997430118328 -11.422196986072422 -3.4843131478309175 28.03997215792066 -35.8100072461381 -29.292318033216358 32.13899711302702 -12.90461769961815 41.689434170913245 -7.477838130480521 -9.410900134146814 47.236413906685385 -24.048336369074143 
82.28074595548436
6.873059121005056 -3.042624983833363 4.203069538403412 21.793854150599117 30.561918579302827 -18.68690774511118 -29.30447967181139 6.199816769014475 25.215388467464933 12.45984089601906 12.033312677539342 -15.96668343578498 44.552610948933534 8.505617408354382 
36.905192440021985
-13.170914695860716 -29.972165444677966 -23.59231759526994 -8.234950034062336 11.899124920793646 -44.104434693101965 -45.63770979211493 23.2431167995329 -8.058681656468359 29.900578808944417 -5.536377892463719 -42.067166538009715 -29.218214077699145 40.40398719778614 
47.36590344941363
20.686794623733334 -44.177113655079395 24.057227725627 7.264754353878722 3.668479803262926 34.66329058573615 -7.938235062583644 37.72085109687566 -19.855228213115794 -24.123890545415062 -2.3970457348799883 26.68097341039156 29.36747822858949 -17.924467112638844 
2.222387222854616
12.508628204713744 -48.11950804555227 27.172043398250807 4.693754701334605 -18.081659815332163 8.202308468730301 -10.889265161503971 -17.60691111747572 -34.58512522509264 -41.927876491219074 -15.593174215133857 22.204997211354055 46.17057075328394 12.310812836357997 
71.43700020473675
-14.31768519893457 4.231069462236761 34.83651223417942 15.714711181833891 -38.522655027907405 39.52172597196518 48.48775082738733 -47.72787607667636 6.988653520891432 4.334012196572132 5.045352496764998 37.7909326335115 -29.281796037301756 28.80326824503851 
27.207642566451828
-41.73123472558863 -32.99067913065387 41.34620983153508 18.261738572581095 46.77748147371432 45.63681773111891 -29.89143750311891 13.807033133833599 -29.735862061997565 10.146386091603041 -38.819695366618376 19.125189604447826 -35.63502485847337 -9.108884635497496 
14.667992637916793
35.654323594726506 -19.15268767369248 -28.61120076847412 20.670651523815337 30.513288234256947 -36.43630632471283 -0.07552857030474058 23.78780111524989 44.13525084924896 35.697288538701315 -7.7516108561678365 -43.0048213248267 -37.191935610780746 -36.40305807193403 
95.77046698717379
-36.444250920259904 -44.71781179888106 -39.355074356717914 40.82793483820484 -30.90934102162304 -14.404779689680595 8.369856177459944 0.40380224903617545 -24.983221479643802 17.875352488697217 1.411893827842583 16.099447501196835 19.26452772714913 23.124367789567913 
17.96675778378639
25.215479041652216 40.521747820580316 -17.155921499559135 -22.020273071378348 41.470771111980014 -11.793675880001196 -40.14164343203025 27.630215037810686 0.19035819505621987 -8.047601009100056 -27.203752736468722 -19.457839493904295 -22.281346846113316 41.60195972375871 
17.43984921458017
-46.32509681389951 -15.634740061427351 31.525670500469786 25.50403116289249 -41.00618714038803 10.366386632272459 -8.446147987900098 -10.596750994284562 -49.21057846003129 25.145692308190377 -39.119528506329495 10.174047694770671 -17.091605104819564 -8.415843725802794 
11.01013431844714
44.9601234587019 -49.82084457907682 -40.94065788243695 -10.849941118205066 40.33007214610372 -26.040466194625132 41.69021917771714 -15.59401744810652 38.18624270521822 -6.996654426124358 -28.475526152145648 15.72313682087919 32.13642261053529 37.7373435765375 
90.33103863018171
2.720255859434637 -16.061671580043544 -1.4405390033333632 8.21133152022825 8.396804419689786 -18.009859934845863 46.91389210228887 -37.581502361961896 36.150525110734364 -13.171304180408242 31.66800875989466 -44.42530140804194 22.624457032781336 -37.78990743496775 
2.7106494897636724
38.90231908317551 42.60965584136075 34.58586880156736 8.710923704263877 33.13570125419946 32.56180498059672 -41.34886999506692 26.6210740430966 47.45581085267348 -4.7529767440047905 -7.870702161437912 6.776629121129261 -34.90896375056663 -30.385900594694924 
49.07142223055371
-40.658551922272835 -36.84692447702666 37.197537103424835 7.686329988546788 -34.63507305032708 23.827683999708015 -10.812291012217813 46.08107491117525 -31.136913477565198 24.21579027935023 -3.2384497004704116 -32.7204728913157 -4.895186188203361 -37.078702150559316 
61.34916480157639
-46.49982094711418 -5.320936009713819 -7.0923011131211595 -28.7811790855637 -41.08751762196281 32.93837471264203 -17.803676491613928 6.0948043632778806 9.954428052326982 -19.94145919290383 16.65492809929262 12.479620026502644 32.782231962396125 8.223857433345962 
42.42604024358976
18.93412842984415 18.536370998335343 -30.65813279380255 19.470268086755837 -27.223875488077553 -31.153575407819922 9.211062307606909 -27.749390056569744 -42.50997977124922 -13.639496078286385 -27.79045158670569 -21.240483397038968 -6.402773239307436 -11.926669759498068 
14.342176485702362
34.891269723213725 -15.181083915395234 22.84025205428327 -28.121780717184997 -32.41195192074511 46.069862389771885 -31.297148582591173 -22.168835719267033 47.238781762572955 -9.845922126852926 -29.484981279578548 -20.823253772732752 -32.51429784920118 -44.00998746891148 
3.846641364190495
-16.025140162931237 -31.105702349181453 32.775098734591396 17.25541278182068 -40.544431406833894 -18.131876254797252 -28.293524940296745 -38.24455129466037 9.648858069554123 3.7407203831132847 -20.293269362593 -36.325242011957705 -15.717557326419332 5.152688726715837 
8.060554634262685
35.081842760947495 -40.55864318103069 -18.377288402137015 -17.04978932696629 44.575035641679406 -15.122341957440753 27.647137540657653 24.584781561269452 -9.533597430726402 -37.12193669135959 12.713483077549313 -33.049843953814076 28.255379576919424 9.241902067466455 
31.289035204954242
21.163783278271012 -45.22445755127544 48.19127686950249 -17.853538756189025 22.000202406059415 42.51123835247718 9.929865381291947 -43.68581916147913 -40.63954353454491 -0.680952536774015 32.08631093739767 -22.510026645246338 24.290466658968597 1.1523393039078087 
64.42273213346746
43.93210966027165 42.6105196223281 8.375489385048219 39.95832382160354 -33.35691488651146 28.3000051824377 29.867571591444673 -44.947339532761006 -14.913213938418032 13.488632116925423 43.35362557633438 -3.9872601251749202 -31.269298111965494 2.2373388955189384 
65.26492959389398
-39.567587311650065 30.380640371738735 -48.75085908222145 -11.082100025614807 47.74234769998097 -14.423944944054512 2.2322302614641387 25.9146196286283 35.3432025751211 41.24005015437838 -22.15536866966694 -7.5938104198576255 14.21421157547573 -13.671283778821554 
55.98177548188422
-20.776536847428073 -18.96604866781997 -12.599591031306964 -44.37462799469317 32.86791041951875 -27.38047032705362 -37.17375780988807 -48.446008256883424 -47.03125810747025 32.885033794028345 20.788893119159525 -15.07719106600122 -18.94939075931856 22.539552152375123 
48.26760910044984
-47.94801412926527 -34.68043632948587 17.389647521113275 30.88306709239737 34.720199443095396 36.6631616224587 -7.61931399696563 16.77651400300465 -18.158149274692505 -27.826067629617455 -44.59406368651819 11.623432989504067 -35.38645686084021 -45.7562830869199 
27.43192281195541
6.432703035152542 -44.95259822762593 -44.36040738419806 -36.367001450490534 -5.041930132119667 21.26591199122123 -6.0395049717987135 23.997696211819147 33.34945291472853 42.01488749375551 2.486808018936358 31.26388132740182 31.097475006415976 17.558322345546898 
8.673573292248681
-0.9406866144006685 -10.624693966432353 -5.549201260844242 -3.5988080013521397 -26.231277145542855 20.557738851946 27.64026074676842 3.585788468603276 9.918065144682295 40.99820301579528 -25.06410496104644 -27.13529393081835 -9.238880525127449 28.070158955325127 
6.082989223109758
29.81086161527824 -36.726840297148456 -27.96986388312711 11.518572232080274 10.492961734460962 -20.099094141886077 33.43545818264295 -35.66123946365963 -1.8130940706617906 -21.812407141499925 37.65043976135355 23.090706566220547 -42.343062836327846 -16.213604318632278 
49.40068941312818
-37.29092126004502 24.663400629799213 -7.604914448644365 -27.61415020900725 -13.75090112082745 18.21725744925257 -28.210716005917924 -38.36302065672312 1.0250945680107009 43.589782846618434 26.401196290675244 19.60546187727175 39.345633902036965 45.19913397674263 
33.785278714682676
-29.10377733398213 16.243307505967692 -49.766213985945825 -5.168227051193021 -24.89130540705333 44.42927158754951 16.236110962556253 -12.266371080141688 42.42486061799856 20.159657360441557 -41.142377653232884 -20.518179130305125 -37.61558930651928 -47.21695563618778 
39.610737785931185
28.058631532604778 -7.287135150441117 35.445167493458925 37.68016397397527 3.517955511515183 -17.880706092665875 44.75911090657141 -35.2797198466154 -33.213713695404024 -31.343958015974405 13.206223283182453 7.053227015556082 -28.71248566215425 3.533623610098033 
89.61505746663269
-4.2043852010326646 44.38919336505802 -0.7901970823058804 -9.727342337548585 12.180107960001926 -36.81246880571442 -9.87744116244982 -3.9454646564780376 32.701418523468206 12.292820763405942 24.612512972188284 -30.58327046772149 6.7044580016708295 0.04659349568781579 
27.381088168721867
49.17536370216422 -12.354214900009218 13.996292157173016 -16.74345614623455 30.706137844384457 8.497657363225542 16.472814518187704 45.09071297562828 -45.471757796957036 -48.37262138612017 16.760784074531458 -38.71485423356856 7.194198128104375 13.972805808083535 
57.620956767407975
-48.25394739175151 34.98916911499977 9.448284331568182 20.81868215787631 34.99330161162601 -16.849698841052195 -17.74656153035137 38.83189773882992 23.699454657626305 -48.85128391334072 27.12062915847612 -1.9433791644998166 -38.889374258011145 -1.9662261613763476 
75.52510480883053
32.597512039673674 16.601738515975356 40.92126791162606 10.49515438721783 37.125507399056815 -4.955503230884759 -35.58571789962034 -33.10206154692552 -27.695854457943458 -8.282766392243879 -0.9226356926643646 -41.06019092904313 -3.0693040879658824 42.16150998961071 
83.04188473359666
-47.89165544746341 -12.792260109445976 -25.308818348978512 -7.597753172700358 -37.10345402189318 -4.54461564021306 -27.814621420348416 -36.73012131345467 26.38790334936249 8.093815071428523 -10.65233195171146 31.1837754937754 19.14439069839355 -14.129568986269739 
1.789425001714895
-17.966460474160584 12.827650123317689 8.075358680895775 -15.903792354411848 42.7327921935682 -37.40304233916348 -3.1163805381823266 -24.538226852767032 39.58791325771219 -46.43415563416963 -32.018202437802444 -6.474931252378845 17.639099149286665 38.46249033918802 
89.28159733517015
-0.2786270269182083 -4.792258417033544 0.12733544657272944 30.792147387508322 2.759525447724066 24.466143664862386 -36.40540133967035 5.61753680943157 10.762970390832152 -8.947301602591374 -35.757315436700495 34.56548679717993 7.163097573657161 13.587560321319273 
0.8617775966877628
14.99769646217429 -19.39082571675931 -2.5989826255569355 -34.52487583796248 38.321865828455415 -15.040053298765997 -44.13132849264164 -4.636132707820096 -20.080045828385195 -8.152283729425747 37.454651933792135 36.98352728433204 -19.673227850643947 25.356547886508253 
36.89609075522087
46.32353646757977 -2.8824996762822224 36.032033494560935 24.919100332140474 -24.250526755949885 33.23231027841419 -20.25926819221121 -47.54144266645633 13.480971061496682 -10.639242712341847 15.823336352728646 -27.438985917130864 48.59654707271791 45.52815844636967 
78.53626241674073
-24.01791080180069 -18.180170263710803 -49.82931016019635 5.952219180292808 -45.053293205541266 -9.669977534172737 -16.244499251188635 -18.708947014518085 -6.377368818391545 33.45265193039948 -31.603383545387377 -46.92200258096246 33.56470473152724 -44.675002131194866 
64.93700297117218
-47.42284936879619 27.71929669738806 0.4937957326470297 34.61163771383616 19.623882169474385 -22.464546047092714 8.891179393506576 -6.324015713482602 -18.719399599135134 -5.688689449576458 -2.251945247876506 -43.72117471996818 1.6660765730009643 38.11130521416098 
19.74236902805403
43.37789418572787 -14.140647474901982 -34.57817809025645 9.043076707768968 33.64129439130028 -24.045001947399015 -39.83009435495968 39.898828734083764 46.04725652627282 -26.852709603732105 31.811671937486324 26.033706834239396 -26.710740635172805 -43.85333906008195 
88.90414595643938
-16.649362246190933 -19.886864330064714 43.28252723359974 36.90626054441991 -36.69363383784179 41.35723157398601 -36.677575737697325 -45.08826965247267 39.81014592067724 -29.263667955773087 -41.66188320940051 -22.40135629603698 -1.3883697623285087 -16.695533907893115 
90.87517423539406
45.88755586556974 -15.118327666473043 42.051367313261096 -32.76674918317724 -7.3680411434888455 12.053077361206476 -37.76822302040984 -31.1599051741706 -1.8780055338410548 -27.02343365587392 -14.203584916184717 4.503122156824745 -15.735662596837066 23.06058010599122 
42.68787285601115
-42.251866072396204 -33.99180327392219 24.301742220035166 -14.2156918871326 5.505549295148995 43.91939809536089 48.97614272384804 -28.0817067541823 27.08032373207972 -47.238424723431216 42.24985286145102 -37.332289857946876 5.642486840948337 -22.474517445284036 
84.08040231946397
35.51012639653139 -1.598979633140317 10.554547421155227 -27.4808389651469 28.451628773871164 16.174561719521748 -48.753293387037786 22.88794035907648 -10.614422117816915 -41.751746578982164 43.269704691542046 40.29131150006815 -34.79365366078776 -5.79324863127848 
53.30900733276258
-23.460484310744857 -4.902441975093453 -29.140724981180156 20.074508922309903 26.795054297937327 -32.56606451471605 49.42331912059866 -7.375717503887834 -43.88066193543078 10.380387994801545 45.80941933821464 33.02063416915628 -28.415891580902088 12.541441648913946 
5.150162554318227
-20.084269849572333 21.725528377550646 11.908762073609445 -9.357561022792694 -43.12887516808668 11.857243688212172 48.873899889361255 -43.67734650713281 -37.95243527971777 21.121867453407134 -47.78191394111967 3.5704238489904085 -5.641579983303814 -4.851267913805479 
65.76027942148956
-8.062857434077685 5.262177786797217 -33.201027102627755 27.739316628187908 -13.678603261688693 15.07644206556013 26.71727987238205 35.02549277605149 -25.435778832496425 48.027910356894935 25.273021503366436 -40.09857761487105 -17.78723205906727 21.209838776097072 
87.96157459286415
38.4216083764794 -5.498121286948276 -30.799460257846977 -32.54984403320221 16.254614503463685 -30.47125911650992 -1.6965144027914931 -12.809431977328565 20.431353540041783 41.14667410158789 42.2016083813874 -46.11532521627497 23.567426712940332 -34.72022112502903 
84.27543343597537
29.07662391263284 30.89708320060572 -40.83894592781289 20.916734234549025 -46.24084027456914 49.850827560889215 19.42229715775221 14.876356952855588 14.119641902846581 46.92828869487748 -17.985066364866434 28.017004005029676 21.414640515686116 -42.73756499262517 
54.61667476320044
28.798676314142696 4.45030360990927 -11.459184796160962 10.479680952744083 41.40660297406494 -20.74105858600199 -47.156005318692564 31.60172724297196 40.63846464838704 17.300552994906553 -32.51911620206347 28.652600243544043 -0.5002314517735371 -19.118670551309293 
39.045235813728176
45.26375489758537 14.913252335894043 32.469426471929694 -16.312945359758338 -24.909923308534033 -28.969763050088847 -46.79842601461737 -9.01277182229174 -18.521703602468342 -0.6611216240381523 25.11239180277876 8.84325337317442 11.627479168928964 -39.90372463277464 
91.48156196162468
12.418357776366562 -10.197283425401217 0.568482824637627 10.182268769307548 21.47599053748526 -42.536041321562514 42.14442503474656 6.027598589831385 47.316061744781365 -47.90226183789259 10.596804703758124 9.849919726335429 -16.9511017157405 -18.909749012455723 
1.5951123816117962
44.41147899968246 49.08744691282328 -47.84391872053614 -32.96713776228201 -19.76722665917373 -30.492307378041595 -32.36234213033889 -33.18678725977821 38.03851948171351 34.32189747695624 -23.583736929743704 -44.55580900539729 -41.24065049630802 -2.2712869735922325 
54.22624315493052
-36.873284443628364 46.890598785544654 -26.951186635631032 -49.16022283134536 -13.024279486580234 18.49788671788201 11.324154361270942 -49.109527607120064 29.596612101941716 1.2724108004525831 -7.546393655832496 44.029680816424346 9.44644785772958 40.77722132266494 
65.25709599825967
-10.33966394363761 -29.758874426304494 -35.61101571285864 46.00506492161088 -8.331191439743634 35.12701475444199 42.428007191776146 -26.2805159371873 -30.623869300733496 35.41741575518891 -35.41735061826607 24.94723071633959 22.355650037478398 -6.59868825964918 
68.97243644120873
10.726185850598604 -11.184995692332848 -45.93612410983657 21.057541558568147 14.108892145172575 -10.083915297182621 41.51525099290136 -9.90943605957478 -22.121795459710334 -14.292609661990163 -37.4938527610948 11.919778814393965 18.9838314049001 42.269056452820166 
41.6158126413115
-41.30862097356881 -21.251754481405214 24.22146871949633 -49.470006447141465 -41.63855328101896 16.034958142795986 -18.075655507242562 37.28351294006433 19.916723489198333 -35.65831406484664 -1.5062447825348286 -29.575872588636955 23.816492077004625 3.1754352628964426 
48.19051563779186
-12.238618035442961 -18.593798536947492 39.086141038452425 -5.2160224484981015 -20.303855188093912 -48.08331258663284 -47.62006750905681 -23.828768470429107 43.083631248420915 -18.848786179873343 41.80269902693651 -20.167678961378787 13.164674113862837 -7.924256069976352 
41.379134752721605
12.627993724851173 -31.692924074502727 14.266203840907522 -8.88802748206924 7.997213331126872 5.130880080896482 -13.47025665789311 -33.609368697063104 -6.212521469368767 -49.951519379886925 5.005289226285456 9.728098718249854 -35.24825780463763 7.332425396700636 
67.66198337775594
-37.16070447697616 15.17156614908292 43.53093313671863 -14.647642459618403 -32.90619861861571 -10.88316656735119 -26.61696587545357 39.4403768020635 -13.979700048515653 48.52821824193269 43.342383155034 -33.487205066845014 4.809630988917327 42.60933280751301 
55.400779601884395
41.795518866113184 28.657889131135462 -14.058714619216708 36.10945072682517 14.634939388167396 34.31053572914141 17.283110888863604 -16.471784836568744 21.767559316232095 -22.686992101795568 16.197421589826703 18.28965742667542 -32.91061263368513 21.24285810384346 
50.441283260212145
24.047472419165928 -39.750002410280025 34.59296208689166 13.488185212264746 -12.714817282301148 -49.36569306927709 -4.005091008829908 38.59773280488018 36.7934581466521 28.158517215612633 -40.88382574339061 43.52546977927577 39.0812797581103 -12.20515475457917 
4.834219210948221
-31.73399955474259 -22.431730691295048 -29.146980975065695 -49.814781878960446 17.148408932894526 30.61247332616584 2.78478278793429 41.10460924450136 6.153701984787652 16.259965451458186 44.640913309642244 29.12121440278625 46.49983277147679 -9.940326655669807 
13.298540794863134
-2.1532000216108997
-24.225152709775834
26.672680073618864
-46.883064536385746
-43.98336383040916
-15.487927393060133
-15.10780256837527
-8.006538612922313
14.813714481490393
6.429616759242542
-4.346821279185612
-14.89706785428897
36.35745522029161
-20.809718671152588
