constraints 149
variables 15
21.56824668906762 1.954842410592228 44.33886085548957 13.438842475183918 -32.14694852119653 -26.29178194056211 -45.75980346500845 37.69168819303222 -26.365833684160656 -11.131985766262495 40.609719391743496 -34.502929577896 -39.581412392525024 24.901217794168247 -23.84628031794156 
3.1655640795639095
4.129896757184561 -6.655827345980583 -15.534949501949633 -44.57772349644272 -41.65134594555015 -30.80695864771339 9.373516469606557 37.9743527925491 -9.520256035321609 -29.357334159915784 -37.27840454436363 -6.464911752905266 29.738903889900556 36.91852503799501 -9.673188770901007 
75.30913862379096
-1.0048461336015109 -17.87761521543588 14.349157995397405 49.9316365307584 -8.724568564657517 -26.187104140749284 -5.636008825023644 -49.53269617514214 -43.867793490058816 -3.5317202372319585 -0.8521718350013003 -20.686103196938355 -18.905559094101232 12.028943072173867 -3.4834686194817692 
20.717654013391307
-10.933260196535684 22.393714733443204 49.51238866378159 -26.90335956061637 23.811104033571425 -27.955910784169212 -46.18136219080036 -47.518776866191416 -37.45977903120979 2.8967724405366653 -36.513018380492035 -49.88087526694183 -22.82926757760242 -11.96454727903933 29.89573573566973 
49.655876226131944
-36.07049643535868 26.148639738691855 22.31319461977266 22.289645921618288 -25.224610731217446 -25.698910083825687 7.522929772892674 21.912843530366942 13.493578508287271 33.09219856739624 40.67467749972731 -3.508931899742521 4.339072903411193 -24.69453246300105 -40.143434925247725 
16.793291514174758
1.7504562086176492 26.828946881108706 -17.158575887970194 -0.9245185197667283 -14.075430779119081 -33.07263973317946 -23.958005676023298 -35.566925962984115 -19.062705055558027 13.872372725108775 2.916820894908142 34.27607825735804 39.61514494153512 1.4882430415492323 -38.09928937793509 
8.743783394613002
-37.49308516379459 32.34591246991853 -7.609375968599011 12.864404763709103 -42.92583985481121 14.139333158981927 -38.60006922549603 23.878219869994638 -2.3861896902528272 47.20361415886529 43.200954349676664 12.381084873225888 16.445756375005843 33.18540631392615 -30.39220569663492 
39.80842263176729
42.54278177383897 17.551625805765283 -40.491546868958416 -44.731825920616195 5.0497278084842065 -38.0764993781341 32.837261935509304 25.844353038729167 36.03333293774317 -33.85136220706562 -23.61426806603483 16.23122952985797 39.32370869700854 24.574624556594955 -43.31812184656697 
5.9213977783894585
40.452935864076196 6.163420813190598 -31.374787337925337 -4.840740838342917 -3.5341908421575567 -6.113361256047199 -32.35350279679665 4.484786623796445 23.772299007346334 5.267541567396215 -42.13147846817288 16.930640437046506 -2.769206968057283 42.986371657734196 -0.9239023415640304 
46.79905870862577
-15.704236569748922 -7.858558380370297 -48.739475027826394 44.43316809845078 4.33297534000959 -10.940848174105433 -2.914163656227778 -37.489298837803595 45.09995723269682 35.4719370346198 -30.168856455225544 16.126319207480563 25.90890548300692 21.4338456503866 -32.80457873173379 
66.29209176919142
-29.866192691406045 -49.480670585062214 49.80811014817692 44.47389861156428 38.493011484392085 31.651539490324552 7.370986409634874 14.394864280344919 -21.066914595952024 13.33220160879982 25.063709501792317 36.57515533850379 -31.040708463142476 -11.904005400110954 -1.8224661563208215 
60.9408168630011
-38.09745934665819 -12.311955252450012 23.898715091973642 23.322521886563507 -0.11778600527981808 22.763991963984907 45.74511488395832 -37.22149756562556 23.11882462359432 -5.162145296273081 38.36660006410834 8.414076596166964 -12.230085690064953 22.753682957077956 -1.7481522364785391 
6.733608700430138
2.607261789548396 -18.867208270337642 49.34114362065321 -26.45111818413174 8.62283589676607 44.04910980688108 -18.3730914939497 -41.91872367103162 -44.95436056812324 -36.38894596649831 15.53058316977446 1.133304754195109 -29.729052618483987 -9.821035150342503 25.176629026061946 
54.06844743361242
-13.151875730302578 -41.37691189014083 -40.35857888146751 0.8264312617214031 -44.05736967677365 23.32775330387001 -27.16321379359701 -8.68559751696121 -21.41758797959641 23.573229212527096 9.89501941893922 -48.74724829440225 -11.481605551335328 0.47749038876273886 0.7542674016904556 
80.91759047813663
44.67328499778314 -33.14404188361314 -19.899908494114214 -6.789825208340297 29.922530133730092 -47.84199412753717 -13.098801648895332 -29.903120035946017 7.345644453455414 6.06482657774778 -3.515762598745056 35.701543280935525 -44.89417239255421 46.38404871600798 3.4246541291387302 
54.19536775731475
-13.239819893386503 -20.447757144331845 4.487626407810183 -38.88223964520444 -34.92753260473723 5.357268623177056 27.435099467412044 27.874849858164154 34.29479944645412 41.41818832993579 13.721988813394702 40.90064767644296 28.404259906617895 -32.48878275636012 -9.06331421832445 
49.3291070745456
-39.07507960730322 -4.99396502842113 -35.70203037997378 -1.9863270397481827 -34.2647097453035 12.477488307612958 15.60249535776147 16.344092691531685 37.655767034909246 44.98354885768744 22.724067558239895 -22.45134754956655 16.630143978168178 -8.448861305520992 3.0979069692627945 
78.03318737859902
-30.04018698576527 -26.912755728990046 40.58019377481372 11.796571335943241 -46.68117734803149 31.233489596989443 -23.344843755639644 31.075621334556587 -26.827557022161784 -32.39183163930108 34.169032476035355 -8.889350890207403 30.74147364788928 2.4304445681014215 -5.397732710243531 
74.28619682502105
0.7990236083248092 -38.302709409575485 -31.65169577518797 -23.110259999443993 -12.643950262427836 -27.115542860318854 -18.450570365808638 20.344431228815992 2.6864494430413473 -39.43142230471136 -47.25294021545564 18.010254343824627 36.16204589546862 -14.581730846094246 47.93599625444314 
88.5112470426661
15.012337849178763 -37.322088762577266 -16.430859774205764 -42.96533505563575 10.39341632837376 29.568523439331358 -6.358813567957732 27.161350567247155 9.044964446618472 4.955957538966025 -10.813085947667588 37.524755239464724 -46.66618463619332 -0.8125810888829719 16.36162971552436 
39.95938474576931
-49.372932104101274 -12.826893895885426 -37.27157815281047 48.78773962440603 -33.29273701132908 -46.40951136942728 -29.54110342372904 14.508031405767312 47.33668612375965 -44.485363772172484 -10.138939198020182 -30.61664014859421 -42.90260568331337 24.82865325730154 46.9801214853818 
77.29614614010104
-14.721925327453093 -49.555808604964035 4.974919513553765 -4.279905431503892 44.84837812980899 38.662668427065356 -29.445173998332873 23.775064569994925 -17.544076364828967 48.93371893276698 33.968893176074715 -32.93139099350589 24.90066898753085 41.81808496103163 33.871121358951555 
97.3912250659388
10.68591566626337 -43.86200599289503 6.8427290406528485 23.320557293598313 -5.985316735309418 -46.90114391425047 15.434349714004071 16.403198240504693 -37.00519646673482 26.591838488745495 48.29807490116089 -43.17911845788945 -16.164455014768542 -19.062282724964184 -48.688652731424064 
72.31127201419233
-31.536881011510033 20.008170915398765 -20.44829493471888 44.60171795164128 -35.74797167962128 -25.038566594958546 -43.43659145657108 48.72771460585477 -18.536388295316662 21.755027132062636 -10.435974373327795 -27.653963063037278 6.502807600951662 4.1491021636145575 17.07110149022259 
34.51582327062338
-2.7514095951767104 -16.91036357158405 -41.114011951236265 -13.590853848680737 20.483137986986648 -20.838429592730645 -2.5459314015020524 30.025910194147826 -29.160750717534 -38.77227520815152 44.32752703217031 35.22618117818506 5.705126073162269 -38.57987665038742 35.78889886357457 
70.25633709136086
41.170128746580176 -35.673867669446935 -42.34932522696718 -13.56628947289564 -19.635343796267946 26.512582995749554 20.828234829863135 13.767705960157926 -12.55817586544459 31.456896368627937 -3.5095614729856877 31.033565550501464 -22.031836187047706 -25.495101034459168 -27.57577434755738 
71.17837639778797
-30.364922728775557 2.650913344647229 10.706604762129281 10.927045013895267 25.972325290000867 4.736401647844687 -29.140549096673517 -27.930621067615334 30.139360792294696 -40.91070847242949 12.369559050307608 31.147593760534747 45.88982513699416 -2.323185015280707 5.788428300441872 
94.12690148295675
-41.55089871410034 38.52056207068769 -37.41672023453422 43.120110418296804 39.31430195659445 -28.576839170241175 40.492863613358395 3.3504280860216156 45.880639994794564 -44.01818801130385 -6.651395576258622 10.274967943643162 49.31762286194416 5.414684217034008 12.153717925829653 
79.15469582632986
-17.736914671454187 -15.098070324593635 47.669905126979685 -7.655085383534811 11.672579649780182 48.943921799056454 13.843282546680626 23.19356028573587 -28.44384183658738 -21.33497717811741 46.10830249250883 9.672954926832467 35.35416750533635 -42.957969875749605 28.94030769183975 
75.73391384097849
-31.651840407645658 37.712195627224574 12.984541864305356 -26.14066450083563 -23.227455204706914 21.316519109150818 13.67138491480361 -11.592210407263892 -37.81278946836415 -47.740233231519426 20.43463213132236 -3.924219056617595 -2.8092047706948264 -11.680509760523528 48.481664426061755 
27.1707483180625
-38.30115558230924 -24.287940857456835 33.521417886739584 9.375074231181955 17.780658746650474 -16.975472909529124 3.9380335180218538 4.294690914322615 -44.556884933298576 8.846921077614354 -35.39483486265961 -33.67585935691567 11.769298019291831 -20.009652613585594 -8.132097943986302 
63.22323619504401
-48.5356700121797 -0.147953302843419 -29.823678388980078 -1.7112678804179637 -1.8697293468145517 -10.210644005937894 -2.5632869437263253 -34.882255334015966 22.486537694878734 -9.709723259400384 48.353547517848696 47.69784945535427 26.271804526508404 -46.72080310596064 12.867283333295084 
50.92217359037035
8.707875582217248 -37.92803832017682 20.25015918624456 9.616022266665702 -33.824467809464636 -38.704528907901725 18.504122784826208 -22.22517167460458 -44.85304764197454 -34.48746062157896 3.4121060165931 43.95159385667988 43.438761655269715 42.34371180874436 -18.07414407664719 
53.59517363223891
-14.505673847716281 33.55343520979832 10.530606037534106 44.62908993060741 -16.326532947292762 -14.131257069056922 -29.19114824596192 18.673827311169333 39.422245587172185 12.224439116282205 31.632567212776692 -22.946155637547694 -44.284936166149436 -6.320432056229706 0.24521168498849732 
48.09383057359903
25.305775276742352 -37.57437494301191 -17.048091392210175 20.196975121379566 28.09414677694626 -22.892097340270677 -39.78178513570422 -26.1886325784658 -34.69159028621861 13.10700830481484 30.68492123021788 -25.3711454977968 -21.775715479673185 42.4784624557535 -6.0616286252178995 
50.22401776053904
34.78532606792902 -29.075981293701837 22.832789358890423 22.829185394469206 18.758995998207425 32.469153843461996 22.743187896304732 12.054681498926897 22.957385068383417 16.446935445805792 -12.665612411639948 -46.89818940170246 30.571056882058073 15.939280337629697 38.26378807090866 
98.37931572876832
-33.19099856200843 42.00238601471935 -20.3075054795952 -16.577602531162327 16.80722489805588 43.80388488129064 7.561488455393118 41.62658573358367 35.16302806978965 11.225076533770462 -11.70347284644162 46.54709435012164 17.471555220038084 13.532369339816562 -38.062510567083905 
45.377559252323366
-35.11424172354698 45.39782707191155 30.64495254832387 22.710300335110915 48.99038214247359 9.849506616866947 -34.88123367801681 -0.20640533660647264 -23.824811931452395 -33.34192163516909 -1.3295378073174717 31.239678340333825 -41.78787741334567 14.21695535717214 -18.476671749916317 
8.500504089555882
18.88564800744861 -46.8510273662433 36.37106937084384 17.416531425226054 5.295035014094765 0.6734367474713991 -9.692072204853744 25.75716071391136 26.84193243271494 -13.806867560649835 -42.04976492358406 -4.090356712693286 14.93600957912841 -39.388335245884264 15.901374805973603 
27.736633542970658
-17.903921921904917 -5.432711299893313 39.669143284865456 37.11076768335349 -39.60641804572336 24.070179622902828 -29.273423107094054 -33.25197438745671 16.079866976830274 25.955845302219657 43.61428253545179 7.6998148085873055 -30.24176153526017 -29.88180837412705 30.8144145513309 
82.2270742855327
-0.39377272288555787 0.6615262149198742 -43.416598261616755 1.7679260895526383 -31.07682707191057 43.91156029371753 -9.987404984026647 -32.676285775715 -1.327384935984199 27.651242457135083 -47.706961864427534 23.826529381129163 0.7086053038206401 22.99806901765112 -36.50740793647503 
14.914649020591709
-1.9804454659907407 -11.984731049871968 10.110666704287674 10.030493752729242 -15.407221409581226 0.45005394923134645 36.257828527533746 -8.130862718599587 19.39739056116065 15.917896169105902 48.51466073643857 -1.0564637961802745 6.502789523140251 -22.597411939829083 -22.64383223507993 
15.396044368740469
-13.505542921855948 32.117638432820684 -43.51485507971056 -11.826020622744828 -46.88164762617358 -17.424727414896488 -34.500082223302485 30.300335044536965 13.479716056190881 10.135174920024426 31.028888189029445 38.20900143468964 30.141607447525388 -38.64417595663918 -3.2036058943028536 
10.977114098174445
19.113045920236374 -19.85290592407213 -45.95865029951112 9.7754913186576 28.986154788568413 2.0235425903351043 -29.70776447188127 36.971329857781214 -6.623738249489641 0.6836182425846147 -33.290987453555374 46.05565429088152 31.33836881152196 -8.309208965102002 -27.96546420195685 
15.931297581985149
-31.42196506903313 -46.79161858847659 24.65512824155806 36.08545191413192 -33.95582637539645 19.54063509350091 3.351968325393983 -47.21588334508099 -28.114200188794026 39.658437677608774 42.031983493589024 20.6640578750428 -42.22562575094014 -30.061269740997677 24.058994613630617 
88.9611691286065
-38.76221699521408 -11.977412551444331 -42.237161618038755 27.102411580033774 31.921679543669498 -27.00238594951393 6.2862998100483765 -39.4982301897835 -28.411698249834526 -3.9638509298114712 -17.86336372954844 44.138996532503725 -34.81746188509863 5.171510628799503 19.640570781883966 
48.86311595024003
23.439425978981504 -31.92966480749796 6.958630855788371 -26.648987404760017 -3.7230866638641515 -42.540209102143564 -6.603257065233784 23.264681979941074 -29.387857677737106 25.29431012760793 -12.539958146197272 18.388993895344 36.2591254620024 13.797170489517818 26.42585130327805 
98.39512763292345
-10.789842832404837 -5.811905769852373 29.16987056881372 -1.6369309572341706 42.87288323595078 7.208835690752736 40.5615860531378 -43.69008071159669 34.72943750975993 3.4844116678227195 37.95199206329862 -3.291051052639226 48.40362478147023 46.308561084441266 -1.8912874883185182 
6.347720205042496
19.266633413386018 44.617624515823266 16.410669329632185 -18.138233365071 -44.51869715893846 29.717985865721857 29.196450650747906 -18.10628553479664 -14.220491602715526 -24.242131830742807 14.867589044610455 -38.934085303145864 40.286734898433906 -9.014856847374773 39.679955512196656 
97.81798958887981
-18.64751196860832 -25.49147420804525 -29.886442396979174 -46.35101087241743 27.614643562276797 41.58039658691061 -4.7069908536199065 17.417071856649855 -43.57953129778779 -30.65485289000397 -9.862012441646058 -4.912025991311687 27.24649508109195 4.5478822691362595 2.755067788973676 
2.68678176921342
41.90399162227895 4.873945543045608 -31.960724831041443 8.195781009171931 46.0863127764416 -43.60939340140986 33.535783042124265 46.75450144768662 -18.791064784606824 20.988019960035516 33.31923419546354 2.7562759255637985 15.51251142427921 19.767294336822232 -39.01989572252417 
12.298989364719992
19.043815306942918 -49.00062380730633 -26.23532601821903 -10.064079612416378 -1.6010371006685133 -25.420860299421598 6.497111574412784 24.785881149269144 -25.992138102718677 -31.175062938231402 -13.880743581865673 22.80015424740401 -34.74165865262789 -19.97541464974183 15.515694606718881 
94.3469738571247
46.902941830896054 40.304601893344426 38.74877420766397 -0.7373763185303233 -46.039073837140656 25.20021725964466 8.910203694192099 -34.86855339386715 41.72251178557033 -41.27046689577403 -45.497045512326636 -11.20458594946654 -47.518027123402916 -49.174049748080776 -19.40081678299296 
15.957117203387794
1.270679089905613 -30.34124010894772 46.97692203142985 -30.771623099359 -30.869242039740495 9.672600383347849 37.02034713697792 -38.91010861138242 -15.635469793509493 15.102246054738117 -31.624559762313798 -15.034289104216661 -20.28554540890326 -41.73003095923842 -0.8151192535183611 
24.979490164941243
36.57281556495654 -47.85147086876318 -47.81692469029197 -37.05211169987628 -33.91007175267361 -2.526425577704586 13.014224663903704 -10.22038443349038 31.444164738308828 26.115074134934133 -41.15662275594305 47.68707562464674 -14.443370705904115 4.46814707186919 38.66245276351469 
39.48065598042647
-15.822105430259981 3.299445360375863 -42.3497717536787 41.704166133168314 35.54362747209494 23.786027372049006 14.527362060678811 49.48307423612712 -35.309397130232796 -6.590553745838548 3.054470820495645 -37.3044517643614 3.0440108972447746 9.918564529437525 16.653424238263653 
95.43958330490156
-37.96838896404209 16.750334527996884 -11.411056947598993 -46.242271791265566 13.249689268137018 39.09867656391526 -40.77030477153123 -19.805734511273766 -22.899570411366245 -3.752769512757773 -13.384942079236907 7.997951388240942 16.839770990526617 32.83266264024253 6.885819869954915 
2.6467079035947694
45.619339032081925 -20.619116884582045 7.09402211884386 -6.141076863116332 -19.624352952190847 -39.240583922526454 -5.5107279870824755 17.369346644356995 18.314220546586 20.11485302941847 33.58584835657909 -7.514224032715056 -30.744140315354407 15.415152471491695 -24.853081336787742 
58.8060887109661
-49.74322116030364 -24.107680685793476 19.679285683381593 -16.536609170771612 37.683926730625885 -23.518218850449667 42.11407163497577 28.88036608518206 -23.67875378649008 -0.21944927471445652 -45.94423556790793 40.2522047848022 -34.897756410440124 7.097045567998947 -4.68586607069863 
71.84072605536043
-25.291266726820638 32.841234111620054 27.390506401269548 21.650637667520925 3.545140589029714 49.80454820609164 48.17194991917428 -14.827879625987151 45.492314588363456 26.804748976075558 -40.70607406643245 -29.38775463791934 25.364288496307722 14.721807173741936 -4.535970111838935 
40.40096530827195
-43.863996443032065 -47.87348230388737 -31.503569960921475 -43.25425801339803 -14.220481280597141 -22.495554069982372 -12.11128893559966 12.622143363585835 30.940727879688154 -28.496435719767664 -5.520244112620141 23.826003829421865 39.70823088277254 29.68464917413644 -15.94054971569463 
42.57605226838722
-13.629579593374089 -16.07058658191822 3.757956052337917 28.644186146418363 -22.673533037550374 48.96201238278822 -24.375696277997104 -19.89618238917582 39.211376252568925 -30.634576788360334 39.01119144008753 -17.47492613343251 -32.185182035401105 -17.975078219164864 6.214780623280291 
82.80881420337487
39.51798274656656 -10.893280146764099 -5.724588263137456 31.839804017238947 25.742253508123795 -42.519445778745926 29.927142126284693 -31.24739264897348 5.297945545242065 21.920822422418397 24.391061700411427 38.84205483989808 39.541033589815086 -28.52833867147887 -19.960674597776475 
47.013441962505844
-39.10985346726055 41.03709999038905 21.913980303466346 49.15586697486859 26.52580108830105 13.558244517637931 43.666557492787646 -25.06458622295893 5.988254601570816 -37.934803857319956 19.69154388120667 -42.756813529582715 3.909979267561816 25.442236814225467 -36.94117060820831 
15.89642456911039
-32.73679070895685 16.920514680018357 2.307241897869403 6.17928083871211 -9.727371284377895 10.1133450265432 9.243355097455662 -3.5769257698911616 9.537715513865841 33.83492619496553 34.59677448240814 -16.935872400330446 -23.071144058311532 33.99413913759456 -1.2849039692028086 
86.48059233444624
8.46584625081801 28.53079300957124 40.43882235039206 -3.6020742098153633 33.65690795077748 -10.337450826300568 48.87852844568076 -48.234041636282 11.670923481573304 36.63645950564025 -9.976422483011113 46.74883658528201 38.23509344787496 11.729881004610519 -7.056244167323079 
51.83229307989389
40.2947526248778 42.42131352849022 -21.197795955325695 27.041096803158993 44.24163295317615 -36.547549018148786 -0.0199283283538918 -17.127288800640393 7.911368090191651 -16.07143931960634 6.32031648545388 13.79159430432366 26.570582205737267 36.655033571796906 -29.169850213935845 
88.99168582125994
-41.24158039677192 39.58382239998748 -11.86137485532732 35.62309152510798 -30.883063647505505 32.5441421689645 5.587920715346172 -9.20788598307977 -47.76072728406 26.357692938321165 -40.956132136305335 30.382145177566215 -15.91594740554141 15.989385674806343 -36.65666703513014 
5.106164581175232
45.649035864832626 -35.43962567653407 -49.24687098024641 27.18991506156094 -22.6334840766234 -39.149072267004335 -40.10296107649673 -45.30193766534653 -47.92245209992544 -10.65348377128327 -47.68527421003992 14.753958449820473 -0.5384389662475257 28.931224896332324 -25.851783025674948 
91.76690860429763
-24.55748911786195 14.008391012180581 -13.591277110310315 -17.730893120718918 46.36219068973777 -49.87082731078956 -41.141402844509344 -15.922314434353645 49.60588476988552 -24.86448629355209 -40.24975981388299 44.235625372567426 -0.11489264292571022 -3.6252602717131808 -23.50417931439631 
37.54855375991306
33.52662672387852 14.71885138224313 -29.20132674329232 -14.477310916894261 21.886579753148368 -33.0777252553539 5.859304273616495 -45.87742666694833 39.40296987992285 -20.72226460995823 -17.024052664992183 -11.99462186721847 41.81938273202262 27.580558474463217 -9.808343173825662 
48.75198736710895
-4.242697290058096 41.087603767214986 -3.4030819919802155 25.103257673132774 2.0839135310529144 -28.54224230568945 22.47885449015608 -25.676852067836275 -27.583183741955686 -28.413310450137462 -22.284931835231248 35.54872233230658 -49.373363047940025 -6.200599693231609 -11.357761220338688 
28.35027910850697
19.343010916257853 22.039808353927725 27.086604874593718 12.713174313944307 -4.761042711743201 -1.502516696055764 14.32549380630644 40.26613600067928 -3.7367736974945203 -8.46266958262538 -2.5439025008710843 -29.18078941506672 -40.990332665273165 -21.151136938059935 -14.020279738797626 
63.13772195552318
-4.942717819994428 -12.592502826456496 -7.633238538432444 -25.633095935591065 1.3840715485966086 40.14101222672515 41.949719699166536 18.63518633580192 -18.147620175431378 8.120187664032798 4.698540153044348 42.102332644261935 -5.717059597780164 -43.35667084770214 -45.735352248264675 
69.08200471183925
10.77937189554028 3.7602628237265705 -21.862920286025755 -38.14353296943375 -32.26560923965742 -19.417941925437333 46.83610139075594 15.414603310809099 -13.656452018311086 -5.851380976651988 -0.2232441242936858 -22.41746527166235 -35.528163341420324 45.67699480593443 20.766845807781152 
44.87951393991043
-23.63697176843189 49.68907219663562 -42.93916357554074 34.92001362734817 -32.048870098912175 32.818087543102266 -17.52677706575364 -22.703788462698814 2.427926395755428 -34.98081170869703 17.261946668536254 -3.3866490952777397 -6.759985261802029 -9.539969168014586 -4.675568478566717 
83.7137540946396
-40.16661711386311 -19.45679255208894 12.705928176307914 -35.88646239475977 -44.766984703165726 27.313043493641302 0.5017632735088142 -23.710663873086745 43.93959863225747 31.925160509478815 39.94224699009047 -33.30931695615149 -46.35509538860171 19.90786373510737 -22.219057515665984 
93.21689853020419
-15.08800805340882 32.620324520902386 6.064042328465845 4.385693314270476 39.23584040033312 2.6131872666656975 41.940681238480266 27.533911218476746 17.794623334854137 19.52313146722841 -19.619036213467933 -43.87081610788582 -49.278667917734865 32.68358239456984 -4.499412058607554 
73.6344572239332
39.869973955369105 16.809647852587318 34.64793498528853 -10.644241816481305 36.8201428033897 47.91606842264599 -16.508458015805637 -9.683275033730524 32.25824725052101 -1.9472226332070477 -19.947082081103463 32.4417753022132 2.8932529720374944 -40.50653490744452 20.96165517174093 
4.193076863452905
47.709286159834434 -48.31172183561735 34.16686288967749 -3.7052856608856146 46.62701514911974 47.59261669468651 -11.079030772742783 2.2907659716253193 -8.459759580016247 -20.090262682651026 -23.941070544539922 -43.57770657493501 -27.786372464552787 -47.66435001153218 19.427992865833474 
87.67146808169572
47.67212329992465 -13.929366545585374 -27.219886639751323 31.80944116508458 -2.517964211946321 -22.337631180985483 15.521206143432636 -3.1022744528581896 26.71835725872897 30.671599600721365 -14.581582228053335 21.93124968747088 -6.567587986797733 -49.298091938946456 -23.301336859172515 
3.1744471737843893
38.07844861936964 -38.98898798462227 -12.071329729505784 -11.769946175219673 20.627316942915215 4.22180267616131 25.648818453949772 -46.0064134769137 12.989927253882513 44.577043117768724 -43.05987087443944 -8.61527381805054 -48.10732299362998 -25.267453914512604 -43.06430709615054 
17.11010943212734
30.491635493797446 -38.74071581649535 15.745000423718054 20.70035570538529 -4.218302050778057 33.825816740796114 -46.658484886383036 33.677382787561186 23.251559630736082 34.45808111631848 40.67098350720583 -23.053608687352423 -39.74515105263022 -4.675550668825409 40.56995660064099 
2.370131864551006
-34.787755737357 6.169698662544043 -36.95901955968657 -5.0285840386225615 21.029035142934546 -34.17767868739982 -23.986912654200033 43.32304387875145 -31.99300746369743 -13.874565232199707 24.92306982915713 17.42264240284939 -15.950921607134738 31.192234923006282 -7.714814865821182 
15.713192629481764
38.09992308898876 30.062825029430158 -28.12607682081155 -44.10172262764986 -43.4653542353753 -3.3600413354833663 41.22649508152888 -12.185620981506986 -28.396958708641662 27.20704180798394 -9.121275371869508 0.8608670684449677 -33.94426262626903 22.88253002217131 9.080106168675194 
83.35151687393278
-11.276569387836489 2.0406227358891087 26.69075510234633 -33.360227091491055 -7.910139568379435 26.028945402853083 -1.4549565667368327 -47.0168001578965 34.793695629862725 -39.56032732532631 34.77377400496668 -17.14915354584158 -0.4859683540105806 33.74138153204676 -1.5913028074927098 
44.74055567981778
-0.16121439149485894 35.25461946964684 -45.94970682638605 -31.438499077265902 -11.515298685535235 15.255043744760059 -13.538275545821236 -27.749457663601383 33.63232196732896 11.413692140319839 7.658887391920729 -49.47074362589042 0.15875093951904518 27.8347921137608 36.398565496178506 
4.5717765119083875
-41.804455594653945 35.62723091273509 -35.07632878959136 11.841886698577 42.70868378251103 47.24665798779458 24.406647441997194 26.47104088501611 4.692013166456121 40.77092993170311 22.739046872848263 -17.712680744167976 27.08512516703621 -25.177627174326755 -43.85253375881718 
42.96859124446696
26.671193382233753 40.02619432974723 -10.427123799533703 6.781390703893365 26.979758654994626 38.69505095616272 -40.167384843172826 26.980397051576887 -33.385964118868095 -29.144325507205714 -19.70884186667957 -46.81842514974947 2.4418335320091273 31.78412654287675 16.09792956250773 
33.885403140103435
-22.266317363581024 -6.107857936923885 -44.99259275048235 45.81484492366167 -48.398642940384285 -45.892306910372184 20.378827326567475 31.846004940502198 27.984431358161004 -23.181184032178248 -39.84022899682894 36.04775406139868 -20.04789083396703 -47.99964305868766 -1.5099757280760429 
21.709780976494876
38.232067284998436 18.319276937172774 -44.98091974328745 46.22689566530316 1.6475788768288027 -28.185269981018212 21.112691323302954 45.320681726480586 31.53871530748033 -7.8249204550399725 31.830932688275766 48.31781773569588 12.262990704672518 -29.31530365902324 -12.107764934737808 
6.067749145096835
-4.48471155879092 16.589195020367683 -37.20507607144603 -36.4294076754195 -2.523507267658289 -48.071429136747035 -23.150226461692945 -49.50047951107964 -15.305276220480678 -21.186584529193464 32.08417145638899 -5.459920800545007 -32.87731570607285 17.670266564324635 -20.189522179407227 
84.83222128899465
14.879064807609126 -29.842176293241884 36.10823642174127 25.789087094346357 29.071567654391842 -43.743379654548995 -30.448128660917405 25.179888448187086 26.413570031975937 11.46048985629222 -39.77740635929666 -45.39751420451539 42.386063594466634 7.048961633994743 -30.62476861937553 
5.334542462166015
18.340925433526735 -25.904524136780637 -34.91225773478015 38.0404627524772 14.211229690276923 -29.83288625134486 20.803206353499277 -9.075470374567097 -19.6112689875395 26.597315762103207 40.881112587583004 -32.3410039111488 29.848280216489243 -46.23614545496558 -29.89321045538703 
73.77916141683843
-25.25664840072068 -38.01994643084714 12.564880108817697 8.225692254282748 30.466545717314673 -23.59191026982519 19.36475025689866 45.32779502281774 44.56326718229711 -14.170995552954302 4.412804333064621 -38.24088988872867 -22.093487847649286 -32.84527114331976 12.75866083692685 
72.86143227388355
-48.814940135339455 -29.75665741061575 -3.000773486124878 43.21970852270712 -28.972975237523446 30.879491308027724 -46.193335564284844 27.48501895057352 -33.024853375781326 3.707639014528638 34.85337436190652 -20.819494294523476 3.0498315805122616 -28.543271601827612 -25.760939827082996 
37.58853142014519
-24.21960724591812 -8.029525678808355 -32.01797029116422 -34.19437905583317 -25.64545050331759 -9.641628077064354 0.21887960464501788 -33.33501139821051 -42.06928111750307 -9.99172581754597 35.46377493726324 47.46479661576977 0.17719725621432048 3.2521571260993554 -13.389451698556385 
39.3035112393849
-38.25315237425055 -29.847536426677333 24.317871936250313 2.312030141251661 -22.33456880176621 42.17725053426338 14.999781849750889 -35.814440225959274 -11.493706913033861 -43.54192962784611 -38.14907542778826 46.15644138203821 1.7435722339338469 35.875370273686144 -23.83219811227446 
27.91247056027735
42.82072509842459 -19.608081710509907 24.684467096715224 -9.046500118124932 44.24059489090823 -14.144420757943998 -17.276952434189006 -41.5075998885917 25.37785388855272 37.918531568993245 -27.33343980949038 19.244744177635056 35.73416617656726 -19.229185838503316 -17.406523761448945 
82.31485150721028
-29.999093278477286 -46.93815701475034 40.870570592947146 -39.12588614575756 14.563877520379236 16.684337591277483 -30.91742412109284 23.440833789859184 -48.02110043990804 -21.979107596819237 47.88421676117885 -16.690993549282183 32.46680150628099 15.804181141937661 8.192232940481539 
19.036863498947255
19.620749222563987 -15.08242461366256 3.592024470792232 31.894202989313982 31.28846822622637 -38.736247186807326 28.915566983025286 49.78084203522397 25.98640598772195 29.254616452826156 24.654326211276427 -18.633214589383186 30.222417553132658 -9.473307656449052 47.20286312064886 
9.068030669862704
-37.25189051192173 -9.838141496359398 -9.114086729745111 -15.039843841030695 -11.968547288425924 14.99414078848622 19.30372031363639 -40.154837895697796 23.134899416519175 17.509018435231184 0.7374542433035813 32.42529437696329 29.703676193617994 -41.60749551019593 45.188550288571676 
52.9008679291558
45.91349804279065 40.96301908753769 9.082861133926222 -46.70261645972674 -48.00349731144695 31.519883378337582 -32.24745116703232 5.440530177636539 17.358690849498387 21.06801997216914 -44.484358470359375 26.73591146396403 47.321708467220716 -14.07075548233071 38.5052526424233 
63.7736715019401
33.166349851216424 47.426288969452884 16.357448566128284 -15.733605352118083 10.424679852203134 14.12651306618804 45.44883103364779 -1.0579638735405368 47.2621938688802 14.058020302701294 38.581887281968534 16.75182863731939 17.310985034629894 -11.138339179879729 23.84821303538959 
9.116450029240763
-40.54057191211503 27.018237253128078 38.85674511748417 21.92200370057577 -9.126634441310856 -40.909055601723445 -4.403816475609702 27.590616230844617 18.91839367990991 24.34890206009787 -24.09224939123854 -46.21119089371217 -7.327690267433049 45.18841271922997 7.876588406478277 
60.19996567951925
45.36134075962464 13.44434241287675 29.40698407194577 -39.72435034406682 5.323312482538903 0.9848082645192306 -33.17125101769054 0.9936577720304314 -5.00456018992066 -44.09184353335556 43.58908083672088 20.389088068626094 -5.05606451983612 35.21197507307015 -13.083781207652514 
99.98791134875738
23.097196256941018 -45.020329228792754 18.79833815808601 17.26086295064043 -31.886169081109205 9.930927017693271 1.703027039016355 -18.171267364748257 20.21134532741644 25.608131671623795 -40.83013885006774 8.388384770908239 -37.19919224770053 -41.47833378794912 6.740500902424316 
39.19220681276536
23.91737920803692 -47.747302136339854 9.647853654126152 -20.598160541638443 37.70609557464762 -9.18709117575824 30.267817553114767 49.750460668137265 33.11683504615185 -35.5135875718878 40.54420056447282 -7.313956979441095 49.481931894603065 -22.07018663919661 -47.5706002150735 
90.53142053723644
-23.205555599700066 -14.517760836752736 -37.15952938393363 -32.81485821826475 32.27457061336244 34.43786646210559 18.71228446473566 48.5004990693826 14.206301741569277 33.45931397225456 -17.56357568041915 -49.281697615224864 19.045870985648264 40.361024998225744 18.30658293756771 
51.19232236095458
-31.5518570746393 -18.832479288127512 26.54820447978365 -28.865472866559085 -30.873432890040263 -29.347738689359183 23.092164819026266 -33.77935634840422 20.356893470839466 3.4885221425148956 0.45930366357921315 -22.365314079766474 -8.545644380114581 24.694606663536206 7.954683568469044 
43.49454693558737
14.69857533231557 -31.76863045783296 -42.172572802721945 8.588914472320987 -22.05007379023072 -26.589128212436954 -1.8659209998320847 -1.0309259841881726 -44.40427172545238 -49.79917465033586 -7.249589121549427 47.17751411933746 -13.515960861074703 -33.43990735881379 14.308674380825337 
63.75840592002559
-6.852542366989709 -26.383488776247923 -13.205718565320055 -48.816556044098526 37.88882128635012 -32.201099610977636 11.117984644232557 47.43970911006366 28.195228063275323 12.961006197788357 -30.813399711878063 -31.7354452412408 16.4663513725162 10.085894269690819 29.82738838917102 
89.37579304991436
-12.812464822886213 7.335033393515268 -26.621772913039756 -26.96630498052158 -11.552306745792166 -10.992830586081503 10.837746663729177 -3.1153156521198113 44.096582865108175 -31.602161632920854 -1.8233974155284187 -12.725215936638989 -22.1444977017791 36.601093931641245 36.743142808820195 
94.0842469024279
-8.659909992256523 -13.029076372239835 6.6536999927761045 -30.376985347004027 -35.77669660981405 43.26049105413321 1.6398241288986029 30.23998083409218 -13.338664251685842 -31.616795595374537 21.03175556785854 -13.962720697937314 -8.375399397935759 20.290340766473662 27.38950103620961 
21.444118457164706
27.920600557229008 -48.36422372139818 -3.2500940537483203 -2.607034438528764 3.464911859169895 20.699118718422525 -27.45989246663073 24.45414485812678 32.75109512471535 -7.535639499760883 -16.085139873696853 25.52323163978477 42.48988490497749 -39.19810495534778 4.607163034389814 
66.51886505984767
25.032517175169247 15.37759898420913 9.338732869358815 -15.963094615163463 -19.53741582072205 10.213350370484342 31.418853545051547 -19.979849446086906 -44.864627801421285 -35.25070316169254 37.36715474779683 -14.758903618197174 -33.03689136676748 42.80877575472455 12.227959536748486 
15.758478984467416
5.8891542338409195 10.042746420042135 -7.299204698999283 -40.503302277742726 11.763629351829316 -33.7687511365274 -5.706243269652013 33.71039753075995 -38.77245569391571 -14.754743144391277 -46.58658323862086 48.33485155324831 40.232019673279424 -27.476952088905215 45.637001477972106 
95.08603494764955
39.46372190775844 -32.40900008246423 47.36959257634706 -42.33746366552615 -13.78285493082658 -22.540518493867612 -20.328846963726953 4.514799516780613 18.14893892996399 25.65034462457409 10.245194032272686 -17.614606128979517 11.868986219993147 41.16322648571409 -7.587071227108602 
76.18735583018807
2.46746708000466 -8.13626590935668 -11.646196206779493 38.77589966050297 -31.153299452239203 -12.422702512992743 -42.02466508608551 22.782042245960426 14.121048075066014 39.59828965239615 -5.5178470450271035 -34.08494949857437 40.367736780833226 -34.62519186044025 -46.95370355882821 
91.00382268277663
2.65595988317736 -30.19475576901247 49.937708389663555 -17.464369566707894 28.55115028093323 17.883609629106118 6.055999689920533 -7.43607211257703 6.185861828974005 37.356317686977576 -28.988441609488447 10.595229700343332 -23.49177299809695 -45.39606254057477 -8.263913098022336 
4.42828505751256
13.463481916526135 -27.862815447270716 -16.940293744346135 1.907135178920413 39.633555614633025 41.897228903803736 16.773818520025344 37.162869346829694 4.254333773667831 -25.02385086359614 -29.594122647744292 29.157178298423432 45.54964151154775 -44.57582135724301 -32.73566273726014 
95.20411711371489
-30.034445862759597 -6.513870046858948 -4.730991840516538 27.634725206030083 7.15824171317977 -38.08979821491537 13.664137100484098 -22.11750355804799 41.482971542703524 7.898127337114033 43.91850271495156 -0.994120441073953 -21.748504236238418 22.816421687802276 -6.051095301173945 
95.02738746056006
-23.830411220330305 -18.035745416637717 -16.739590682990865 13.457061087526967 -33.864015300291754 37.494278011278695 20.678795471430405 -4.018611891481015 -19.02146610253905 -40.99152556440443 36.05761110311644 -28.46293764905925 40.72289376075953 -31.598073185641738 -17.325653172685783 
35.85215838275452
-26.366338422814483 8.20316671741422 7.987206453476588 12.025726711582529 4.537311834931913 15.960512479578796 37.00607063744641 27.829944792443797 8.830885731465102 -48.85034374284839 24.73813633232757 -22.84264930475124 13.099893225939155 35.6284720973937 12.000928250740039 
55.39890625360544
21.41341397243987 23.84082317849378 -37.647754308068514 -28.473048471611207 -39.86607110966472 14.771973706192199 -33.03124979901558 43.27035856011949 -36.526049346921475 -45.916102860065976 -20.988130420721905 -23.992473884319665 -32.94900612654826 -48.09036811930868 -20.648238533542894 
10.866071331128458
37.33706817968492 -40.53838950566052 -18.52292331869859 3.006420642963178 41.16828589166592 5.9096028105512985 -44.99966820676677 -42.82026468397756 -48.625205325822776 -4.090209654996137 -15.624305523760505 4.38892291253471 -7.8892385596297885 7.717200126614088 -17.721940955190284 
50.8447317217857
-49.39140541276904 11.989527961618421 45.54925245222584 -31.60276093582921 20.851244724881397 -47.808829875538606 -24.300661383325117 24.23632218896566 -0.949150799551056 -11.06793560787792 -14.34206298663743 -33.10706226838871 20.841562894537446 12.626707292989181 -20.19748131719772 
95.43639480633182
15.738965189875415 -28.465502793749977 25.247735512557 39.251012112002996 -44.31209998644307 45.543379345075536 28.96177419613133 -33.11112638538511 -8.584764674647339 19.98444944191597 -2.517164535776658 24.233679505884012 2.823446345707751 -21.683923814348628 -16.159164082141096 
74.5739336949161
37.80556681205074 37.69180643530538 19.7464466903766 -23.827958761945766 -22.368504101716514 -2.7729172761484477 -9.808318679427728 -13.470865492416614 46.450233386164825 -44.79432125784977 32.31315492152987 26.783729222438524 -22.527881278676098 -21.482573527599413 30.701328855453696 
74.54561730243464
-40.96027728731474 -24.705332226201627 37.29592617714785 -21.045338663770842 10.065493107294529 30.015624427826594 -34.41015086589009 7.867450208860504 -23.791129785035846 9.26861843258002 -3.9290930450869297 43.813035591704306 -4.314918443367532 35.92194813716118 -17.33728709142698 
42.72229737406745
-43.257658801771896 -40.38008623659923 -31.616879072893976 -42.5763110037003 -42.38626360056861 22.326315798499436 2.5206303782192023 6.5114979931674455 -15.855369209922387 29.062516022631314 1.3362049381815169 38.43093097276234 40.31586305931839 -13.962036171309336 9.629965199306852 
0.4876995618786628
2.5276860284321714 -38.95319752429934 1.4693006480616901 -27.02199371277205 19.778776768685674 -45.69497760824692 4.956885921519351 -30.25184272742435 48.76928609234868 41.82837871777933 48.12423492947312 38.23127277013491 -4.523617043496088 -31.99792792958084 0.8683479129686731 
14.371849099859679
32.89528426111423 19.168961787384873 31.306101638558545 0.8372599536873224 -21.591714919616344 5.863891856081807 4.003060302406546 40.528487949007314 43.638867713608576 17.74747190887051 22.24037563191594 -48.359294913349046 14.667458319750395 -7.656571299109906 -43.184463784494355 
75.38761543119666
-18.870057521372317 -43.64055027945457 9.82969176586338 -37.00830236753434 8.989620468947678 -43.32780640814151 33.496372638318945 -5.34415998758201 43.66775270950552 -3.0170569602059985 -38.7865958951367 -20.029937760929084 37.73741087998589 35.70115685904756 10.971876811231176 
36.57038845374885
20.52990194342884 -19.211053505670705 -10.366945650386114 -18.144886478397826 -34.22749195130711 38.10029030820968 -39.31385400156654 1.1770876791386229 -32.229137578017955 31.174580539258073 37.80686545679956 -24.831125351606342 6.6688138303195075 12.494880298963693 31.86877341558943 
58.72087669798329
-31.036888923947547 28.89706413182826 10.016408087459773 4.6209325595223945 -9.280164376585766 -12.883269698372303 21.99124320229818 15.97700520671242 7.834017739710255 -10.613319750477359 11.108538719632655 -6.716989367541672 30.193363960639502 -26.45161773081951 -44.88480458233833 
14.35102669230771
4.751621961019502 -2.6832152019200066 -24.38425262352212 48.32141448771979 -3.7133985677399153 -47.86152836780957 13.83564704236099 -41.42427596447621 -5.9876095532184195 -21.490947120299175 -4.8019541569681365 -6.384548134333045 47.234864967891795 -18.333622709321208 -4.477688032411486 
99.8330702213241
43.884122056547824 14.252028614238043 -22.39049473446446 15.5899815222743 -27.973045927694063 0.8342240412858786 -11.437850087334041 22.129370349941198 46.35708865761269 28.11114789671383 -4.607420778105933 33.59017642879563 39.18035695976792 14.164435321551807 -10.693752236382245 
5.751704692409609
28.55657205080145 0.30833679180805973 7.503342763892398 31.126671869381866 -34.97061952281744 -20.119084683636057 5.424181900981736 -33.36621454363184 -37.23012291687483 -10.25069348011435 -37.929247027654355 9.319178506158622 40.979351173608976 42.351996468564124 16.36897022453266 
95.4593805335923
-22.95900468677984 -31.223308306366484 13.493071211563233 48.8667213200693 -15.819991575854012 -23.326709701645942 -13.344250222786357 45.33138932790523 -6.713993948832922 0.7271326433071295 12.074575721105198 -8.127390916093717 1.0712034381384044 37.968542555763534 -47.34270312841027 
41.83473362068322
44.882363061574864 15.370447744599176 49.405677164061515 -20.147733781428045 -21.745956313843163 32.986635826226134 28.619514445247702 14.321167199055324 -49.314823151675434 -37.69100266781159 -32.31043944557321 9.252047335211287 40.14060179110737 -43.42713181932489 2.600029625488496 
72.24412920605184
47.42362665375491 47.4153977789682 -33.7814958192383 -9.192829960451967 37.83531426182097 -39.40738700775659 18.032986741659116 -24.628221534585613 7.430629227020368 -17.613334282670976 -36.79704798994403 24.066881085659702 -41.29880865034703 47.88549968685125 -38.37678472668462 
71.70633001503184
-6.341132052977116 2.4929666287140435 -3.8434673427060986 23.414980279652653 -28.936034358383246 8.828236195984296 3.2728408362269903 1.9377960839859014 28.936351822957363 32.59904703276344 -30.959927652627428 -43.08616266295993 43.507314826685146 43.08421213388807 -41.25647758029339 
94.26030117594455
-18.58543302032092 6.536517796744377 -20.632202809952016 -15.699991042051373 3.212254211286883 34.11796546952053 -29.242628688712614 -1.620943642448104 -6.837582281918884 -30.094931458359532 -16.521195767943993 5.45961293064051 22.793875398825193 -30.947298365621723 29.239759509146495 
32.53613335728821
3.85900858181909 21.380791841468124 -16.823068212967904 -44.288465510020025 -49.91151724917982 21.448924739738686 -23.592942587919975 42.38316008129351 46.53845185458432 -27.39031994414126 41.942191208821185 9.226646328247078 20.344337572114796 39.58235866856245 -32.5974981180958 
95.52908187691908
17.339798857920442 31.764478707880087 -36.08317570136548 -23.088872829317552 15.26905493222354 7.799248262979177 -17.816737964763576 -39.40893231780947 46.21521316361736 40.84297638347148 -6.130831371787572 10.082010394275912 -41.613158541420106 -26.472822605592516 9.361856920873436 
44.5767478602564
20.549528049102975 21.785891967666387 21.338415086017363 46.26310944200172 -38.84134000804499 -42.48045296364582 47.70505129930673 -12.574154279329399 38.644305564808505 11.49245036984744 -2.836592108880275 -41.5705775462513 -40.68154941978317 -10.088210222758661 -4.006663258065238 
37.53937686059536
-4.980476104291299 -9.188202132546763 -4.401393600470506 -5.9718632108836545 3.8785704416824487 39.66751083196361 26.944141402847563 -42.87548069403343 24.486018581651408 37.58836982706549 -19.779692461369823 15.104393232795346 -3.74248989639905 29.99261932353747 -34.09811910385035 
31.18327270635366
-43.05822179835444 -41.160659674388036 -43.17368996571304 -24.140110420489425 -18.01691812536772 -42.704378732906704 19.9979764953613 -21.02693902743806 -40.15471360311054 -17.85772686386342 21.53208275844071 -1.0275099052323498 42.42414903273037 -43.72783440527984 28.483980655012658 
91.76735861274845
-12.375535159543624
36.97057702887025
-43.152443568948286
-13.213518547721705
-19.2174583601309
39.012400128323804
-21.090302928218208
-44.49802379574274
8.616037095045826
42.1955861598543
-35.179386253232146
16.003230300113685
-7.025804470324935
11.231560638652226
-40.90965920487118
