constraints 149
variables 15
43.24729139695414 6.488882779888918 -48.701933127431914 46.62009474878013 18.19980810907245 -27.15557808613297 45.49423323512647 -3.0797574514101456 -2.260491433948232 9.666762196370257 28.704155140508163 34.41733788520985 35.80421440283118 45.5803171864591 -2.01224572973814 
71.31177866884026
43.70956229044279 -16.62678332588461 38.670514383470845 -43.29223138979651 45.296583255459126 12.077923074558903 12.990080380535773 -36.46448486892258 18.301093356414384 0.12306493025957366 3.4537091885097695 -20.07132091924203 9.045077518242387 -8.357979847409212 -31.045917398130698 
1.6055873049176328
22.101098658080858 5.85584467954817 -5.945768445456423 19.947178059225735 41.756489817440524 -17.094784997240495 24.840628860343045 14.234191699063985 37.90490540367962 28.588016316842484 -11.643228519084637 -14.099302675008765 45.418581747279774 -14.833708655086774 -13.132127160831587 
17.68050961955683
-16.894586177325607 -4.261728499620332 43.070546085929834 1.167622492050704 -3.9692313348546477 35.628247755315996 47.849659524614054 -47.418671226989716 -36.715273093205205 -44.17093236307975 28.297806626687688 28.421172306993043 12.201222614766529 20.73910143847641 10.451149107077882 
60.2164706843204
19.5863024819473 25.267490270936506 -1.4413776975606751 -49.28034614535818 -39.31140259406422 44.83860494393383 30.689819400552395 12.662158992949188 -12.55425311081536 5.908596416471909 -0.8998794375195658 -14.41376213757625 -21.03356279931524 -35.68600372965772 43.009946221499504 
36.285461084186146
9.258374395797865 44.10435797016031 31.318249273198745 34.03133459206555 19.888403344058645 20.467912112417892 -46.741302696533104 -6.967099878469298 -31.438344659991568 26.941323226306054 26.120223328959128 -8.529257923166824 48.532490312946706 29.301573517219268 10.891956324797356 
8.966403464209671
38.31070022712436 36.370114887455884 -0.9442275295573594 -27.507344611446214 46.30228729001419 11.416386371313415 -3.2619747082500226 -35.5003236596655 -39.17514117778781 6.929907178279727 -13.954695533647495 26.426693046415068 2.3634733725286665 -29.76291985860001 -12.352710183111704 
85.78814664314488
1.9836090242972162 -42.228995818518726 -16.466867540400585 45.66804042765344 -2.506388881235175 -48.24050772778231 -15.643984348378112 1.7255898374110927 47.24983021336284 -5.3213745042889755 41.893854556847074 -6.290147863977502 10.423428676954792 44.02614923145343 13.89236771827882 
56.00058207861579
32.09858891650366 2.801048901350356 -14.079951381366676 4.837016913443328 1.7476604148745665 -0.4672595703922866 42.85280435437649 -11.334116173534959 24.429576933045098 -24.214789081266787 -38.78060955448446 32.43444418706383 -44.516398722695236 -11.231355799824904 -37.12305677012559 
26.673889389362415
1.5413141187646175 -47.97707685968726 30.349306908449435 47.86297062172193 -16.64451870269884 18.094593872454723 34.64904345443803 47.831264797963485 -10.754764147540207 -46.2892178754609 -32.48267488202775 16.8560003214983 21.88281027310687 -29.839359112824404 1.7542338631096897 
7.625902738921919
-44.30219057750495 49.426958300104545 25.675191182438468 5.390056771565874 -22.649203198532575 -49.93248136652927 10.717589529106476 43.37931620188665 -22.47121181929893 -14.07207844824584 -25.165052782973007 -8.017694225216673 -1.259038868199866 45.47453490012067 -1.4458008418718578 
95.17760180603531
20.843732055039837 -40.13171031862379 35.43502301743294 -11.631777741166538 -16.29990702936317 33.85713610767755 34.158347019578386 8.034071362403708 4.678914444279968 25.146877532138475 -44.415468194979255 -4.487495833220734 47.6256580545721 -4.882748902177305 24.859925992050705 
4.7367355374185465
39.48677165324345 -43.417896087879896 6.013839123338784 46.90635638794845 10.945788974916667 12.74952709918837 24.476213574120877 43.83368229453899 -41.77004545783419 15.619873593282136 -8.440424333679061 16.104293390560827 -15.32803369253746 -28.233379964764914 4.187140103784159 
2.209561546562344
-17.337808552146974 -11.222968827476052 3.012189195107105 -9.54644256402252 -40.69744243194408 -13.413365342920322 -27.43783758887236 46.70622689113789 -7.625993596042193 -5.476434089512615 -41.84583465438509 37.969277939186014 27.15527906919118 17.085838668904643 -43.93313455794635 
84.24071382454807
-10.818518398509035 -20.6933587619439 5.817057932336411 19.30854112603278 -6.793233175226362 -43.98019034122116 -23.622555434278503 4.873644794377697 -25.563853885148223 48.419609419760334 -8.214555605611316 21.796418810836087 -45.482673206329416 -3.9839213471827506 -14.16883348339234 
57.28120099805361
-18.165856673352078 2.4190962399054925 10.375914951795593 17.457161952736215 -46.68096056667247 9.341474554051686 47.34092368589057 21.083787795720227 33.30277323269203 -25.206648781636222 -9.480752374125302 -27.996375049248122 33.84529704970775 -1.3527883227437556 -29.89794056572742 
65.48451352786566
10.54258515724532 -8.415107657507534 -9.826118583003293 -43.26193550392031 -42.02005928080646 1.8949179355768777 37.419521771474464 8.670603390757783 -40.19692391829782 -1.3293405514302492 -2.10118628344064 40.31746164305085 -40.19591355542206 -40.33333101299108 -12.016479160658868 
17.430880826091556
-27.52982317769146 27.402747707521186 -34.585965008498576 -37.663549432420815 44.11879465479849 -21.93779720022824 36.92180044291608 11.442440313081448 9.04362968888185 -5.687138412420367 19.97666034581104 15.680998949224147 -40.97831909381948 45.38640602165688 47.9566282859073 
61.67962986329697
-40.91761601922901 -44.41637890164548 30.400831509277268 -10.394013224362041 -2.3843788502168763 -14.169789895446584 -7.005328965742962 -2.6015232077700645 -45.303878852337256 -38.01017432877527 25.54956599427416 -49.510242274995065 8.927650167673832 -41.65198088339213 -39.522167212794166 
61.14967879318196
-19.838933481146604 -14.987166442437115 -10.873354402722114 -37.78117505702896 23.11619834708604 33.93480197781578 -1.1767791556108733 -23.726721758758696 45.23818229225674 9.831143473253768 -20.403322972519245 -26.84419388527034 21.044779551388686 9.50596285586316 6.280340445156554 
16.328161869505276
14.771878570199604 15.890332645724513 49.06145483716338 21.64375400254235 3.300255140254592 41.58311575249341 3.5336577817364656 -9.09051935148247 12.147369170772713 -9.244538911250878 -40.079251739681645 36.99997299557997 38.73381595522086 7.9889045843651445 -49.62136033204175 
87.30716255845682
39.18479782591692 47.949073164444926 23.145629468199473 37.952473686259665 -2.3972202441198576 30.753971691877027 -7.20059157990319 32.45858700801456 -19.95174819074216 44.477923394059104 6.992495395670225 -44.52782386346915 -0.6086503518138855 18.439210864518984 -48.22386402222876 
64.64859284443955
-18.25220766984026 18.751535970279207 -10.014140331167596 31.9539892613695 30.388457067144074 11.076426442676798 -9.849698334641218 29.4099118054871 28.812635873346323 -5.404251970534624 -43.001908625275355 -26.300107360846635 11.100808778338056 35.930533839391686 18.875923465752905 
39.07717626095126
-45.28640727624009 22.064345391480273 -37.745802679860795 -41.34285554911294 18.579245814345967 7.286416336479448 28.98491328395896 -39.55237933833461 -42.38709345823861 -49.24808823174966 8.089767150876128 26.36474111289141 -6.263411800267413 28.463554872059007 -39.4053316924699 
20.00157562475967
13.019607933864755 -43.68896185330505 13.290235347953825 2.061261990681075 -11.264957166708555 -20.738426758956606 45.28601243349219 41.1359269721834 0.9285027873089859 -34.12301421999069 -30.160449585168937 31.907197191496337 34.521305912916134 -2.960176378718529 -16.82036362339474 
52.86362598529342
-9.979050708145856 -46.89704827188837 11.906403036984784 31.274923860709862 33.587519973216516 -15.365881660941383 41.0391422329716 34.432386684671414 46.50550194879541 -1.4909316207986052 45.896125134582746 -26.940576235832204 8.03616849248656 3.3137484328639175 -17.271171552149013 
85.31570780697804
-39.82340637308316 35.8482210731884 15.396389982911757 -32.03712594592667 -41.97294899719596 33.981912065467384 -31.645673822900356 35.02933070109022 5.269349611598059 30.191865177828973 -0.155175423757683 13.70624348854924 10.684477539223039 14.822683657460104 -16.58575838245516 
32.22624771852979
-21.3113332911652 -41.56108145730938 -29.253309513177662 15.121026747545628 -35.45722455705024 -11.402377794615262 -15.709110781320476 -22.476576270563807 -16.809301710956106 -12.049115395250574 -45.72927423177037 2.0742140975006578 -40.3917414696666 17.795174244525327 -28.591725923720436 
89.51331777194291
48.09484331468508 -25.98368440164598 -25.948715961791923 -2.8203597767088695 28.115786660291178 -49.16399953313581 26.38542704677917 18.413344369410595 5.104379491512056 21.847755497141378 -26.97509722170588 10.248848967958182 6.058009832645084 47.53729726271423 -25.48676774344444 
46.80640101145384
-38.18611745408922 -16.185737545116808 38.12941984902349 -38.565430630029155 10.565452417137635 -2.9606840427177232 -41.11713231870602 41.9255871771113 40.48150098762163 -12.387325040235616 -23.30623048703354 -39.98004908561622 13.215571133681138 -13.60286165531528 37.4939738826682 
48.93624065103794
-25.355709799877534 16.080696882156303 18.346556847813986 -9.193325005664441 -35.6511537288818 3.040877763058589 39.67068871384272 39.66839937473404 -18.84534042825001 -15.645018723394564 41.27158132984039 -14.944928127207689 48.47013587753773 -20.69259768874996 43.1136712766708 
56.25284662118616
-49.78390297824088 -14.922720077538223 46.6383958039776 -22.070648054655393 -24.18669005888534 12.246715923110983 -42.083761214008995 14.113829108483017 20.996290944565317 -2.648153340494055 30.036036603098083 -20.59889481912185 40.14737268783398 16.906131897846876 28.87271801721309 
53.77160360560765
35.39576251736332 -19.842845202523097 23.738059461515206 10.56416636505545 -2.097851125345997 -3.704645514121516 -7.592804657701471 -44.092087178160554 -12.449858939645829 -4.0848945200115026 8.627007299543365 -17.686009662325915 48.69167440418593 36.23557109116446 49.45072456201686 
59.1475260163998
11.644212531109545 34.92082676981374 19.606397585469125 18.34464453459364 22.31343642984436 -41.70425703992082 40.59514748231943 45.00897566715571 -24.38414627426244 36.33619041713504 -6.671585788638033 49.416559300006625 2.301536967378439 -10.980869392374807 34.851672124388074 
79.47760849867939
-26.672008045866203 26.450176625119866 32.06539084401825 30.848157435848492 41.111964669815364 28.643282829268287 -31.657713224779748 25.65406805237511 32.78669903669156 19.90921302936175 -17.44680009304888 -39.815513682213236 47.01805697736461 27.516499472142357 -5.7478191546595525 
66.93134274519085
-17.016444335535354 -45.37940340113732 -46.3652831438354 -3.0040356411703684 47.794294831005374 3.4140035194344023 30.37125297567337 5.15351373596107 46.940410616375985 -43.967846267638876 21.531440378011865 11.760389736909985 -38.733440900036854 -42.04313530080618 15.552891516271927 
23.209310468866185
-46.465338810289346 -48.50876391818966 -3.428583434807564 15.781335833472085 27.80695440395307 -24.663154648675256 11.418074291322903 26.513598527300346 -14.316837798848702 -19.613814229871874 -49.79841281273484 49.096028400295 -15.148647422804075 11.55027409394075 10.632992889690819 
2.829945665594069
7.462914501510262 -29.22659595713275 26.112687014932007 28.32585646872782 -11.482249720786761 7.344078534763746 38.08825510094552 -35.112632444916514 37.74665153728756 -21.80687352645282 -15.695181489891695 -18.577351473584248 12.403598214814139 -16.92289582457014 -43.69214341996931 
65.24439538668247
-37.06857799691342 7.377061859096557 -48.078188295301196 21.26380413587357 -21.359801296545566 -1.3001634017189332 11.415980575925566 -2.1464323884924497 6.338338527022891 -37.44900580014357 -20.317467402175716 35.04944306736539 1.2823134141612158 -12.94433623073985 -19.01019287829806 
25.77950956839532
-3.1384281932934286 -2.964531607251189 27.73720840634074 -8.545319253100999 47.11109812277115 -6.293208178802509 10.12643298963821 -0.4763138564727285 4.444766843455824 -42.1522791281204 29.776956095195786 -7.50985782709602 43.928498112037246 -18.512064495112067 47.05201153816104 
55.40896811420164
34.96294057575476 46.00793186675499 9.224592208219072 22.023867060826802 -8.57878414405441 -17.009062349560367 14.601266653398199 8.477148730973383 2.088053205832466 38.25296423767047 46.33487540816256 -32.08228535607771 -45.327610175796565 9.183405298680313 -21.1045048724801 
79.35251468235698
18.716328166595304 40.86069461571607 20.03228731373568 19.731387361861835 45.39909977353037 47.36450566923196 1.547169208342602 19.524614701835645 -24.464527955403558 -28.71194513170088 -26.68549919272303 -31.052786097065876 20.993830656191363 6.66105507358116 -13.280714300130612 
24.50333368666199
-0.6900851451838363 -11.674057483249555 -23.950362324483077 -36.331186933366624 -43.55198576230616 -5.732995548321227 -40.632427396817484 49.29941186290344 8.462179514627344 16.474071188257383 -16.00454790891326 -5.253257595434604 -30.764223171202755 30.6294658162672 35.99367956079482 
65.6835325124368
8.528540400797283 35.23894282548959 17.86856340391141 15.284294084660004 2.236011478699062 36.784388498875146 -25.762515299440558 25.677088739080546 -4.932946240132367 29.05803136261241 11.291863574270742 20.476529270633335 -5.229081319234943 -47.95496381279912 12.6366314762572 
20.727771416021213
-43.40388535964239 18.553300731466976 1.4482264419573099 39.73569632535275 -3.160890649248003 -34.753653919324336 36.88143629659997 -48.97690301263912 -4.85833441455862 18.817216197011646 -38.73136999278832 18.056145736731892 6.621432755341708 -32.251657239388145 33.89327085401466 
44.39499714937454
6.971149914726041 -4.565666112157551 -3.017160965568557 -11.428118140597867 36.337614955296246 -38.598290291588576 20.054569630700698 -10.731399739824887 -8.90761971767737 13.941617835132824 -40.13924457095563 -36.74015127543142 36.531865225646726 -20.32138269250876 -45.08144915289346 
71.1083212879688
-21.90458689533772 3.4305969529583535 45.97257103255478 -6.257889872135223 33.865556133793035 5.172003394658354 -23.273168122301414 26.814399832353075 -3.0844324922462363 -20.005493942059825 -17.204155557742965 -20.85997055674732 -37.504879418176074 -8.333658133343313 21.06300132213576 
56.52300228378183
22.095715895178955 0.723504734721601 26.49761489394116 22.933560944008093 -5.88674713251676 23.98310360325695 8.970314600620114 -42.73700438184616 -30.87404725097359 43.95113081119847 18.71971430216182 -34.2211845516909 -3.268404931947366 -26.196016789427944 15.861631140891205 
67.92256775123523
30.438811233368554 36.45509193577247 -23.304653462029833 46.2369815230869 -22.717010903945724 34.67503400615122 -42.450300324068195 39.97875650133105 -30.36191719652319 -26.68446213555501 15.525122605827903 -33.632229720936955 -11.878571207614016 44.39484658935389 -45.27405675253486 
73.4430628299741
16.53943993776059 1.1339042840337186 26.44062303477736 -35.85953575442533 2.4978497752628073 27.989872440362987 -37.784156271211 -17.523759043573016 30.600925391263033 -39.68448377212906 -40.11636185237426 19.61573612293725 -10.910122745525399 19.480046517790797 -25.660927753379646 
80.12541344861744
25.32147605020296 7.118997951840477 -12.77078510731198 46.851339507630215 40.66364047206898 45.63779763224957 42.70247798148273 -3.3633849378269645 -28.814418705759337 -38.82432490806191 39.98061992365341 48.484794919745895 36.94581346704659 -20.056386768173006 -32.24594435072188 
70.79591715546665
19.732210418344636 49.18207483079867 -49.73565313293818 34.94621420618002 46.78395878768147 -0.058750387986748365 -49.573960838695754 -21.247783664229537 16.32613658808475 40.4686316632792 41.453321421380494 35.254360571972185 -0.3266430541467571 6.195723638639137 15.195221648791502 
89.77486524146204
-5.790234196802899 -4.852251553034058 42.74637187746487 -48.65089555038967 -18.271617409215324 -13.942776064970388 40.88863072276888 -36.60077311979345 -32.58637110937368 -29.455664026085692 26.532144781425487 32.91337320376506 36.176619882326094 30.434045584435808 -39.43729390600912 
27.41328944986482
-34.896381075141335 -43.388076619980595 -7.634433142702058 -25.36227864634435 -26.546219723645514 36.77768704400805 16.784085326935013 1.138486391986639 -25.056856727377586 36.03751999779581 46.384977031183226 -37.11933971129338 20.97759061551261 -43.51677550275647 -16.35989910582385 
53.45781911656182
-11.951732555637427 -10.261700637718576 49.998060221635725 23.6778659640581 -32.32124726418277 -30.091890953305988 -8.192817032943367 10.044420442365954 -36.88596887456272 -6.546732650607886 36.66469854232773 49.053378964673 -16.63287614408987 -2.7875226130490205 18.005207779023294 
49.24368524883745
-47.70999611631197 -23.866984296177574 20.60487828729019 3.585951932449028 18.011198842913416 -21.775861503970894 25.165980782143706 -48.937909262396126 -43.61674577919118 35.83070579948398 46.25977356016499 38.18361627676916 11.00907565915935 -20.468672269776313 -35.35605713805299 
88.7158320545359
1.9668255411982258 33.79739655556358 -47.66588413949575 -36.98033734902426 -34.471008210721045 12.006384155039996 -23.2027461866275 -22.80761252519181 -42.028142312009344 12.484832293928363 49.24799954581607 -43.416907040901044 -32.00244888789963 -33.036547816974746 -48.73265493173823 
18.27816497887792
34.341472206866996 8.1588469292696 33.826236207682555 12.79671676864077 -42.18619275206251 4.153338764185165 33.2850891716552 6.505321325059974 30.32455775216657 -46.173539210364964 -9.946636077775715 -46.844001677480975 -22.632718132472984 49.79866370766065 -12.668282514594573 
85.47091066201628
24.987571560726323 -6.820144483994085 49.72249072340405 -44.15822885338145 -42.56194059372211 -12.127590206569394 -45.5174192827534 -31.018536527407036 27.522471801285704 -48.73971081753452 11.806023870205742 -21.240037046101367 18.05711937153619 -47.176991982457764 -35.23809463948423 
66.47612383505846
29.928934722844005 32.54512888997617 44.37647394193614 -21.538552903554155 -10.095045445727912 -43.05091227356516 -9.163340730883448 -22.818501307701467 29.648952783357217 42.16109650292526 17.90542035041412 -48.10486132049461 -13.673322688915121 10.626994946361691 -45.62233321306544 
42.45129123566686
14.731955016174041 -49.07314662755008 43.76878632510184 -47.052522334087776 -18.95831169503489 18.594240700972563 21.416054618798114 -29.256095868456445 29.108565932165803 49.928068144475375 16.786519645697183 -39.27859260079964 -28.373937067948006 -39.508046434202555 48.02321431073531 
74.69108395224252
-39.448859510340206 -34.67192811020663 -14.375158665654922 1.5079811880566183 33.845755899856954 -11.13047716039037 -37.35763970855314 -15.289239498176755 18.89917876414333 29.117236458475887 -0.11083918283870986 -48.59627599315096 -3.081230501562956 2.854499875886397 -3.600165674982911 
28.617217218499036
-2.8722250138161556 26.504200412519197 7.735784749497412 -28.473135181439503 -5.215604284256216 -19.30907914245441 -2.2757475368824913 -8.318324436318136 32.83718893331289 -34.347941677554736 2.8305560126016402 -47.214423739387165 -26.542331947123742 -20.650846424094983 -7.398333046590565 
96.59645714650387
12.741701049841772 40.46265789832333 44.48253890023331 -27.848657584681714 -40.45285861389727 34.410412870591585 -23.205189864864295 -32.204158488415416 -12.264143583307593 -17.887893415164257 -0.2191167224046211 -12.60942871112416 20.014132006089355 18.429052506753564 -48.64540647633425 
69.58672596941322
-8.88378054286644 20.04062687544406 -18.43701999414743 22.207589856984967 -31.748476484786693 40.97576250008342 37.75196860306154 32.542225513682794 -22.46321750153264 -1.9001089674559282 -18.95795884034268 18.752146496632662 -3.4397032095692666 -1.4351897866147567 33.95825621826127 
7.611348262209782
25.27612995898859 16.560933490472593 18.922237447519052 -40.555480825950696 40.10187553647398 7.668429648278327 -2.1978930346973087 12.397855408511596 -30.60549648456422 -4.314191863900717 -36.17050418494162 -14.928591402372362 2.404431480745373 -20.97850050905524 -31.06881170468797 
59.06142398434032
-41.641118803872445 -18.433938823281714 -8.113888752334674 -38.89432776250923 -2.4987287179379365 16.41961955091932 -34.29325938588694 -21.705730150980994 -48.28579393075161 39.93120988677296 -13.742732443035187 -30.79690742339315 -11.220567931715642 48.213741798048744 18.35910181847224 
78.8263186584982
1.3788648054903092 8.630282296909009 0.49762191266640343 25.829249651239394 29.616595008994835 24.704436579354166 24.732362667402285 6.912066583759881 -15.857422138453245 4.4896043915989665 34.526047159143346 -45.03034377209795 35.88446246471186 39.638949475865886 39.94625615483032 
95.25227590095739
-22.055194711044535 5.249915955865667 -2.943311086507606 -33.12373632743221 45.396720784792365 -40.98582069994583 36.30338889281464 15.803579422634527 -0.4882259645680094 -47.71403338038125 -46.6855707507549 19.80347972296616 44.37969331731378 -34.611333616241865 -5.230011547868131 
75.92917242002552
45.930305994054905 44.81170974797651 -18.137082312227736 -33.313197505571935 -33.95616374952942 -49.09324183491896 14.358238161573695 22.343687612462702 7.736508709018743 21.274198787429725 -10.62673497315729 13.717212675169755 -8.665815916050398 17.238050909908907 -49.2616453136766 
42.30537599453881
46.09750426802526 48.6393581054581 -42.838466838770195 42.76444090746273 6.937872762903488 -34.36476640167216 20.408540236454186 -23.49125355347811 -48.33571712305466 -34.72730804473761 18.32315889313631 -25.397766315870427 0.6268793104830976 -14.68652173986196 31.75089245528791 
83.13074443035981
27.67384696106714 48.11812222967454 -10.707581189701322 -25.11124512662001 -0.9859275360646649 -26.645523287291763 29.301462698242545 17.48364432345636 -35.12127888730811 -0.12197763880067214 4.655070994367662 29.855230555207953 -22.19926077274036 44.33826873042638 -37.437489265821355 
16.727740907962286
0.8820034151478566 -23.102395495363204 29.042296283645115 43.65597949777063 -0.4063248600930862 12.905969794629115 15.685162226092203 4.09698104015056 -18.543955361145358 3.4567802583615688 44.93405920655488 34.33292727121507 -40.63001098158926 -42.54346325225677 -40.649486702126445 
52.090675406857656
-33.577099707872016 43.172614062747144 40.20002099568242 30.34777687475392 42.66773604746726 -1.819295912562481 11.17737438787718 -30.915627466026752 47.674668099389336 23.215505178030398 44.20613150428349 -5.365098163040415 26.580496449740494 47.635173345164034 15.984734203866608 
98.8130789123858
-28.088134424775024 32.04219279318859 -13.68499662216783 28.128138390368278 -21.365942430664887 17.060241184009058 -17.762900527765723 47.179884309566575 -14.322083691466382 36.34876710678175 -24.391763719297956 29.714564287047267 33.623268169439555 -13.356056555173403 36.00080545216396 
75.84318879818639
45.2679316627038 -12.053261536976393 25.658759512822 14.568410308836093 -46.51274369330588 -27.064137222386307 -21.260549327538747 27.035585354541467 -40.910129337837006 16.265360050020433 -26.818626517612987 17.818233017108625 0.30108032784530536 -48.38628342482271 -39.72344690310593 
69.06757742184722
-44.943777697069486 27.18327039954454 -35.61042151396636 35.50044040652823 -22.53804258741724 18.805861670181287 3.2535938417553965 -23.030770750398244 -9.415665964290554 -46.1073793520987 7.8868273041347265 -20.247648093235004 19.1482233996812 -0.8271801533635141 40.411510633761594 
87.72288295553649
47.78349713153672 30.498801226030068 17.92032955070023 -49.80214466061672 33.12909306947958 33.95096733244432 -48.97616232062089 -5.459938271960837 -18.593064224673274 -15.94112592118855 -3.174472850796718 48.478831097997485 27.003390266039133 7.1615139307412505 7.8095563688668435 
69.63568790016046
12.146803891804915 -34.238136920317906 30.489374089224867 -12.114545412321888 -27.054643479910425 -6.8121260215389015 -29.34617408102126 29.952747979076406 -17.14966121565911 -33.04598902429618 -4.3394683604023 -24.961505707416187 -8.964334912204166 33.924595768055525 -11.53531405523762 
85.29050579496948
20.23526292519064 -9.287869057727782 2.93462334881319 -34.42325741516626 -43.74424273790667 -21.299086377170905 -4.506121542285804 33.28942938081342 -30.31740286623974 -25.331821781053186 24.242646852269388 20.802686957840947 -40.77634754146003 45.18212427955757 13.449904377526956 
90.72590219964425
-4.315024263657065 -14.211823388889364 -21.32929455642487 17.239572953224283 -24.250689065528153 -15.548159407024563 -4.268561042109717 -24.43009555263004 -34.47138423192928 32.80860074202522 -24.560853256266736 -13.947035770654537 25.287731190791334 -41.52171676239234 -24.890760159968618 
79.25873430264339
-41.21295056301584 -32.966634023675724 37.869263229779875 -15.710076526559511 23.367852719535946 -36.83225089679139 1.1846535080053613 -6.3600622844846555 -29.795251185838502 -32.8054693751977 -42.83434984765909 24.888951642888685 -41.924569499662724 -44.79165968169691 -21.047117083313672 
82.03652927237964
-1.4512353642022973 29.079855646018885 49.84238081908943 17.413796571601452 45.66797798595057 -34.092884305107674 44.799078108043474 8.887683904797818 39.00651786692967 5.63031825893642 17.62109253839087 -3.5357144365905455 45.39992784362883 10.22376864538731 41.25545654507866 
67.41796186314767
21.707850266478474 -31.78926414201738 33.629129044016324 39.717247559888705 38.636103467231635 24.203961327335634 -23.152496196861183 -30.211752532258483 -36.050537082449374 -15.24339664972171 3.7258468513143654 2.5507189925812668 2.331673623642672 -10.984544425150354 -17.642587080794094 
89.18148715515795
28.699892921094346 35.50028018985414 -23.214763418872142 21.204520513735034 31.95665419112153 24.790138334805064 -0.16708786840037249 -31.723630665527768 6.963102827614577 11.979642894583954 2.762949565510908 -38.56968100569422 -6.056852020384561 -37.52492304868848 -34.33046127214253 
33.56207403943829
-33.42112899699605 -29.967659934283873 -37.624109542712816 14.584338724325875 12.733382865366139 26.8957534255304 -25.90543985776643 -20.052786715376214 35.038037386625575 32.478756009976024 17.222469882794968 -31.884189872648726 22.506732524314998 -10.765444375129164 32.38060374587124 
15.11607744556419
8.890806993808141 -37.80315691907897 -45.828340766591204 2.404298317406969 38.66380011320935 -27.872299354328668 44.11717337429066 -21.9146787630755 7.32616040548276 -48.70810915844034 22.84898410349244 -9.100962191896222 29.145714165184046 15.583673518804076 -18.13187329876631 
71.41423068576633
12.500556460786669 -2.9355683470060825 -9.952460389213691 5.513389625314545 -9.333250913781967 36.92633336550986 35.54328330786876 -28.478348225212958 -35.805985606675826 -39.520673795819896 -40.10779938527115 -45.77244914162713 -40.061591656630995 42.9657977600488 47.812263633429694 
6.562766111054064
1.3717121981363007 27.839224862277078 33.58512720505075 2.8526470572857505 14.963079005895565 -22.399758239744617 -27.11131977248251 16.318769708184973 -31.770754160460157 21.36548784675435 7.560682596786691 -42.09068409576082 46.475405415924655 13.051727577989439 20.01283289914541 
33.55265141336775
27.29963169764912 29.389696776793826 33.87791819328186 12.57392821310772 4.609473513438601 17.939185704352653 -32.03901030532121 -48.71586026684172 47.200215490192605 -48.141100545255554 -8.32128461380998 -17.354446059811202 -49.13003821212211 -39.60831493165436 -38.09055670228872 
65.43696765079213
-42.40239938518201 -18.142311602333127 43.539733638633635 -15.513191915998114 -29.514622051717588 29.40511825924142 28.9813793344871 7.311577088069974 -11.031293750624037 -31.149747255446748 -24.45371354198049 31.891701293708778 25.221485875261067 -17.354597116493963 -26.195223274708447 
5.336392487985641
39.73611360391757 34.345536088755935 44.91625829683562 -46.16639154268872 -48.266927505907155 -46.0986398957296 40.409384761058064 40.55078293598237 38.35577862439902 35.688601865249 -15.997798875742177 -39.95350128436594 35.5321703081206 -21.60963974168676 -48.2090349918827 
85.27282664978695
-7.06471779218414 -1.3186544522211037 34.499722961834166 6.392540918307077 15.650851704127334 19.119889893037097 -36.529132692747254 39.405036743784294 45.96072528602461 -35.26431565720718 10.690312341481764 36.9692033808393 0.07673833600470914 2.5081353338033523 -7.620883205882635 
3.8311300603858123
-23.289633922774144 23.262349479097452 15.546699803193263 4.9089880360303155 -2.960660536770334 -3.5332472296726536 7.389090892930398 -44.64299979047195 18.93318062311505 24.998373782175904 -41.471107804950876 -1.1750814161306309 -7.774666506805893 -10.851119515577125 -7.1680479653619 
12.64899523520665
-13.62957471577689 -3.0235534292266877 48.89902038100969 26.854898146252836 27.000938641400268 -48.43439730412607 21.31892473721237 7.622645403962849 23.698335372795654 4.839238250433674 -36.61690187887727 35.25806869665642 -42.2805018655622 -7.726080096335195 -2.8004253963679346 
1.7349378089370426
25.470110866364664 33.20180927212762 12.007833474677867 -36.483689132107145 1.1923774409809411 37.33937782987633 -43.01581988960436 11.633310851555166 -9.364723557296507 -20.234750210920716 -49.059395352952784 -37.10602457010156 -3.59867794747791 -6.22350894519257 38.058358467399785 
33.61441835580439
5.214569014493385 -16.115339045358034 16.16076323742722 30.409009627594813 37.53040980692471 -20.329929017679582 -47.98194793174802 -18.654116684178213 -29.291535408691637 35.294604077762585 -23.20967758101766 35.16857190594378 -41.6043215237715 29.18058304809854 23.95297348191687 
76.30407687564929
20.817471570214508 33.69515018556896 31.912225046102733 39.02228852648652 -26.649377038507016 5.636662926381575 -15.993291362978383 -44.618893965966386 -5.947677600842013 -5.098346025554811 -0.2957321532723114 38.48624336731106 4.745606308266979 -19.082079626841562 22.541509839552816 
85.11411347340812
-45.18782642189721 24.261358622097433 -27.28316726397867 -20.109140373854338 -47.980617389239356 -35.66884922437224 45.235989451140966 -3.009994794348458 -19.49103990180463 3.039994930052515 38.12254089742986 24.705783344973398 -17.499193434311813 -10.816931110197757 -10.556235504883084 
83.27876680323129
-42.68399987218584 -41.51855523875359 -13.234046899741536 -33.00512393314029 48.99888825578047 -9.74728163631955 -11.858757099031749 17.84844293013316 -47.88098681788351 13.243658319177484 -40.158555434215856 29.95448838320688 -35.7407223903095 30.366655881642657 -7.207381209284456 
91.41494913682344
-46.75235614034943 34.91389001787505 7.027381576332978 -6.511920786182031 -12.634633824444528 -40.71997000011832 -8.539736207453672 -24.32019223001901 -2.434379144967558 31.306423862706453 -45.09528452664908 29.770362263738946 2.1620571273254114 13.066722798924758 -16.511436841225006 
55.80897174583862
26.497706661190563 -37.75411189099786 9.488133904883831 48.75406759606136 -7.219617054516313 -12.778371025484027 -2.910605150662491 -4.294189098464038 38.571511790823436 -36.46071831025183 41.69787826297325 -19.42754568388737 46.341093961901066 41.67821590599921 -38.84266909473065 
25.531429888729885
31.05235202737296 3.8398620982154767 29.600370896673823 46.79070775475789 37.91528619679781 20.94450265340602 -32.35729064551401 -34.07457861887148 48.24923073079735 20.10598815951103 -43.75425311490415 -2.540671911023651 -22.17973158146457 -2.439430615107753 -14.18932539923452 
28.380182582002078
-20.929907329050213 2.358080042907204 -13.069548907485782 15.922654963306812 26.328755480664412 -27.919277480259485 14.71435167458786 -43.778078099863905 -28.59552164749538 23.43676983236709 -25.28698608360138 18.335640265731712 5.869497714924023 -12.216552794860178 -14.789752918675312 
95.65148005499009
-44.08831269372403 34.465429594037644 -31.988899859760856 -0.15800351474099017 -34.20248982439937 43.31225676574054 47.84399468677553 11.29808726412098 -3.2074124934907147 -28.279854957277607 19.10800614184093 4.366852921339046 -20.188001152045963 11.450590860763477 7.934626547337743 
85.7391979099693
12.123186094513358 45.61029566907328 17.396700614020148 19.977033016272316 -18.899890381843253 -2.766134717861405 -5.814589616173812 -32.56050769842871 31.328106763851878 7.472865308867803 -3.81046885074727 26.762079865338904 -34.71534253284129 -6.398203928811974 -27.850543296970866 
56.56221598555916
-17.627926658757268 14.88357323559552 -13.078267176598644 49.18917372318623 16.253895375755164 17.794152296334843 38.8781722837458 43.10593951648998 26.24753523262966 41.18799669637782 19.576867835594726 -10.114963476291116 34.95153479250847 36.693017701042905 -39.91929433807904 
36.81990094522687
-18.66343518404555 -0.044212361568142455 -6.83769671787978 46.797964996783406 -23.7949474351145 14.314729720572515 36.122497839467414 -46.64897935906455 5.225149784107629 -19.938898353019518 -34.93712525214452 40.69312986740087 23.67048947973906 39.65459172297618 8.191071185404397 
46.07573505920022
26.548000833831026 12.092373879315666 33.10083459746154 4.934234291786495 -42.02819711935697 18.087500895887374 40.95718838035421 -1.9302139895188475 44.441992488643464 11.794572681904114 9.130234885036884 14.504678701803797 -1.887065450215772 34.52759732028123 43.059483825645074 
13.66904871148047
38.18639097917608 -28.752955931441026 7.993850469977801 -43.778632319458154 21.2407122012751 21.550084848398782 11.74071650439734 -25.925432788863702 -45.39204655862456 -6.519925978724174 0.6707944929187235 -32.90575728955171 -9.163298184835192 -9.321674398276677 12.963756401596228 
46.45489612003234
-34.17093497805185 -8.766696601559019 5.4429042323493775 -7.215285585132527 48.41613735465141 10.0393475303297 33.33542739349599 -39.00110884209155 14.93699442621488 -4.440888763861061 15.908074082698604 43.11608334975297 48.812056271643556 36.59088696606267 -34.833652229377066 
95.37204521288672
-7.847551346149437 44.974085581048016 -10.33137365953123 46.58909837949774 44.12277702892936 36.12307655360067 10.994868207922579 31.029544464594778 9.075490321343253 -49.1382703218523 46.52286152148173 30.855754359638283 46.40081351648794 49.237936999706406 18.903256541956765 
70.83909730637536
-36.41301136910627 -40.17049746484142 49.98789752227154 -18.895521094565872 24.16137674630454 -13.49024156219577 -15.045758165316911 32.46675010684092 12.983706872665493 -41.27666501858334 -29.018047985327723 -46.69018630563082 12.788590740721418 -38.97047089687202 -15.923964953773883 
56.97872838985912
-2.074836007505546 -6.997259640330135 -42.50585316074444 44.29972443535716 43.917526060027356 -8.463493198666129 15.723984244714089 -2.887516054384278 -15.229614222044873 -5.820359148068853 -40.92998960665024 45.59366059891691 23.870189060189077 34.340090120763946 -24.353065263066963 
74.67005872247191
18.882663078324853 37.024057635140494 -20.059232044833564 32.96450127627375 16.22360385404022 27.2350900866614 -9.91352485532834 21.486885662560155 6.480470609304 -27.760259580771617 -40.37544503842717 -31.32250738456632 8.588088558985874 -46.38647133985743 -26.262835602574874 
43.42914701659033
-32.38735486841776 5.312927031642509 4.827681178996912 18.35931394724463 -31.326148371332195 -40.023889771231325 -2.2041396833719205 -28.127168092506228 27.835950477076594 17.23729593494315 21.47406811901665 9.450402636407404 19.724074671699327 -14.953541036090748 -20.5717053190249 
92.11760548273861
41.17316770000858 47.8182881854262 20.690989873294512 -16.806355776929948 -9.607458755252374 -16.308719142272274 28.981007252360286 -36.81139018174 -38.07017185910841 -12.740128594866398 -2.420768476230208 17.112578006536083 19.143993669292115 -46.15045295972903 16.266762045310386 
68.47934542168375
7.947707564027716 46.73693345108143 6.59579306759607 19.932219421313803 18.25530641660039 -0.32615249626130094 42.251585886591414 -38.311277049593514 -17.126783707078943 3.6563686683103924 -17.62271643988361 25.89564563174676 27.495623092521896 -10.912996361224039 27.471522000482665 
97.50544516808178
-49.98118382980646 42.310022803905255 -20.16790309248122 40.42943451958175 12.56357015355691 -11.042873292174463 -46.49272780598902 -38.507178578937875 -24.604441711783267 35.62260640724601 32.32951326740674 14.111135528211136 -11.640322750534594 -13.905828827693725 18.84480175118732 
38.62714411096613
-17.50508968499267 38.697704795675776 -48.18613110206691 46.89184987195851 -27.82788044095247 27.271173723944557 -4.549924604867762 -15.057241497815134 -13.602033383458966 -10.134991433048192 19.67186316286815 49.52706206629986 -3.146070849304138 36.47326046463769 -2.613993377228738 
91.7369545954388
-0.20982799792794538 39.93188603214189 42.18120588295328 14.168857656859828 39.06977806836403 -7.422432363365417 -2.2002045234912444 -43.21222410164567 28.459699232270353 -44.657564293564555 -30.631338925076356 -28.92736442453774 42.690466018448674 -24.33280216451015 -44.391274118309234 
2.0379177825967765
-1.1424164503842533 -34.052885845500015 1.1056418397776966 33.37145223624931 42.413236964913196 15.182329540428313 38.21259984943963 2.1977990826580367 -14.70224488408082 -46.91388020383873 29.269492162889293 -43.12889196467803 17.68605974332425 -1.8883899097851042 -48.43911958127144 
13.720956529035867
29.375086772513143 -1.3104204597360294 -10.201442511582293 -33.18087247698036 32.0139783746783 20.42696260515372 13.902727342801924 18.60487472816746 -30.820410187656876 41.09774343940738 23.469176105321566 28.60072528584027 37.72567389521133 -10.035081643139954 34.54798621793826 
22.47038265540251
20.884864003631193 8.304254349980276 -30.777265814375355 -35.685096408287976 -48.721649911408306 13.95761477218361 -16.032681215047816 -28.6272698815633 -19.7110423488568 24.325637440486915 38.87087851427897 42.18381481381137 29.17908419163132 29.41657131798489 -33.440455212813035 
76.79750272463907
36.88573722920842 9.400150293336097 47.00703347656335 -9.25152715318044 -0.3992532357235703 -40.42762623261167 32.414368959290755 -36.70555514873147 18.044893315258676 19.71909299454346 -5.047653110256931 14.80400390028322 29.770632540070963 4.573396230549356 -10.601432744181402 
78.20237224881275
5.878718865880636 -2.6062907292356243 32.5641821876647 15.02748139489347 34.209923584189454 -0.3533241956602353 1.8938081291273932 27.918260912780383 -5.626209710561149 26.360819046300875 46.73527483948928 38.25155397280096 -46.09789652156737 -1.0759240704887887 -12.485795427710343 
30.163654366102367
-20.63435213081426 14.930294853048466 -49.58829447103358 10.336918053304032 -38.53155241442745 -31.863148925433183 48.13170791644194 -3.298487504681624 -1.0653664419354882 -49.32249616042549 -29.042221081811658 28.59681935811109 -27.571274751223662 -5.618248929924974 -3.462478200261387 
85.95662098590424
-33.19901506570453 -1.6161535612540092 -38.30403277225093 15.726650483733579 -32.3747632566791 46.16178292806225 -34.932398151214926 -10.007313264909413 -33.70266187645498 36.728517165388354 -14.5499843471137 -37.808164349266434 -43.111709711052924 41.90474984376658 7.520393412688954 
45.29926287444449
-2.503280149683505 -45.56538065154876 43.91935022107971 9.027064491975686 39.02127248744648 10.162705330957088 30.694946651351458 -18.15840474704825 -4.925779087560613 -48.42726829798521 -48.28708434193639 48.00003695234304 38.183413768538884 49.69543697269435 16.877505438782777 
49.82654220851024
-40.51960228631684 16.725086106760443 -21.129449659884823 41.09284151176976 21.74839848334308 22.641112523330364 23.604704167657403 -11.36231295428005 -30.9954021263373 -24.286535808005283 10.700043035911492 -13.74591813460789 29.716908562512202 38.9771976282171 -27.968487125681175 
27.392754069687275
-34.69372184325474 32.593931111656474 -1.242005837964264 -18.625133922967972 -29.23873248532818 15.47479801348949 -39.767962796699095 31.576476650993115 29.992493602790645 48.62155210235744 1.8025822970003347 -36.55817376106265 -35.01972110236182 17.34952870686945 -37.23870350575943 
35.20201997590389
-5.1803806040880715 29.888193080551048 40.546398165944666 24.820235715334874 38.442396980790306 15.812028124127991 2.8061408994871897 22.95409876133634 -46.902502979924776 19.336548631704943 15.037443115584736 33.62040317859115 -0.40464721166184603 19.72127993185488 8.253360034767397 
51.76690525464224
-35.12591662593837 13.853518765140052 -41.503568805227474 10.100421691408457 -47.379637934010645 -35.456181947136415 -11.996795579085962 26.289990032898004 -26.52126744520933 -47.85395425008482 26.43850601634557 36.0584378877474 27.8090331453502 -33.17800513878394 -10.143658328362903 
67.69517292380432
-23.997729807143354 44.10255252198725 44.90752120137948 -0.8324603775287756 34.04111391455072 -22.645635163604528 26.302478371100392 40.27769436316436 15.291940130387644 37.34310962424546 -33.349024535044 -0.7936108555575032 -36.55882573725444 -8.708602748775782 -20.461340089473023 
25.304634592155317
-13.960624870560338 41.661432681572734 9.063768280894791 -31.861252898275318 3.2924041851738934 -1.6504335622353423 22.045487423235627 -43.43620314674087 -27.460289110887082 -42.938132080087364 -27.27113952096072 -19.005004192832086 35.28557846788837 -18.653013732857417 14.049276753318509 
57.06615276858261
-39.300032507545595 -23.905552385072138 -35.617002483094275 -40.491226454581074 27.18136888389448 -3.736296302302165 -35.801642380830955 41.35497080856871 -8.125177223259548 -43.80880243385562 -26.86440159426248 -4.538118751243559 46.964119639861394 -7.970228911255553 -35.21840770369158 
72.87476403279034
-48.89209899685496 -17.29323120358763 -26.23105953437439 45.69056065680516 -45.434808245718216 -46.75577370955202 37.817268022294314 -9.14682869469415 7.356711005142493 -31.6334549748021 -44.05222060241796 -24.293738670896015 -48.76599075742308 -25.971884146678626 -46.65954041550451 
46.14891487179031
48.27934601577954 -40.17464898534144 3.1665132405438356 -46.11595147529598 -8.365056662594903 -3.785338689416939 6.217028959503054 10.518928384353778 -22.838930332589634 47.03987682917196 -29.737985945025347 23.17176708259761 -11.251846536433419 -29.92027600655408 -37.187670592302354 
48.75782582840908
-35.44105716766089 -3.8420591279037097 33.320260487957825 2.27306190814803 -33.34750041092083 20.8156601369423 13.842793557730104 -31.837214679067248 -27.757435611042492 -48.37225675172315 10.804907727435001 -6.742573921324592 41.2686662785016 28.951735892456924 -5.261493587951939 
84.77700109814614
-7.990905262075032 -21.769799721419147 -20.26411446782559 -2.449650393779592 34.14061679536897 -42.075836542807785 -40.155120521709435 -29.13515304764006 -33.049323868827784 38.7374901082911 35.74618543203948 -32.74325938430073 49.33349448301763 -13.001038535649144 21.791560485295776 
73.07182471479675
-12.247640221310732 27.900973996388373 -29.155065509336154 43.77071656338755 -31.473884152304098 32.75068668815669 -7.6432790344235855 15.722473081631563 -18.401323107321787 8.471559897618228 -32.28508700018662 -39.375105214362875 44.376159907250795 -32.69977394860424 -13.845180344837381 
28.709324536167802
36.26699269129644 19.955673669430325 34.3725933809737 12.532313530376115 -2.763806986119043 -33.48526601244025 -26.52403761401668 -35.57392849171429 26.985721661983774 -44.1900485456569 28.018873309662922 17.574104565657763 45.29864489011686 46.37285422638345 -6.394969817566256 
93.19802579879051
38.635600476069754 29.777777591629345 41.90860343480834 24.486031381472714 23.24786540076343 -29.301650947180345 -35.05135815193826 -8.336965355028823 0.8720677973903435 -22.92921019548614 -45.93296572008779 41.99706101774822 -30.50260953404661 38.46526840272048 -46.701885441618096 
63.55595012098436
-21.253072739957478 -38.901518767815126 -38.31868377404144 -7.826979795186261 -12.909469008172579 -16.122233800950603 -15.443464315592095 -42.65020635730953 -13.592584871362 -18.550979692247104 49.99517194737993 14.718535886753259 8.342422909743682 47.42771789857669 13.25806391437051 
70.20673536735642
16.45075578392691 3.8244322075614434 -30.465135974835533 -25.809657148580033 18.301655925823525 1.133214615385846 -16.79239357417589 -47.30799730929625 2.5123883869716863 -42.36677214474545 20.494598715106306 47.07508626690206 17.109601935400434 36.16113025945323 41.5689611183452 
53.70387413956167
-42.33405884078037 -28.056360147775095 -31.890538971868278 -9.31524376254631 26.335585291094944 46.03681694006087 -7.270413694755206 -29.92716364524144 -43.78688199479749 45.50058633557619 37.8440317864584 20.82288292373778 -30.634002747368772 -36.35590696519186 3.2701069910656386 
90.2830835593116
-48.55842533972977 -28.490536724363245 -35.775184659866994 -49.825405677334004 -19.074509898404646 35.21864399403327 -5.633328295487402 46.7694275207933 46.92896771653801 -37.11007131753221 -7.855431741998217 -35.62631165151766 25.808389757095966 39.537947382288394 -17.04569596868415 
16.242799638108373
-36.02874703560385 48.70275911683518 -45.533308794728036 37.69981162462106 31.898422887450266 -14.489128716056719 -42.02063643826693 32.497421357198846 -27.286621595198945 37.45294570037879 -25.24220109136539 15.35892866548177 -32.44509296038932 46.3700285172971 3.0692402806228287 
1.152799958994799
-20.439498731181672 -32.027869862984026 -31.023426948363987 14.300117978297948 18.443513937558308 13.670073782234567 1.9474157412470134 30.783656471508763 -11.552163598323993 -6.416494527996605 44.94705099922966 19.521916762202906 43.889752236204515 -20.704993930761972 -12.07799463502058 
19.890933063636663
-43.0434351876832
30.99371387776982
42.147945159719484
8.114660370625828
-29.279889237481882
-41.23478521140757
31.22081546738697
-21.186199251514594
4.0672369430477815
-35.228754415696706
7.645059431646764
-5.778301501413786
15.251436239554977
-22.923643773354474
-38.27552600239823
