constraints 149
variables 15
-23.584107569002366 -43.598596513222965 -8.035197349056652 46.12311209214394 -19.165995618448218 46.44077156764084 30.20233644936492 -30.40662923059836 -24.134142588440977 -30.808119403531197 -43.76348665896418 -2.026306888142429 21.46637197000166 47.1920605883673 46.737283272123946 
58.62538409276517
24.32824276874605 -48.86693797233921 -30.900195384531727 -24.542302580794928 47.47310085633141 -45.93371427870381 -17.89970217346729 10.536009666025251 39.805465702321044 -13.562977954946277 45.91441877958502 -43.22919486068141 -4.003688014982977 19.526459402126832 38.82782618264365 
65.36971100642168
-40.10491147160006 -47.756513239924814 1.1132421910525778 -28.089398172224033 -46.87391640779283 14.196556010777002 -34.682279998945575 5.694609896348226 44.60706144664988 26.589217739025813 -13.40152807965707 28.463638855345835 -23.56490610007571 -18.278838139628807 -43.234927639182054 
50.6177022961928
26.916577030178544 11.739935817431437 -28.66959194887757 15.743339325082545 22.47544604524201 17.776722796354278 20.142263942212026 27.56495600585842 6.7556231665783955 21.71292684366253 -10.937992384026543 17.356851849887278 37.44075917893413 -15.43747613552442 -7.323708328933321 
14.404450703873927
9.146402017388013 7.818443135204532 6.172300772618065 -12.7210302076588 -5.803319923922899 -2.900450710037738 28.276556612005464 -30.509357610621468 -47.820287099695456 21.04802523430466 -13.448179137709836 -30.488713904789368 -16.117085160679657 42.66529985715644 -8.633784745204352 
92.2079001899025
-4.45857282666757 35.13787637283042 -44.50684731928426 -33.59535308480813 -4.710061237403238 19.692753929895943 22.57022255238931 -18.40856146157894 -34.709810466952774 -20.864592472456977 -10.460256102175002 -14.276916125949981 40.21346530953626 7.4615335556939115 -34.28683287043971 
85.60375766487506
-24.41054333017557 -46.70290781885669 -15.7539227488665 21.52730974640353 7.989838979877021 2.909458168706827 -29.41991859004276 -41.35525702721624 -6.9029811319171515 27.145727063609655 -23.197637394980674 48.95593728174116 -42.58453941471415 -14.10742956865397 10.893286102284293 
69.87351761969171
14.715105808637844 43.51525661563696 25.47684575577526 37.982505234864774 -20.746637230775654 -0.7782272289032193 -18.04155789232493 29.92019067643652 -45.59577560361199 -22.588740316129552 -27.17114194306589 16.226473537519155 -12.469920689998958 -45.19579241882613 -32.56709122295138 
28.565630201708238
-40.23617534497566 23.515246503988635 44.6457789956104 35.89631117347925 22.82590592507873 2.2174935645456486 -10.330456417448083 0.9673626286937917 4.082957158204557 11.160874167083747 -38.44304243673996 24.942751518062963 -24.23827631707467 21.04495044489741 -16.91093477132266 
65.0097687784706
24.56401729382368 -29.38979000105736 -34.722212351598714 27.500418425552624 -36.11455823771582 23.29993569993701 -44.96589739882718 -2.6433630812504845 2.4226973625141355 -0.5418362863364976 -13.562972746875971 -36.30411931084259 20.16125674218418 -22.73258861548951 23.558079146481333 
40.7842588288504
5.567308117173631 2.9932363976628693 5.940502371692183 -36.09969835084463 -23.735194720866637 -10.909112204269597 46.601997710356684 -39.62684463345742 39.560561687390035 7.342667697431004 -13.175710941643118 -42.49521744795967 48.887347005113426 3.4328270298556447 -17.987667202137082 
91.13658247990482
-22.43306795298039 -30.76984465587764 -21.44943853865723 21.29654631974482 -37.747885147478364 9.536688200854606 42.853075166836746 44.66391682582375 -35.01123232976746 31.174233603745478 20.69914943123503 17.51406405705457 -34.95405196700613 -35.98130933513218 37.465118580684944 
67.35706225253107
19.494225595624386 -4.044544271225156 -1.9919908730511224 -23.34072233819181 24.969314328874987 -33.282563957691615 8.726073120673107 -32.16199612505365 -27.85980963216351 19.180504997910106 23.715667363844517 5.14501267035925 9.107901744321097 -49.070469798132066 11.963641984455734 
56.105624923193595
20.29327762366438 43.77133993172774 -46.84118742021134 22.855729487487437 -16.671172684786484 -25.640690509678898 -4.024308380454485 -37.98008020141871 -11.947931344238214 25.207530308447488 -45.42186585808089 -39.30027126007993 -11.095333778331252 22.11079374594506 -23.38986352774746 
25.69171926247179
14.873682426442045 21.349885842268208 -10.91448046002175 -26.76906866449753 -20.431641311921066 -41.94997523131458 17.3577600051527 -22.643939552728053 18.10782167892951 45.673499130766544 -23.254209089815483 46.418375044210464 27.202170247319174 -14.13413564388911 -43.58889556051317 
49.30733624142219
0.14141675489815242 7.738357632935603 -49.273972894427565 5.641523596127364 29.36380085201688 6.157424734391512 44.64254715025969 -12.525685730693361 -4.143008900336909 -10.274397674068958 26.46566840298962 -46.0104482807372 -23.147216608209064 -19.123789291250905 -16.045309044966295 
55.2131875851096
-18.89213911200873 32.8676183494827 37.8204835902941 -4.057309063535321 -35.47971874454101 41.45116349894994 -19.543805580174457 46.89677188845711 -12.086676700722577 32.60001814970359 17.133540644585793 26.51379432889503 -46.47457226770519 1.9246401357469907 -48.08382983184192 
53.87796295209482
-2.9230772217483576 -33.736311724849 21.18631066390546 -9.071771817878727 18.241319126508017 -36.57244659842958 -46.04973236907859 -49.59441826457197 3.9309550253713184 2.1850162162266216 29.98301571585455 44.920207744100026 36.01379916362207 21.321703956199244 14.391568968153436 
92.0707529116718
-22.0896997117622 -36.03759637928143 -29.67864004867582 -29.276266560120987 2.9761294265871285 11.337511004261735 -9.70056230280666 44.36191075482405 -38.34125951721593 48.78720537337249 41.102752411612215 28.836211244681593 -15.877277111619101 -43.96479630732222 -12.940593709990566 
83.90658034938387
-19.62913412832299 23.627226949326612 42.33517652333619 -49.36708271451048 30.84501516236668 -2.082364363534907 4.027287722695952 39.97804669547955 -42.92730024835144 48.10088302145303 34.78179012250489 1.910414959704731 24.132628930477722 30.52283617002881 -3.8294347975560896 
68.84504998657357
-45.45582555565267 -2.1298346223408515 -17.79158974290158 -27.56295931742 26.642933737645393 -36.17558621630137 -33.839751219728996 -21.457390053345605 -10.413421153213655 -12.619473146517848 -46.81698943205495 -28.41138203899456 -48.157841152285485 -14.732036659406198 26.366282132079732 
46.64213613053385
-9.661903320124324 15.77581667004334 -15.619673362342247 35.14747790737981 -16.578857277188 2.7715575158516614 -4.790355742096665 -1.401093042407787 -7.659437603362306 -15.183603020505252 32.344730635031866 -26.657053363788574 3.188885017050403 -18.981499869668095 17.32426588975376 
39.255091518925234
-5.939423014606206 -37.3714560294712 -34.33553010039182 15.211409694674288 10.646995822403703 7.37043895716765 21.9818807710151 -44.92360828717129 17.56808008214007 -7.886716547349273 -25.48958932276423 29.354089382848358 42.448174530024346 48.72893446194708 -40.76705424610017 
29.70047204305247
45.07551988234226 -32.157224552344665 -0.5075758803520287 26.170632448882486 24.941861473612434 -14.326312891916913 -21.78325086714651 40.37526581063018 27.040759734677266 30.272361199163186 6.786493919066807 -28.353317987230064 18.010156720145346 35.20546231868421 37.09383296478627 
27.865306407265155
-17.463200422983682 -48.90357785361349 -38.51427335072479 -32.226502323637696 33.39715737021706 -1.5781118406642065 -40.94614599057657 -42.59580148188895 37.59149952595092 8.576165018037699 -23.87164016960893 -20.322192640933203 35.73482784986322 -5.5457420346376125 -26.14798574394015 
13.271363785824274
-27.799613984669037 -23.332568816455122 36.35588247861551 14.539973443303893 -40.53147897149128 -33.00659058508997 9.327171513907075 -5.428833942027886 -28.284332554586854 -23.22328331188076 30.654423507892076 -17.621378248558543 -0.11471374840296278 -25.267127378877884 22.354775188421556 
4.79256939612508
3.314614988953309 -34.02654284958716 36.13251454911074 -6.2201579846850805 -38.551908191706495 2.0573565095733244 -16.312267494604008 -47.27257422692117 -36.74959354142361 -39.5132457364431 37.28834306571595 -25.350896855357398 -28.36092666409459 -48.69526300302888 -43.861657890436355 
7.325538931011488
-34.41143868539075 18.314652467557778 -20.280356690453736 3.063998660968622 -6.485062083414803 2.9296497649018676 30.55442190618143 -25.9353874971073 -31.86789877444469 29.774085164369907 -14.270652298712768 -1.6940694142862398 -4.822338555007896 -45.10318387309778 9.042743485425753 
85.4132281248922
-43.761442445126484 -10.180392760738435 -16.21991566045424 17.148900048088606 -40.636417054553796 -22.3677646699864 49.892914154169844 22.964953446465415 30.231940069672973 -49.04091682131722 28.750714003443903 37.48348086395312 41.35404608323715 45.860365083577335 13.654813699570177 
13.821723530690145
-32.88718120763379 -19.405618761916045 14.947964785591623 34.35413019527374 8.410681862866966 33.655409500325575 -25.177270855794998 -31.19538433190121 -47.73039278613956 -28.384713091680002 8.826342074117392 -21.512039029964146 18.93848499306327 -15.965165992648608 -11.420698677284925 
55.07013948989692
1.8942069849683065 -19.925320571434003 -46.630612333164564 12.393078763256902 24.579803988374337 -10.57673111967783 27.05240940335419 20.710173579683598 21.805110500256134 -11.226853403581813 21.085470951634875 -15.895349712732845 3.442343097944132 44.31486656928182 24.538118360270573 
13.913662273925098
-26.61888819474353 20.58115538385421 17.571191151576073 43.656763723594054 -42.33564947948302 -43.53770392391068 -3.857173304202469 -35.731790934295624 42.30872596655331 -49.6731216411377 -37.404477840226924 32.35828604257837 33.52006938958641 27.920456688174653 19.297708871194118 
18.77969594821697
30.846462120260128 -10.922165600393207 0.6578586837601605 19.950764877070824 47.2685984205894 42.27306229116306 -7.401384177853878 -49.811972885425426 19.30906896485071 39.64444742622972 17.973045305531215 -30.27344151034623 24.949300543879644 19.370209112428967 11.42453621310694 
80.15715540765142
-32.52513859398168 47.13365556012394 -32.16346101868871 36.685285358162204 -10.673143503508761 23.90505651144717 24.787730397782497 -15.08250335794287 -48.380711902284226 -6.619315878467603 31.32282160497786 28.806735940755345 -47.81090053874804 39.1577344140601 -37.13129394999303 
75.93886113470705
-42.12216556905051 9.087143932573042 -34.729805467260256 -13.481649188700004 -4.79923427578138 42.234633083561434 49.68911539481714 -26.78797082724276 -22.358606852668416 2.493516927538039 14.505069457816987 -39.56457811757987 47.516284773006774 42.13115827833403 40.375712456591344 
13.717087089388047
-24.3127693434244 28.41421959483131 -9.741117682676979 -7.547890268896907 -6.6452941909737575 -33.05389474623157 47.46851954446083 -37.343330697344626 26.748690920695225 46.46332785907637 41.7307766575894 30.261424058462012 -32.26007045526383 11.575771166044923 45.72629445320129 
20.03220138120939
41.22671655531717 42.29910400886881 -27.250856347942975 30.382277434880066 23.609340023757042 -17.784069721759224 -30.117568046406507 40.14130811855139 25.746367008828827 10.715448766782401 -19.514828096503578 29.771757126962243 -21.50604160370433 -1.0002107088281988 44.80444394958279 
6.574460072944987
49.26141570494622 24.408385579490613 18.171532222642654 -8.89929495904751 -26.0267232823445 43.10005688518437 12.510122818962103 30.28903969098745 10.410176952158153 37.24575908419915 8.779302086233052 -48.22922632415823 6.107863154907875 -40.376748499170155 45.4935136884569 
63.33891015771248
26.825670582664657 -4.1318234018450894 -38.39373087736343 31.751056316463604 10.052866122116235 -47.37563420158202 -39.18616333221863 45.8376271130367 -7.896733071373518 -41.550568043102096 -31.270249634440273 -19.6875890689713 7.055573549239881 33.57002896071691 -25.599536813139203 
28.733423316078934
-28.871080646714063 44.44442192156967 -16.722986275104567 -33.26236662713421 47.04010786645176 9.57826069188009 -39.97290732380431 39.97408479048087 29.471121729369557 -35.84721222457752 6.466473432928645 45.085564333091654 4.982424084867709 22.76297521320329 2.4082285191562605 
86.63984778720024
17.539710748319465 1.9263154266425033 35.37275411060378 48.0873027803127 14.278695280711673 -22.988644814175796 -41.128886327714056 10.622420941801714 -44.78536519345484 -48.15171583067804 48.36875721410672 -9.747405312138383 45.310255099089005 13.522186060684092 -30.943789273700627 
40.42830145079401
-12.352167550957901 29.712851808931788 30.197847603266155 -14.73542649003764 -37.591823631014535 21.433322194870343 -22.900612451088374 6.684462076890277 7.941308588956133 10.13262085558813 -36.37068887163727 7.740947284358398 17.420647250025695 -5.133609119121566 -44.25109703206107 
13.92456663186894
-32.59542392964356 -37.397503411736054 39.650161488773264 -45.560229175163215 -36.913751410475484 -27.283163662487077 46.870345440168904 -13.766168274894078 19.09456643901497 -14.652022032050915 -36.85352368269713 -15.01208945282987 -5.583730676550893 22.51747611913298 -42.207375620152966 
29.330635056984423
-34.658882861247776 -39.21401152238047 -43.97265702119327 47.21035901836011 -48.71082820453614 -45.29634961472162 -22.051836633012833 -23.33695458527616 4.9612097786632035 -18.573618838503446 -15.255436510426435 17.138483675905206 40.46035500354688 -21.391880648953588 5.260392674178419 
12.098348572802099
0.8650242204738774 20.042256978953375 -35.83877189666299 8.775376492730636 -39.809690978101365 36.513810966938934 -3.268304452497162 -13.216271390706446 13.756985366516226 42.93717784642756 14.722309205561132 33.69638679932939 35.694313823037874 -22.90744000755298 -17.315084634009068 
72.75620193709659
-27.365108015512018 -9.86253063794863 -25.119639525049685 15.563001803577976 -1.3832100960913394 -45.442027450410734 9.111537137036109 20.87996132619901 -22.209724607778934 -28.662346391835126 -4.270521830763855 -10.371822863656796 -31.266555744861257 -35.13950749938025 -2.420287707985878 
15.689229451129327
-42.98689956457541 -48.57278775816937 -30.199358468311864 42.311239495034656 21.084301940937735 -44.747132933943334 37.15519181075469 44.714750182478014 20.703931994710388 24.42676422694015 -29.028444352211814 -29.079492328355638 46.740797376155896 -31.445926128855195 47.7883522853306 
24.872053664481452
-13.40329595821703 -0.3382183229491815 7.444107042993068 -31.398267569255424 40.410005882237115 8.43987181917398 -20.37961185254983 -46.510384798085866 -30.204792224420718 49.0020004331753 14.742596329218216 -35.40949922107265 -26.92084391902586 37.088078957959766 37.66182859288624 
76.55503282241098
-41.173570847282214 -11.005393622647333 40.685823173238234 -25.15329416378528 32.90357299819931 41.50671962134109 46.29650234611752 -8.242673598870134 23.413842657287248 -3.280631737673481 -0.7138143405368638 43.14924647737462 42.54112612615157 29.87315518787193 -6.935954531319311 
28.90354654381133
24.673819191483034 -16.806201196782787 -4.47108821140467 -22.270974083825113 -13.863643096431169 44.21232509234254 16.1741208029503 -24.71227168513788 23.438243756250614 -26.84349487424119 47.98452483492335 13.518432026962032 4.157374018349692 0.7422236081781364 25.205437549322454 
38.590402593435655
7.406485157224338 -34.94317254667671 -38.79229722793315 -44.9046127969516 39.28867236538207 -5.785261708707502 -30.55728501839633 -35.113278249180524 -17.170175419007364 -29.921092989265187 24.875638705335305 -19.59990682317605 41.582972260021464 27.57998230896702 -6.695283203458466 
54.34136847367756
1.4314964528482719 -45.97169040575491 41.61900813127632 10.302629381591998 -33.92477643605457 -46.697776552467296 43.316456143873154 42.16835583546357 18.265437245183847 30.909298847014597 10.498719252975995 -25.900515168496575 21.061886970086178 37.65556511922557 16.078740301137557 
37.43383305131448
1.2168844718206557 -17.979058431174657 18.081515663842012 26.0171798644145 -49.7513666219221 -15.672530503994096 -38.31186805717191 37.280050467282294 37.847949104578845 -0.5998884677783636 14.06758602174807 -7.198911728576697 -43.03043309860225 -21.34170626306885 -17.939504776927166 
59.14858108287822
10.291277570345244 -22.560453433343643 -26.57668366356214 -42.532396508077106 3.6811131826954195 38.84490932030509 -11.388785202709919 -41.419064978548725 33.89493923093363 1.5090916930067024 -28.027729798332224 9.297734811010237 44.93368526401274 -14.56341933740024 8.745231415090934 
25.17470522556897
-19.67834226083196 7.40823464126256 27.397560162134383 15.150307785469522 -22.97574397759875 -34.548817278872725 -44.38996489100174 -25.726675087432028 30.805518448193652 10.478050887532675 -17.391273905953554 -7.827145909889424 12.532976984787268 -7.560065492483673 0.564690320854524 
76.96763541714479
30.2692561113426 28.200720422526132 33.42622194956884 -13.011656596002275 12.946941985211978 -11.171290417481075 12.818088379726056 -4.0126930418064575 38.00527963647525 45.11470582050592 27.53667517277158 -8.564143315547398 37.57423175300593 41.864110144956726 -44.31051844339126 
20.060302761122216
-4.376459632701426 -6.126270766043675 -13.327995508907584 49.94334972307587 -8.048612186084725 9.492393352481066 -46.055526006824955 14.318471541163774 -42.030638832495114 -48.72232113884583 28.96555666465568 38.610624958123324 -16.052614517428133 37.49937315702081 -28.34042635124271 
29.32741631060415
-42.28563071192251 -26.89644505526263 -6.561640926673093 21.08061647905535 20.767307227446935 -25.760542926892207 -34.931566375850544 36.31874761224347 -0.6763504514514267 16.564601494680105 -6.431372882837927 11.277150156020774 5.058751168951403 -5.718108756936132 -0.15708989677778362 
81.20286541672203
3.1022392058719035 24.225725598129486 -48.10235359306918 -1.9127288358925156 13.324200578738711 -32.69760815630897 47.26205111483024 -25.059625939262865 45.02410115826363 -31.796650235545076 -7.3748394752660005 12.066279228436628 -35.15762501522991 33.5482473743195 -1.2778409977740068 
62.85026477802774
-36.95332474901019 -21.522192636396433 -5.852605982850648 39.24359291719729 14.301776084211 -27.79496216664141 -36.95895845248314 40.432997767300904 25.614182329414817 4.146412450010217 28.490795952384545 12.10757958340826 26.349506438189337 -26.006914129414504 36.00957303169616 
8.286599722525745
-16.947267622484105 -18.554671813742107 39.59470746461872 32.84745067581993 15.25848250834288 -45.67821631285691 -43.35630417599575 -16.30610538633436 47.56044640490627 7.368362923563495 37.395988698122125 8.930367215381537 -42.083792819020594 -31.670121267014963 -10.410011003443401 
11.459015680771035
-27.504363284950117 42.71081442799439 9.668795908347896 6.091872294022416 13.33817491000314 14.139904442048632 -1.8620751277597094 41.57130674374865 26.666230630794047 -6.633519866380709 -21.427394027595493 48.817797627346366 6.909076859605236 35.65481595809405 -2.708057763010139 
66.2747242828847
-15.676463300858487 43.705979988531666 -46.13838575394826 23.39572152991076 -37.4450932549801 -38.774989614032386 1.3564504189217175 34.12091619272145 -23.436527858779087 40.86448220780062 -40.29136494287484 -36.385851558510566 -8.95089579503631 39.51381908837631 5.486911591889324 
83.58403129489356
-25.161603982081292 -46.232990953332035 37.096638968170964 24.187520900603474 -32.3441509299534 -41.11037600421735 -34.33989865016489 -36.184556291837026 2.2826571913767992 -44.28061912945017 48.73101959035078 -28.01482476586754 -42.68635291393754 -38.327310825202574 -33.48331179602086 
35.11649608014837
-6.445006642819706 4.39298979126481 38.42576803982422 -49.85761163286503 -29.43767879849444 -10.435112810172 -8.470749324328274 -33.29263692245685 48.90089246261388 18.031473812033838 21.916623231752425 -4.86837819371533 -41.58346666799801 21.59037201528207 34.948864441311315 
74.37021588029857
-46.861939018550316 -28.29254332635823 11.054354496446969 11.872100515295912 -20.611035132894827 -9.124606320695946 19.98336851640032 -34.455251901627605 -44.73189634487721 -37.54254808854588 -1.6686859967929593 36.95584093138385 -3.133713952449078 -8.404660076043292 12.660457091243103 
84.45423566088114
29.41754799488632 17.123068748530642 -46.30565828437935 45.06827403677167 -9.958973167797723 12.417135242773846 45.8287037701848 -25.15976047496997 -37.18864831758506 41.72663696098073 10.597183460673406 -21.318449832858157 -13.397516891930564 -42.23487346097755 -7.25034932920817 
2.884070855536791
41.48199114571976 36.209396536440906 43.24554283340147 6.098694567843488 -49.610220941726034 43.23858651065778 -45.26591074855942 7.8931461483745835 29.41728360394677 23.36033722432309 -38.01212835992269 37.92670559515953 -17.789775243251157 -23.491050150792926 -47.7243413818074 
73.33037206611789
-38.14996286736836 -34.236143104486615 -21.194954321302507 -42.94326001347019 17.02605925716327 -39.97509185684128 34.1348740233195 35.76465840145249 -1.6073033107982155 -30.405663523842787 19.852038755399676 42.229501683949366 25.712745812011917 -23.146507270804374 43.826726952575186 
74.32070564165572
6.720066494195841 -0.9142435852147344 -12.99527093040934 -9.736048932709707 -45.40807337430734 45.985273617024106 7.964974728985155 48.206191627640294 -27.496747878924577 -49.49549763369425 -4.63504838852883 -32.97250346969216 -39.057862532654376 -41.56821489531484 35.91624240379886 
74.8944613120584
-43.702039940430325 -40.54653953479841 38.67692101898433 42.22572192614406 27.690464798141434 30.443324836551298 45.21706156789746 -33.4591327931407 43.09026904816335 40.33552677465825 -40.39181452346897 -11.910132305555798 -34.51179672951822 35.175225745024676 -47.79301847970993 
67.21088166113259
-44.79702109682769 -18.195306876220275 26.848165321963734 47.04010504079601 35.373692528510404 -0.8692471564539588 -7.669139709344776 -41.501907948214836 24.26569807867496 47.03277804026388 45.97747494216296 -1.597214037121688 -49.77456785440943 -25.291274943011278 -40.436522341916614 
26.11022312468415
42.95177046933702 -47.38003128401501 -43.93888037833112 -20.740240096964758 38.20859625867655 25.184001391059624 -20.590414141384127 5.001292353407308 42.18517512325013 24.977294121860865 -11.081331677933484 39.507909274281886 -23.58189887552622 -16.551036335721648 -45.06748446317997 
45.62803882794281
-35.47948944730774 -41.990872590831074 -6.975409830913236 36.20700730544482 27.921306179121586 -29.15590587403689 -49.735507877926935 -31.091255793532834 29.399221896846726 20.92388465234623 48.99181315681213 -2.705975624588696 40.40351300216429 -12.59420416998639 1.051743676949691 
2.4625750666720236
10.985150586891024 -9.998990125200557 28.591674219498174 9.742028750499813 -10.380622215726675 9.859586125416406 -33.712437896091714 15.70755699413003 -25.71742852698512 3.1423783950306614 -25.736629410594524 12.241781817893724 -24.14666312056497 -41.31324474609176 -39.01357665541316 
96.39532390027378
40.239812709997935 -38.96373717615628 1.0660331623791777 -2.5158344664878456 6.592212450072665 20.59265096310328 34.152302380871305 36.16075961300035 -24.45838930508044 23.76196767290459 48.02655339625497 -45.87842280501141 23.61308660994662 37.70470124208765 -18.505703132313833 
17.664656606024053
27.793293118456887 -23.33674321114716 30.836292659466835 3.4863733787767046 -42.31040755315003 -0.17171830145154843 7.342687011031288 20.907520085860938 -48.200049381017706 -35.681291369497615 -27.150214561631902 11.144557011640913 19.11973342674284 1.088588113214783 -24.781423931404678 
91.2926281464642
-2.356306173793186 16.437130308850783 16.33857351627961 -21.63723219113278 -42.7216435354568 47.28661249503932 11.510198108276306 37.016496326961985 -43.73787277368385 14.506122939126001 40.953292218531374 43.56674099218756 47.39742220071399 25.297352625517348 -48.29093652102803 
48.364865478155316
-16.76881493588013 -26.97802830710081 41.347134660640776 48.86933400783042 -12.222828308167898 -29.161614546931546 43.65902043333175 -43.507696096243244 46.455416755734845 34.12893596315723 40.91380838837078 -48.25372948852844 15.631329328988869 -4.063070889528589 47.27139814142636 
74.26361346254359
-31.531111365992835 -0.5038906949268238 43.593143874424285 -13.062283013282872 -25.230534220876432 -37.57648278924508 -4.8406643879406275 -13.264896969742146 -40.95021124486429 48.25993574123909 -49.30258214848809 8.653791345002723 -6.680357863312047 12.780399018663658 3.644419292366983 
83.85388696993019
-41.14811256740164 14.860537937996597 -5.288411055490002 -31.837819286640247 -45.305540174198434 -5.327186259981431 48.58876440981088 -47.04667062106944 39.755969284108346 25.59996097796487 -32.97948769326311 6.835946151248976 -29.996346913484974 40.49124582056811 45.50565910192029 
73.62274929311371
32.644354439972915 17.750465628717436 41.516291234987094 -30.260340534584117 -14.883670041110442 -11.76720614956993 -1.5980943471701963 -17.470470776954414 -21.698353694734386 -9.958994619911685 21.03888089712474 -30.167994256677577 -19.42399916631593 -44.950239289221 6.804965215982271 
0.7717280465758702
22.14481681866185 -41.65001237755405 -41.396938831316746 -42.13705165466427 47.57150718888062 -0.20635997281196694 45.428041087101306 41.33933988768477 -1.5142177534319572 15.432464414286457 30.364922769536804 -21.95638245662336 48.167006717175084 35.882546216577396 -44.07375956558476 
39.26233502359769
-24.9704590326828 18.509880778632862 -37.719030459012984 14.567018801150496 -7.005917984877939 -19.179712220905664 15.196916022624748 -27.976425468793607 -46.688932737745645 -46.449519471950005 37.41298179938909 -40.94230866371726 -5.390832962978152 -46.30483535051053 -30.32268631850744 
62.814741420312416
45.774030333310336 -49.93147040474133 35.831751802298996 -45.97154159197672 -20.280646731167774 -43.01337854096909 -49.90731557498197 -15.786556705333332 -24.80551288465389 45.27044420317151 -15.927186833533725 -7.577620145725348 -31.52025327160691 4.007902342572088 6.107928112488558 
4.859542116527871
-32.8473260177798 21.375978635927595 16.097320722195875 -21.681971794959775 -45.93451680421198 -21.68719736602981 25.335962575099188 46.7089070939071 31.25601983782954 -35.057409507871 -27.288841315022406 -21.1237735368043 40.721510940312186 36.394663829528724 26.155869453213185 
45.44266936302098
-48.18350250456233 22.02109124319847 -8.604565626034912 22.606359193925556 23.493298266760533 -9.994271230654974 38.794008432780785 31.610133506927312 33.685455953108104 47.97074095625449 -36.498526643836115 24.030400229133832 17.841569932099205 29.424984789784943 14.121190614066052 
75.08343277850467
-26.05095772708189 -24.238134052841133 -39.23654985088963 39.822757452300124 -27.65580377237845 -25.99738596786071 24.619027450334983 -39.59789681468292 -44.81265401398385 -48.405829110879914 -41.918245285317894 -13.495916814503204 22.688369325032042 -38.690820594257325 46.96860335912548 
85.58566255946731
-18.99961260281492 11.6588412788427 4.530243032924631 -25.232847120787895 -29.843810063498577 11.217682526944586 40.71459961962306 1.9923243214383959 -0.49592548466439723 -1.1274257420064515 19.540501045799203 40.51296286186961 -7.193216759082823 26.246597545297234 -37.5420441810559 
37.802002841542425
-14.500729899839982 43.411655298658815 16.21621438038231 -22.324850895369373 22.558072341778995 14.492013453060054 -19.96975660049166 -27.298321731842734 -22.982947426822953 -44.12579838577291 -21.269191840849732 2.9108636022667085 46.37134385518269 46.47702678734598 -23.897149763710836 
56.35131423421538
-13.05664673840856 6.898717371521002 45.76145005193766 7.236225971908347 14.74170632619392 -17.753519186835177 -44.31590955357919 -11.791613374629605 35.426039567095884 -7.932932590490779 -23.087427318435672 -25.315506424020683 -34.30240381137726 30.0352012923275 -3.0426027804623743 
1.2892056454347323
-26.232393588528858 5.919998894202102 4.081995871732694 -26.934955325676945 -2.48756281809289 22.83783908256916 9.913691264640768 17.44511245931399 -4.493413470694627 -26.08666524860157 -5.277166093545617 46.901326107469174 48.3315744125031 24.20844806517188 -7.768928514003214 
66.73169614118618
-44.60919007780786 16.142967561828087 -21.045750336843483 -32.37411241680531 -34.08236706808404 -0.3820712379878941 -3.145053439104842 -11.550828932261503 41.94561931943748 41.66678446588102 17.47423408320404 21.11059669885738 -24.28260107803022 14.697451984210446 -49.2682839661914 
56.431989703693866
-25.659800473216198 -2.7483758046811673 12.2274914684399 37.610218611474934 -19.546642286769533 46.69600404918005 -10.850834951675324 -3.8341176715539476 19.255119312542604 19.373431796888298 -13.218397638042845 -5.80257605935315 49.44301727456056 20.480147791683564 -4.8633507061042 
86.31038896528102
48.45421316526293 -36.70131987226334 -11.635466674166473 44.76738571949281 -19.1508508354539 5.404178903655691 -41.621760495817014 -37.79495697549339 -17.236047018666 8.075257215160434 -11.483326430318506 -42.30992408263773 45.06404205516162 34.37873234032435 -6.908082269740746 
63.937323330974124
-6.83661439235734 -38.739141986792646 -15.689512140688102 -33.811587336265724 42.430939306490544 31.466023542794076 -20.672037312048243 -3.449496500066104 -45.31218017470334 12.217080393721226 27.09092021082249 -38.47967079101492 33.505737076415514 -40.67018725776305 17.13965887089786 
94.96950862618564
-26.150654594942647 7.797307862774751 30.689677287486617 -15.957044760480365 25.062100287992877 22.86824952870677 8.079442141678264 11.222914955988095 35.277319391718464 49.25652147060947 36.06651333876647 -7.7630206522295495 20.043115406735325 -9.6423282063815 3.473596376034706 
66.53922709360491
38.28195961754534 34.21115991387296 34.330646343884126 14.769358687643916 -35.33740064744427 18.435554226869783 -16.071331738226114 35.895546805267514 19.044150054630933 -7.5228587589919655 -24.90458546671238 15.67246622260123 -49.14082320692642 -7.749342619153232 -40.477341051989434 
57.59673891516761
-20.86541018935575 -10.385799822687211 12.11932008678113 27.71784085189607 -42.6937079183049 17.10856428665231 5.134191683847945 -14.53672384345672 -33.934573114327726 -2.995355205228364 -36.813421132589255 34.0626196462852 37.181239029903864 22.940696612992014 -29.63728213256125 
26.205809612884913
-23.42252950332977 -47.70534251408832 -13.819720968550328 3.246818223792239 -14.103655770207332 -32.07507640769166 28.49292711691237 29.564674179472988 -21.633865736907875 -40.97372995618317 -1.6986931383486024 7.619545202363312 46.995442995627855 -47.41405712360864 -46.043536727811386 
23.79237046486744
-29.050775823216167 -0.711858467155821 -9.613850630362606 -19.72767206413437 39.41876054367714 -19.296513803646686 42.74408735224742 14.057225857038318 31.379690122098182 -41.786743913811996 13.276691036394375 -9.442386136415891 14.339330773569529 28.356540165066562 15.221394592281754 
86.34629629032491
15.506488396926855 -15.848325469757505 38.19514031377982 43.27060903344778 -25.22594143510437 7.43165521351974 -34.19876670917478 -15.554325069931977 10.486646433460514 33.346456226850336 18.077208471417322 31.572593380005117 16.172588499697937 34.92351288262394 48.925931846223705 
52.576319229992954
-40.74831314487347 -27.05912167213411 1.816677156938404 -1.2662217951097574 -28.81294313270557 44.355834147678735 15.81246159597508 -38.736499260631476 2.631511754270633 41.14508000899072 -21.62556223412473 -11.226097189730055 -33.17410492250811 0.6507893112748775 41.41367089557055 
59.01805542518718
9.83889613139327 -11.609740377631418 -47.29480662160056 -8.921357561464141 27.194787415664294 4.775006297946774 6.048705384374422 17.407497908198238 -6.982310854667382 48.29854413925881 -19.545113757356823 9.069980510306166 -19.97210312348591 -0.5096688191710612 21.155743169653746 
62.095167692284456
26.557869880030978 12.296647646404224 13.382018464998737 8.008650841614049 -49.787467209492085 12.537435538455298 13.620166581816896 7.42551027409133 16.880561492682943 6.701467324677132 32.45596092462908 22.006794636708406 48.510312139984975 -1.4195867039150656 8.131307427611091 
37.13363960571529
-6.603838375227042 -3.894274522019515 -29.414594593402278 25.32894315275057 -11.321996074850759 -33.759501842462335 -27.97912676176484 -1.2427293587427002 16.338674314349007 -38.108225996508516 -48.06994875443856 -1.9405418331544553 -8.80884458439838 1.5470047938461846 12.036180263246308 
4.329191536847854
22.179394585517684 29.70171382965026 -0.2513177805085647 41.2145493373301 -43.22638411312517 24.13363756069505 37.50135211622346 -45.07163352987613 -47.67693551887985 44.691930066761316 -10.263260858530352 21.37699239411758 17.936099145937007 37.508290027520914 29.319559904175918 
31.667808101383244
35.789630107890204 18.40016931957865 -49.193477717657686 49.9316918369378 1.7269101308813788 -40.27555592748463 -20.730549919327157 20.697342679894092 21.58470579406712 -3.9466946447162172 40.26314024814829 26.980187489355956 -38.10205961907698 45.78231343308863 -10.951088894453498 
64.79939415159723
-18.538106444783896 18.143897969543616 45.329346150626606 5.012238901653845 -36.31090732035099 38.08785313202257 43.51924841016435 -40.84408600303047 28.780075144099754 -24.896337813206536 -12.02763646138203 -47.58737952192962 29.434210610378415 6.297740180793767 -2.397047721264137 
33.864563038718856
24.15879433297286 -21.097988502981448 34.985848144070815 21.881250145613805 -21.808300596389042 -37.12151800197576 41.28812888970708 -9.217687073728477 -36.3651406298689 0.39775575733449386 40.28009759622144 -46.15523269639324 17.602901149433265 -34.29225025109809 32.192772422186195 
87.27453553876215
-29.976705565043062 46.27210181442091 -28.666360488560272 -30.062314893648768 -28.81860936170585 44.04608037754112 10.141949216511527 -15.552240810642544 33.18576481788651 -25.62891856546603 -3.2406772217031232 36.63126187533882 49.23631227248876 9.20705720411243 33.21107263896282 
2.4441784990754
-30.09041546702649 -28.714471479879734 36.93803126947573 4.088195086709355 -3.367144978637228 36.25410913342199 -0.31165067451778583 -49.623941175029415 -0.8995338927972796 40.996724984351076 4.673152995718787 -49.67872993560341 -24.406964218532835 28.052045052291746 45.40954341690944 
23.478160108807778
-47.00790333268717 -21.584148581297345 -12.18107532150723 -14.26591752911692 -33.26013945247388 -1.9985551640303498 30.91818490913893 -14.943688654660058 -29.92430812735709 26.645356709495317 -49.164215988493595 -1.87801315742945 -3.411944637867549 32.78403918714031 -42.09565585621266 
75.81023147904858
40.45264236214258 41.79037752311041 -42.77415860787818 43.21134779337872 24.68441633346559 21.447209413519886 -20.6249170834395 18.108768906655527 -0.6866039315786097 14.148332991668795 39.80160264773828 10.815269230378377 48.60097739446884 -37.84430161058738 -6.99026522371188 
7.795636767812908
-10.754339480402955 19.60482328371586 -29.25892534524399 21.683887890826682 9.984059248884215 -17.061277333200728 32.15311679617679 11.103800555061142 37.07509902919877 0.06393876524526121 8.382374199328133 35.127383447610626 9.862373590665626 37.76052706244508 -6.100190255969451 
9.256637693770752
15.94160862017533 -3.2588714478263086 22.710956331289196 -27.510195841546437 -33.582729370915274 -35.75741564741561 -31.277379891139734 -41.66601833526731 -11.685672493767996 -14.853256644762126 26.49259820668739 -13.448124047889955 -26.581729521562803 14.36551641939829 -38.901630893730186 
56.98118298609995
-49.35152586735059 -14.411630619070458 -35.99473862416826 31.940848478362184 42.52701934378645 -5.5211253392084885 15.584109454053149 39.53931974391246 25.38718124602741 48.02009128623908 34.32295733641028 16.625586993236112 37.67274773171712 -24.05308215249633 -12.203087194783578 
37.174675831805295
-28.988600572041022 35.06680467611412 -48.89526590681588 39.574973292006604 34.70242451665786 -37.24151275890007 24.750344276078053 -25.4144005274357 5.841040267599787 -47.948296524583036 -34.15808475066399 44.65776570182143 -35.4913390050544 27.429129822863487 44.000755780790314 
94.86489668997426
-33.70954925552631 -2.144944041235796 6.516729487545845 45.86203573575227 22.83854609120401 -48.476420867110406 26.056509394528987 30.09584920682377 45.281373350260594 35.43242084706458 8.625420987678531 3.912321734348758 -45.0134996231789 32.12671700225525 -40.49672338720269 
60.2600226133828
-18.483508283454263 5.820400117803402 40.51900322607247 -40.63740152994924 48.574298027601884 40.59115324471247 3.298518023568832 28.034938635998046 -4.683303839291021 34.458065781786004 -49.98524957139545 -47.756791744057544 -7.378634012935137 44.889544355605366 -44.31172042603971 
2.0597915062249395
-8.274799045570148 3.6521952713499317 -15.768413112654422 -16.660124368997323 -13.891509163993199 31.899759227194238 44.199437515307196 6.247291945896336 -23.418369409348283 -9.985582324970743 -40.397541272772585 -2.817083854393566 4.238068711836718 -9.048946093719664 -23.83950829951118 
57.719782260701905
-43.73079985204207 -9.301577399983707 -15.983161353219145 -8.175206643071299 -44.40600474930936 44.959329875702 14.204057943826243 -19.052255944361008 16.838115223842266 -12.734668337769996 -41.95351676290571 -14.515895989375153 -11.595638556791258 40.479653531814776 -33.79582225614814 
90.66882343845785
3.208315790768367 21.005368739116676 7.2075732864847595 -4.865820953948422 29.110033750534797 33.00412251539733 4.1015580813130725 -38.83449956013182 44.15470956306807 -21.4560285466979 22.212342518928068 7.11434836390611 -38.55771190329018 28.833224530599082 -48.930112840143416 
24.479522301223465
-6.222036650781028 11.560416692285493 9.163346780423588 44.84207412988283 -20.78740975987696 -30.15119216301588 1.4763261357690993 -34.858764445911085 -14.835944652978526 39.44716745234548 -23.35652311383415 -36.29598529067164 -28.98233542695603 -27.48322000797697 -36.9106780408373 
3.9919268566544264
16.93565015069339 8.737969853423188 11.654851496479658 28.204175577720406 20.062959498117735 -42.552324364229186 35.98687192036135 -11.32268578307881 18.398443548047794 8.132909848326534 21.35971186084224 -48.552733328578256 27.30767452764745 30.843213620372836 -32.38167532582622 
33.390302292913375
-36.01438140201554 -37.0514990586695 42.57644213196194 2.0353919761544574 -8.865594154460474 4.156955218872852 48.472899744815294 -24.558869266143212 32.703504187106276 -42.17905089041763 45.983843794759764 8.456185602239316 1.7466090053486454 -36.702793187235336 37.80800357864139 
41.23304042844666
33.28159618214224 -38.50927638814298 -13.013212832834974 16.040541750729076 33.49695115051735 23.700276557587358 33.890483169262396 39.22158587908838 40.73003759239516 -47.50345961000559 -19.803645638531464 -23.43197027731918 43.34970598170533 32.60223066117992 28.203966102717487 
22.435698451665854
15.007690291747267 -30.393105056797165 -0.5223653388947369 -24.401841487968568 8.680297384916003 4.837246107908058 8.07536471734246 -11.861325831737233 -2.49605089632 35.817287888405176 30.518241253068524 27.605591820076143 -37.38486325032289 3.4907017381887826 -2.826295598119465 
7.207143853733888
6.037379389835621 29.741228677805395 27.870725917046897 -6.002565926411286 10.11485765580845 1.7351499651672952 48.33439470466355 0.8062119695385519 -25.92566732913335 3.223158451678401 -46.578014801598265 4.090727772660273 33.004101153672025 -12.822759742644095 28.162065279452108 
6.9388450425332255
4.870665378526631 -30.99854874169149 -1.757194391187845 -15.871717994762527 17.150932219638364 -4.956211921904284 -42.134915404296166 4.447674415451864 36.2396623686259 7.249562348447839 14.770637656415289 24.41095680821762 -40.000936291536384 -18.46494033440723 -0.2251083655031323 
87.04728305089982
36.64932233130229 -35.176523929302846 11.27877977688113 39.624522467023354 41.65598403053082 -26.326576123919963 4.003283084793885 4.965168682738252 -21.647894016827294 46.04360179639309 -14.414973050478977 2.4392266291533815 -32.259896964169315 -43.02450860725325 -45.309254716919476 
16.769465712671806
-41.74971891898469 18.839192169307992 -0.04701332344701825 -44.53980199061376 17.190069702106044 -12.724135044161564 -19.701012432833622 18.96153246423981 -37.80001623200005 -14.91655969561534 24.139104443635574 31.606787524637426 -46.76062016567425 38.03062017151109 17.400787893866365 
45.91160465625514
-6.5428615122448335 -11.052604949136125 -1.4613979151480123 37.999013634107854 -19.240629996558756 19.42866365164248 42.42027684397024 -42.284455033089365 10.968332880489541 -37.89923026730179 -5.616604242828217 -16.570810374076295 -41.82624160009875 30.63905451457167 10.776774589508179 
58.55088880553956
48.20979660197831 29.587831910383883 -27.05484701085362 -45.503101119151836 -2.852148073322425 31.52245462542102 -32.114647604738025 13.11027502283644 8.277602086316783 25.20643244076888 -29.303405003057026 -29.514588499516 8.255513897110042 45.134812232423116 21.467162449014097 
53.69039089600919
-44.06778988378092 -9.781627445160012 -37.61582234455896 -27.942305825555692 -24.17293245832167 27.3513989293657 -10.377258879903273 -4.485440392254034 -47.699521033177696 -45.78084692605623 -21.03472554616871 23.850108909084966 -29.81879787813981 -35.06065591134623 -35.878640011886496 
2.8671003005257156
2.9382815934581004 21.995311189966728 -17.63700890184915 36.041965158262556 30.44406505082256 -11.593227461001042 -46.64041868737754 -26.382417780366474 14.956832493016108 15.197400105800455 23.991720934091617 34.97899639179575 -23.841377534675388 10.956673986016185 -5.557899518708794 
34.713084399957935
-16.08413501592849 42.656787904352925 39.006592459199354 37.92894724877753 30.887430670385456 29.873658378511365 48.83806116457717 -33.78339002292033 -43.81321785791549 -1.825629569491305 -46.77009754841919 12.04734156635815 -33.98806557129144 -48.328339101310725 21.0659204990379 
96.46976434255487
37.488899038044224 9.609335066221966 4.707685239178808 22.63160029481088 -2.0685543077135407 27.33079026714212 -35.140017772959496 35.95782163698618 43.30190175203893 -11.903900759590158 6.849543674228933 0.7415952357195934 -3.1351281904799535 8.95139372660313 -33.72820791090949 
42.455322328397536
11.857666887157357 -48.78245062204142 5.104829007022701 -14.735199091422132 -9.54161370664692 -35.84650560263567 18.15942473464044 35.03029284189317 25.414532037474117 18.962698914103967 4.128351102945501 19.504138678277158 -29.597894031650174 9.54970938607174 25.517861663004624 
99.48524563433611
10.517181052091487 6.296894803788689 -32.611294548144265 7.366656822322362 35.25893852495237 49.619778263765184 6.103561730872265 -47.18692026270895 12.945230823700406 -38.82729022129047 16.17234253441937 -40.76883772306409 27.708715707851155 32.314833391675506 -24.19368429537321 
59.24596938145097
-31.946312831076707 21.80961923427678 -20.063467695366445 -17.427055984401463 49.41072773793192 -42.28047542568855 33.221589957033686 15.475440447004956 12.2083468431466 -7.929399255743476 -25.035690134923815 -2.5763282383087898 -38.312204198583956 1.100143674451651 -17.123624464359196 
47.62166498369596
6.019308041699368 -41.23619499579144 13.274573720566607 -18.25532966151069 5.234995970483155 36.66683261230989 -38.438215789701616 -12.469812298871041 -34.92428961148876 -0.30263457902528756 -31.25959295944475 -23.208398050832667 -2.9438204153678953 -26.621937148201212 -42.77458407721858 
20.97414671057515
18.88479151324219 -43.68445642189591 -47.631198488434045 7.548763395587656 -12.168616659498824 39.11545564005624 34.87668187645072 25.340148029593905 43.71845795899743 -30.255736361632824 -26.30513610423658 -1.6889255130425624 -12.081705764028662 -25.442917325613625 8.95820529154161 
39.37590306937601
40.070401642265466 4.074230678070954 -9.756339709946275 -11.50810911362089 -4.80915302994579 23.077400654340266 26.63638050094596 32.577762539098 -49.57301878612357 5.7096852692689595 -27.987183800248516 -21.265220513802742 -17.081862429159955 28.001896063152458 -48.53571978763996 
66.79625971248119
38.05492114930226 -27.38900995036362 32.92897154186673 -37.59261714535466 30.886704775975247 -26.455384757057132 -38.13002850490379 -32.36219382339994 -27.49100498202621 32.25912369290418 6.231273512096756 22.555465396153025 7.96938305451237 30.756661323306233 3.9234295723730384 
48.24065226307553
-7.437205811289807 -47.82977785973226 -34.26504348831429 -0.6046867836408296 39.34378848035692 -5.186176618056017 -37.16489523802468 -46.99676930521805 42.26572830436808 31.78830285536681 19.92820771445642 -41.57742786144713 16.563601858076666 24.9714112013221 42.639326430692066 
13.843039606628516
0.8293729389089535 49.584276945523584 30.855386096628962 14.215677236135946 33.685746819142764 23.51448260669332 -31.484349285569667 36.5641365348866 -47.953739148897675 -35.810603912293594 34.73975998211748 -9.988020065486978 -42.34338090627012 15.031544945106376 -48.79874683203186 
59.911433061236174
-36.055688030724575 -6.608754192571318 -33.70114150693176 18.134708910667086 -33.839543519494484 12.33985883115345 -22.052474004633417 -45.110137548939264 -25.620049907446685 19.82040150166982 13.705580351646482 11.348887980162338 11.132994543665397 -19.60950648063796 19.473984750294733 
56.926563033506426
3.2730753659677063 -2.8441017578948333 -43.85181104955215 -39.77567887720007 -8.856448051116814 34.48122999148626 -32.62738788020904 48.4542144828859 37.18701725585882 -44.32238489648771 -39.05771129123189 36.58380732474559 40.84861670668327 34.10546484389357 41.41577422809439 
34.49364218179423
-39.84088781185477
10.469253906414423
43.65742200619009
10.765770855595761
18.538288765458717
24.84718360105697
-2.7564813118101767
1.7862897978719872
5.042259290926722
-39.15859043037811
40.997813683563564
-13.39379898997958
0.47423534673767165
-25.52435781451008
12.090702805863685
