constraints 149
variables 15
13.832834148897469 -28.55749538468816 33.38334392517969 -43.99696384751278 -2.7944135951993516 39.82363483221147 20.57436796531374 -25.24645775527482 25.340177873396712 42.47210734809268 -7.220537298930509 44.050721915963095 19.4120865801666 43.90942001036423 -43.574644269007464 
72.1322584357441
-2.8040160603012296 -45.300962766019396 -16.35278871312994 -13.741989881612817 6.306148495267394 -39.12501665057086 33.23716406510829 4.330155669630464 -14.365946578873626 -1.1098330260423381 -18.317540154383327 -4.734200078016812 -47.90684482584647 -25.804599183468024 30.00666772020992 
54.60214897640701
-17.855896915239597 -30.295382986108987 -42.696719751001126 15.271359803767595 20.56196354846894 -45.82871746392575 37.651741628811024 -27.43571013342002 2.520250191375794 -20.1044062771737 23.531750098731436 27.00926265227909 19.304893309846662 -45.79847539427443 25.902470976725155 
39.224152664687175
-7.165464430910497 -20.232657475740112 -11.210932062244694 46.756995765119 49.6518196355741 -14.837243144941596 -35.48027865145147 14.512438036867579 1.163634134361736 8.840359426397981 44.68213711368118 -22.431652436808392 43.646526598015015 -42.65140409357295 -8.580746583942222 
88.0189195564637
-11.103149747542943 31.677979437965334 43.85972546546881 -4.0623029480803865 24.393386053604004 4.421852013240233 45.279461214574184 -21.364130044990524 -19.54644618347047 34.827471159467976 48.016329238490584 -17.90164819625074 -48.89743721967373 28.83278487912581 5.210895381261892 
53.8120757662796
-24.761855248316678 -13.17125811963011 -48.87813595480823 27.15802845472396 35.16179352316307 33.15655469796302 5.0656556158180095 -35.879426714537274 -29.339291471304307 -11.756179529951105 7.955319472134562 -24.72537925561742 38.562932520776855 26.802995655777195 14.964827893625255 
13.843239138050457
-29.94854141060751 -36.33981113462096 23.02048301430291 -15.924620360858178 -8.988662750051176 22.551811195814793 7.622042496186452 13.27533187265962 -25.702881417391865 -27.3788623615564 -20.078120376789855 11.522630451851391 -12.953745076453963 -37.633643714245565 -47.958684277075534 
83.4531528901085
-18.972670863150608 41.436242524257665 16.2790347848605 -37.570867128770345 49.50030955556316 36.93908885203663 2.1672640151538047 9.00791194709366 40.17925367527869 42.82508449288251 -25.74280674199668 -47.173763618983244 -29.37376849743568 -11.578155555602962 -26.934135467821495 
59.848945430220525
39.76846129361371 -24.65264877599591 -18.20738296504948 -24.612053331692163 -32.78104909824601 10.794054293546765 22.213826323406664 27.37939722565018 20.6942515208042 19.57245523434446 44.5905968905701 -25.88598845752249 11.061163387389662 -12.677980153108592 -21.525245667925507 
45.947509635057436
44.407522079882725 -27.058247873259567 -46.025716054609 -38.52482003788048 21.020528993842262 29.562379591451673 -13.659806528729455 -4.763378502824146 -37.73070545004003 -9.723469280896822 40.66247486337387 36.22373002542571 28.12658953021746 7.362898385212425 -41.98630746045664 
4.2970172403343
-39.57193017272258 -18.115124341571732 29.554486167547623 -14.92757824339779 49.95554819850831 -15.686321401781754 -49.0839882753719 2.9227486121766972 -20.95592014248606 46.22052435918009 -24.39976733238537 -23.555034671659236 35.65105261954673 -1.8980506383255005 13.189600796588486 
91.07654822505363
29.688600831736366 39.046865809877744 -14.166370163494612 -20.498837211882805 -32.090932330746014 -49.776452617525145 -35.21954390730965 22.06596485891609 -40.253561723383456 6.059177010174274 -42.35255220402774 -33.360174895794174 33.2549979159089 -5.495796846894862 6.675519903148 
20.17385083607095
37.64971421357572 30.91823787673391 -11.61223121430011 -17.317410928430853 -3.0588338224984213 38.88376613091198 -24.126307637901434 -21.553696157519788 -42.22893094734679 -24.351534171259324 36.34611095597077 -11.058205246901686 43.792781912859496 -0.08349418651413032 -11.331357450254352 
7.3412270375763145
-11.19557893825285 15.353646071291905 38.22742176736928 15.37548615654481 -28.66948285851556 -25.559412733581553 39.82147773415632 29.940588220591778 14.461398312198313 -5.796554273832058 13.171998622156813 -20.967275120116792 46.49781988049688 17.869876656635057 -49.79853136547633 
44.4295396602014
40.311562844565145 -45.356217387175214 8.409502012839894 -48.00771237891617 -37.678910500851174 43.56117311238819 -19.5271215414917 -0.4544960576088428 -34.4054349476392 16.784204791604694 -33.37682381796553 -13.002076871067679 -44.169155275640094 -17.28998871275799 -46.59390714958743 
53.70034795527483
43.832350262774355 9.915403081017637 20.102386699794053 33.99323725570086 -26.42801588917848 -30.771847444182775 -47.6088843608634 13.478794324198141 -18.93046907476873 -16.89004172815006 41.76162944058194 5.7593883938301005 -3.9686922929149873 39.05589059217516 -11.268394084013842 
72.21616186847085
45.570056072569855 46.85948324791438 8.104106209952 -24.14132090623754 -42.68961889527267 -41.637701055635105 -44.702466002731896 -5.641414861875113 -12.201682457279162 22.7012520504433 -45.791988182636565 17.087168775614884 21.37189197555827 20.086532199909342 9.114628076453577 
16.308830679070653
-5.487207411829367 2.787476840996696 25.813652432110246 13.639473053044341 1.1876197720402928 -26.72666407709785 -49.5313041736329 -40.539171952446615 25.800366086385154 46.35030915366801 -41.41048605824157 5.1888216828716835 32.116147089201164 -25.34414911954058 -8.897028850502231 
76.12605184873314
8.87944762469435 -34.984263922785814 39.65542026663931 46.08553544341099 35.83841026641038 -23.061126555279365 29.086603864503658 -25.94512792476803 -12.499981522824257 -26.080520204610814 31.44087874310847 -12.122966556852965 36.179267646189956 -6.764340076683261 -27.067585040142617 
90.25600082483346
-49.231275507905146 10.578018226985527 -37.04322586419781 18.35250210544355 13.143151030933666 2.111453840835452 -17.45795660165748 9.81715788858456 -9.772862758545962 48.46784487961757 18.558510626775217 15.31533956609944 6.491976519531342 -17.313217053991792 19.5566167891036 
50.430091484123565
-40.988678942108635 -42.73385846189426 -20.721268695744975 -1.7134791144616273 5.193394420875364 -5.746260015122175 24.691051794391754 -41.676950941664245 31.920829055539002 -13.294088879020272 -3.1922579339551547 -13.658020814002214 -15.932456749624976 39.85829773996144 -35.36985733525901 
86.30386349142512
-9.7747737279944 -24.001234067356457 5.199776165832915 -4.712836238278406 -26.039589396744166 -21.698179033338217 16.064516202568697 49.61675931225848 -19.963685562901766 15.778456642681476 0.3831972601759901 32.371869527464895 -23.228073577307818 -25.985094551846334 -20.55537131572901 
80.31598539748342
18.074136388880973 14.518281340493473 42.552803261446826 -28.251530203949493 -38.33308544664952 -0.7433624904008482 40.03088676609656 25.859445074443883 43.654908565653244 46.37549352435168 -38.47769424228655 18.876708590104556 3.7970422544940305 28.092427309718403 18.818053747766626 
62.625393592550004
40.72901100345145 -17.584161312688387 -29.884826618127637 -2.9218892820368296 -48.13813102368905 -13.39646020205032 -19.087970075352658 20.055385058996762 -21.202866651233144 32.17134804482481 15.671911655829248 14.443209777302727 35.837146739603526 48.78141779563917 -6.062838303080639 
36.126545509010434
46.532741333812 47.48450044003489 24.751913302810735 -5.705326076830161 -48.80153924348696 -7.440030481732187 -45.94780724653289 -10.143683791443216 -23.06104895184211 -34.40811530310608 21.108040215510186 -22.59055015724909 -19.031627681826578 -44.56109170836676 22.152978471319898 
81.54280867974079
-12.132044662493591 -6.599494505422179 22.012013703680367 29.203087475002036 41.91516525295475 -45.848730159663674 37.840096964934716 -43.556135862174095 -13.268870848502303 -40.09017445473945 43.00876750335328 10.079338350330936 -33.76865766502944 -42.17172239706489 3.7294786712111616 
92.59796851585747
13.22792762393604 -11.267313596332492 -33.8221173603903 -7.851846419393183 -44.98004269970895 29.11460620125142 -42.315835192271564 -1.5098730583110154 18.921716373321345 -32.331767272035236 -48.019779372882574 30.51523323427658 -35.08303762185163 -27.31275444431037 -24.454639451479764 
91.2658570390347
7.490636631198889 17.279972634649596 -0.23210131272322343 22.346216619018094 14.177639858241136 -44.36897305007624 -28.05914623319944 -48.80363457073011 -15.518336687334354 -14.567922639684781 -12.964296650375061 11.908664461651355 19.555296856366112 -10.876014030335867 -8.251037046218137 
73.09811821460868
-9.604061480021528 19.73705808836165 42.492103252672706 24.794950074885946 0.3002955247744197 -14.114353284340233 9.796135081888721 -39.59017115881281 15.933552749705584 -5.132041828745606 33.02794931618698 39.5291799532455 10.607589673841765 32.841377628731394 -18.633709288658995 
32.630088278785074
23.22585852954066 -3.311839391558088 -30.338983605430293 29.76127504385073 -13.159135361634213 43.455945795301105 11.10008553718366 41.81869295320995 21.883459697956738 -9.848053224640893 -37.46550380996953 35.25133089922734 20.861408886770832 -20.810634318025024 32.86217151963406 
18.864809686400807
-26.311984557942345 22.928936811008697 -19.952429051712507 44.84739615345913 -4.210143325157553 -45.47179283439442 18.154606678256243 -4.774860376422552 24.75594046698528 41.70553648367637 -7.803811108634918 -0.34022662725045905 45.52891012570454 -34.95454193766698 -44.34545934874136 
70.83515260220854
-10.997821589798932 23.11649188500749 3.202179105860978 49.63497650630555 24.3751733321387 2.9420710043021927 -30.54572779869774 23.89655319706739 31.732136579523 46.25973116123964 3.5088052345678236 21.73248698656799 -1.9517730204736026 49.52334127656131 -31.418151762574553 
83.24408938422519
27.18992411050756 -41.252459757419736 -3.779079723261617 -17.09259082291021 -7.53493956070578 -40.93679104500559 45.380290848717465 8.994833020754136 -11.108984850329541 13.247268915859102 -21.93219529145688 6.102145610402296 -38.412009423799 -26.490370277381448 -34.6764086280337 
52.18306468967404
-3.432548408012437 -23.53533289943297 -20.03314902593203 -27.549745446009766 -39.325806094898184 32.48413676236308 15.847607907803223 -10.916147381162368 -31.446269924030457 37.52294560045681 -2.7337988546832364 -32.104426161129524 36.25497165477263 -31.971274562325792 6.773968799724372 
50.928512612526475
-46.55851298030622 -32.30925610773823 -35.25555060743973 -42.57023917709184 -30.82712041016252 -1.446853348782298 39.90512370591853 -5.284985882463175 39.83110181417091 8.412082087372788 -43.554426567033474 45.151364460861984 32.00484140332344 -38.56418564622916 -9.631333615035032 
85.81649179537905
8.008347603648893 -10.408556879815436 15.42717605147432 -46.65045566443674 47.19938125617573 48.73135423398935 -32.71096270228241 -11.909034279668994 -27.62576713396816 5.087112217841664 43.500188195857476 -21.184401929237705 -42.743925840309096 35.43799235561849 46.36476069382026 
82.19543330025942
-11.54388967610582 -2.634113822517584 6.038160188482877 9.585368021621257 43.275377344348115 14.777883043465323 -8.070685400585667 -42.19259897777938 23.328241847809082 28.272293661814473 31.93424263782083 10.315702819489992 -46.793051983480694 -20.056506426627053 11.073757827102895 
50.45703625609016
13.269898117645994 37.865426373133076 13.784014139590404 9.498061803279448 26.12454433637103 16.763177005010633 7.409284695364661 18.67302286445208 -42.510877156030745 18.276542433183323 38.3722491549598 46.71242226785003 23.85570368034766 -3.2609306608284214 27.047744406688935 
82.14527328484897
21.740320036405222 -45.45946487654481 2.541776450162317 -36.875435104257726 6.294246592774954 -15.089580758407259 14.3783605916758 -33.3923960705767 -49.336267718709045 9.35439925604792 -5.477464358949568 43.42992635993174 11.723796764683314 1.9954798094659054 20.218669341921498 
26.143516882296737
12.675006513432699 -46.28415877118497 45.79896807084596 42.44708328806452 28.480382580725262 5.265096699686431 29.917883671784892 38.61818803419523 26.23289810795211 -29.60488637407952 -16.40613329905606 -45.43596354071254 -30.717700603584618 -22.398890570978235 3.9907556309771692 
94.93981134018892
41.31329115059688 -17.806734133941305 39.046789205531624 9.240391461626452 -15.444674346284401 39.192678558562605 48.86009110894862 27.853410515925958 -25.082349467455288 -18.060143258259764 -8.834800071926367 0.7685786039945768 -23.918586862392786 21.323708471761037 -39.713968978676036 
50.97024625154511
24.444001026632918 -33.81668337339446 -48.37357820637526 -14.502767102300751 -2.700987718043905 -33.2955789110523 7.060215921398772 3.7359444147497243 7.748595929700365 -0.47294488694136305 20.508558619614874 4.719853804730668 -48.41689113111305 45.80027183431619 47.542982744677715 
23.040468106821375
3.72638309396082 -38.43554061112634 -31.971519905061243 16.43187227322298 24.83314122561147 3.6112952357635777 -3.378303426636265 -12.826932761305635 -7.761613026330885 -46.63413802126922 22.365033595285126 44.15925146289318 13.696891399262078 -23.644982915663704 -14.331656968020944 
2.8253143347663934
17.214151017844017 -34.529329902007866 -31.35443607133307 -23.938244613628466 35.7585022773404 42.50604959093506 -16.925468860315007 30.845366937088954 21.757343389089897 34.33772704903579 -10.826092585738365 -27.486026128732444 33.018702958461205 -2.3544853373332018 -32.058004277363565 
71.44657649348382
29.082662143642708 39.2070628897294 -0.022047435605877297 -34.6327030715278 4.995433829078436 -32.42661285041911 -25.493251533119942 -45.42644197480299 -31.887820639473073 16.32613088139361 -36.24508783391259 -42.90411702688554 32.7729231034934 -0.8630781893705901 49.87500471309302 
6.128872495133175
-32.44079254417311 -7.506318269569171 -15.707579361302749 -46.970197192197546 -19.672600422690767 -6.771734464656475 -7.351008884754272 -14.236580964053616 -32.672130361731234 -35.1256003018828 12.443594758533763 -15.121520934569013 -15.542476100987848 -30.595637309288847 -34.97922159917913 
16.933670332578863
21.056440605780878 -20.962613717433843 18.734167901695443 8.747503928463942 -30.35230743753682 -23.417662168807375 -4.08775341015356 -45.0711166637477 -11.367362795945368 -17.82831665235487 12.679827700380116 -14.147984828323914 49.1923274723614 -10.736593728111018 17.739342556594067 
63.571408918748716
42.50892738194804 -46.56811212475922 13.891890360698355 -20.87027994921464 -1.0907327124988768 -46.26149951191017 4.378688862426728 -3.7067830022338697 36.64605132085701 38.36703605955134 5.049427381150238 23.956707595883074 14.770405431380937 -26.27130363117184 2.914756642769369 
2.2917659575923177
11.912808916793274 39.38588119043311 21.81596674392054 -43.83084254145561 -9.222312750303573 49.913580349011255 -23.25435714976527 3.468350032217529 36.77027992514617 39.211629050596756 -40.221088114698674 5.594100027629878 -21.587411892525243 12.800691366645076 2.6256415400783695 
12.85203633879397
7.068607687847141 -40.72065755452674 3.489774440364755 -11.707685644023378 13.987210982415156 13.389133221179627 -10.777312502023847 -9.787679986843678 -46.215565478182384 -19.97092066439675 7.6833722638340305 -44.28346574079093 25.225112681206312 -38.91947072254626 9.768837309382064 
55.563641172808055
32.52715172591627 -24.952088629681445 -14.245885200692967 -16.011969497583557 -46.60000648990557 23.290383053770228 -33.618128614133646 6.264845220429649 -6.357933558630926 36.01393274111108 -14.432525600341307 11.494761042610705 -47.6396173767271 26.21302781445067 28.636182792749523 
8.416765231042532
-43.26138073436625 -9.604578200322798 -42.31519931149474 -41.98585393315895 -49.231587097826115 21.19326521324581 13.961050549535628 -41.73898684870876 38.47177199101779 38.858225870955806 46.07958774142739 -16.436342441295196 -11.119135472109143 6.157794896622271 2.444426739615359 
34.28311459555194
7.404704583407707 -35.665451157516735 -43.57667788042906 -29.8177086909987 -33.799469878381295 16.559619304862238 3.6203745888195087 -14.276885054476686 -35.21907338367435 -10.293785804442315 -17.980970270038924 34.84608949658511 -38.673894797743415 25.2884756611069 17.81826375249345 
28.196795263298025
-24.966067410083593 -13.944414705289773 -7.539330338283776 6.720807832197451 10.328660561350702 16.000490562151285 -40.348131833687994 42.130581766145454 -5.137449691493721 -41.562795574895574 15.09645348442001 26.95487825499636 -45.01713024285885 19.32012033699199 36.226479406027664 
94.71332984131317
-25.299935192320866 -38.87665791988344 -35.62572384420072 -45.78422317921602 -2.818913674148341 26.367558430832347 -2.3578466557765836 31.068058153439296 31.405285630962695 19.276517243659626 -0.8526681904404967 -15.827085755961143 20.858411874489462 19.064679686069255 2.371242537340514 
5.346786255734837
16.003654103173446 -40.99783100636685 13.018073003377516 16.130199710944808 -32.24312128944155 -18.327305417672825 -34.911702886676736 47.451596706069964 25.306520402552067 -27.265430771674136 -12.201397655877564 25.011378289188897 -21.64313939419513 -16.985386145555523 -20.469491800164864 
86.08503710116226
31.23672507669906 -28.090890096504516 -34.834320342779755 21.901275415384745 34.30385695608213 43.83564216123884 33.96677591833014 -26.167010264476765 26.688608098919744 3.8740955601461167 16.58840157973664 11.346092744319122 -36.341254691997214 28.75465114284698 -38.146445622749916 
84.98314739516131
11.750555523072329 34.99516782520483 16.606725568222686 -21.384175979172948 -4.700336839316698 27.25982446243374 -4.7444197234523315 -18.217800104102533 -30.8817626190912 26.905472548550406 49.538951080252176 -34.86799843133951 -26.19637779111157 13.201640816284275 13.609632341399468 
69.83487509169828
2.5266163326218347 -42.145288095184995 4.696275531457104 15.263815980123795 -28.86402951266084 -2.763729628260279 5.409422981902367 -11.652058801943376 37.02891573231618 -33.889807131530205 40.182556413441475 2.695778622647893 -43.52414151838676 11.672557322512368 -14.610243269369342 
5.922313410766911
4.950605012434117 17.363001724628475 20.357403879902492 -30.429949242595455 10.505807529066914 -7.824324803288576 34.78809187257606 17.596375390415247 -33.653420127017476 23.092443591227607 -42.95926704883477 36.60654406608184 -4.506485031476856 45.78061047078033 -42.738395198381085 
63.84364592694433
37.78962870720376 -38.15816436317533 9.53687952789197 -32.596064992626566 17.49402043918711 19.66857677089571 -31.96208487526323 17.227927431645924 28.318329221925325 -19.641174992830745 23.556450342365792 -4.875279103897242 42.000361082011466 10.159495098461534 -41.12244459812062 
7.419031553211286
6.372495741494731 -23.44668209038604 14.113976020380917 44.767410207644616 49.37083929891446 -23.62633603206785 6.426357698819189 -19.727761318239335 46.54429060615416 -8.773820307350121 22.479524716151943 9.229020449106976 41.36102113731832 48.01575265842358 16.535838605732366 
11.674606754049544
29.973144740677256 -39.478224766702475 2.262413293558396 -37.63902464512242 35.08859864116593 41.73421241008252 22.129742232832513 21.86123322465025 -2.7874029211675264 6.057559388528212 14.705099755388588 17.221532279688418 5.759237961173426 25.509272294284983 -22.805170458665668 
60.90463106484882
-22.602816236608035 -35.316242233817604 38.265422951163316 -37.27213045523613 -35.51844970923281 -4.477377215727074 14.474090657405128 -38.919684051467144 42.53750245346984 -15.173684465936518 22.56528593119097 36.91095939479936 -17.500732067614557 -45.03809765370568 -40.55955605953477 
76.81173940977804
-39.228428516962076 41.36621338226027 41.78393333121478 19.97634961581356 -1.8311741094718101 9.213126585700174 18.12909770843713 -42.10230432121016 47.40061888815748 46.008300790228276 27.57391095966541 -44.626030214134026 -31.98961117207364 16.894195384631686 -18.59332510085048 
26.725322824804742
37.53741136102029 -44.90725950172314 -13.422115951088301 32.080112775831864 48.1605200559233 -38.81743086302322 13.25522069114141 -44.828174832450514 29.195270814324687 1.8022150800502175 32.624385206187156 -13.70532456527085 17.55455549223973 30.8902770843778 15.64925073254308 
61.89804131115299
-29.354125542023336 4.718005161868568 -11.319336689821057 5.756833663705287 -20.83311850761089 25.739352584259578 -12.396091407726864 -24.263017473064853 -9.126013183300245 29.678065598601762 38.64071705494378 44.88222910765654 0.6371534108827035 25.29084117732468 20.972420629608607 
35.88046211367717
-3.0427543324240602 6.890248640018406 34.02667619149871 -16.07517148751576 -19.389342476218495 -14.019508068296119 0.5709310524705487 24.566956108016484 -12.80089214220822 30.253748988277025 -14.318373165261548 -9.633443926239558 -47.879102872840264 -44.28573473477818 1.208853951476307 
52.97380479770032
-46.156896941355754 -9.158046691885183 -4.467973250308198 -34.26215433129573 -40.65746384736233 20.47678485930146 -0.7971339417063845 46.01687529377327 -25.803484427816525 21.499768345342474 8.497806239710535 -13.927790428048766 -30.957157045632588 22.405849729631626 40.95267776040613 
96.7608400629745
13.99160573870207 -45.491396490321776 -10.37166592178361 -30.802016786996223 3.059731100784404 13.786131831947202 36.15668004379346 -13.85684632154095 -8.18749478244878 19.272070901658438 -43.45770879252305 27.070340340671123 3.1345390804502813 36.41519687472994 -31.754369027332707 
88.71488939564122
-21.584074743358485 31.97559428587752 22.249672624229447 -13.65327600371645 -35.57231773685524 40.79495658084433 39.61245777108293 10.101552829003438 29.773765284451045 -45.82699585360277 28.433957940449233 -14.591195202675486 -0.9547204625449979 -15.398307694909782 -5.783646238212839 
26.886965046268983
-22.334208512720988 22.253252957107776 -25.727365468763274 -18.96589477225662 15.904890201194391 -25.112236534906618 -14.86075898828473 24.623392705484903 26.65048090120608 -25.259593966022898 -29.12584079333842 22.92039473106938 28.268504504092277 43.46813249687709 -20.327218335211406 
54.67101829647134
31.242161193422575 29.379983242383815 -23.59048375749453 -20.73399154130715 25.27086753973235 -30.055174992057943 19.513999125670438 -44.43013372763512 -47.877420339653085 -13.035180407542647 -7.983532607502809 21.60918329356346 -31.228685096090135 -8.1775379453956 -21.352307179810104 
9.647338482414902
15.215020441324185 -36.14645243723096 23.554634580646166 2.129569217077922 1.8572124823724963 -33.83202348910356 -13.506272187340905 30.56447543681844 22.449090809340547 -19.865171792895786 39.28955038434498 -18.38499259576738 -19.67288305470398 -27.732354759626443 8.897353948528895 
2.504046895862866
-11.9556917964697 -44.60953705807648 -21.41623738239118 -8.703273590708804 -36.51817841790871 -30.26544425634563 4.540663369757013 16.703623331890356 -0.8593784691018485 -10.989489165930564 -8.326823446103596 36.756067943610134 25.55137648674581 -48.480343870626996 -0.6466909661632627 
76.03674144210848
24.603958913956575 27.01352316975823 15.606696510964198 -22.894125018579192 -25.913784310200562 -43.72054432763552 46.500629591705405 -36.654707836039094 20.834976389893953 42.325040240981465 16.42734214155982 37.6496574205015 -13.359471324068274 29.553595587277556 -35.47271835120305 
94.22624958648902
8.409079621405787 -19.532544575165765 -47.327060849632495 39.221668778595685 2.075991746924778 48.205302892198006 -28.76548641141321 -0.0241255751951428 18.375890889630583 47.61438925672043 40.274514332469934 -47.58898563208322 27.813982512876095 47.57794475530221 -44.13078895984236 
11.394512686280256
32.0462475854258 42.962683788358575 23.930520730771477 9.872926663769512 49.36440712752869 15.820765489523609 -42.79715704627171 39.15511649005029 -36.905112666910135 -37.62483634317154 -14.964983897875726 34.93030074248021 -46.540735704349565 44.83692151529792 40.07840781829334 
71.43859947279702
-44.193072430550195 25.247242118086234 41.237928685241215 -30.331324576444008 1.1190734331563235 -47.693017861953635 -11.996469408000443 34.539187270024385 -1.7037328547280595 1.550571370309818 17.715520794150223 10.727703072375093 11.98028430238275 14.240973462501799 -45.6321640435607 
87.14283303748088
-25.47596658186547 41.00678338300594 -4.770820985132971 -14.007681714755435 46.21179922849777 -27.487877885333912 39.86269705648017 43.981878618508546 3.945215069706933 31.34450491102153 -34.949321963113604 30.386656608765875 -4.651265094788556 6.825408131000167 -11.31847815534367 
49.56905292865841
42.61158549012258 37.59274133816437 45.83200144862701 43.97391488889343 18.371536269318483 -14.42593941116462 21.07865607517337 47.71392930376439 44.559039826054985 -0.6362413596622716 42.49787621418463 40.565205146684505 -15.641404470730357 35.03712098382675 44.86508220288714 
17.524999692983144
7.307512375002965 -11.921400908913107 -47.76085188104548 20.04060773222868 8.040458279923357 -8.62881367824707 13.41899397736659 -28.39954161427267 -49.698473358121184 -48.911646706060175 47.685096041891 22.58547639881344 -10.416214565106522 24.849478537167272 22.78938798944013 
37.11082409673554
0.1195827383664323 -5.355709363172714 -7.6671586007706765 48.045160070620724 -5.066832935252073 -49.19866344001432 -34.52919514054234 -34.523449532322815 -18.719566303914746 -17.329985288609898 -31.688062048549316 48.60127664745558 38.038921854744785 -33.29470224091689 -16.572660282015875 
41.3437173016903
36.474441217923726 -46.711274324108686 21.562330355812378 27.97261197766059 -48.70098224156171 -20.11115801281558 -12.055971408875443 -13.439051136039616 25.048090005726465 -19.941252091097873 -45.4962758120857 5.343832241839287 -44.45678298653918 15.28797315176054 38.883777279854286 
79.8606746615384
-26.430206180771755 29.87043249962791 21.27458040153985 27.225082133484207 -34.11241517889688 17.7197197318538 0.9279147586384369 37.94786785963453 -22.69485830518154 -5.542446566034386 5.6187717348359385 35.44563100210084 -5.212509066968494 -11.87928201032723 19.37851905626256 
28.699373022296115
-23.570310088118983 -2.523654979879886 -13.501904594381287 24.48467436265159 38.61722333019641 18.2049704727514 -16.899368828228432 12.176953119299682 -44.19259135278389 4.105267375374375 21.508742933804953 46.34240450813756 -40.89568134964486 12.993929399409431 -32.817497246735506 
30.157186113616884
42.16295819568846 -14.881311503966046 3.1798387323107775 46.15451946896103 -4.053215571382438 15.672010189296174 -27.10803298458997 -10.118661163889655 -2.5241357904686836 12.387516833018694 -31.76782412843392 36.753228176531735 -28.058711249826708 -25.77931452318761 7.507086819069272 
12.728316424322427
32.424751188231355 -12.239987616800704 -35.12468793200764 45.37794566167621 -23.049548598583925 14.284235811928255 -28.400807514309722 43.51385601020638 -11.290244919569872 32.27580947389343 8.221085011192855 -9.261249698583796 42.03740078053262 7.720360285314442 46.34644166317716 
41.11905026767565
-35.91878313970348 -12.333657257225681 -21.108263842765318 -26.364238073053446 40.09567030406896 -48.711313225540955 -1.5439824588112074 -3.848652101862605 -21.097172141304256 7.094751958915694 44.900723709455704 -10.662453666008574 -25.697417075677553 -5.0696276182993785 45.273092517163235 
46.34114721226612
8.077293693880819 37.088443031122935 11.884368465634076 -5.078321068662952 40.72425337342679 -15.908128241188798 47.65469521770669 -14.622887250151749 27.16269726778644 17.61737265363594 31.762461681727117 -10.219406814712492 -23.59967379840232 5.546045262607777 23.186574449030545 
85.88334227182452
46.50763884852242 -47.72877128005344 24.905940633056517 -7.504158619564649 29.236571029768058 -48.83632057918006 -2.6787655110797743 -17.75851499090355 32.233324019391745 25.488598541732614 -4.110217370169934 22.28387472804208 11.033462769835154 39.08860282856287 35.01520623665492 
83.96098693099799
37.89067527985604 -31.208718642568044 47.9092179524707 18.216499399684466 19.978880898735355 -43.23054718169185 20.44374725981345 15.300522939804978 -4.379367136632581 2.976831952051839 25.937407248236354 -45.58089565840895 43.93304287358204 15.301294650153082 -22.628987842414162 
1.8438044201707027
40.64575855545024 8.222503048608523 43.702692050240486 34.44979733075711 -19.166212852368947 29.53015527080335 47.75391980713792 49.732834715847176 -32.07875674309918 -0.9463319226145046 -25.43644721551449 -26.9374168737766 37.55036334261824 -36.626369080239506 -28.84225822368641 
88.26177339543233
44.77348199437837 6.129891238347341 11.359395592006003 -1.442311860889447 -6.486184020030663 4.810683530251168 32.561609411957775 -28.465481612652543 28.354323828777865 -8.19827130192813 25.31530009656018 33.922175160548974 40.45210666043981 -40.00624832422295 -28.867966822456037 
59.88913331817242
-38.260899986044535 -48.60856694805612 -20.92116322102109 39.963969707431716 34.55811697403924 -19.063700794539095 -32.457443501474586 26.792243290646383 47.49659522566728 -22.849373733478274 -26.032899755285655 28.642410977749705 22.4186047591662 -33.771074916106436 -47.58230792166742 
61.90652718051937
22.559064468234666 -13.151865160496314 36.50206332040693 -20.201538358576354 27.03229995123357 -0.7628237948910623 3.4792353762872708 -33.965563605915065 -16.779580499396808 43.94104717679912 -25.687603969161387 19.487712555192047 5.245226795813537 13.23415912924333 23.973103955414174 
58.6412525193602
34.09071346634043 21.28216978779568 -43.52014635296673 43.1192786295084 12.931382787227719 -2.0789067434355175 19.95482197833651 43.660613067685304 -40.16494870546957 -14.683030134523847 -1.5916199079539695 -8.396253477076854 39.24691102650148 -13.211053164031817 19.011760561275153 
4.285646795972853
43.52505679128387 2.7231532853277542 -43.70597133997152 13.713260706148631 -3.714125247075607 -10.22576798753957 -1.9997117179331028 22.44881129853472 -19.569008048674686 -3.554005353038228 -38.72613950878551 -27.143093663891527 -24.534213610644862 -39.3378587110835 12.375922435653465 
43.69359745551631
-38.91729514208182 3.0825393351222488 48.33189221103335 -18.525498440798437 6.970973778480392 13.690106822041216 44.694627137318506 33.141176290530396 22.42747413344061 8.56781285045286 -39.959726707437596 -28.74809074469168 -16.418046913498138 28.804934380441168 14.863392825549496 
93.2551744312045
-9.08708188676578 -35.883850808937844 30.213787647325816 32.36102032984675 35.2189022273315 10.0266239321139 19.718188875563527 39.10764701971128 -33.67692827723215 9.370786201243305 -22.444200346051268 -20.072477709304216 -34.47262775372734 -13.62800632846416 -5.492561968522956 
51.84939626903472
20.195770173473647 -45.28518193829517 -35.62620350085586 30.929553808287878 -13.165638936352153 -30.20873956815271 13.859152796932264 -43.91222023709411 7.6494402221237365 -0.303334496344668 0.4426209635096754 -0.2695761842608988 14.80287733159551 9.57068211644544 -25.19019275870348 
91.87509634545799
16.447458225672364 -10.47683341291409 -2.9064557085627385 45.44846380982224 9.113103158277944 7.6543756074063936 29.47312980978873 -22.989301086058944 2.1281705210250976 36.57342254856107 1.607291904064624 29.36717328319999 -28.50168301966497 -15.661544726875462 -40.07310568006033 
80.35995250792635
-16.97128177467505 -41.11348875538351 -33.01085597257695 -34.41122164227078 37.4636458497487 8.790625649157725 12.895871635940196 -48.10683459834294 -5.969219387331691 12.576215362061852 37.20424560139443 -26.865684879519858 23.015828532520743 33.84832349577658 36.80902292857458 
80.14760637756918
22.856373947434165 20.12587419599629 -47.04874724296172 -37.306631091848 12.732087742592867 -0.4514549586193226 -11.190878400790872 -27.18423356498072 -22.25818081491866 21.516474129338405 8.052416700288909 16.226608608677154 0.4962221278961749 -5.157502426294634 4.292851247920339 
81.16292819335321
-39.68198979480895 0.14114100391686435 11.538268797428707 42.62421965854722 19.230076681661657 -8.051804458237235 46.55958390056817 13.977248182010271 42.52510567336407 -39.540886990921805 35.50499503435046 17.623375549711255 20.948496980472527 -7.205890216939757 -20.853099968997967 
11.755398140461503
-28.610227528540435 -40.65765985847722 -46.17735945178521 41.18786270045014 -6.5341180362354265 -47.99299580485711 28.431015105127813 -23.173045125542835 -49.506905892969854 18.067861132957432 1.7722927532186645 -29.447012671793328 25.082489085028897 -34.10290247673201 29.070216651332714 
80.1206168288789
-28.042712312340544 -33.09097433182099 11.69030254775236 12.138903765691424 -46.42140611656338 41.89366595680613 -30.130550983151693 -9.724596603941194 -2.220653403652925 -0.721259642673985 4.697758434828273 -19.464542159485266 -39.15536827089248 -12.115807831319358 -17.355841989812802 
95.79993970677702
14.339712965569902 37.3778234212477 43.59324547591075 -42.2383025743476 -0.52453821129658 -14.089779551134654 41.661537804639934 15.982976217277312 8.91415445563559 36.30163388774082 -23.01290428560855 11.003169858027121 -37.343146602580006 39.673028781658786 -33.76271142232258 
21.25823317352523
42.01690696664744 -21.44194197757058 29.755197006568636 -47.96987370498308 33.67234456981252 10.302221638400667 44.06601906560675 8.726743852964788 14.403268965567463 35.9500105963987 19.89051548736836 46.49974153030166 -23.64141449848359 -20.159595745761806 17.863419644661207 
3.5397605879654903
-47.44027231585144 0.7755478704621126 6.830442567091744 6.345528198445507 -47.16271226296632 6.89704141555049 2.898318511188357 -18.15458539244875 -38.490235128738725 13.298755113578842 1.3381075303231071 23.45699055969142 -20.148086537670174 -36.07536753062597 27.99276668868488 
36.002189976313105
18.763460353347213 37.44448839896518 -7.984243052471754 27.852725851630026 -39.962769187181266 -29.429686222923745 17.56826070905163 27.762400431922543 8.239022460073244 -38.32986575952448 -31.471649833883465 -21.44996446444598 49.44984059821587 -37.44395657957996 -42.683766950401804 
0.12872865508948284
17.984361333744104 26.967485439247696 46.61547581678613 20.33420003492232 47.68783386244991 -39.45953030348881 11.070924388577254 43.58701751844009 -49.47316060504594 8.947881056969095 24.9697318964037 -35.36946184666824 21.927670033893847 28.41560468215934 -18.537194241261513 
37.41838253391266
19.679324668790287 5.963705160468145 29.059678088528102 -22.317625777959915 1.206429868699324 35.49144240210525 31.930601331747837 11.793805987882997 32.630664107732784 10.219407900206654 21.975497667423056 -15.761962110271575 2.2775381579017804 -37.97834743260047 12.670105989993509 
1.3543348827393609
-18.85130408995881 -36.17486015791247 -12.624503726880377 19.95002780018544 -26.631887363745854 12.52344993030895 -41.90210613283362 -14.020023136048756 -9.276044032265496 26.746144488701688 14.611533925180538 -9.310554555849805 -32.83395774090472 26.34477692755769 48.408030802807744 
39.45046468012606
1.4821743461539825 8.601018535880215 41.11156599150077 21.978847567330945 -20.635070321472547 -0.06806085364324588 -47.20005722843364 31.700978139691244 -20.306318088513542 41.26199448643044 32.09736340276429 6.74663161647571 14.095015241311984 -39.74920224258349 -3.044456453396961 
55.375969524780345
-16.292116642058787 -5.789678360690772 2.715579633253185 -15.393924961636294 -37.43178191518469 -46.185357196823915 22.343759501781605 -27.61579845747234 33.14090557508695 -40.400070866623594 12.660269756357309 10.862163030161007 6.265410908356905 40.77189693398631 29.930574928652163 
1.1581370688280135
-44.85547529208061 -41.0175611316568 -11.635019333292881 -1.550685619861369 -19.005942709231693 8.506748893564009 25.872706715601055 -9.67920501982762 6.584542689985206 48.64669782595523 -47.15744273464508 41.003155643415596 -36.85567112342692 44.20585070023489 11.773063802669967 
49.46321207367378
-4.0433139452474975 25.525935611986057 -31.749228966059817 -49.73056235449397 -35.528153052183875 30.844215823244213 -12.923913896684383 32.73560972467541 -46.13179399880815 -39.37433764715733 21.26191653932227 -33.946754696609005 46.735147077500656 -43.956590167657254 -43.81889137914242 
95.95542241839046
25.91325922428095 11.92545970601617 6.314460687932311 21.911620833925866 -7.483986383164606 48.25520285742388 -42.148137412778986 -27.064721390673075 -13.229792491796502 -6.292241488504061 -13.17507024059504 -25.207303049934037 -6.449206111878695 -20.27622391852234 -40.49975182414881 
41.73409924058571
-0.6510091561806064 4.26676105878655 39.438112333219095 31.824520464423813 42.900835110190044 0.6796195661406443 -16.07749820772294 -23.46559934850516 -32.18334977164204 38.95058734054254 11.393702788205417 32.456629373028235 42.29014126223632 -5.781761779976293 -38.9341276223664 
5.848947089100587
-41.67084136579863 40.48983828518948 46.08755215055912 -30.842441376607766 -39.06159740128845 -33.68318710514875 22.403951335303645 22.75987605982324 -13.702324207212456 -36.434378188066596 -43.09439596844231 -45.12863479309224 7.217512157455765 10.441902872213518 -19.501242149998042 
17.89342013011449
-5.98264228664889 -44.42977498522761 -45.591333215596975 -29.563670846776613 -0.5403115538771459 11.201365783229832 -38.67227504547968 30.83334170690179 -32.51317757357134 -19.486455370920265 -43.0538534399546 -49.831085638900085 47.24533578541154 -23.50643144206247 -18.04628878974365 
40.67623048368858
-33.75356360054015 38.02837638592786 39.77684843298313 -11.18384596096108 -20.501237760785042 12.607040859788285 -8.88387252260977 41.43174804559932 -34.93649402192528 -45.57228212396842 2.774993373695331 -21.920429232788763 -19.28009923369558 -18.276287597649965 15.321368460883193 
72.97098794568959
31.292534575108917 47.76719968458339 -38.200441016240575 5.91373858450973 21.680112545467153 6.278816313196813 -21.989397999682737 3.226049901913427 -13.261361843424403 -6.1342400692180306 -6.194923875908096 -23.197354458972562 -4.089743893325405 9.630620058652184 -15.616906876237202 
82.3439539587587
27.85226559053271 45.23770305035866 -9.227987550836367 36.21695741426264 -1.690899524857329 7.493087701052289 -10.54681487590694 14.498035731252045 3.0833529159192494 -20.110739809922606 2.534848900596117 7.455311972087777 7.200224982667677 -10.415382134141069 -8.08099037525404 
18.05992845877681
-28.776993311706978 -18.067231044287034 -26.414001200558445 -25.92721901137128 -43.83445718731414 -44.05404104488554 21.421127614564455 -30.164730738885158 -10.439125483191845 -19.028382550368782 3.9336688850305634 -33.900404131521576 6.983543994782401 -2.6195547604892155 11.769159262612703 
54.06625246049117
5.686319556048161 2.2090532031407975 -10.908187315251574 33.25330761300444 -39.99958496833423 34.469675482132075 -22.285412643735924 -38.09584381383839 -48.23850179253365 4.234002684798156 19.28028524837866 13.347458357722594 -36.737866890492995 -45.38225431135335 37.847786958051685 
12.054952459335045
-34.90549079694435 6.437013165705984 42.91332206422628 29.099928508973875 6.735679408673036 11.577185204155995 -48.802510778622555 -11.698848438113295 -16.159297849871656 33.00944697676805 24.454478757807934 -28.45595509548454 12.947483621856968 -23.090309384858987 -39.88925984379114 
14.60298865147971
-8.339710877087903 25.479052604927176 -48.2838463547366 -46.75437777809839 -39.63276250888854 -42.16518363753181 -43.00850402530766 13.482072879170929 10.160379417339328 0.7350434084076909 -27.31819484464082 39.52902380432347 0.8651812751496948 20.919715778837727 17.476010430185823 
18.390646460195693
-37.05042565078635 -43.504202777881986 -33.07098922084482 -9.084629830642236 -42.42898637559277 -13.936918229118447 -32.37690755029561 35.76954638685886 -39.86679131548216 -48.82769907228782 -18.268527144317748 -25.023935928261643 14.462538460983737 -19.773606474719685 -22.302609781660323 
77.49803784091083
-22.92258045952741 10.080494237659387 -12.08189332316907 30.804686624852522 34.01215687264862 -34.63438824641537 0.12381503337566357 9.438584427187621 26.27012562082011 34.955589829162506 35.56734080671514 -5.689549511588588 -35.78062948284821 -19.983573380064357 -5.808757539789887 
86.77974440246139
46.1070521754002 18.721541213610053 14.614731571098204 17.53629666449295 21.35736803817865 -41.013793918223506 5.083589951701086 -28.11972931273281 -44.569058083036325 -7.531257817075101 -49.54794784047421 40.20479185214262 -40.23812038435789 20.605756983388417 -10.183575890732897 
55.31756732680779
47.65205226756166 -43.40687301667951 -10.404058840582472 -3.30508337197967 -35.009643004452684 35.9940175750788 7.657206433115057 25.843600305269874 23.27808140262991 -26.95025015757907 -44.49572232971561 -33.34710530224352 31.679675297993086 19.78882434523534 17.607307643124756 
59.95141910494344
-15.31835492820941 20.67401225519798 -20.381631437618154 2.4401780724214177 12.430417673836047 6.796862152318674 -49.47608791624896 26.755401070581314 41.93343101827118 40.523615909623175 37.709096401514344 -8.378278721564122 49.04591601178129 4.015926387904955 48.45994452964668 
28.888323561384166
3.5291373297436905 23.194425303707135 46.605159052842524 37.69765722015252 22.45413931380628 32.48263819534681 -11.199868780387803 25.118425869937994 -49.1616568508322 15.063305268837837 1.3814936060545833 -32.71849443173798 -17.359426116582455 -1.6012935425645196 35.77134159167876 
5.38955620473478
20.10344266535688 45.41109584440548 -41.913956798098795 -3.071950609946441 44.92022494260755 -42.01110677614782 -13.094693099288655 13.987541128687283 40.81672450168321 1.3788396375161796 -7.917014520512403 17.813977367070493 -36.12317056722662 -34.45621849280266 7.031871877092868 
41.535901807532895
4.303777341531564 2.7103861148210697 -12.909482105612966 -18.52554809689281 21.29745804423834 19.10049839309592 -32.61912364706534 31.52404477478288 -38.65870577683764 -46.76549937375033 34.99137748655602 -5.201292826389825 -10.569416436349158 43.214481217296324 32.37080885827078 
72.07103741100869
-27.36255483327721 -28.96041303854461 -48.50583870914864 -42.512213989576544 -44.10422802278162 -26.72454459851957 -38.33764033893811 -31.371884039310526 -38.99708037666826 24.294175825677627 37.723631674651614 0.1775964139213997 21.573102476315 30.820712445760364 20.054980235737816 
18.323038519586355
39.040759980202594 24.66629474135091 42.81807354044133 6.430333256533984 7.800457157200846 4.298827612315115 12.80458780997482 31.649394308022863 11.183125609690926 -44.705182627072745 7.6118750118734795 26.797470556623566 34.20678432621817 -25.263042792851266 -11.059451948530928 
72.20402115111436
-26.09689800929118 35.2659606803645 -5.518566441102536 18.157394473634326 -46.490509641694665 -49.235200884931054 -19.83996494367456 10.175653657196392 -37.07031082501375 47.5480256635725 33.4325152220424 -33.469185396810374 -45.39594864579376 2.4483930027125353 -32.122079672725874 
10.287889195444034
21.294081891446965 -17.662484914458943 39.50719794870737 -23.422906986541648 -29.726007161305766 8.386844589774569 -3.9896989207946234 -0.10035144682982633 -12.964620713530138 -27.230238065597312 -18.411491924902812 35.974611465130096 -49.150639217315565 -44.47487269353195 -27.93021247726172 
87.96622507931748
24.393840318593405 24.947162524076887 7.680905553570753 -12.11172025152495 -9.858202826175258 -43.86394904722283 24.150698951390964 30.56404927574218 47.31981759002777 -30.76180804782548 -43.25528719706207 -30.272659402442525 14.984354594310318 -28.575424735552847 6.382263696152265 
63.682303620997224
9.12647892800964 -15.199730262223277 12.162624155020417 1.3965778403689768 -25.29583026396559 -43.792465095526346 -29.572026481919856 48.984509372807 -42.88553187518416 -25.72035930821974 -23.083584638071763 31.244061638266572 -8.143877883818305 -35.878052920487775 45.60918824778517 
3.2432104481861512
-24.003402986864497 -9.358611238686457 -24.447998686761462 -27.091455820995648 -39.45438046993945 -22.184998172416226 -4.7688460915887845 7.150867931756075 -31.049265558280148 43.08268259074781 13.010930880147733 -8.73035212761755 3.6685910557389434 -46.43113331158097 41.68951895510082 
14.210116388243765
-49.871031318209816 33.98241598934962 45.40646778084175 20.7039571776278 25.396868635357606 -5.186569610266012 -22.064487387384514 5.406470942800503 47.45121255441353 3.8403472635052722 42.822375441419794 23.850143445543566 20.237043263091266 -6.019883484278509 7.877872179272359 
60.366651951344444
39.51134643577778 -13.841141864745886 49.21253910039698 24.086246570528658 24.990925395625823 7.14987614483141 -16.700327897003056 40.705612499274224 -24.575962116804362 -0.7795317574420864 -30.5204695348655 -30.07775939967011 24.94576043517334 -49.05149542077215 29.86817373514974 
6.265421394654592
-48.55962896327004 26.714234138681704 38.810260834209444 14.511012314034915 -49.37771505753295 36.14239785851832 -20.18418644980259 9.949112971253093 43.1603761104961 -35.83586325138312 -45.65315486959162 18.480870230413487 26.40878709574544 -22.612140837585383 -46.129549027939 
41.85263327072918
17.17063459684333 33.1126048263736 -25.7292256704169 9.292707841708747 -42.5907362413098 43.58711922369403 -39.98697287717581 18.398009565573844 -29.06496812898094 -9.98771045305633 14.378565668710081 -44.67505177925898 -34.16617648277619 38.30414583839199 1.6407265773697688 
37.17086012611435
-25.233158984842852 -18.22078979038666 -2.7730096464335006 37.88941391299345 13.259449654815214 24.693408829768913 12.71378226375667 43.165380878936645 14.710187942509847 24.960415243691173 33.92598332931318 29.381209773464548 -29.910756631064693 34.39470908059489 -37.5359404486691 
77.13992064463383
-29.681055472458862
11.311111796510595
37.26660867600489
37.00491831320643
49.0040628300316
-21.30800248292102
29.940909993938376
45.744506331970285
43.83577801388354
-23.561393381147344
-3.128999753510243
30.23072723795137
-30.6511041872755
-21.53358869464821
-32.93206159362574
