constraints 163
variables 16
42.17570500809323 -38.73929796794897 29.304812329745772 35.04941420058036 -16.40196730649066 16.618308603554112 -48.59551791407093 13.227122638742813 6.2687552505538235 38.95639635979367 6.884854596019821 -41.43606114371045 25.932105064124414 28.79401965734195 -37.684634748970765 -41.079245544038116 
84.42272120848217
-20.128054429038077 12.135554128565062 35.17372389726877 23.153529178370263 18.136835703117328 -34.78039251988707 -20.55813397870362 -46.65210470942962 14.15499033505732 21.283573445180153 24.11266599156035 3.0849888025838013 2.760016189971026 25.651551183526067 37.43298064180827 10.778113893275943 
46.57074340299344
-11.739706761550849 14.576935779359573 -35.11844004579609 -1.5272147732321883 40.77009926310855 21.87211460435033 -39.57774679074273 2.2391610035649734 -15.737001649947203 -43.740179596273606 -45.62167249397112 20.172411357371317 49.24765636132601 2.0847924825795445 3.9774883910595022 -8.017290661499445 
99.55359291511347
2.9541817626170896 -35.3361808496841 10.073446986272891 -37.81433288483266 17.675250959315548 -42.21753708461448 42.9878546278139 6.323008751376548 -3.8243201112914136 -8.042582834632682 -49.02276327890648 26.384906735178603 -6.170040104644833 36.68844384024267 -34.51660937146489 6.449398424870246 
90.75987100288101
1.8688313137391361 47.78486536571819 -43.701377021879736 -3.5534340934748627 -27.273349221506226 -48.86125376536028 12.978258440395017 49.386299100450515 -13.882222331502504 -14.543396578474301 -4.003339753297411 -33.458576312070754 11.149840985625083 23.885389316431855 39.152592614936125 -42.01727436625282 
64.79200704636115
-3.3789739541204113 -2.531289666572299 -1.6112012595120504 -48.57372345455897 -11.13556114018175 -6.1787307220107195 38.9625990137943 14.221764514220638 -2.963076324953917 26.59478552426407 -49.15509847667955 25.764226832014074 0.2036350913424343 7.053657769976752 -35.75108330967741 25.548843764439994 
22.11111544065354
33.11106081435665 6.309834451893259 32.74510168421892 -6.673221095642305 34.788688196989185 -4.962422192414564 24.068337941999147 22.67528135168513 45.89919361748491 16.78063784251694 -31.356644194807426 -47.50124027517244 -33.653519737266606 0.25335460829277423 4.421230602315141 3.2249698196608634 
29.92726995664644
1.4484961065478004 24.011287390197552 9.30931218939697 -16.36937372366537 30.65164391306449 -38.284069382025265 10.8238868132458 -33.82953161885695 -14.706726841459364 38.10684988854622 -7.201388911532014 45.84927639204767 0.5190694782506995 23.656890987926133 7.876585221979816 40.83960326353383 
43.12848379025106
28.742614059166357 -23.072157288251017 -1.4168418818167652 -46.07390865588673 13.758442934510462 -13.027305757021892 -44.75436202322581 38.54983048665635 40.13398357924693 -3.9021223047695486 31.028632702762053 17.484753325918575 -49.27805871654457 11.005802154891562 -7.3716741203849665 -27.759573408003703 
26.324821482111858
24.41914252886312 30.243930118958247 -33.43533111941828 14.054381569476007 -13.229872922430197 3.2770703556392533 -20.914162462822496 12.768582488121694 39.4358632526654 6.226682394179647 -43.07960189190438 31.0065856076627 -44.76191166334218 -5.727841891281059 38.55206327171649 3.643085407951638 
66.0077598740843
-13.34911566014074 -1.3166920752533215 -35.090898182801 6.721924207440068 35.174480057070994 -12.220426505002479 27.477067620703295 21.052352368349887 5.091400680748151 -25.3289251271269 9.983925233227275 -45.877548479172624 -34.008151419847465 -48.153449132482784 38.66660886754076 4.850975421098845 
81.56413895502877
29.96794272073498 22.710182748346753 22.468125571787766 18.75007388934752 30.654429209975746 17.45960138103753 9.621638188091339 19.210034751186996 -15.271167522566756 44.82189671520143 37.94748761747772 -11.003117800345677 -43.11110993347462 35.986339434821446 41.06186869960605 -34.04904401302451 
97.16048775696252
-1.9840625660874096 24.638169581246004 18.56682729745441 -35.49059461490579 -17.085619253211668 -26.435361793855684 14.945646719374068 28.63271958872204 -44.551660504366986 42.135535054127715 -24.064688290815372 32.220485965805565 14.305817640522605 -15.189483731100786 42.673859659189134 -12.127082037649487 
70.09702917604234
22.284120994594574 45.48985640000643 -8.62226837395037 23.255035147331654 40.439167537839666 8.476780742862864 -43.803061837365284 -34.930821171746096 -11.785026625717997 -37.9532923598538 12.781828577124521 45.88514536253821 -25.496686546282664 -35.618128161666064 20.729480753583502 15.931224293081655 
13.892027014355957
-48.059045014271426 11.81360709733881 46.28115959221837 36.40830930492338 49.0402699552494 -32.43288426427311 -19.860255860197828 7.370637016343196 -32.98176067397741 36.363292330505786 47.938080898506996 0.040415917077432084 14.604866801195499 11.837033227886508 -46.34872971702701 25.971391915520314 
72.85621972851598
27.007068000243777 4.30198081483212 -44.21306347715651 -39.62283988441104 -33.39529676502608 -40.21079728858985 -43.42765349193425 -22.456121221204818 -36.1159238167417 25.982258485419536 31.151318206422616 -27.94893455705193 27.583502266147136 0.4459016001766045 19.222776912921773 12.346829931240457 
89.7269855980071
7.21313035420993 10.666340041443313 -9.618252260311621 -24.40049796913135 24.698130286742284 -22.71840790571953 0.5867296643132676 23.49924931675001 19.142534501426525 -49.19145829406217 -41.89236013052165 23.7644787222536 44.91395143943187 -37.716463556862855 -23.937072590935138 4.092177651861796 
12.5265506520578
10.61698265562866 18.953758790306367 -38.68968349143255 -44.57080896026555 46.73629901737388 37.34447914144309 28.53494041888763 -2.5925478457900297 43.71946850287816 -32.45555299978302 -28.962084848731873 33.87161795513259 -26.948342666705948 49.26064196080722 -25.829345125400238 -7.646463599864681 
72.46939056187995
-25.946347719957963 22.333715020748983 30.21095595919921 -28.18623241721996 27.91798374086642 19.251638514806018 -39.16115820774759 -10.10372875098031 32.42089341665216 -33.293021514558085 -26.387165002573422 27.58775077567897 20.5722274106257 1.406992715923863 -22.659114939022697 -39.82684093619062 
55.96102867034458
-12.19905234904035 -47.825158976154746 -24.528308103005013 16.682964696613155 -21.564379008013734 -9.265458807215012 13.303999366935805 -30.804078229229514 -17.16899673116677 45.622765991490695 36.59514867937071 -48.52066421282738 30.87781581359667 -22.439817361015436 -45.26591182701773 -30.263807014466348 
27.40295596739464
16.04517187323384 25.767341469674648 -11.63515523217599 -29.1814800043264 2.74423210112419 35.586762741512146 -40.95888646198147 0.66458046825759 -13.255560413566904 -10.521875484532487 -8.51060388739512 46.37542714788242 -19.649795414683958 -45.77056903133254 -34.11518323752368 -27.256467863415047 
14.28236528891741
-42.54515914023508 24.816696003363276 -43.67500633301774 -48.06158090157088 -15.127934204177528 11.356929721469086 -18.575232295533272 -16.201504963673926 15.978255792242635 39.01514324999242 14.31953943097271 25.112454933382395 3.9012986749420904 -10.774255715538061 -49.97941358120271 -17.32074494709174 
86.16058983397348
32.50032452631342 27.148529790835582 39.83052174061514 9.653243522591637 -39.50792464891123 23.38642909919504 32.65606488051748 15.388896122732248 -2.042747149300908 -23.502844329946072 -44.940177941742895 -43.6718513055972 35.961908081546426 24.03555210241109 -14.589483265063748 15.136797960551021 
40.670467751435844
18.65538557903173 -26.647911835937453 47.75003746920656 45.66597511212004 -44.694303457565034 11.764765865956761 3.347785942019769 -20.009888540999487 41.63055047524229 45.91835776552769 -38.32557213088459 18.954379774397722 -46.469099689875605 39.53524132738487 34.5931597154142 -29.737868397254264 
94.11663751140273
25.78115325492 0.34728708935938357 24.094392140074135 16.17155163488313 20.12783014903181 26.20776536637173 2.5507061277193372 25.773394580695907 -38.41781209477419 -11.981671499506632 41.19954359565577 -42.144191364585616 -21.047380270054884 13.606629122416955 -26.51896132606314 3.268364331866813 
99.62369444334507
-38.88823597152906 -32.681845035393664 -28.71445306799124 29.736359640581597 -7.014363867116927 32.53063876028463 -8.465002008011858 -13.278458155150965 21.757675754556686 -22.49060517601924 -5.040087171263586 -42.18924477967766 -15.390645722527076 44.09721042845608 14.699949043271104 -8.55176942877651 
0.38709793388843616
-9.264970889881916 14.669634452247777 2.45469827867786 -25.11085345740055 25.67127635508608 36.132678465264505 -13.656089512770755 -1.9060632331835095 14.3949623857321 -49.28478023544166 -6.6313938538297705 20.454697995781217 -1.5583307168755027 22.07051256701125 -41.32645330296826 4.4668690407213205 
16.334695355125362
7.802133486819329 21.35893191493085 22.422071839968794 11.662003624510476 -21.72774691699093 42.30833357830558 11.594344741262596 -1.8471495911288187 -10.43386971977641 48.31104170191668 4.061418342903288 27.106265790711575 24.15347385202189 -11.690466338027896 -30.054209207664627 -31.3631467231555 
54.68181312424845
-13.471484930738974 -49.93253323039806 -25.058370602333635 -6.143349308753734 16.79279916846663 -43.1678269388169 41.15492331600427 16.50758604274644 2.517041337861855 -9.364054280243927 17.3466420973333 -21.29078368342967 -32.348838956168365 -46.85096907572145 3.8324746679114696 13.22010364569828 
75.2910223179623
38.54900164843332 -18.79710609232501 -49.477328724790034 -7.285224655970438 49.10510204234511 36.341091988256 0.3913456589456601 -35.71900317664475 12.472809400643278 46.18829814706133 30.185909051627178 -43.07443214765421 -25.360332713651246 -27.871852034351917 42.96144051640202 -33.07997344976852 
54.67044528321675
-0.39988950886020547 -8.99416360587447 41.104880934378514 -24.768256851411873 29.915243468282753 8.560380343161967 -29.012840567638854 -23.666827453868088 -5.7641939177146355 11.2484313768079 -36.10771338771394 -21.195749164345166 13.29356659299711 -10.868282123605198 31.786098877756984 -11.266732833791671 
20.659939464620713
15.333391024807668 -34.56635174389536 24.426267770707568 2.2442881253941422 2.8114077690105574 29.23720021391584 3.401492827109095 30.185130371518625 -31.864570193850394 20.396585188052214 48.51650783816778 -14.587851454860555 3.0148820779257974 -15.039070547690933 9.532364164442441 -30.104728918686963 
61.845423286461276
-27.108552815452548 49.251154724731734 6.960329498188621 46.685527597324025 44.430894523347646 -38.17968016410961 16.039094642840396 -40.15551120272841 10.875937525640232 -25.120847778502476 26.83475965464514 -1.3423622975973544 4.274584837550741 36.929919898239945 17.12224662519546 -12.955894228024242 
72.62150573268593
6.648095957669284 18.26596352022611 -25.912989910708394 -10.200056519753474 41.80320916781167 -16.974053205798825 -18.85454522800325 2.819619586695346 32.0438430966243 -48.663416996532426 45.90228766355159 12.825883308617946 32.00736775168399 -18.519599493688254 44.271057740654456 0.9060725859214571 
79.04698222963106
36.44270191333098 -30.76981807455965 -35.1050952139647 23.325753918362906 28.221069319248727 -40.578148431384975 29.181425259244094 7.109247960507318 26.47709648381975 -0.25230377907733725 25.945893294875205 4.795504453721236 32.15592559236033 -38.78715618140105 -26.694295543583113 -24.446944055880927 
51.56252198369974
7.9144665999287795 -6.4747350613610735 -13.60523585675589 -18.12818526789308 -24.65955679485682 -27.254485088907764 35.097242126951215 -14.836809454570485 16.038374158681762 -37.38544130886265 39.58271921215977 -15.19193747835019 16.234601011108907 -36.248343349691815 13.212158855851122 -34.597466864941495 
60.12751606021807
11.152614846290845 13.895541382221275 -4.574557005692135 -42.65108808391551 2.445383919901431 -10.992771260488865 20.415397071908913 3.4816898549799618 -28.6695452373527 37.801339145621654 -6.301378806940974 13.54176049948547 10.591435707375275 -21.64588287556989 -28.437215314213702 -46.0235015878283 
41.73697875936618
37.017305616253 0.2602212935800665 0.0016656187913994813 11.635957885467448 -25.05141243792517 13.337259933618682 -38.006790032809675 20.433654527242624 28.49210963990174 39.52462027689867 -42.83006499724669 49.58744333265645 -31.985748952128603 -6.212824498072898 0.9474932618100809 -35.96375935911217 
23.256732189578088
-12.8803890763715 -43.88623487632355 8.31881079890934 -17.648757138632668 44.287803258601784 -42.629844423090965 2.881746592903866 -3.6532000570222536 -37.045950037919354 23.80290092378607 -26.131238461103578 11.433016181510403 -17.512483144903477 -17.506988169944947 -32.64128955598581 6.999609872635503 
6.249607575073968
-47.25701326550934 7.320511384176278 39.25436155724894 37.25715926140548 -17.707004598595255 5.478939630633505 -22.6710801574312 -6.135232374649782 -15.581273311159073 20.83606037337627 -28.36624874462523 -30.52930588395496 -2.0523454935482874 -3.2311823694780273 -37.319356837383964 -11.760813391222001 
30.99999565175331
-25.57590760353461 22.673174935283797 -12.554706210027447 -46.3448485154 -7.441666796121794 -28.12741010544848 26.28652120717426 24.764001831961153 36.01963642476437 27.078561947285195 -19.13103173792914 -26.22812172528094 -12.254080735702985 20.5213563533366 -14.436108690486002 9.686653276133292 
22.45364064237656
-25.956075333362417 22.04386758856303 -3.779158045499287 -45.88272327660234 25.659503362414867 -10.953928762978492 14.656218233252204 -36.109446947276545 -16.59765725314073 8.273397081714876 34.12390157727789 -9.70376018383179 24.84614035263027 34.832530592372336 -27.237549783857062 -40.68796918139602 
19.746929410013458
44.221228061299726 -37.38896373984208 -31.59411418202007 27.974040217456576 -37.88452218179803 -23.88574342762595 15.624944180093252 -34.775107048007314 -11.929611257275283 32.75971905160746 -17.482064025437573 34.976414680104114 39.73700776858287 -19.360935744913398 -12.028248239841624 -3.2922034174572516 
60.31050694942195
39.617550455309726 28.968655771300234 -22.363519699401134 -11.336518208250055 0.31700407428155586 -36.1785950933318 38.04119310798518 38.98136760672038 -3.7387313932593855 -26.3807142830781 -31.297084178864797 -25.294720374303047 5.303030611276874 -41.581111571944994 -16.92328254018898 -9.799129139095221 
40.84525645167163
-13.860778056186653 -33.485628474822065 32.81002552789214 -36.60989570772889 14.171532274505466 10.18977259891168 7.8055738972450115 28.592686019846028 46.389996426478135 -11.663879867255908 9.257431666025617 -10.733439000636736 -28.449785812074424 33.985940227393414 -39.068129736794155 -14.317592522950804 
2.988229181718416
30.612001711701268 33.08388726806896 -8.979185658582544 4.0835796769183474 -35.10076827882628 -26.634007994205568 26.984716343297038 -10.874349319166598 -20.66522775591908 -46.93511485044649 28.34646604423189 35.023407535657626 22.385323381293176 -16.509073572783365 -35.40088077364959 25.724336290028333 
68.73799268102387
1.5834595648893455 21.901010560594116 -21.74076391297406 -27.58713316977509 -41.34161119062587 -40.85276332631427 -32.99473636468193 -28.487438580166135 -28.287281195007118 -21.728789895259737 -28.939603004648763 -15.043959742200784 12.813951107011889 -9.226056624437525 -31.451663056707723 28.7510411928599 
68.84062786159355
19.998294174303325 -8.776455738037868 32.19143208808329 1.2034955271961607 -48.19009705123117 -17.07802192184439 -47.177098071865764 23.16513426624212 35.116096272113325 -23.796157614768 -26.897598834849965 -9.010930101867118 38.048583377583185 12.960424601119435 -38.616232758447886 -25.612200870086 
35.655246873205726
-13.192081565333154 -4.805974854356499 31.602301079019483 40.59092598775224 -22.233130409712743 25.721856901035466 -35.06597574394444 39.5665733473617 -16.973294487137622 9.02178790159742 -26.336512727634485 -34.78926608654464 21.520545549149617 41.64468088497024 3.0280336276765283 15.516789374691882 
54.586308431917274
16.23709154438231 10.294475571585224 31.193970069391582 20.165890867120524 -43.8908323103951 -18.049311034533922 -44.990343397916234 -26.20500401867165 -3.147255381704362 39.653474662561706 26.605034313249405 -33.93807574296861 -42.20169737573296 -33.19168073578123 -38.71432350889168 -36.73551436831684 
36.43156050344453
-27.480084282491735 21.933179263314855 35.6699365757501 -35.15256434771376 -14.85935227016153 -30.546502659619723 -3.9164010258560893 38.90115722673248 33.75747787221401 -30.927832015909118 -29.642330588733536 -32.076623015210856 32.69595653612963 37.30612050999957 -28.977552965484342 -4.301891633180958 
81.48342187237981
37.58632331892902 25.39802651247706 11.859391556481278 30.701612311720595 -28.724947166892356 30.345251329040636 6.944580210289175 -7.227650974810459 -34.783936113092764 -32.75946114598352 24.04923070714898 -4.041916909426078 26.97552724014679 12.809941174260416 -24.639464445498106 -10.277504485789876 
74.57607577789726
24.133619726613247 22.803324863982994 10.084553990209166 48.79589611254707 -40.56736613685415 18.614686253012763 4.712718701842647 32.999238059854946 20.175807548517867 -36.12974605822625 -0.7556971015267209 37.98436782020288 -35.40486103510566 -29.182724355902366 8.678259400385599 -42.52058686568402 
97.87405886551286
8.326621491253483 -39.322093074860575 -36.313851508845914 -9.926404404231334 -31.142163549572675 -48.766535696919014 -8.33374492814066 -40.71272641116648 20.038488800712628 -2.627533023798698 -43.61582488594673 -15.433601925519838 -5.708964162198683 -13.530491402221145 6.8651342975336505 -19.166872395504132 
75.89742569076637
47.1949100312729 48.19652809886604 -23.700508757657836 -33.52623262290688 -16.744665007912616 3.995316111789762 -18.163622332974693 -2.9656203440599924 17.817555736902804 49.483656497263624 31.28719160675446 7.656550188309183 -6.1301247503236524 18.459516003830615 -48.10326021188532 34.21442977870386 
13.764038933709399
-23.781457993884235 -5.1733419434457275 25.732430028643023 -20.206316705192084 -45.12203448236869 -32.845536435104464 -34.384400497521554 -33.09630052071782 -32.42706429939855 -41.19588012097945 -14.653538770122324 18.488140607136387 -46.3599144494915 -49.46824344252615 -9.805206055817592 6.72261070596786 
8.172777974125767
22.391004453518562 -36.93108269163924 39.99032049554134 16.22693437210468 -43.971856837547286 24.84404998894682 31.699318387409264 -5.5240695838456375 38.70807905709417 7.335336720053064 -32.84835261388034 41.25751755791161 32.14792028773199 38.54018049378813 -31.886531741521516 9.725348731605301 
15.035736491017582
48.85654934870087 -41.65149895696363 48.21210104816652 44.537806941294576 -18.30904907602704 27.615388747065396 -3.0691678615679976 -40.85145731112344 32.20179541503967 -23.507152531878983 -9.214338535097042 -37.087074547646836 43.880922647989294 -0.11518186176564882 44.3324388589603 -10.647803868213778 
14.258063768627604
33.17104863308383 -13.175426080203323 42.34924496517979 -1.7799278424067921 41.70683761380366 22.798738159341838 -49.199032687574416 0.2687724260872386 -18.26102027110369 16.79969007204008 -45.97940413327218 15.498315223438922 -1.2068147682427792 39.612987807628855 5.673832893519084 13.154935453689511 
8.201566598133036
-32.2310925860567 45.45839696423967 -43.65091674927737 21.67705326673658 -1.89961569196727 -10.212677116416756 16.821898079865193 -6.295133180586809 24.782372857741066 35.41220630912383 -25.374973543890533 -37.99051339344803 27.549494898439008 -46.776696328804576 39.15482511377084 47.46882275595766 
86.68343575740641
-26.610767732111807 -9.810964911200657 -39.414463965033164 -27.11898356643292 27.54975174844965 -34.59399109072461 33.98883313420015 8.258476302614802 18.95092095181981 14.323639160898324 -36.571756882498974 -41.48304550537225 37.21268359538611 -2.3228441265376745 43.334218565345864 -4.311259935120603 
70.84474841055913
35.96196226373172 27.258652988816536 -34.09661501579734 -2.3226490547027936 1.1997781087163304 -21.628240386687068 7.257288986781376 1.0493508375945737 1.9433175024136986 0.6798997209345714 -10.860098767046722 -32.103180035960534 33.116796288367226 -42.25759855159864 36.26422865158061 -26.188903394090847 
99.4966054790907
-7.596455075371523 -41.83113657165819 49.686080071098985 -25.531515919749737 -41.58074771888127 -21.896727794759396 -45.24974948185937 -25.845404348349412 -37.15371495624314 43.977604800978 -48.4202102403315 11.085895235884479 -3.3249894062992524 8.452852177158931 40.11483632466104 41.30226962476638 
50.425125293436956
-14.733311718025867 -40.248210502734906 34.09488056282835 -28.713058341766796 24.5348264155341 -38.73967520286288 -25.437709436268786 -31.120811399055082 1.0373613613998671 -16.42548932917022 -44.26617676807272 17.807524202810427 -23.606053084649282 44.433300349635445 -20.77920408559506 36.94623589355899 
28.551325958018914
-31.60361094884543 -38.81178322665227 47.72890485097196 40.15120406508103 30.937173145130657 -16.1034499474195 26.722069817522936 -48.88406100709734 -6.884554731809011 42.14523581979621 -28.630744881179172 10.184180072356064 37.758117246629126 8.656674162658383 42.030909408216246 5.147977613438229 
45.1271102247049
-17.22863341865284 28.309211063374235 12.187518879297876 -36.270655780924365 -7.217994384843543 -36.86511977143944 -19.030883202177584 -9.775542805226081 -6.183714891760758 -25.79354912152728 -35.93334696671118 -28.688188470073005 40.38525571416959 19.110752944290454 -43.213817493956405 -19.971062838956566 
65.54607938332828
-2.1833982923298834 36.61791047008862 -0.9304674759692659 -32.914929016571435 -25.77797953612081 30.309379516448914 -35.4702260781687 35.208929539808366 -32.95145785369934 -9.051890362421801 -15.08242683541036 -44.06087709635271 -10.385521350755113 37.46156679965385 2.3101177571713833 -10.263613795684797 
77.8822805262749
-5.413193104764979 5.220891139979486 -44.16064116304405 46.66341786136266 -27.36828078081155 -13.9619148723784 49.38338286770639 4.977489611903984 43.24426661965721 -40.17787288488347 -19.427452753252382 43.30053744778586 -0.07428378907930266 25.800833113816765 3.010081305440096 -22.199158707541045 
90.16833061722849
-41.92353278070263 -8.250786559108647 -0.3512641152561855 -30.132440277193105 -42.140240437253226 -9.291311814979522 31.100276289002935 10.05327888092512 -14.02826800225072 -26.195885407141706 34.292880485180575 -18.995837187933184 21.40497839379863 -45.52162458995574 3.5543099928934367 49.45381731416309 
9.411768450504198
34.27137932597823 -2.4853062608173886 -49.133179132911174 -29.11280842207654 2.6514117909362724 -16.575479370636117 40.65732841711285 -6.258686948178436 -12.462569932007362 -27.180134586433446 -14.257493893895436 16.505066264773234 8.77364678754703 25.039329059219668 -19.032524890162172 44.590441861850266 
55.2747948346703
-16.914467307518798 -36.29190640535206 10.426270608665433 -9.357536400545008 -15.062791783580323 4.352336155993427 0.116704843239404 41.75998550923802 -37.34374239763733 -29.619344291452066 21.32026112200093 40.20532521281112 1.4974396902170426 -2.589853774892447 29.72310594292948 -32.72149915238124 
31.71658663362621
-48.16305255942714 -35.21902116771655 0.022046325787727028 -33.113454236124795 36.60579745049549 19.33003275735645 -32.179866488595906 34.268380662020164 -25.84479914897566 -17.782459634156346 6.993903585598147 -34.85148334619248 -1.2687849910925948 48.2792697741522 -5.732318173137685 26.040981455574425 
54.03236223626939
-14.208897158900392 49.06272525478825 -24.73303799378578 21.542738992045443 -12.051786835323497 -30.717811797561247 23.662378283152535 49.92990000126363 11.975965597657257 5.583067524359443 -36.972686899412395 16.528630311454734 27.152411434709762 -14.912160079221579 -48.58052109149894 28.20128477255753 
1.3230868990241507
-32.92937768328523 10.507201091869135 -39.24017975906136 -45.58542401532648 -49.64034650733053 46.935614958192616 43.65430177533523 47.00410173204011 -44.97004141941861 -42.976870455009475 19.77705784584745 -47.821844660672596 -30.58292990670114 12.093420965085002 -0.998699263731794 -20.28600127576935 
37.56474266595895
-49.63842819101122 -21.532470545151018 -16.956377686283766 -38.07342343730379 20.531180567847912 -27.349506583156813 -18.489455462639437 -38.52644457253375 32.12261669983393 -18.115856088392412 -26.894407537768384 -43.683512313604 -31.95919177455613 29.29145544795277 46.16862344414872 46.53441662640732 
56.00429676444965
12.96052870471577 22.468894020297597 15.107022864645387 -22.804460189452424 -47.27204774383694 28.627575231014816 12.681181218586786 -37.1443019918506 -40.92507003175317 -1.9782841188166174 -24.64123554258594 -7.464492853687609 15.411171991698652 -48.89031204205172 35.77487115953777 -38.6729915452316 
94.41611137016255
-11.456024575863651 12.442680832423491 27.639291457152225 24.126557519191252 -41.51205265517834 -47.32685915819472 -12.055388872763793 30.10436664984836 27.228987287796656 -39.66521424276752 -49.59042210117466 6.287309205361105 -9.51880291993573 -38.69906988980679 45.439349760606305 9.020798191480317 
61.69662333386078
46.63858959544824 17.901069468423046 26.287700645787893 -36.745209785665054 -13.574518637065736 43.15608997162268 47.29796521862572 -23.423978201844864 25.538456416409588 -2.981267459339861 46.36934835533961 -21.995086497742122 -43.16117390630281 -11.627286117405674 49.42503835056216 -1.2639812622480235 
66.88699193103072
32.41455691798596 -28.54647384459017 -0.895355261707401 -35.349134026615744 2.3566552774388683 48.92057230135572 40.24140372971419 -15.370397559815707 47.91090636620322 42.39268986944809 -30.61005642374632 2.3961620222722857 9.98710807225951 -48.47395089159781 -40.88686804809216 12.769310220235177 
42.778619426313426
-32.9056991752405 -44.8363812577842 -1.342405030588921 -23.22895874465143 -17.12672687590826 42.970619188385015 -37.92498603912247 -30.80203446845936 3.9700951456069546 38.49546393468121 -2.090030628360836 -7.918868527701761 17.57878729363614 45.634236243556785 15.736247642389898 2.2305841827557984 
87.16391341262384
-0.6033373087842122 -44.71326721523039 22.443744175937624 -8.281590910945638 31.766133032948943 47.167619761938525 38.63054126851753 8.011230968048345 -44.55343712671089 41.97290714622169 -16.294909837004226 25.635020604627073 -40.37247104867215 -31.833980176343868 -14.177379402803034 -7.81651518466424 
1.449991829040853
-18.072632846194004 5.903689162268144 9.032732790499097 -42.9694337416233 40.62375835590727 27.375975041647706 36.9703575092273 16.70320916041848 -34.3624126131448 -10.32276474131072 25.310551624218462 -29.437116800723118 -39.99929572633236 -23.698736440472747 -1.8468882503421398 32.44660780470542 
61.60999369946575
-21.96796469383351 17.088677372761396 -6.83699118421881 43.758614906692586 -47.50059480474664 40.9221263898264 -22.917653961438123 -28.700982464757065 -7.696887121596738 19.880547608496897 0.12471902879824626 -17.039278233655622 -4.309943789865947 -5.7082597622017275 41.7349548044302 -1.8219777790725047 
56.133097501560826
15.863761837162713 48.60846265359751 40.23974278483739 -49.85203396642902 -26.53447320518496 33.7331186136459 26.655173811263808 -43.70193750149761 -15.296991912939063 20.738011084757062 2.337428058196302 -17.42469299399645 9.605154738455226 10.590707953719182 31.537421817197753 14.208388720159064 
3.3781136713260995
15.360409764583622 20.418742026402953 19.438119450390772 -48.54407921402378 12.06520855500581 -36.25430259250702 -33.087181761179906 -28.029652822003758 18.547412739274563 -3.6361415875732845 15.094993119930123 28.28209707999386 -17.128324636877977 -17.01553911175889 -18.566201624313873 -32.63988896392459 
57.916485122074334
-1.7589611838826045 -12.953892067641185 -11.434762898699127 3.630311123780835 33.06871275587699 -48.73775040989214 -48.21089075599144 -29.150493661078713 13.163564579132604 -20.36923080535975 -46.08148554930322 -27.37416606575066 30.61160534358102 48.83988666011298 -11.759830903165636 41.68730740461059 
20.73380846309845
42.501537131580676 -47.32972200729216 5.95672398234953 -37.22422244768162 32.85721401565688 39.58780075337917 -12.021825640088139 -4.722396908811774 35.20311199921133 22.56991334928891 48.652487750170124 14.791525099481134 -15.804688011787164 -46.52736749843598 0.8584086493574148 -29.927987188114624 
44.184070871190826
-2.9308601528525458 14.337070881605314 -27.055045146584966 -30.660446535411157 -40.14714153768969 -30.356888412131422 21.769632407502996 23.56958832179828 14.631872394858576 -3.983457655331371 -26.260776979189693 -44.90662856612304 -16.814199917728857 45.7052963619232 -41.77743822546456 -3.9767278884988855 
65.52577813846952
15.569147560085042 -5.06799797005241 23.420193818622465 -3.8072691781391583 25.721443304425435 17.909140510337124 -24.973757626622206 15.54864321565934 4.515919437276885 9.152294503229953 -39.75831678454571 -32.839926415551474 9.361647337522513 14.166608669539414 -5.0984511014657485 -28.857318307673562 
83.64988761977634
45.799702654147325 17.020391230741197 -22.26990578384417 11.502472577472098 -17.56720225873142 -40.087887611735084 -24.650094273040214 34.10209052739883 31.92931844076182 -31.0450237876138 13.134234149737722 34.04062052749482 -36.30003478854699 48.760235842323425 49.061686811492436 -22.57754193564129 
57.82530481289939
18.616081397336785 -48.177813104465294 27.385567830909082 -17.616062889014152 35.81688312692452 17.015629369167456 7.253727112352138 37.96635648193623 18.851017060516753 6.43984431664002 -3.2907132839943145 1.811636896302403 -34.591200050893214 -17.00710524624659 40.17648226470408 -36.913905095854226 
63.78536976178957
-6.8907297096072995 33.0311526959526 -34.46984462261648 40.4916347930005 43.66906787337511 -21.696515334336997 -35.9684073879824 21.749656199626926 30.963765853520655 -25.783795935805863 -42.35951451171377 12.03716261177825 5.571739501025718 1.2013806658818353 33.123092760384864 8.959147003266324 
48.891219940889854
25.964839122182852 40.359034146903014 -19.537249795618393 -5.402120641309395 29.717918140439707 -26.281908545376787 27.775001068831656 1.4388120503580382 -2.127898476194389 -47.98996574600653 45.431169796091154 -27.455833668373753 -20.70715958846022 -26.317122214977605 18.374812674400303 20.832234866656634 
84.63467320095494
-26.347992923849695 -34.65108013139875 0.1033665459440698 45.33050292079284 23.474680508141816 -2.3392828051024708 -42.93747372640069 47.48369023687779 -2.4586309945206466 12.891145602563611 10.779927901216638 -11.787583879165474 -25.462472524877754 -15.76684905372111 -17.006326427865282 -24.07848320202739 
5.636324745016907
37.88129339134488 -14.822150246240625 10.527796239031062 -41.28504293798987 33.2584430173781 -33.55592439174899 34.84060366653753 -8.655822579491257 -26.14637468342472 40.11402986991813 44.10024468157647 14.382695897705375 -19.941700398847683 36.19501743261131 27.102544878456825 -17.28484331061879 
99.62673772998802
-27.989847439577886 -10.611278077702934 -9.995572011514128 16.249348997947322 -6.120724766575471 26.655462733618634 -49.714077085323396 -7.783838596647094 19.01627466659079 -25.159111784307765 20.813803062332454 47.26087113244998 -1.2970407742275896 -37.732131789335796 7.775831338448178 32.41423283954525 
81.31922620857652
28.776976233469327 -0.6742362165342399 5.058801525853781 -23.04625572360579 -43.04293627607395 38.83913145872201 49.36529110975387 -35.91105414141323 -18.617695528053492 -14.619634262649214 14.904184973911256 33.24860712302058 3.1902911335100512 8.076175858766554 15.464393535159388 32.51588816583502 
89.3865585316203
26.42218250256782 39.97416067676028 -34.525826971399624 -21.063313269027418 39.50680251690632 27.907611283609313 -6.607384009358043 1.0079513514460032 -16.28156679803959 -47.32637051571786 10.372833197821343 34.64819023219282 20.708996883116598 38.222095964446936 42.692699428216585 3.7404289872048437 
35.21895986718777
6.465711079910463 -28.272273889486478 6.2475432606395955 15.825955282326746 16.103976056846093 43.60007416761597 22.56199054819649 -49.238834067939386 7.049142511706883 8.099728453117308 34.20149678548461 -4.355312031834615 8.892261588822251 24.441944058568794 -38.85770590296265 -39.67693669464499 
56.71070279682281
-17.930434060859845 -6.242669039735183 17.949285622249036 -16.993158020696406 10.978383066834972 3.6276432038353477 -38.97247034727145 -29.31917083573382 -2.0618125353902386 -33.579153685377165 16.351952605018866 -41.32126316601865 -17.498243591484396 19.581505842954016 33.60091067244669 -10.67947469168815 
29.838503203693012
7.753927509654247 -19.195032738927885 -25.699298256341486 -33.8009368551365 39.6586580884623 -36.01088704703138 34.96769070962972 -32.78836916445354 -8.430184487409377 37.996658428889575 41.7263153482031 9.23036547654982 44.591105041541084 -9.16574709329857 -12.728993585802208 29.60076913401916 
85.60420206733414
-35.165445267384676 -21.154316757561865 -7.023610117398164 35.063901993323285 24.515078148487333 -24.16051229937699 27.715827465054474 38.740299452908204 -6.781188547990425 30.7658767914358 -21.09154434278726 -24.941027622916103 -41.54581565517674 14.035835300646653 -27.278083732691595 -15.134043061969791 
39.30903653050194
15.924238706257526 0.5338316358573749 26.245086491450408 18.395237196855263 22.741721680489178 -39.29513494120788 -6.5589820979355835 15.487665966007498 -41.5373421986117 40.86966697816051 15.992104254072174 20.353273992153007 -32.07688947980117 -15.733156012207992 21.852982325038568 8.222985557517035 
43.190979802635674
-40.10139649552623 6.587604989226072 32.94123403860412 -39.176244415586595 48.20524429500391 49.6391380696013 30.034944036717732 -45.53236647005794 -38.540791251914776 -41.765964924054714 -35.224172566837865 -5.3849908408039155 41.227945114141065 -0.3467423048987399 -21.233138736822312 -14.674365891525788 
64.0243454156568
3.4045061459031842 22.66587732268505 16.330037819581165 40.65807056894633 -23.744978008509687 -37.63381082166212 28.172050728077252 -35.179396248173944 -24.864643968812384 11.286265226165703 -42.08940716117435 -47.91861826979657 25.600254307244683 -27.622583469141926 -16.610882259207536 11.74193112701927 
6.8335939753269015
-29.95941597178956 -24.805536448617048 10.88941111596823 48.11011121278753 14.350254951992241 47.16505202961024 22.51056075749635 46.1773803056637 -32.18435763082943 -31.328279997598308 -2.328513466211099 18.19737541342556 -21.633755667801857 -35.117252757481275 15.538396973474192 -49.31236399659391 
51.3309481385828
-15.162126059176416 44.408746732729654 -8.672081777813133 -42.1131109993756 -38.60554821655482 41.94195819929125 -42.45107880641912 -32.213727670986174 21.97210397696074 33.423285978212064 3.4955259353463646 -49.873560438120194 34.5105616660733 33.164001533847 45.257714499063724 7.510444053765177 
39.16864639447822
16.03555758463672 -6.811841833915487 -3.847524149846123 23.030631396843233 3.6549725635885224 29.676200243414414 37.31448767128805 -7.550521188789631 2.883144461535224 0.9237974613364273 43.9173872286417 -14.355222048456774 23.067396100639314 -37.93030082801795 20.252234193312916 46.78644362727876 
52.85404086431812
26.433999235470523 42.423884087658564 -47.966456986161646 -2.5836835393862643 21.70588022338906 42.491524625066305 37.86089896686299 12.587549680078617 48.57327824905404 0.22767774759050496 32.49437736427454 23.658945441021416 -29.406159407915133 -7.000869290943449 -17.610931360991977 -16.504053854959807 
88.0324384311702
-33.51956196684955 -2.577136002890704 7.14660798835375 -37.05877634842521 -33.25746618239873 -39.15883533228368 18.260001148237038 17.933996429647834 17.716153059099042 -37.023200104917876 -43.59785703030121 26.907479115350142 37.11165840831373 21.38245466176643 -26.24847082588141 -47.612198037622676 
8.584034021512366
44.25125825488206 -5.324141277268858 -38.76862832480957 -31.736285056175973 -21.135633799042164 -27.663958627319964 -31.91501625260933 -30.268935052160106 -37.7072258097745 -47.2668222968764 14.310904333682075 -36.90574907487335 -42.30623152827286 48.50865614382313 39.008368043304685 -38.96264713417824 
66.28076154919839
32.32710194072362 38.313750004637896 -32.46243431511202 -47.59144463366809 -17.18359788621253 -10.662542400388332 13.407368658754017 -42.795716243791524 -45.191389473258546 35.89632109041683 -23.100426565997413 4.787651652095818 0.019998090073094943 -5.373873755944359 17.320225871532173 24.362315372466043 
84.32812754881559
42.10961307813747 14.9262813836026 21.32355524904054 33.44828138053964 -13.668858506505842 41.3421316933872 31.01562995132558 40.08117691160891 9.069937707681483 -18.689028838900747 -20.11442477964105 -17.50162423137455 -10.23035566154821 -11.19589998772598 10.518390532704366 37.051354264162285 
35.97268100842301
-11.656751892713267 -0.598137132163977 15.23473998299113 -49.416297686944354 25.848085353742164 -40.742358317154796 19.703727256252748 12.027192071824999 32.403036987332726 -28.611661832798806 -6.959778518856062 29.790074686313673 -10.955350794067428 37.72875930707174 -21.918179577984887 -35.10905692775533 
21.00269093785999
-22.847284521178768 19.272228818199252 -27.506691878399682 5.785281035685472 16.075016163610357 -39.23873016395806 32.1810909900058 1.0803108093946463 39.50165551785338 38.87716455667082 -19.659719966373256 -14.347498856377719 -24.580605443008853 24.11330309516282 -1.3584534686494152 -40.75257988029798 
32.77925273467408
40.916234223620094 42.79432810632753 -34.029119670826425 1.3167512399796095 -17.66884117161799 -33.45631110503238 -10.30590200730802 0.06491563708364367 40.95574570390836 7.307080965766943 19.742083396848415 30.654472708074124 -2.327436709785502 -48.10115545430419 -49.5452779960628 -48.64117687192996 
95.27505555407522
-6.533869293328941 -40.83292778022462 38.329741561740235 -24.628597173184463 24.060673860507208 -46.26258339803614 41.58302854673528 23.845249058438725 -18.803363810343477 -7.041394060809338 -24.968466506034805 -47.32828799468225 -18.70445717082484 -38.979635758235645 -47.773606258890524 44.03170678665059 
78.09503729583946
20.647119626665543 -7.544518775477037 -3.56290988126122 -20.10091299533402 -21.38192882559846 25.46141368458528 41.97367055133391 -4.02705702113667 -27.916832583477735 17.279727173707485 48.78870087460258 -40.56301546404244 24.420735343399087 24.56111321963965 33.593936938120834 -8.310625953912897 
75.33950770994039
-39.77011742952712 -14.775058097394968 31.688177515819817 -38.49015665048353 19.4441099681882 -7.808200497644016 -47.650544453530685 -38.7840260101066 -28.438781486971354 -25.324054405010465 25.868560711434583 19.353098486061242 -28.824026416766703 44.57237600042211 29.94766891637356 37.550251316726786 
29.286235734092735
-44.05399835974634 7.713358283938156 48.281823942672716 14.255013379111773 -37.334567935801104 -44.466154067375896 -8.462303171888884 -28.52430089922633 -30.00293500097333 14.996235131912513 -22.04602776300578 -39.48938815098322 -47.41317646949186 -12.020041255317437 3.263301216381464 8.961294777155317 
62.52643446733245
-22.936684963865428 -24.494157496142034 -26.55776314784235 -31.90429167786658 -22.57412165048043 -21.351050376435744 -20.231968902715835 -3.708247089909179 10.960212590312068 24.095649367387495 -13.1727626867551 0.4006269954677677 -1.5177719483157048 35.019084142509385 31.604474766465756 37.636456778381074 
61.730213097154575
-32.45794230837168 -33.57441125572258 21.267576774345287 33.26840666953983 -2.5121086533002384 43.739009748737075 6.668768623850063 -20.538288860201316 -8.239179770410828 38.60966735428677 -18.616773386116037 9.363980300799 39.37116993627858 24.590176930809065 5.547399711865964 -49.33694979642582 
88.70263470147894
34.7471989404477 -9.073623492787895 22.751498781877316 24.825952003976198 46.35926329389454 -35.6729472784903 26.542874803188468 -26.504661304430112 25.165517205564726 34.300792932686306 0.8289170277460229 36.921062065741424 -46.966748417162194 -31.18312103198183 15.774123334213016 -49.506416490611535 
91.52523522703416
-4.017447288262211 -14.43030398674663 -0.6583133852989604 3.0862567356520074 -40.095023589519265 34.31979918098118 48.93910159937377 11.431478878394707 -0.5649974119612224 41.908756877074794 24.931112266220097 33.20757123875137 -31.197889552448277 29.898623712864875 -26.065305399397896 -45.88922375718863 
36.04448989492587
21.4323770653629 49.27275070122886 -45.615555074073754 -22.342292743864846 23.668701995517367 43.43506180012386 10.981761505360133 -13.97005743549218 36.450171448877896 32.51556004681444 16.66773852268335 20.001333713301122 -13.29264225182839 6.957611671730568 9.947794068981196 -41.720518587457455 
74.52727042746879
37.64600697827561 3.9485369659224006 -39.53730049971308 -6.134806877282529 -33.28364376086928 -12.760371715831951 1.0671287964078786 8.554846151324988 18.40969035750966 45.07391022934496 18.22337233204246 22.57258869523396 -3.117966889473763 15.63626210440853 -39.39719522411043 -17.56292720416355 
25.085746105013364
-47.37011839246529 23.653309711456544 -10.823319380751741 -18.328430892328363 12.89207100018075 -10.631339281992233 -22.527318294763376 -38.68285556538722 25.71976213184088 22.58531247004663 40.38701021483023 17.970025117001057 29.19839046124882 31.19494520089596 -10.490792972378628 -49.79995093290637 
28.06598930210007
-32.31944360662907 42.407916470406605 -46.81188403066242 37.5076154221004 35.028488665798335 -28.051913618191815 -7.164688446114212 -22.236447933652016 -38.661692061996604 35.33583916425569 -45.941524476849274 -24.452004413510142 24.34692642133564 24.678689081829148 27.54525617087083 10.013173760169316 
89.60296320199542
45.399638100295206 27.07374958200552 13.35722851354231 -25.8281783000305 34.01943720458004 22.958878432355917 -0.8376613368726211 11.521510940257961 -27.377962694462344 36.269662234252806 45.16296760156287 -27.36622962714573 43.7441344947284 -36.831429783026316 -48.6176832524137 -6.595425566992638 
46.480363013760865
-10.943807365157 29.438383339851413 -30.95735172205171 -37.728378546254994 8.161501261074001 4.309298354399573 2.444132253650679 -32.85534924484479 -14.200051042274055 25.960898689957972 35.416090963212156 36.096884273149016 -12.271209872065405 -5.022240156834869 -0.8589414118497132 -25.128711858678663 
3.8609070860994854
3.7022228105750656 -6.580619044130785 44.54174415446961 12.055583232485859 -17.625806441795547 -7.004387790491748 15.130285801715019 11.786605984376067 18.377809202909148 -16.330199677940783 -4.096743088811664 7.195157893541335 -14.0606775870924 -49.086038139712194 -7.955675565538634 34.36695912349114 
33.48385727532106
-20.64135923580428 30.077932258830174 8.630197050493436 26.34693466877613 -27.21606250348477 27.7176965046675 14.252756767087405 -16.349996479355177 -28.85605235319032 -42.26008017519749 -28.87566253963717 -20.11255792452966 23.673066088615386 -29.966745954689344 40.84104605734666 4.135790757594606 
25.267149219996522
-8.848729460908046 -21.93287216370984 -17.21569783640078 37.102064296388576 16.49551462144356 42.13045253213278 -24.700927194460032 41.84668095886181 46.682397340618635 -41.484479649957684 46.771439894056 28.846889181991358 -3.301981713657277 -39.75037669330524 -44.13553236902476 -34.69824892732352 
74.12087291762197
45.135025254099276 -27.740240463252206 -14.277523190380158 -19.00691166460069 -43.63813476265188 3.8199842974664975 23.859336985568973 -7.153313818296667 31.24364534037116 -29.579085979981212 18.80130044323846 7.942111783178376 -34.35084393479033 8.769944953040543 0.0975744886846357 39.952064646519474 
60.16171030535704
30.516418898325213 -4.480132984818418 48.12444841102025 48.078604092577834 -15.427669087909955 -40.521352007908796 -39.61598206163539 5.070761266407416 -6.199740446990042 -9.873732069248042 46.88312528880344 5.654515763582168 46.08868673174585 -11.175707832645543 -5.812301566236087 22.584577931753984 
70.32311528157996
16.921939389488415 13.585406991791281 -38.14082424104139 18.874686752874766 21.68707822911432 40.928726055678126 -11.76450207608952 -40.03369804832337 35.75071923096212 49.97640065135569 23.985481840238734 -44.360502739404104 2.5705303265340618 6.372593340009402 47.07914087567573 -35.96639320596765 
94.18834878025142
35.20378233521019 -25.935458711616334 -41.69791134663633 -33.04870776838929 -38.50074168406927 37.62066817189155 -1.2709284379383234 -4.114458281316317 10.091813581700272 -40.908626592674864 29.472557014762913 39.05638606992919 18.93109421085171 -27.734302338291617 46.8489177489478 9.517740887845385 
78.24273383872507
-23.74817878784602 2.186657905837741 -25.651260677577483 -43.147716593024796 -17.50099951077796 9.015688716324632 -42.20530824202824 -33.45632248472895 -26.146183972639314 21.72160506657721 -1.3259148263442668 45.4977717611352 11.99411650356921 40.78277336815043 -49.017050256572844 12.65723641386024 
63.66611078085506
-21.678677311723437 21.022362516306003 -43.71003913310395 -34.143012170803374 -13.06261303106838 -45.60554766843901 -27.926220255951108 -34.63238694681726 14.659227042196491 21.85674825450478 -41.29878362735797 49.20675823326323 -0.6698076336557719 4.294291834102495 -37.69632143768871 28.810431432491498 
6.866686638162278
43.96343554972718 34.92031256516698 -46.70313605207822 49.55964392293387 11.680787689882344 -13.212465827542587 4.799769959955256 42.955288107531445 37.77529437718508 -32.59900510443683 -27.620490804799214 -27.160809521715755 -31.60899618620099 6.102571488022349 -39.90620013757202 47.46101153563001 
88.12253027158312
-20.629287143364227 -40.483292048411855 4.3754665849926795 -5.015161021917301 49.04326932362795 -42.67338271999668 26.138471495350217 -25.636535035792885 33.37770563370009 -45.459051307807805 -5.414396875563746 -5.1392082376513955 31.154410223438617 45.557425871007254 29.533323781719858 40.84859278816511 
67.95452944583292
42.36867333733612 14.481761958751164 4.056549665176533 -26.70537001065021 32.14906864831816 -40.7390349581287 -20.329025286068447 -22.523830488642005 24.869642787681116 -12.448958628771955 -48.81248193018839 37.80862642023173 -18.320973677141485 -34.18033670181825 -47.34382916932712 -34.70913644740207 
64.49534078265677
9.458865147184582 -33.0235963610058 24.8861141303895 12.586013213674917 11.766241343606346 4.544779841027093 25.201738795479343 -17.130449691886895 41.90397597048607 7.827001359126648 -3.3143068457996847 -12.744714234723745 49.08242343982708 44.320739446158086 31.37742886710066 22.544187977805507 
41.953181005503914
-17.104711367086075 21.801726400727915 16.24581633833094 -15.440008115844165 -3.3615102836298902 41.769743489585125 5.123573082936204 13.18393830218644 -0.8890459659979157 -42.34765178326653 22.362413786779797 32.032852699942794 0.3021615197415315 45.11656109861863 43.960204068376726 -10.037050969632887 
13.602499140480539
13.366762451817785 35.275957643569015 -24.715828827467824 -44.25012652238808 6.608046342259456 -5.374784595495427 -8.811150603608894 7.979029884900946 -39.25007975338238 12.39484754462731 -9.543339160702644 48.49628387316244 42.29432608057421 -48.64339376027 4.8271337205725615 23.92184976064678 
35.90271582122349
6.690790754866086 1.7941784601581787 0.4865264304649841 -22.68726298244167 22.68837580468518 -10.434534141501459 24.539010810383587 -0.924175987645782 27.182073384252277 -30.45725193480986 26.314641372511502 -31.987210238233676 -5.536299088422815 4.917441154292568 -29.06408538014379 45.3353096408171 
12.777418041165213
33.839136058347776 -3.7403641089947897 -6.943053199109485 13.435261462412619 6.102979205653547 28.455111047124475 -16.38186679715305 -34.81643021420342 -36.584922622888314 33.09229810241209 43.57537781316529 49.655856015117934 15.033461037788967 42.03840255672276 26.755656889820855 11.57971387586322 
32.94533205655256
-5.394117023164689 -32.54722137503538 20.862423007018037 3.7297008140331087 45.16440561412544 -39.95668657209709 -7.238115696272942 -22.132352389294454 18.823806980197915 47.82539414066997 -12.94339702082521 -48.499066519447375 41.81464795273901 -19.065466453522937 -2.5395520092597366 0.502761131206519 
83.83746321077375
20.866381473066397 48.48493430424796 -37.787104193057 25.921386696415865 27.437062529425788 -11.466174126915604 26.30260666810898 -40.77270250415768 -37.06237396680427 5.221869170386327 -47.026855777842634 27.75022242441996 -12.210201834042145 -8.258454569323789 34.05478952220133 -48.97975543647917 
52.1861281814731
-38.44133567414909 -49.43825423284215 1.670651693530104 8.998278319868355 42.79978216811871 8.871496739033532 -32.86331214765155 34.663111196956976 -16.598671878529103 -43.064562865042845 -5.232308036202106 46.80691690632179 -36.57752657660094 -8.209035706440382 -44.71997059231065 -49.95606089068573 
91.88070741289913
-29.866582823295374 -39.25230612450241 24.686157473234786 -37.94882532070084 24.819602455321558 -9.777979238457426 -2.9729877132936977 1.3778727629676908 -28.087146311618394 8.591468118262583 -5.587379920450921 -20.023251541257093 -34.75706813942242 12.43696583174112 43.489716658150186 35.16790860291022 
68.44227060181835
0.407847055352093 15.820409922413518 28.556026921781523 -31.966558532944557 45.037929600792936 11.479607129568357 -23.11477567555785 -4.619093919647973 37.94081653968156 -1.6983149877506705 -11.773428226945995 -39.8165140999956 -9.031934154479579 -7.88110116309344 41.013544370471664 23.67218901638647 
52.18333435926979
-28.365386650243497 -34.97734304879554 -44.208627146695974 37.40021481408658 -29.499574811150588 -29.396341721296114 27.379459448902338 35.55096255309792 -21.283148078435875 25.295586533222547 -14.271263552380162 19.29785357418382 15.653168380010456 -4.577898588102393 -0.10796803059579219 -18.931551338515373 
57.7826712630601
-45.65849910766272 40.71733901372495 19.090570045541284 15.6554967402096 8.733854034560196 29.82976265208191 18.022345154011575 6.6818407687678985 9.639758955514097 -48.35658268045444 4.417147165816928 -37.02575485190434 -4.0778010775406415 -27.025786638733162 -41.467139041309565 46.798411164792356 
14.405060775056523
-44.06228652612477 30.889411066694876 20.10772593606886 -26.85112640648899 -18.44542826321436 -5.502020053833142 29.18751900945729 -37.84360695504417 23.84929683956105 -38.17005166429417 20.610841532489857 19.257620838577296 27.216408044305368 9.363052958639798 -49.49168687118799 28.00597295236105 
93.44130303300348
-18.063167915512167 -14.419608516463192 9.124268425327621 -20.998563122972623 -5.831054824050376 -28.668817757632358 7.371258838709494 -11.863265659266133 6.828473074876044 -39.32128693679988 -18.343514387878002 22.666379051926796 32.33186717741674 -45.60265729245281 27.813208276296535 15.642436454040762 
65.42170954650689
3.773777171040905 0.6462989162958621 32.66907455055997 42.60801694042598 -34.59103957719609 4.70385725023138 -27.92064810601652 -42.90369957390104 -21.72614437059699 -8.321463619510538 33.14993216188155 -5.303812788629315 -46.072078302753724 36.426392855918635 0.14722388735049208 10.59889607401896 
82.23491361720107
-36.701707532844395 9.236895734357986 36.93139768966806 -43.038651104372214 -40.1892015825808 -24.848170540782345 -3.3603539671114717 -31.681188685522 45.64055674785679 -44.998004441515945 0.5227533991177253 -7.187965473873071 -38.491752837879716 17.722901346560676 -28.865435127501783 34.68047222014448 
54.72512310440154
-30.60235085923051 -30.211410567627027 37.771869463207494 -33.9926907990349 -42.94917132555247 -48.953240283570175 -8.137880646570572 15.619909942444039 36.50082086849592 32.842077365764524 3.2364367378106564 45.99516508600732 43.470314625716895 49.77967556238208 35.77274201686048 2.675808879654639 
1.3931742789307089
-47.81961294214088 -44.181152667772885 25.766875048321538 34.21904006747509 24.075453785962424 -18.1691406864256 -19.96380088539175 -21.994678783108768 19.630518779289815 48.04099909765527 -26.61409014597784 1.19954340281393 -40.628443785350434 40.34877364415698 -49.375761767024585 -49.74668722978258 
35.10499549972999
-47.81967892430917 2.2989916363635103 34.57236039567569 45.56874941663126 38.236364729593305 46.81106591210495 -47.20449020534131 -26.37955689224497 14.85018508681155 28.10843350533837 41.00862306139675 20.163614257209233 -32.897371438601326 20.968032025641364 42.737907137217235 30.032274466495764 
24.892074434251178
-48.79494763022012 -39.56981851257623 -19.301346239207994 -37.16698444919877 19.10609976536874 -1.3839051820044546 -44.06145692121136 12.15764315755208 -39.035180813532065 -49.93458585087911 -6.516821512729507 46.720741730666376 -4.19448930499172 7.981947415925781 28.20610999409483 19.75879964261611 
32.212350128509485
9.648824112775003 -49.46194636333192 -16.76981683861156 -46.361122000619126 29.923174999538347 13.572263491641436 17.363923435627527 9.654361909300405 46.59257849507874 -48.282544946636484 34.470444692994846 15.290798568951786 -6.156148564936345 18.774894193863418 48.11836620400267 0.9862253017189246 
54.95807739532712
-21.452708575169368
-29.747681391460922
23.444463389834112
-22.17874106969194
17.83327019627157
-21.322358151891784
23.77591446302037
-35.83303046377189
-34.01103451407613
44.42509409292248
29.72173847610034
15.938182683355706
-15.538894059757425
-46.565633187253106
23.38673051793336
23.50800446362709
