constraints 163
variables 16
-20.653904682965972 14.84644027965038 3.1409942812767326 11.124654078844863 28.876490733378944 -22.800593947452906 5.608499374991553 32.55786810075708 -48.152307930931336 -38.63168471352269 44.91987656681124 -4.788877638101262 16.07929016743539 -25.82416651938162 13.04826772629314 -3.8666729652071865 
71.077621519485
-29.43554419507688 48.913251879810076 44.41185333230145 28.329424458546328 29.914295630933736 19.073349859780492 -49.5097061193566 -13.102231876460849 12.97889619295006 45.388638493042535 -9.24702846604896 44.8873267871479 -39.461724488460064 9.136462962899742 19.657078587389137 -24.66577638315893 
83.63798285485078
-18.135924398537895 35.77534715251406 -26.31090226591629 49.67749830205619 -5.31219168466076 7.819223210898862 3.300200746933754 38.630760470934064 -40.200876509982606 32.04447913742533 -24.833303018066676 29.326254730895258 0.6137425086805166 23.398335405116384 48.72056929504588 -23.016484968978045 
80.30074777844976
39.349075378058785 31.50884311577225 -39.90252424986329 42.35441524609921 -2.45376116010123 37.38612202467287 7.281663497630106 41.42223794117467 -23.708480146926647 35.19068315268302 -37.17431704492046 47.778479402992986 -19.74251687082067 -17.13429759197166 -36.50793742194084 -45.366750421888966 
62.97326356250691
-4.399591459192877 -21.528039570343804 3.893016654845873 22.303441000156397 40.804320393471556 -40.56110858646008 -26.960872659922586 -24.521655192158175 -12.409096155826703 -41.71598043438718 33.466780627916194 -23.808984829287226 -36.064623110917616 -3.6137828274947594 48.92761512095525 -42.14188041195946 
40.784575796827646
11.164547985179354 31.644901624115292 -25.65083447056855 -30.864868578871917 -36.81961579997169 -36.77892012714254 -37.679669064205555 -6.540514549653807 -39.799080669459066 17.633172011999676 -32.2536769561616 -47.15248200362614 43.405331985209656 -5.587607835652896 13.32566278203582 -40.15510838982218 
35.30940811117633
-18.469962291207665 33.1418451118833 16.207456292968786 -30.996018146505154 19.56255631033241 16.294870665111134 -15.34564265783721 -46.05297562966406 31.38441559041385 -17.825377259285425 -13.809218164689561 -15.181180747611236 14.938245859669394 -43.370342030534644 -16.31547598061548 -33.15587944263636 
20.557462999497133
30.491981601772565 44.118893848845914 13.50478248028407 48.867352915317596 -40.24962265575157 -5.692318406100284 -29.289154120941973 -39.53355920494981 10.12198064073472 -2.1537205320584576 35.267592922508456 -15.609326454532024 -42.146295619990006 -15.31373882981142 14.870635534506079 48.78877152682472 
83.29224954627857
-41.040981791814815 21.88064733006314 34.28787873868124 34.09342056336409 -4.462610259259222 -46.226202559402374 -31.795578487932097 40.89848589253167 11.312397809105235 -10.566390559668825 36.05585218326256 39.88740862936416 -36.724397386761275 22.34436671631849 35.75475235614084 -6.17427132774155 
32.23576696535423
-40.73419417099096 39.417567420710895 6.053984665483505 -1.638132454143161 36.11333896180447 7.895949087997053 -9.674456808243903 -47.267247672949544 41.537565527714136 23.93959831945574 -6.519275523820568 17.68701537508025 -6.908604769216552 -28.67486456572402 17.652243730264345 -31.995045888545036 
30.892616492160087
-10.663598108893012 -45.971145827301854 -45.18225469133517 -20.6657397202319 -25.342647306595822 -28.838726711358042 34.62726782324468 28.664689631223823 -13.960518448466367 -2.623606955520927 -3.0667219385417184 5.153813698149335 31.031462814569238 -0.9271398754076756 15.702918858410953 31.08141591464785 
28.609582514984243
-15.496880578126493 22.280824261646032 23.92807091563678 46.723145437436784 -43.8959214051705 -39.67361643392356 47.918679935688644 -40.42997779184155 -6.479484450959973 36.97797185252223 10.46317976822835 -44.156900583634865 -25.827532470920143 28.682279817969075 41.05852513220954 -43.760702293312534 
78.54981060550519
34.99012042927231 0.8605295025880011 -33.80142835366931 -16.62571924281154 -0.8916209468374134 -2.5962416036903164 -1.8589410751700157 -32.648757122476795 30.111093803015635 20.842114174723164 46.396348301234426 41.44052673951562 -31.549155545494212 -24.39763954814169 37.56963947973124 -31.59233903721872 
83.7750415952595
-45.512710208849725 9.265309695118574 -45.12607219875283 -17.960162461404458 -8.965149524915937 40.88919745320683 -16.834391893615987 -22.472215748187452 30.334005308621244 -28.323288555887483 -0.030098468434403003 -45.38639249852966 -21.482314739443574 -6.8553651244008265 44.13698496474771 3.9856847121609746 
76.79768334844395
-4.159723996698652 -23.07529546593964 -31.48079514317881 -2.824108673400957 -16.43758404504854 24.56446097236997 -24.889799621702757 23.860841917340593 42.154259491510246 -44.76614475457234 -39.48209385825125 -33.0620322058374 -35.480604493423215 -9.646308389855562 -28.373746991756697 -47.01339606638745 
38.687571172675774
-6.416027716452312 33.52352177424372 -48.89374082174497 1.5577887821378482 -10.024450251852947 -17.587511033070705 22.2091865956139 -2.6278663964030144 42.44113982658307 -45.398319457057944 24.45587690415006 -42.97558722023358 -46.95858579453929 7.691614398327673 18.354547938682458 31.983537719937615 
12.538934249012657
25.558227795603102 -8.68467825118583 -25.087679451416534 -6.745288966022521 24.84889935818738 13.344255050382273 -42.01182434513417 17.469231711882856 37.44486284435891 43.081909116572646 -40.51704962648988 36.441773765545065 -9.293032329015482 26.535755015496946 -20.66505196948787 23.578924227667883 
95.31012955738284
-30.374864806648148 -34.75307896051445 19.365193542481137 -20.914974589978996 20.052128706846744 -7.730328852838483 -34.62432194687525 24.523902791361195 -35.968879093752946 40.88158984557505 30.022757408318228 -22.529364921467277 29.05448241633694 -38.74967523121422 9.64582691280522 -4.996523561222709 
35.14122777432757
-5.3364961769732915 -14.86489678950631 -8.367842156641544 -46.089909030077116 47.04123687256778 -23.512420644847797 24.6693979795659 -32.662000286236214 -26.00612054578858 -34.47476962995921 31.99999846617888 -33.7905906770616 42.064372138055745 -49.53739333318905 48.45915903643778 -7.968456490360687 
26.595200368310977
-44.90702663668856 -19.35522546118059 5.585093846620957 -6.914193612503816 40.0691884119081 -35.773128822787115 -39.70053747054408 35.95711673946343 -45.91242953473564 -37.31946352801291 -30.713844482313068 16.315542577112808 18.739988727451603 -8.14294938043475 31.13349736888742 48.60970382573343 
12.381465146729532
-29.07885133193554 21.460342263364595 34.99877364767946 5.567642676778661 6.9206522573889515 14.745966398106603 35.802262629558925 -46.551571283243035 17.617997815408174 -25.902068466674933 -5.423272282412782 -31.038767502272535 -14.798549412843975 35.38915468383507 -42.83425529504221 -15.250815929229503 
62.10708732576853
16.59000129365448 35.49522700378577 -38.56319302957256 19.42090571830164 3.1407584115431106 18.93696397557811 15.22760348941513 -11.80629007068972 -4.145675993537466 28.739062426186138 18.745058759112865 -5.510335054870431 -40.89146746210881 44.322682804282394 25.620631291554233 30.102782035766793 
23.98203896206399
4.170336887589087 -18.460733985803245 32.61376132329322 -16.49276386814639 -1.4182789777540847 -37.7149413244564 -29.177015062450206 15.358175256696143 26.74887545943568 22.786682379409257 44.58371411758347 -18.938965689513452 -13.596777903082554 -49.75573197537395 -38.32718938054967 -19.79081251176845 
50.71285323027014
-10.873586110045721 48.57458585855609 -16.815551007393267 -35.84083967322867 46.15805985447027 36.91668332778522 26.530624891622892 6.797744262618075 -10.623014467060074 42.78516287676915 31.395007690588514 34.609264220392504 26.91871916677478 22.259231566824482 47.348029676371965 2.5717297491831275 
38.39668289469416
43.24437440186564 31.41071162080972 16.636446653345885 34.576420230857835 -38.95412354005224 -4.735752872421337 40.96568744051652 -10.500202094526365 23.113068666498137 -7.614576075819912 7.590874492062284 23.29709153942487 -43.002170230183 -28.75379178486711 -12.924121171621131 13.631906574486194 
64.8092692979694
-9.264653784059362 -19.17918329303371 -20.944102670094633 -42.6903481312064 -20.39566029454255 38.31747776363257 8.507315921373838 -38.71493752491806 23.009673080296793 -14.031628373418378 7.769416439357272 24.937472639642493 -23.882238386913514 -21.992957163219163 45.911783410160595 27.78319864499379 
87.25855771134471
44.608228001058535 12.56969351078213 -26.093973657190606 -38.7416899876277 17.452079435166056 -9.626351673013659 10.401561512747378 -42.648485176301264 -41.192446178663424 5.923230652862479 -33.537406255441425 -4.533402054272727 6.625799020349753 47.40649256373415 2.7936380171587203 39.69941415084686 
25.185157876632157
27.29809680613846 -4.09399671268411 38.43319938735151 18.505213344048244 24.52646950381397 7.3330831461472314 26.833116893894328 -27.95195443638746 -37.91774355475185 3.9188062031878985 39.338065435782795 37.150682322017346 -36.752592703660326 2.070517030483728 -12.708023760994301 -37.816509166854004 
32.45623154031333
6.230742334272975 30.001343375895914 4.605040618272959 25.2568229797877 -0.18928999114424983 -43.72475835978161 28.884753983628244 -44.076754654247075 25.441639127883604 -2.1013272340403972 6.690435815144099 40.975963427129315 -39.36178065752023 16.509541047280365 37.7885634614847 -7.800049236264826 
4.831856845005456
40.994137386016604 2.78098459509377 -46.29297776048814 44.2196682898885 -16.214445464067218 -7.8975168177901836 24.170900046189175 1.9883963730800502 31.34393006685974 29.629395456023474 17.570619503216406 13.210734945413016 -13.383000868947938 23.800317060156146 43.60983697590325 -13.925167399672908 
89.42393829313377
34.32566364093866 32.436703222722 24.096027395884704 -45.524949053940944 38.36363575258899 37.37096903568872 -12.426860176197074 -3.8657005958026005 16.46597711793615 24.05197797105575 -33.21007771516841 -45.948662905003125 -44.35241598825803 -5.246659805786102 -25.674413695485665 -5.565906201802086 
34.60995195737782
2.566986042645766 39.326533652939446 38.00261381493024 14.449072276841193 -18.25857767059037 -47.29520054048682 -42.440707236723654 -42.895685664472005 -42.33400492136962 -31.033098189961194 -4.369744940570641 33.355490783265324 2.8250392125285018 17.740127395284773 25.77707942246569 -37.64882492133316 
23.50275859025397
16.051557931517976 19.947692587706968 45.452066957144694 -3.898214967815207 1.028416898807052 38.62967506241898 18.599001310970323 -28.354654181388018 21.92656829052585 30.58890275290736 49.4659872362315 32.36501934396068 40.25735817750929 14.620787097356157 -1.665580055701973 15.233097670621007 
37.27118327148426
17.011108581264338 44.92541377109899 13.880583288570257 19.169491877591824 -44.70218831657594 7.352976199631058 32.54889250348917 -7.844762455416664 -8.555239691870007 43.911514912327476 -6.4446177058979615 -48.20499293474876 25.682915430497275 33.586972212546414 43.209807554827194 -5.8455995302528905 
16.043990529739904
-23.01835782709083 -39.79909067518405 9.781481579627417 -11.993883439372446 45.76851412787647 -4.8206975787950626 -34.14858508589545 -6.309384667645034 35.841777786936234 -39.40511109025583 16.648661404520197 -9.306504824424742 47.00588156006907 45.804085633157456 -41.948553351747165 36.90482465852337 
70.34636096688796
-45.95587579078961 -42.20359560934024 39.56365223757297 13.351360490383946 45.078751241368465 0.03967728994182096 -45.684303397961955 -17.596346511573536 20.151704255717107 -19.90605020436985 3.1855461806966616 -27.561350247849305 4.341312934422582 -26.79075119563673 19.144637913139633 -15.63527337201522 
15.491670763651044
-20.121425846821804 29.35083346251686 2.2679769598174317 -41.39720214628201 19.387700725312513 9.154905522108102 14.47423082711461 -0.1057095316148633 3.1918344270850483 -25.386161751885016 -44.78295777134588 -44.28603272377146 -29.809988168303615 32.52030167703815 26.9610442649809 -21.95496835583075 
57.08145821627419
-26.14773214961733 37.355918835317254 30.57234942750624 8.726392659061489 -20.93380622134867 -0.6530420123198724 27.10041385818792 -44.202959011860166 1.8018058242116126 -1.8559700888021737 47.5726612813683 -0.007084006299272971 11.335967154159277 24.551479619666523 6.023791612216279 -49.292326563295234 
53.51771498471105
10.587337024281688 19.503771081046906 -48.726834743375214 34.93604620681161 -19.629069557701918 -32.6557240530188 17.769601573120994 -4.28344084973935 46.93385154580592 36.095316436206815 -11.121045602656068 12.612610809594415 43.90991115926451 17.04183603420728 1.3720851134315097 -34.048821884290064 
29.985603912382008
-39.58289187607454 -37.44167620833744 11.513109852100293 43.54329846792166 -6.738221874067726 38.38952622372605 21.57204179286761 -34.894801183795266 -23.665558846437197 13.898873959070713 -1.9142691534675436 -34.01311126551213 9.561672943335886 11.26804685359648 -34.57189017204703 -17.00493762324652 
45.22243949832585
-29.945412795303394 20.06992824692179 -38.945204987227456 33.393896837170004 3.9746038543597138 0.26030400670155274 48.32753391352075 -44.857444691603455 49.12426829180386 40.031137350022746 11.681745741888662 -4.47312208139833 9.636765723715612 -11.25924522547409 14.303906138000315 -29.31564130581711 
38.509719232068726
9.892812939812124 -38.21160342197384 -48.891800173429765 -36.29867712524766 21.11090012515922 28.220531366741184 16.675726228575115 32.581772594098496 0.9188934670244748 19.567798480331305 38.072669976688886 1.4397785299865475 -32.62839212906246 18.120171334447463 -46.03542903771084 40.982309593297174 
78.59983961140276
-21.228894061178984 3.5984788807602044 -36.37107582415264 15.978410724019298 15.606629977834274 30.475231786934046 3.8903970492944566 36.89536366431744 25.570709442570234 -5.685400149754905 -0.7654332051409227 25.995000614781844 44.9008773166001 15.742626941924371 -24.419346172175082 31.28696356170383 
73.57885744965006
30.962504263748727 38.92656636239022 44.65809775372554 33.21672987925783 -47.87264717019023 -37.398018401668686 -24.906598898229436 -5.400056238583893 13.215376729591775 38.25329180341667 -32.69318074355804 22.534260782456244 30.91477258643937 27.904775739585446 -11.497743196119295 37.69454567919213 
75.3579105389367
14.303627819134817 41.6296755039632 -12.15099136317589 26.501292706868725 -2.755231639064128 14.770648043936035 -45.866629780502855 38.529817821647654 24.684656425091674 43.18232874380375 -8.024831926276107 46.87091911208506 -20.8084291572979 43.04828986132371 -29.18080548908093 30.236207070985486 
12.643131454564315
-25.87078844336801 31.980849692398422 -16.434790253870347 35.07011629209809 2.275970916652895 -20.24502074453317 -33.17208895968996 -32.84111299480831 -37.83784615001501 -42.666457696992495 -30.650236482533046 -39.83693738731738 -34.38738718053055 36.13622424116868 19.65491395260129 -28.161713093280316 
11.549148041460978
-35.166084816071894 -23.219617209252775 -37.49767992412576 29.844008401976296 -17.354269367354668 10.596013925093729 41.43584948234013 -16.73365180631923 0.41605970120210856 15.871996343689844 -49.422193439162534 -40.77362040920074 -7.471130426193703 7.667813670480584 -30.167831162412128 6.166457350368162 
72.892328125073
14.073507562382247 -33.708428745521346 8.217866099045203 49.02751512387539 16.416183572621577 38.296275144915086 46.13661448206021 9.720869736553574 -13.248331054175154 24.485399663612526 -37.448910684017314 3.7507090233973344 37.79333862698434 -42.13948582028617 -14.801092276350914 9.873993001701685 
81.3871082049397
45.37003402551545 -36.90009812846616 -18.439739240027087 -11.776389986181968 44.63613104421529 -12.49335904151446 -26.114514055957372 3.6856599259956084 -8.815874305783233 1.9934530968045294 24.549321373110374 2.561084831786232 1.8976375899786646 -45.81052925450901 16.15502423787325 -41.191926305571045 
93.41105135356987
5.430680112783428 -7.307857336420774 -34.3578030047686 7.764101536740512 -5.9994392394239 -10.412226924145621 -34.07871382337441 -18.118282169906674 42.648389786165964 -36.25693602805574 43.136433137043426 32.30549118757571 11.718841691548022 -22.35267798061855 29.274328800701326 -47.90852828959582 
75.4960062667049
-0.03706851385639709 7.398250676407706 32.90219511168941 41.25954238425612 33.900080491823346 -25.9979720135342 32.059251202220906 -11.929855870362971 -25.749007012153335 -20.976673555136436 1.6858305782236584 -24.553911625203085 24.129247046087727 -20.140380515502898 35.057101659164644 -39.13788016445102 
23.260466291933056
29.812308280812488 -36.11051530068631 -30.603498431968767 -48.903511737758855 -28.908619124609945 9.538164641187642 -21.128471996381336 20.075872717602337 17.845133596668674 -49.064492718815586 19.47742923473119 -32.97055586806729 -4.363565663514279 22.591293968354492 -11.860999573998043 -15.96975481645321 
0.3690821133848887
-2.9110341860909017 44.77893236231965 3.9131890798269637 -48.12517105744861 38.2503944837018 40.15128996552052 -29.759637384600467 -4.796327784912236 33.504907675653016 23.063129494022917 -23.33622185521832 46.117034491151244 26.98663772795986 -11.428213911450968 6.438141864574057 -13.634475839869843 
28.49754370731432
-41.86012547982646 39.26198586429291 -10.960044625881217 -32.28835199331215 27.749604920316216 -30.323727483459663 -5.383665380976652 47.85948109704938 -19.37747344147712 -1.0746050479093938 -35.72737296674845 28.619804856967477 37.46034790853081 20.48626080538223 -41.36296265321716 34.05913686693066 
59.017000073054874
18.396917725491562 27.334665523678353 38.19778892181934 23.331698059578784 37.06698514901663 -2.4686466802627436 28.14443233407559 23.097179445192936 -38.57208592208442 18.130652839587086 -17.270514798009764 -32.593049931622666 -32.918102515577274 -49.63822093269782 -16.81907408447305 26.519827287304736 
11.534010559855046
-4.796460298365766 -8.37563899247904 28.299587426777393 39.642984093132654 13.42118151103935 43.052500295442584 0.6321414929122824 19.101740405278548 24.9502030121824 -3.1025219727155076 -44.60792638788418 5.059635742551016 -29.056881177981143 -14.547299025828295 -23.574955135029406 -43.07584697481589 
34.00230747797062
-21.87078066894084 6.531945853893163 -5.069488223909623 39.953998239334226 -47.10510488310181 -23.414638428435797 -10.75650284093652 -42.02444578287465 29.232892957500937 -16.321660907899116 20.156571074490046 -25.029791012760505 -29.430651533513885 4.5999933276492015 -15.620898380922867 44.79046212482639 
58.35831152903081
25.952096425457356 49.45335079601489 3.2433494293966376 -25.124656210333818 -17.13478546553879 26.018600286010624 -4.232164404948456 -42.74051653003068 24.542555665115614 35.94064868156612 -13.743326068284311 1.4564751290433762 -33.24576272682202 3.2505992147801166 -47.29802726942706 1.4545517767792973 
98.92414072495382
-15.61227216963809 28.175895708611264 6.56725399605137 -13.40386367280719 -15.583062276036067 -35.885174991900755 -32.49391314051555 -1.1640817554728784 -23.307859127366925 -23.042559423222862 20.599122289256897 -5.480717105586855 -45.1373653783944 -11.105853115482525 -21.250143262862366 21.47718782608912 
48.1703542848105
-11.182687521781233 -42.40597926087331 18.11240920143733 23.66168559786817 20.518851526535286 15.800223574716213 -41.62770764120636 32.238234755920786 -48.23632163736754 29.573642681388932 47.856416173178644 29.396806662075775 -9.925395555845462 -46.83973027224947 11.357723517007543 16.059577605608922 
38.896286352213195
39.5124526697023 10.280062016009175 0.07125016664488726 31.262851093709656 8.264783655611339 42.144667927651966 -25.25924221104431 -12.824128282362487 -48.2173220391392 3.792659514211664 47.2308426846797 15.60637803118506 -35.7157620729732 44.91012050250902 -23.350336628058866 22.36664745196832 
13.89930544458976
-0.8531151199167581 -0.625672674691458 -8.945482000131946 -46.98213192792922 -43.63030670592425 -22.562984890478322 -24.144981674991406 28.39327342470962 31.484860975207894 4.730203711961224 -17.8088515480583 9.204000150412682 -7.214769275316755 45.33820593313996 -35.95235871811704 -1.359033925413101 
85.92059017609334
-41.52190916180629 35.248600593596464 32.57573206478011 28.360370723333517 -14.66622931484224 26.051950951806546 -2.5218886882599634 3.6119138577924375 34.49285296491772 16.130590455304215 18.990103823437394 -45.52284557566644 4.746651944527457 40.342294737503764 32.426250264222105 -39.72491952577279 
76.68950706811914
-5.352681865902312 46.958874446618694 -15.773145490440562 -12.145670187116963 -33.88522535544716 6.359866407661251 -5.904920907732006 30.047124433774613 -26.834151055327094 30.9090459361247 -8.311911659415081 -27.90602371004023 30.033942556292686 -2.5576790611030376 -15.015156544914191 16.389776946546803 
92.8788980392421
-22.49876364319734 0.4053867075657891 43.43876543745847 4.07445579932282 7.1587040717769455 12.146458844914306 -14.997277957483888 -24.104850630710118 6.33404468429292 -39.47867170046038 -6.476558899323074 45.160847900871815 0.2737391352978449 41.88749097684244 -6.8381074812512 -13.645761255201393 
71.36253107444526
-20.9846526069028 6.097265191385617 -7.691500223619194 -14.457129233661846 22.645578879529467 -3.345149847769804 18.769513237644446 44.35892168117577 -7.49761478621194 -34.61748389844621 41.96896848375195 11.004633098973613 39.17439236801134 -44.6286733095662 46.80170637048488 46.74369669589616 
47.04444254832659
3.9165939412357673 47.28278187940845 -27.31754766057699 2.8440997897806852 -15.958540242951337 -9.333371328147976 41.11512826697688 -25.571769861006878 32.45591334609436 11.942834705931816 -39.47599727458541 -19.990540684703372 -46.80014307910917 -13.619956413847113 18.805478381382173 -20.63800395501999 
69.51969195687737
-25.62850480851865 -9.593779659868872 -14.601340662461382 -29.546371000866344 -34.95719477750865 44.791879408512756 -22.95534129820598 13.15173708522773 2.9145658864002755 -3.965863752166939 -7.523957141555513 -2.867512155078124 25.369412284793484 46.290130485194354 45.560397134096604 22.478397527730422 
97.7552160128518
-20.438383715017505 37.7318257806278 -19.600937643508566 7.663095645344377 -43.640574263675106 -17.448210944867668 1.6407673963567433 20.250997015393338 44.7621592882128 20.851950687736903 5.897528702917555 2.440561866721538 -1.1537547250554212 -19.375352436930825 3.679288810641964 -4.602895963126549 
11.57786567988225
27.72118826702514 1.0187152091360332 -48.09048465036062 25.99544211257725 -39.062325265451115 -3.0511291328626484 -41.88105491132986 35.874709566105295 28.21261082115936 43.859769699721426 27.50211046895437 45.056711965181265 -20.56995517218969 -38.35734838509531 39.097220127732 -16.767777457290556 
75.71657460975176
-42.043452491107146 -8.33260397435781 -4.785456094390092 45.14005551225135 9.002530138349542 10.828577024847043 30.595738010230505 -39.637668257647604 -2.1331927888268893 -22.874034783184193 -38.83021554131902 15.067978463244103 -9.205420170058474 39.62498181655006 -5.380689101082957 -7.114616223528905 
5.68239537697165
41.7898578053763 34.70093171620708 -44.96378876877631 -8.37249949850117 14.25494547595693 10.527422116779142 21.09371338858537 43.54847238978833 -17.4491296781052 -39.46670122639103 -19.00012262991526 21.69218837908842 -3.0702799919791772 10.323625089962185 5.886036819083728 32.26797776564389 
66.14042305327169
27.844156359940683 20.260977478964165 -47.499404213677735 -32.662409541720294 -25.82577789820315 8.775159069862404 -48.93059734234683 -39.735944540789546 -6.26800678210904 -42.96075068168508 -36.79803671360852 -44.57061318353925 3.7951315250960818 -32.130409798255734 -21.383978952310535 -26.786267701334776 
99.97800783087989
-48.1471640709409 -9.945409127787862 -16.341671752092203 -8.329952189846132 -35.733461761949435 -19.665278931196205 35.16103732270571 -30.57203367147505 49.161875957299586 -3.368771260149373 -35.622629427144226 -15.07198714529325 -44.19058309507325 -27.857494741097135 -20.665590751189633 -6.67746355769475 
62.72818589389452
7.33625646977638 23.097112057047042 -32.29143903198408 -19.837048322743655 15.648858558820265 6.283533380876413 45.904253949381584 -46.85589403693613 -28.18725767301923 43.30744855028139 10.842518057369801 -45.84093368081036 -25.087956830470347 39.43402198327394 -12.370808011675713 36.98368756497145 
2.8175179768973213
-46.43394386680526 -37.3233983970544 21.36663413317936 -10.172509975629694 5.13549602817438 43.311533643131725 -7.970708228722586 -44.8575867727158 2.556852820780655 -20.130043561431755 24.838220227195507 46.22638547911092 45.40620365965509 -33.47090938785665 48.026774543430236 38.159734683998224 
42.821556971027285
21.990725965647243 6.986977245107738 47.7625954085738 -3.4227097710156897 26.61795867247541 -22.577654690971272 -20.429845462495177 -31.132535110080617 -41.25919649641521 -36.45322904898233 19.666039468748522 -7.960135069657028 29.584404165589206 25.53425742968777 -17.068893965959674 -19.64543248364803 
13.636883520503307
3.5686854465422613 -0.559351972637721 -27.7020337745992 9.26210143410453 44.61241943091227 46.543839182284046 -33.93485418545889 -7.02406713933037 -7.592955238466381 -5.414975792409017 10.530555439783726 -49.95711974448085 -28.76091968799326 36.277211642772755 29.35896252230387 -26.086782641316685 
29.648038757417318
12.413932372007388 -13.13431234149197 27.50904583347655 11.52370984402176 29.906407838992095 0.8171712563413678 -49.519010199296766 38.93412808159579 -7.9412548227951945 -30.430060615472023 -21.704515218519028 23.545178744990437 25.5446545318551 8.778065838303718 -38.62401271123305 -28.362698044004418 
43.72497574159948
-13.643730345379232 35.50958166174124 11.494388697720773 31.746081938076927 3.4678124494543567 48.343856634463876 -48.66565508824643 25.28499799958574 -5.986606668302507 -8.96283676066767 -29.029530234616065 -18.14214250625763 5.429268851260858 18.98861336970748 11.03724362259166 11.284119782507894 
29.559836562241237
-28.937468477798767 49.883658662319505 40.19970930607907 -26.04797491590861 12.835285038364084 0.13182363870759417 34.438088602823285 -48.87425656779357 36.130737927155124 14.417989591400683 -7.351035840441391 16.206797448491997 44.47385106200605 -37.02221333819149 4.700201387442959 1.7656224365319133 
92.08021850194467
34.506937182412685 39.209235745789854 -17.212721856272786 22.61261270721137 16.123226987244237 35.976091431101864 -45.594892988991695 23.17392093689709 28.275114185523236 31.140870846991405 20.362595464859183 -31.13090572819316 26.086789558228205 35.56437201138368 21.124879253575145 -16.242966389543078 
79.89915674877531
20.23129733814642 -22.85651083177814 -14.8733649054912 14.660578805483055 36.401221112122954 34.98487653232968 9.769457087843811 -29.659063558473598 12.783382482684338 -18.134668680350472 43.284781700997016 43.686935268757736 27.187036777919914 37.591915951219875 36.44113949305627 -14.593801674848251 
95.89993868127029
41.99111139141945 -3.7684132082460238 -43.73777431860205 -39.52667124218112 30.613825823323126 33.49838860628249 -9.41823353189033 28.642499304650315 31.837531568486938 33.86596983324641 -23.67924319110628 43.78790518037012 24.443269041573046 -5.790691816020768 -12.895551755816662 15.642468242519897 
16.327312403521297
32.998251173187725 -6.4480703346777375 43.876540034693676 42.21432440003613 39.59645272722835 -11.285260677080089 5.742818698486396 -18.929157884666004 -25.04301908615417 -14.396204192384147 -40.860799683667416 -37.62501085108319 -25.85513168780027 -16.451523662699643 -16.75159164475182 -35.51968935159952 
79.73019756093447
-45.47392056754974 40.33899700583021 8.018705344237752 -45.666409388469944 -29.380440745771217 44.36307526418983 12.61941335929361 30.469220545717405 -20.59413055600663 -35.33804710507765 16.178056139038404 -43.681216633334245 35.34684349421687 -23.608387869103264 2.491809406155099 -12.816860794988195 
62.14902212050946
-6.794264217940324 45.283732341864564 -45.9034078347302 -46.42162327502582 -17.715211433804924 4.471396610223479 13.452085180384628 -31.639529647579945 -33.02454473244262 3.991919114682304 44.47386325612766 38.56603492673845 -31.894530944669754 -20.422423310325943 -35.012575255803625 -9.72347596175753 
71.464688806423
9.58320537116306 -19.82513590452846 -29.656232328214337 35.994050604128205 32.298598711821114 13.86701985360498 -16.29770571892822 24.899810662243468 9.136162022182994 -2.587912443125539 -28.03749650933677 -49.788749321582536 14.666139017719019 7.273640050945886 -44.0926285794309 -29.774191953366326 
71.67869088442545
49.24932045705887 22.034869388232025 -31.163565622172705 2.284222601547583 -15.43531034217989 6.432884327715385 -24.08836202893989 -15.479704385663986 -18.914945395518824 18.042867024201882 -41.30041477901219 -11.984396779374777 -48.498651972474114 47.76306280165498 -24.34667525823887 11.96837424814462 
59.584397926236896
29.861603741891457 36.125022801570694 -35.97123988244265 35.465271656946214 -42.18558962067935 2.0528657806803707 -0.36833093601478595 -8.612423453865105 7.95220829391058 1.0650484331763863 -12.091403407133036 -29.50904929287832 -8.804339193829861 -5.648890804709872 32.514024755833475 -7.076798984295365 
85.67706446622446
-42.79843234673204 -46.466000945326826 -14.05811562016008 1.1915695993719524 -14.707310593327406 -19.898489085919447 -2.3456340356987937 40.19049319435595 35.593889330609215 12.42534997940308 -2.341330065354633 49.42374896949892 47.201186493910114 -13.353879847833582 12.085761585478437 1.3579917862694515 
14.450771853090927
16.265155645276877 25.407134775872038 5.141601257357344 2.3426201510681395 -10.150905851199724 -43.140124088450236 23.15714817970546 -47.395133778487484 -23.70511867250634 -14.54533921665908 -38.903481826182386 27.655362703493466 26.14705690769513 -45.72955978352516 -42.98659335120723 -20.732310143861486 
10.291137680522478
32.10278635789963 17.95244942804743 8.924682662549877 5.804029111027752 48.52124641788164 -8.476273853272573 7.643223572126367 -27.17567037712253 47.00424951154882 14.185977484633156 24.479957816971762 -33.987491916042515 20.05843442912399 48.021345697306245 -35.021721803368244 -10.497080354579758 
50.09256268873935
3.429023641674455 -36.50727163823538 35.20667458042813 -19.695603041364805 46.434710688090945 -43.372220836957275 40.90638929142041 30.95228488375919 6.207294603189219 8.95370580381337 -33.209097288052334 -41.878575705605904 30.893729029449318 6.713031363587987 -33.089939584828116 24.458064604458343 
38.02761187424948
40.4068656768177 25.48667818799568 14.333210493732224 -30.463542029092817 42.951155064079984 -12.89511246545576 -20.48936510654983 40.76725326875287 36.518737569541386 34.501028919121424 45.63233830089142 -32.03064149843912 -31.766223231278033 -41.98466554450714 -5.302174238601154 -30.681604040871946 
32.56103167586567
16.71964393189782 -35.79811865110353 -39.16575728710006 -13.466888550498844 12.818482991751964 19.708787909518108 10.440844747117154 12.884716115691553 -11.872244410469598 -35.620755306557605 -29.06496906577769 -24.286422602432054 4.267484722560276 46.329477449671984 35.77610443755297 43.46367603954269 
36.66192455944134
12.690359138560645 -49.622552255717956 24.827024231768746 -3.477520975272782 37.84759624426064 15.975977759100175 -25.413915587867198 44.69588671318829 22.582369028215894 43.1747833551064 -21.53023624949374 -23.407884110962172 20.695051730385146 47.89878273160656 -31.22841803986336 38.36352614917419 
50.182928218539324
33.77285319691262 -44.22052999400843 -18.91121782961185 -12.843874364932148 -28.173686445436562 33.99244162797007 -28.077853810505104 -27.58576429078865 -29.052742386854348 36.6500987989849 -40.99930116108634 -17.030597219964683 30.65469926602391 -32.723209560097644 -19.640843069380974 33.789918943177454 
31.526090140785968
32.74295779314046 16.18396031435428 -21.34834689186933 48.012232837471785 38.772043995738656 -41.554725541733404 -26.777071709293597 13.3912029904713 -14.127953100328341 12.277699097137905 48.37174867724265 27.25736593218356 21.34667641728565 49.43739575472286 -32.827476840173745 -27.788822543476176 
11.341769584072036
5.745444543251601 5.202764795392959 -1.6900825943402111 -4.191565965819301 -48.36574888552391 -49.54150388718765 41.359084774626226 28.815190624962312 -32.25415366960451 -33.41964029114389 -35.73131294962156 -13.182864257134966 25.98796903915165 1.070765349652433 -0.5317902558456424 48.29092086023134 
60.5358545592885
48.79560511375307 24.768560661407335 9.570183973500576 12.974660643037225 0.3024528808988549 -24.92117215168348 3.76676347234838 1.1095099012852785 14.350341786425446 -21.969765404806875 32.33889120064981 -8.072821343260507 -45.46543093492179 2.8291672109135106 -47.83172985170244 -44.22455904841994 
71.00322440739288
28.555712208231412 -15.066220539868795 41.03315582509279 -9.999566500944589 -29.35630544835659 -19.879700802297428 36.37621251340212 46.33456042158073 -47.577348080838455 -31.82306081858205 -18.798561701217253 -43.1420358876065 -27.628165127918248 -13.860272310116905 -6.147347480141029 -13.341928008108042 
47.13073790744205
44.45961597386324 12.000070224811807 3.8979473177705586 5.330263289202733 30.827422359397602 29.85625736040602 -45.89229846497046 17.95316734825353 14.463107950829936 -27.131072001065903 10.216420323437326 -22.798127956950477 22.637605694595052 -27.88716017355548 20.727602562630324 -22.25360386047933 
60.121128073904515
-12.18986122149721 -14.820714834700745 11.744562271290626 31.80274952587827 -15.759503653773798 -16.606577839486356 -37.82874584296469 -41.098250880998165 -23.24059518434255 -26.99270623975486 -32.2370192863948 49.99208707965967 -44.274926630214516 48.39301161369896 -12.72143322183397 -0.512961192116947 
91.84136001365569
23.30951683278373 10.79630101974464 38.28192424348646 42.75620435867185 -40.50532625482979 1.4124019057749635 -46.07145333468136 -38.287902597388 13.893412919810487 1.9752167628710922 31.015814931283487 -44.372910954435916 18.331102102492537 8.384072527304411 -13.643268481032557 -47.8080395901645 
87.17965128375921
-6.4987608735026186 -11.867222431099492 13.401097594410082 -29.072895085960194 -36.12998819451997 3.3224666152875812 -23.60824177228683 -13.45021964795523 45.20142538843611 13.541625784551336 11.548361640419166 -40.800739246699855 21.986651480651233 -24.151240302675824 12.535509330201165 3.954893277877403 
51.611690029668736
-17.88039700968215 -26.744542062649646 -38.74438105041481 33.995428776854126 -11.729198079110184 12.682829482445193 -24.886603603542035 -5.95821340641821 42.9133768029713 -19.88870034723409 -30.676423962608833 26.091041415746716 43.942464328531244 10.554136094876178 -16.373967083307306 -42.924875210532385 
41.12057032429717
2.872398408164031 -20.865953501855973 8.226084126140556 -17.11262114540211 -38.338279553749146 -39.663773355756334 -26.043497229901604 26.42992720736889 -21.989436324113665 -10.409934207900797 -9.074815981895824 -8.527270713671406 23.949890174363958 -10.736031143431049 -9.679074217206598 40.29825102111174 
50.74624211779094
36.5479357384894 12.041768954420583 9.183861587123666 12.1472387743081 -43.55873381288892 -39.283397700341105 -0.25777000429427943 30.2705210092776 9.539045026284874 0.4105751125033166 -37.42213938639772 -15.965781574024021 -47.022648967395966 17.375253808692108 20.22328393587817 27.859036331616608 
75.2604860895303
28.34904351577265 -18.505807053141954 41.82911535899032 -31.318249428246368 -24.317126670146006 45.203554070389615 -26.419192559006255 -43.33739365497091 29.96071694300265 -22.399422974384752 -43.1044398816693 37.57333469793306 15.804035310189718 -25.048847491803617 32.305184507984805 41.4615889493073 
37.19375197691216
-9.647844285216912 -49.025313905054226 21.603487382922268 4.912910588552869 12.172822616973377 -35.28997325163863 18.905233110124428 10.607704539167905 30.442148143329632 -7.854915669160647 43.92149122695241 49.4840823784899 17.052088996520027 3.994200036335826 -31.37999547745253 -33.1983268743076 
25.82206414061119
-11.286337252487598 8.010304729813178 -7.9036927259138565 -10.728913639306413 43.997576741198316 -49.632464349390034 29.456948403690404 0.3696350082792037 -10.75946528955042 -35.97919658816764 -7.7976581857544005 19.59411396289603 9.431600301421717 -31.461345379788664 -44.05270116717234 40.28257152404849 
71.9010666852161
8.63263526222132 -44.68204448659377 -21.408877984905306 3.9235906716644706 10.213105307942925 16.469997013550667 28.27627385718479 31.388212133027636 29.769823483414797 0.08325759968539614 35.07918791127321 -43.422101394710644 30.61304856736669 27.65072909096793 -49.33637708155347 -3.4417467942793536 
82.49921709000836
-22.35052598532361 21.860149217215906 12.75701114708 -15.221492077508877 -32.42449094638301 7.394974099048838 37.02307217257908 7.4399364870254345 -17.15573459195403 -8.667503313935917 39.78576323743076 29.29283551386729 -25.7972962523074 -19.86350292251219 41.89208680493209 28.01192278175577 
71.568766639579
28.555668184514886 43.28177940937586 42.88638770408163 -45.891664105397886 38.46494167059956 -21.13303952489214 -12.148256830696468 23.87941095467228 14.344853494624047 14.815249070727035 39.74646750161678 -46.48225812484099 39.25701289576939 -33.10777209881958 14.723718677777569 17.207708170052584 
5.974444170560512
-43.39883096155947 -25.638292436361997 -31.423264077938494 -0.6485670145085507 20.564953999617387 22.25458696296515 -0.8289085552729247 28.068242140564365 -46.072800714208086 -38.27099765431758 -3.184580676213919 46.56183850346535 -0.49345333930219937 -14.180265599075334 -25.572061356993792 -8.745412689511376 
41.020221611054076
-38.248892720545655 -43.24229194955361 -20.881365738144453 20.899853574794946 -46.09080994822876 45.02992831314866 -18.835538020178667 31.05474942343129 1.653033663271387 27.629776264334566 -11.38207686836413 18.394667649683697 31.301474602677686 -31.275192768795566 -14.64921775454114 6.006319333137725 
85.2453847135128
-13.879541421685545 26.55565207209628 -44.415229598090846 -4.626573917151418 24.662754120521342 -49.293082932208655 -12.947041647865142 -37.13727504622998 42.1468286413517 19.525068884518305 27.25962519638921 31.874149847728518 -49.04058722879928 -11.037370471848185 31.227890920029253 -39.19488129570415 
50.5779812681309
-36.84434837721994 6.633862383274682 1.491198978983256 43.56873968189076 -27.164479559732555 25.026572856122257 -5.889009801844772 0.8702289865220507 49.871611871419745 21.757662990833353 -26.462881558588634 30.918799797905777 40.416115945641735 -29.328782802828812 11.489386697435712 11.566775237575598 
60.54810029630588
-30.68881325132824 -11.915528190687837 -36.2363750793207 -49.63527082560341 -14.264098742972052 46.23979341063003 -18.384967366501257 -24.856753774176287 -1.0138526252291697 32.8774816682935 -15.295745793563341 -44.50179443599387 11.83539379068236 -28.01236104598018 -24.545317964095105 -17.615855978493514 
76.6576801555912
46.348406230335385 -33.16790259387334 -12.655303926445484 -46.91916444269827 -12.936430622342911 43.82960435194424 -6.415054436830388 -40.45039301210171 -16.933224927545574 35.94773653920751 -30.75543434922452 -9.994612422122039 26.35467941766231 7.276838180077796 -9.324888742226648 41.59624912696968 
52.94962367312031
15.808283556527385 0.5755640531702824 39.662975166667366 24.455766329448863 -45.754365146600016 -36.483954792760485 -47.79610942533957 -29.439192811539993 -39.14356125784136 -20.319594131460793 -42.396751262443075 -21.051225152974705 -19.200220341508466 16.584137887183218 16.61501478484078 -24.17239905731553 
15.884357723671283
-41.92514371115731 2.4258902096002544 -12.361472319750952 23.856296226249285 -49.90157963489832 11.078467538571921 12.502604744838074 -32.914536354933674 43.51445532662403 8.617410599773109 -41.427108531268146 -35.08636492760875 -4.329087730432072 -28.971354430265638 -24.30081094631362 -26.052695823784234 
44.498022476451546
38.37350429725646 16.675485270257624 6.222513202973623 11.557799738687493 35.47683920655858 -35.171500642215676 -3.561369108776823 -26.213953056535978 8.110159996535224 -44.18094159438728 46.35247521523745 -32.410434952556315 -14.182143823079251 3.266248596901555 -43.05623730840945 -46.48791020474244 
60.36660048914363
10.167678265302548 7.107364415805527 -25.141792132520514 -37.744926530695246 11.077325167718207 1.3974070813151513 -10.534657352724572 -23.196807568241805 43.61584074395114 -11.257232318975177 40.239655272025715 -33.95300701171291 -7.873578246948377 49.0730389677631 7.122444651022839 -47.00254135982779 
31.152614850593174
-44.56139455486075 -49.170477953792634 -19.22152006605756 21.902752005604626 45.477965346901556 -32.99331623118348 -19.25869056006304 30.978972158616187 -22.020031460950573 18.370304259334546 -29.140229180102605 47.387022327534766 7.8082150348137915 1.9527429639781175 8.54261593744846 -28.79357618056644 
35.59932334645421
38.748169894584024 40.45639355158535 35.288741423054404 -22.58363980260508 43.85505098001366 -23.96574708186391 -0.034935605360416844 3.933233938788362 46.63744513889728 -38.94687850284132 29.98204902146415 18.745396174165663 -17.52206068411838 42.99374541140274 -27.25082720212445 -18.953300441048814 
20.370935541584924
0.8550868362757882 7.468120370797379 29.181831796643834 23.905664325833683 -41.32336752713035 -24.171511772390197 28.47825089983425 17.114200761030958 14.22917288404517 36.692333114885045 49.28107124866875 41.21045060238903 -7.833330442411437 9.553279344563805 29.258919193862297 43.42190348153544 
24.388818870982696
-15.455714808485311 -12.181750645126435 34.916698762487016 -30.55398790796121 -19.61865232821275 -10.141791106431874 -8.74562121316297 -42.474646849026264 25.86879895548701 1.1176199711519033 45.83942662358625 -12.111511047415313 25.455063354546652 38.01019615505459 -5.46748448491018 11.588992043386867 
94.81603965232098
-8.886348832324863 -12.12486468147138 3.879097282340247 18.556594374597964 -6.627121311042053 -13.690895922525492 -32.07738791430785 38.85886481995932 11.596915702435965 -6.676831409121753 14.262845980567946 31.269416180136787 -37.02608665313127 -38.36523463798195 -21.048555921398705 -38.19446055025193 
47.09793420116482
-11.684270747594205 -22.673937839777093 48.17425910070642 38.39583049997951 -23.80343024373951 -9.868217456020012 -32.86405683020358 -46.13792183195366 40.93465606215685 44.01330504410524 -40.092397884958864 -3.346094463658602 -14.192492150999392 -20.638129846579687 37.989372244494504 -22.63134179441437 
99.59309744162664
-4.917009580639629 -17.08917659753304 31.71976237739527 -43.17509678169236 22.05805149278163 15.13210065125601 -14.152663394451636 -35.739796088068765 4.904864905384045 -20.301818934111203 -31.356141207220823 2.5759012988826555 -34.90065098493452 -40.767229009233255 -15.755025956894755 -41.89305040953458 
27.602453271439398
-21.528313971787803 37.22997386261987 25.868180615311175 17.843562252455143 8.773811529302819 -1.9039676002307928 -7.848755878985358 26.243590491894352 15.911051666099283 7.214827249741795 -27.336029544599384 -6.581978466797992 19.926928522715556 41.7496844254493 40.48041929777904 -9.217803206884042 
1.9667918686622543
11.905940945247039 26.99554436694403 -41.51185429703706 -0.27914105522387445 10.406721717829505 -31.370760908710118 15.45436938196842 30.48463345854232 12.230888796118812 2.2002877082069716 -25.293122273199653 -31.170533702910387 10.419416944802173 -17.30844913571066 31.331970716635524 -15.510645848945344 
28.151036282663156
8.553458716588715 40.04817523859758 15.308340036355546 -32.692567466776964 -8.256293631013975 14.736799675701008 9.956154619376612 -10.607080420268133 2.3767972051093267 -36.77234102863477 25.60799992263601 -24.057063034876357 -48.842124470836204 17.218475567317682 -43.1022772198824 -17.549637355748985 
96.70107725437397
29.41353429537223 4.191821865983037 -17.641973879945652 -20.61662212673392 -12.2008049048532 11.595080240796364 -4.189510441363296 38.56074534367869 40.430919344958 18.086854375369654 11.627577277081592 -34.22585059347358 33.18842740284708 -31.199633211610156 -9.643283283480777 -17.00124108463902 
87.66272550833955
27.695593758502497 -18.719310905533547 12.040486924603258 -13.329275549869436 17.739659566001905 46.90189325622828 18.85975415007192 40.850175332496235 -9.803112078481604 -35.306213248225205 -25.096819148732983 -18.630244199410072 -9.25601643812579 -32.19532492648156 26.449676573524883 -39.00389414737981 
96.8640674645233
-6.081441761567206 2.528165936610236 48.59166535310226 48.336598881916714 34.622291133232736 -27.8600093935893 -29.425801722430634 30.628446354827673 16.397819599929647 -17.68018643568373 -13.049073102702714 -0.3952644139171184 -1.2471984325134642 -30.005416948417498 39.24721871087651 -44.78370540087282 
95.0224550091137
42.65098829893432 -27.018215150975834 -18.316142165522898 7.019990633850725 -34.50249580265133 -31.70256755456545 -27.812557667181935 -34.01746233057751 -23.89198746173573 8.938396696601892 47.18261247730014 -10.846005233825984 -28.540324312920152 -18.027706352253038 7.203602101476626 -6.134236738610234 
26.82862241372177
28.486858136161132 33.3765743819004 -40.87915917097994 11.182649974382187 -41.05146055774882 11.854562047170106 -11.543661552885219 9.511090841283554 5.992165587043708 11.998911593540221 7.253940419121093 48.95760639339693 12.11783417002895 -7.629638638456136 -27.312587814388444 -47.32739242859382 
90.10329483039304
43.45611168040962 -14.859239226634955 12.977654507375327 49.89705036410233 1.5475880523654197 16.200215470523332 -16.26495032779148 7.33948845986302 -15.703145638464598 10.21770099038276 40.741600707825086 -22.733649157919245 5.217885798554292 -26.036996051357786 -1.4837252373792538 6.3809003401982025 
71.76222764747241
42.02638592961347 2.0273031166152222 19.7381666539965 -40.41314014073208 -5.597061516661107 -17.294949686777407 38.766693487903 34.24531522295473 7.084429591715022 -20.487286606134923 -21.53978632058967 -39.22856322542354 36.5040465501164 -22.102237492655686 -3.2962418037957733 1.4883828487735187 
24.32384681658436
12.122761051385034 49.65567166888867 -47.136147822922744 -39.67564741026514 9.775003824050152 -46.31087776839112 13.345689276885366 8.050204590931898 31.180198991062 -33.39636798391028 5.850372860987662 -19.614664147659376 -29.0038119490158 -21.35075995917105 -49.059852779156245 -49.62434023582124 
94.43850551825449
47.36297009305585 -0.28712696117084846 -3.613181985850211 -23.60969842554703 19.29921118869143 39.04186807119598 10.078993091071894 48.07501891906101 -43.55725380022418 -23.95858659944946 40.7004323945969 33.02092400850569 25.42513955272132 -6.503231040719591 -40.1542352068975 -28.277612814460497 
63.62225445276929
43.48590341712587 7.094759919163543 -7.296354363162173 7.792676789493413 12.53336154074345 -31.158264915264756 -13.383532000451694 8.12387060241462 48.375033501436334 -49.85470367821534 -20.44599942682417 -46.615067458823944 -14.224174148653205 22.572657720198535 31.938824889221323 1.341795006972923 
96.83054033213601
-30.217650111849625 10.144033428213852 42.67284481625272 19.791522133997262 6.983562439695056 39.431916670787146 26.329836537622782 39.70497481697541 20.430014117233597 48.8456474460247 39.621153524767706 4.00103728404715 -41.249315710327416 -38.63488359601037 17.251353759026145 -43.32891855017533 
59.18931385730299
-34.06115927785508 -49.86690779123483 -34.22108491349295 8.719126638750396 31.92969497178099 26.99447159259168 0.7908952079347813 -27.481318040261172 -8.937053571240249 -30.363082148531863 -11.426818951677575 -29.560580410768576 17.140873475048338 16.15572333456889 -10.107271926385899 45.86486277173694 
29.589044008890507
-34.482577136868954 -8.128206136979877 -49.24393566891456 33.32509072891547 21.595201218410338 -43.91587773040585 -34.302611664652545 34.49161032635257 -34.90445906852631 -3.1558545132525566 -15.598789017769242 39.27059079643901 37.766394450799524 -10.271080804538101 -31.60025775961487 -48.70242748201989 
94.85916177736596
26.485723236558243 19.546588029147784 32.11947759129869 -30.976219225553447 39.21656213262621 -24.529667588258253 -21.30910662529558 41.648305991748174 14.094095378045708 6.266812285200238 2.079333289662358 36.111348251875 2.8517764897889037 -20.51358167398195 12.350769786653814 31.497771269166364 
68.90429710533164
-35.132806244592665 26.03256173892852 45.03514089045011 -25.80729681192131 -29.715921079723138 -35.39837202201592 46.84034980490107 -27.288219384314015 36.02916805033283 5.121545407888327 -48.477036175321366 27.165687817405455 -34.19261170548154 -22.547010638915253 27.773804912048988 6.31101884777334 
89.72649532475037
-23.612237090093313 -20.725629266705315 -47.71523832488431 37.079907077363714 -28.39262640046497 28.094659686878657 29.577943722135572 -5.134690045022872 -46.457007848490505 -24.795937498360665 -19.695984916667562 41.75160067719152 49.01431941497715 21.801974602948206 -35.975729545053646 -23.39880356162013 
26.95070963013151
9.881819061790452 -45.3690539652815 5.674324325712654 -8.451297606732226 -19.22578172868723 -48.34811345152744 13.286377964119957 -22.1041734203687 -43.627922225268925 38.828919742994785 16.95901370337468 23.3914206393208 19.32235087783893 -11.064570700090052 -49.999835918623056 -12.779125277498181 
55.67632126520614
-29.463142834318536 21.96766964457403 29.69061039966651 26.32226253291462 -40.23887164092591 30.61577446149758 43.406774131744484 1.981339644782068 -1.8656888278061459 37.69328688794077 49.08150199021773 30.629677848933596 -33.84989353298664 -24.643343876954127 -19.823685412213155 5.916553130558711 
11.47999254540596
19.98086081821377 -17.356956869460824 -29.51934070491221 -19.405794779729646 -44.20456131665116 -1.301556554665673 19.023483091848206 3.051938017426295 -47.95743222426658 -13.130587311902545 -37.41917562986301 -31.167500064405928 -5.751360209892454 -45.52845123499291 27.6405046331479 20.817396683802258 
92.72026852628889
43.23455714919463 -8.413581171555798 -43.1033975026742 39.52024070975189 13.963773355181551 49.40600674368288 -0.8394169615279523 48.948440153101984 21.927863134307785 -34.319647195692795 41.25289018522909 -4.052729696859238 -38.91142991442851 -9.416912093560995 -20.80357710742975 -38.129302860444845 
32.33910199982785
8.946330894003793 -34.13020859751688 7.700512149879977 -41.406417453257745 47.40891841236822 -45.201603539019295 21.06296890648497 -22.129233450557308 -13.75578343180598 15.03823575422966 25.293469326568754 -5.559040655861402 9.671862254958384 5.668630956775026 46.316517669448416 -42.34407825894524 
31.289722486019734
-4.226590917852683 6.252691914492772 -31.742725237271017 49.71953678950712 3.7783447422558325 1.4338825062348093 -17.240288980838322 -26.35841429000383 8.625923140617921 26.90263377957119 -2.068861986185347 5.100882915724192 -45.49320536831468 29.490899972417736 -0.5573993294869197 -14.700664960744845 
80.73055318594537
7.218102721882012 -48.56336078680968 -11.954597638681577 -41.19319917273015 24.017886410162163 37.06355524197842 -7.385219597029632 -40.07937738318851 -24.302515306323368 33.96075081004982 -20.017316746032733 7.725051002371288 25.55318071685484 23.2012033216388 24.220342707395105 -6.263790455886898 
76.20984567128498
-14.587200911789147 -5.694677869448704 45.60523193648362 -41.97791869023312 33.57114872407668 -9.32264219636668 42.154267094351454 43.769018119074204 -31.605840523219065 15.578382197503345 -36.697834370970455 44.39436934779435 19.31756610208913 16.547479675096938 -2.1312101435906357 1.1878330003329864 
1.7062642148065077
48.39852355830257 7.735048215405897 -33.9264742927666 -20.74282879425311 -29.40970360479749 12.949166704660655 -46.43440541251051 19.475075361969417 34.10589828330532 19.107921673674213 -44.52925041892472 -30.346288483452412 14.790302580711682 -44.29518558971366 -17.438068540612996 -39.02987116379193 
68.55196019404671
32.12553401479656 36.21692121650645 -30.89889005410491 17.916326245049518 46.584252390309885 -32.58984404424611 21.19629874503714 -20.87368721541536 2.5326382236001734 -49.53436769368172 41.09336336722727 4.316573893572617 -3.0632922091806236 -15.37676209055607 17.3363765155721 44.24571013429161 
95.3049489733062
37.74040494222804 -38.1406541926401 33.65236866832102 -0.5355790603562482 -36.65444750626828 -48.877388145141396 -36.491657569695 -4.180190384019824 -45.22077660912637 6.040618811427059 32.273764010677624 44.193717268151204 48.30347745785876 -27.784666857687522 11.716530639795245 30.33472067145628 
0.8294973653095061
7.790384650882288 21.94010690441108 -41.206968616344 47.30801523433425 -27.333231791161495 34.97094779416024 7.101875449350359 37.846611600146716 39.871719906670066 16.588701130028966 -2.9340349616787478 -34.73747065271077 17.548209181465822 -27.960486968011345 14.44677281538506 20.049140915087477 
28.33318858918664
39.750159580264125
-42.9869611376444
48.74250975431072
-49.09947107725904
-34.5120974083208
-47.434813720212134
-37.84297395687438
-41.76672643155763
-15.774277399606653
-20.80219119711739
-34.694619500750335
27.11678933413775
-11.071412632325504
-18.047940035098918
9.460954079006179
28.026146349815306
