constraints 163
variables 16
-39.72844843757824 -25.941897560384184 -30.136406802549498 28.327358174392458 20.56740267355508 -8.238362998535031 -8.13758735123318 -46.066239412532326 -5.559493857794926 -35.61280756805698 -46.880604518363334 -14.317672651069138 6.270894149071069 30.44376402033616 14.7262234641165 -23.345793970555164 
44.811344747893166
-38.71030680768439 -22.04904470110631 1.336927860847183 40.367539445667305 -9.985418285150672 -1.6888724879080215 -45.81226870055893 -20.181790331783045 33.88096680869377 36.3592082799328 -13.362697108586033 -34.650098737466266 16.224758512516175 -33.85704668130446 47.661516944996634 31.863031443518253 
47.32683579490433
-8.302316076620578 29.474480443696322 12.71290648653035 18.006323025745957 -33.0528950931339 -3.0529568662569275 -16.218529559078497 44.54953444431415 -24.9662383247126 -2.969328102155103 21.832499952800646 -20.923317666582232 -0.6301978576077474 2.7673489870271624 34.685065332412606 -34.43816154267046 
60.59319076274466
45.392024829697576 -42.052924938216876 -21.540111207550126 1.1341406778708105 27.58480418612254 15.88272922099722 28.25748066564097 22.240952034998116 -8.894044854923308 12.44482069394168 -43.746738101566685 17.084076756493303 32.84752852049324 -47.41527738828915 19.486008732377158 -2.0483343921917836 
74.7611794843495
-6.33990854649025 -14.032514502028008 -14.430500865616267 -4.827417990942671 -7.907797005540438 -29.7598244852473 14.222594997312527 -28.331417364606526 41.381948878207766 39.76832934010605 7.625467306238178 -30.95596481311722 -5.82446686541379 13.784008282618053 47.3824090707995 29.721038674359647 
73.27796649012566
-42.051885475597686 -11.601215001487908 -11.395927264355684 4.344390468670369 -49.45030856207816 23.74883371200029 39.51031833720194 -3.5635365389346987 -41.044984046265654 -34.72500964992005 26.11522589417011 -44.28712316220809 18.63134112821102 -14.411710291751525 -33.22081728508617 42.23026349282496 
1.3083682879936998
-37.84106602021264 49.67188161200072 -29.837289556155987 -6.296134741234823 -25.169337086781198 2.286832283285243 7.705104197643408 33.72808564309014 34.362030086110565 47.73917803839221 -45.4923506577648 -32.80503580030903 -38.50766775014087 9.16579422378583 11.695842008059742 -5.1936988182203905 
43.5493316617758
13.097427604163492 12.362254433598508 -23.46154101294954 -31.23942894015379 -27.151609030644785 -1.126445195393302 48.549388249684 27.19953210488893 3.770161642600357 17.418113700699067 -13.662977569083367 -28.3075593413431 33.64091987036434 49.92669250599988 -32.88155091352631 -47.96894451470144 
73.51397282454504
18.83067961158372 44.262463421585196 -28.518673379685676 7.023662327612421 -18.920633365630213 -2.9035649992489283 -34.152695779869646 -10.551773742915714 -25.58017868140361 -39.47829682322879 -27.755780485434812 21.754838131520344 -8.85006717451062 -29.39001968668401 -12.7457534662163 -20.59720757583563 
82.38721153680623
-15.283481529844941 12.282869013863952 30.856658372114126 39.352989334040686 47.63411172217687 -2.2965629567560555 -23.438068321866822 7.253699650362343 -21.074763967351608 26.771943640300734 -24.438437888421227 -37.95210590513294 -49.192049588282615 25.31359696464719 -46.01756049788784 20.719773793986406 
60.83446136238319
43.82732879513867 7.29679986973062 -38.36305351294574 -20.910499240901046 34.92388080956343 -33.4358155126277 3.152238871201604 15.748986646717185 40.9076469123238 -2.214533749475798 25.81635647835482 11.577703310011799 13.831973203270401 43.05116538195254 -23.599745765298007 1.3080005203360798 
63.50218974810412
-7.657891747903335 -39.616886230813854 37.82983321086792 -32.329892324244746 -4.358787550828005 -36.35617851738414 -6.264293635215132 33.05832653155265 -13.558957864153662 43.800899730284286 -23.99761622841263 -34.1278407466452 -10.217551683596241 -3.022110807132684 49.454512851701764 -3.898445108668156 
80.63550614210627
36.728146557605186 -34.85642628445787 1.1849243084554573 41.73465515944518 18.43515983398288 -19.111121151828826 -8.498709679009387 -6.094235208425722 4.71138569349754 42.96557830273177 -47.32328062140411 36.47364626651708 -4.849236560626501 -29.712031809169293 37.83554694202789 40.514276413840946 
87.24701005430633
45.42462511792897 -33.303594293129144 -16.483211917831177 -5.6281234220841085 -29.604781946167925 -32.19239094769526 0.4460985017636574 -28.585445884529726 -10.562917722982156 -4.764002707988368 -46.752216558891405 -10.984543576729713 15.792971201884697 -38.3321649568323 38.51260006471907 -46.71535305834708 
75.05965078599853
-43.85005942641028 -38.681138652822135 -10.522808448441687 -6.2497308520406705 -43.406291180915225 -47.803371987666466 -4.695251081507287 -31.538208958944992 4.684228756125698 -6.291539089310646 22.394789350947846 48.4019453310095 -16.018721932017485 -46.682730987644064 12.865774374389872 -47.981469778111055 
80.76842772167929
-9.987420613736333 2.068750101542804 17.087150351016888 11.601080359982596 13.592300955150051 48.252780139314865 -47.14827829287081 21.52379218092129 27.547878629906435 -34.7562844283721 22.675416339222068 -7.428290911286851 -20.823514845774383 15.182785721211403 -13.852051287438336 -46.559435341516775 
23.84468340961593
-35.04643471453376 -29.29159185293425 48.10412097795147 -15.7461939187274 22.132893971107748 -25.418854483836373 3.677569652417546 0.10800239610821194 44.13332968224829 25.18544980525057 35.96982748201856 18.7618000793626 -42.33819749557466 30.168087492493456 -5.062711304178023 -26.77531633873408 
84.70109406644826
-38.17899253593874 -18.353912551098727 30.326077617607964 45.92787400454053 9.884861318381013 13.369445959016431 -31.105156293463445 -47.187003903201074 22.602188209088894 -25.908776742044914 -34.51681425365106 5.6068340694044 31.372458376831275 -36.04366741136516 -26.534309955475244 -14.005571125677939 
70.47443968878729
-46.89680804273373 -19.7300794684342 -29.587722606736143 -39.94041143501691 -47.1670834416437 -32.95414078033081 -7.149387273671529 -32.01647291565723 40.21452839712008 -24.74278249886508 -45.5779319193758 4.030862748441933 10.994901407586468 5.47839699677133 -38.940381310439705 28.70195373183374 
40.0768045506407
35.10675446854144 -29.58622162334884 -22.03152689467458 -1.1521530470191195 43.75049887797596 -5.6490043864813515 15.2679131030322 -35.71230554909835 -22.271617899319285 34.412285138765796 22.495460742753608 -43.94951966860759 -31.58183624599683 24.173118904878294 -17.135072721047116 -45.38619392809269 
93.11650392937413
14.65264970717837 -9.751256212451821 -13.894675384762465 31.6238438325027 -33.247619203464325 -8.02972622139503 7.562386719079974 -23.056467650897673 8.161401244172694 35.0099856481181 -9.85023781700707 4.285247374620738 -28.752642701472652 39.20034023083328 27.25502972904033 -11.01141970145759 
3.1593648461066604
-34.77753154634308 -10.599334698776616 -8.966593560085698 29.701066498958923 -19.91895474045162 -41.443493819349015 -8.520564552800067 10.489131401139993 48.22206254350033 0.70570886567819 -25.521861396444802 44.49444219631039 -7.4286057102830085 -22.58813940701787 47.4260279937283 -27.72967385712525 
26.5104458368982
-45.345483615691094 -18.620975468286517 -25.995833411477577 -44.83162802565261 40.34485482409154 -15.97653651585771 -19.014221911674145 32.39867215168846 -29.297274907519068 -11.699967385763664 2.1679643935459296 38.42123920478278 -29.92905242494801 -48.79724051411346 -32.79828323697357 12.349231126255965 
78.76212053817395
9.325901364641695 2.6604954212365897 33.68338350541539 -20.82211597263649 30.40741638555258 39.12514683045963 -2.655276599820141 1.7099719759851908 33.41842792287787 -6.6170378726199885 -32.07015632574358 -41.172963920474245 23.67394102963746 -17.798521400152488 -19.388732369079587 38.27066451849228 
53.99075921476517
1.9695788554840448 -21.531370096673797 -15.571380880085947 -21.905550249152682 -48.04440889347933 -10.975237743109176 10.722788441054057 -41.72215621067434 -11.986017210721222 46.373972906287065 15.243929527024804 25.739483655442143 -31.72058904569407 -40.4718449078902 -33.115219156452156 -30.918876248418194 
42.718781750334735
12.469618071876589 -10.132328535237 44.11914557778954 44.36916796793632 -43.1122047659934 -49.16774303167818 -43.534340170241215 11.67128086577884 24.690298915621767 44.54358049377272 -32.73931214766637 8.51540711963024 44.117049426838776 -18.19983413406181 -38.012273473838235 11.448579515228275 
40.649497652753354
6.266386489451328 2.4806968169917667 1.94893640429585 41.89525214688753 5.722875670489138 3.0310949775791727 35.75513795139227 34.24164430113609 37.62330029084836 32.9299681804563 -39.05420316697009 38.31016782660117 -41.13467607888058 49.83004568988936 -28.204073227633952 -19.89314903873677 
85.32812245044418
10.989219912472137 16.394373869664165 35.25205013007029 7.998367248801806 -7.242700284542494 -27.411689950927332 14.786330446956796 9.401095179074403 -27.406246074096995 -30.97217187782979 42.787437208928296 -43.42856915272954 -7.545045603574188 -44.08422843941311 -1.6033884399584508 -5.052351244882438 
77.56520054366973
23.52490277385664 -42.159183720165174 31.33561067361005 30.386568284057986 25.626602903300395 25.65067261548552 -26.51087152551709 6.028471175476689 -10.317724119585328 -11.48773856509333 -11.129667477304238 2.3885074342734356 -14.019300565493019 -39.94587139292487 5.798672036967503 -34.00795648834478 
33.861572387216924
10.359202613169806 6.4666993142985305 22.798692474125687 44.74756418991605 -9.895413085404812 3.1953107795324485 -7.830315457527725 -11.08584294573263 -34.029590472170426 46.82065979431485 31.740850443721712 25.75867393131132 -18.677681881547358 -10.750519701713323 41.121776688426436 -44.21316419080542 
94.16035071260687
10.98911136248396 23.14242794467218 36.61729926822464 22.94032329510182 28.85300418397337 12.794335213544258 -44.98840806890766 0.11203308862083361 19.062069482993763 36.06424799288534 -37.731066245100266 -6.918022113177514 26.606723746760238 -46.466142379716956 11.282474899845106 2.796460608382425 
33.004029056325294
-23.079912776637425 -19.864567897945573 -8.745671696197654 21.47886800250957 20.656128215781862 -20.677222000502617 20.996809182740705 -38.88237735841108 -34.83575831129518 17.51600122884554 11.985202725623402 29.687312209412966 -36.35289411792007 44.24563070594267 -15.734502574460677 8.582756787056432 
70.02526162427819
-3.0418370790038622 -41.56776762332811 12.758816991992475 2.07401749498586 -45.388900520817856 -19.857793536600333 -36.475734952024986 30.8639331075033 40.30180723357353 19.791935056816172 -27.281568640917808 5.284775338462602 21.382978869782875 -26.0389679293216 33.06128800663156 -21.26633462246791 
77.09946956048086
-38.663043543185914 1.3621047141339844 3.973852135081991 40.98834197286992 -37.42512621397801 -31.20855057886628 1.7213922901577874 28.11595572455697 0.9096337057815305 35.56570979091288 -11.30725827483134 25.68301202271445 -1.6748220396013735 46.16297697805736 21.647108676260387 -40.38956763587157 
20.69994911303532
-4.41645678039032 -24.616885571728474 49.42605768886496 44.58516248983 -12.812114795799644 -25.299811923405624 29.104109205082167 -11.863926430629093 8.289475109055886 43.0108122559176 42.46645524043208 49.204678180664345 -9.050649613858766 13.590583994769801 -31.663330017620105 -15.28445403659564 
92.31383297651983
-26.621204755539374 -7.154967194538656 47.184768190445965 -38.64360271198323 -26.20695301487006 -25.885502611245272 -33.39472458794785 7.0291653337370406 48.197163960411885 38.01481083473983 28.910115509951368 46.599034221739245 21.462493244989716 2.753922575258315 5.8384581093197525 -7.6619753501077525 
33.488399994445814
-45.217102044603365 35.26748388787284 29.756930183035706 25.598632441021792 -11.177459143890935 -14.063457306649632 -48.784151309961324 6.405914478739227 -19.222980184201653 -34.02176735981517 35.0148100956071 22.037991184312872 -16.118252598470306 -49.21562457601804 -48.037885032599235 4.544075501100963 
75.63985575331833
12.473112818627932 38.93764772068626 -38.14854446990385 35.93362770328183 30.586640444312508 -47.887129595154235 2.817797745028159 -44.84574581904105 -48.36261132749886 1.2587987466800001 -38.27454672953674 -44.72467544091047 43.73371375253447 -29.032250895848343 47.989854053275394 -43.49747835902724 
11.754467291281244
-45.365800935283694 -1.0950938984156195 37.46397985281456 -1.5949098840360634 -37.31536678252123 5.92399298913049 17.862825874081466 46.97613624161431 17.815762549142562 18.27607019856532 39.09542279546507 42.73846057533237 16.895060133917966 1.642037739202948 -19.4540824618064 -18.352478694317597 
71.69707131129968
44.167406455341435 27.099675336752625 37.39259902620812 38.79349446767789 -42.73695180325579 46.87523551213552 10.814934915006504 -37.31546329595626 14.446572845704992 47.25646056838207 49.33217203346054 -14.346370099397213 7.902692512041668 -47.9864345994322 -31.755327002549873 22.84708902761055 
29.491701769549493
-17.36622634708165 -9.337400181746283 -38.27521204342237 0.6109539073311012 32.93933480205341 -1.719034150786527 21.297586880282466 33.615067506414775 -2.347296665410717 -48.65691966169189 -1.5384130438494097 6.42628104480827 -47.22428727872465 -7.128870426288273 -13.74097577897976 -28.482741788357636 
38.48157623185481
-0.39407250228282464 -27.960022713806186 0.6243293518682052 -36.32439213675907 -19.913899397672495 -37.731314890674504 -12.649986543420574 -14.537414108929944 48.910324231186365 35.11279611636505 -8.760596172672933 16.465693702393466 25.464440817124355 -8.026645263122177 -41.03419923005255 -21.725987671314506 
65.2586184021816
-35.24207347867977 0.9367321063037508 -49.7473994869898 32.50796822336309 36.96872554034083 -15.06768323126979 -40.46883948630146 13.703313668860872 -46.42778064415425 32.31368799327052 20.194395548284405 -46.34287919152457 27.13611818575174 -33.110029310522506 7.529148104715887 -32.1271681517301 
45.86429934970574
-28.291899053527235 46.640452066393436 48.074169047259545 -47.07035943232986 -45.16945589598187 -46.169337302297464 31.34421904924308 45.899359380134584 11.591773958401284 -6.157127650623437 47.56243013849384 40.06691131902278 -2.1248997233020006 6.401815173486291 44.690893711174326 -49.850908044081876 
46.62731625825261
11.442557217485138 16.949591237094623 -28.923529770238165 -31.870720422334266 23.999213126383935 -22.966429178861738 -19.500140364180176 23.4664527691382 -3.066935911970617 20.263261239401444 43.15500728568017 -49.805868849697646 -37.48862127215614 25.92247758286139 20.372267571398254 49.36789215906195 
12.305366197952027
29.026884462747915 -23.212468019557097 13.910577759239928 38.95764022187771 -25.620994014105225 -19.29479214052433 -10.287083836515052 13.076654294094723 34.00415291323698 14.583600456075501 12.915640920265972 -16.15238827957908 28.92489594180418 47.75754858005898 9.49678617459989 -27.09370733467018 
96.72001695526588
-25.217263718928894 -23.41142684255142 -22.39558640780527 -12.572880977354913 -10.319424797066304 38.874121579495736 12.002047723723194 2.086434802010217 48.88216912687966 -12.035004568485363 -8.245291374867627 10.586527411274105 -26.185700130738432 -32.16365937307167 -37.48024907220915 -1.5390073220913933 
7.840008525490183
-34.80280819977743 -19.411264686793885 -4.101543274784056 -28.3392187508684 0.09931159935512568 29.15946433612521 36.466495094164245 6.3069762238105085 -10.861354801341228 -6.006581336875406 -22.08664001037568 -46.512437714243895 -28.720658422205346 28.161329210904867 42.8996801851047 -0.6601521548312164 
94.63099843769591
7.161718265053288 3.625618952746464 -0.4856247672156968 -38.564381461327656 12.90418160578335 -8.942830767828845 11.04968192509915 -31.928486867328854 -12.118694801301778 -43.181335591331795 -20.3637988211426 -42.94278455623807 -30.689922640290547 -46.19323565481517 19.63801459888427 18.83917117244539 
97.1057193232675
30.194501801859133 -21.364147907670926 42.57283241208654 -10.742130709238594 -49.26774218309965 48.27409130249458 17.15754583014005 43.51112608979861 -30.884198654556993 -31.160826243853556 26.46133571599904 -44.79108431838754 -24.320176837931594 -23.733679530080654 15.972580420189757 37.74177897582463 
85.78865414311943
-42.83400931284257 32.04127192547993 -5.751912562374052 16.034168493352567 9.98101388300703 -0.5766423554179099 17.0473461689446 -32.285868060021784 -41.47005867127032 8.017458411181508 -15.256816443421918 0.052534911309720655 27.96157854024223 25.484029570419196 36.01519493328368 29.23676316800325 
22.540310454843826
38.86277861136671 23.825869391884083 33.58468405293418 39.70127014911861 -44.644984031411454 44.100773658957365 -19.981931873086232 -34.54101602225348 -39.88670108050929 -11.102705713016206 12.50700441463254 22.522641071038308 37.181585076323074 -4.340779953745987 9.263262240849635 -15.63433784540993 
58.654854224025044
-48.63853642531474 22.19884706651672 26.016795058571432 36.67795804105056 -36.81869065238218 9.529254585329149 -44.51554883026204 -36.920793708714584 25.789540145573696 -39.61077739094354 -41.50441019035516 32.23505185337078 -0.5631236654471437 -11.057924788098028 43.624941521014776 -45.81209660358866 
12.71817516620053
44.701988615430054 -5.090105536912489 17.090004261734265 19.228837578517556 45.65185324951935 -25.309062854994757 -49.27801660878007 18.284990252037616 -8.772359215836602 -29.31295768495662 -23.864435070719068 -3.5390828344504826 -46.646533355942886 48.209917632649095 -49.604386403646785 -41.09564685577931 
25.44985567184732
-49.05939549286934 29.947532833257128 -2.7777625485808954 31.700980299607394 -8.163613705634866 31.311823862544244 -15.813453901732686 11.854876623839687 -10.494420482683253 -36.391687008401405 -5.408124258122662 0.44403148093524436 34.782209522751515 43.838449285221415 -23.69651233975515 13.551893007916405 
67.25218455409063
-17.095243129121307 35.86651050683551 41.11423826252316 2.127102447269557 48.022380057689475 9.00409437258682 18.23253938650666 24.131299726476513 -34.52161734299082 -42.0857159099257 15.089805529818847 -43.03764633702898 26.62029082646106 -25.51756213037336 -8.202379225949052 24.4047473651799 
49.506124096673496
-28.64196243918392 11.866405063167122 42.3209179506443 28.82394181857093 11.301802531498574 45.979194340407474 19.513502815951824 27.489719737099264 -40.70902164140872 26.362501974867342 -0.1529639193934429 24.758174185556655 41.577783510255784 31.286157665271134 -1.9630189174985802 37.73185923465353 
11.22797437569314
-10.912783304175832 -32.84154824206922 -24.17024334601079 -49.37646299762227 -8.398574524243287 37.19649489498421 -28.922760461939678 37.99555226498724 -2.001131294799116 -19.145587631517323 -48.99482909049176 -32.73969008447024 -8.241136401438055 -4.643958752616385 35.496618559460074 38.26374816882874 
75.88230535564637
37.12251687803412 44.09547566791025 27.99639284124386 -45.5719416664281 9.973520175451469 46.09203478532969 12.422928144930466 2.073176143608059 -13.102416612275178 -27.873610240633184 33.277595914235036 -32.36489735369283 40.455525682189744 33.1012677744956 44.50869593755462 -7.642768809614218 
17.525642166448318
-40.1283038186403 29.01237582380317 49.24747217067112 20.368811837481488 -14.520280828870334 -2.1219536519356055 25.87282290989063 -2.1138292159203615 40.628100740887604 -28.42524099342366 -20.248858127981862 8.461597055652526 22.637789925018325 -4.660172536029982 42.84467100231217 -11.074277385337993 
78.30967033833149
-40.51182934040597 39.648069261120256 -47.05222245992431 11.911907269962626 -20.55729647188189 -38.02291907447115 46.55603776632218 40.939985258590895 39.993291506186466 12.80215552097711 8.507235995399022 -25.652674418626386 23.62370033361036 -8.66530091973511 -31.13020260721362 -19.379889594689192 
73.703073560332
42.061838004194726 -29.5446930892453 46.37080325491431 -10.079524992789501 31.53894345182259 -35.37288136109515 0.050522078985679286 -34.45195051206409 48.48738150445267 15.534594200285099 -10.068679294553661 -46.0495669549812 45.10822945223791 44.965939999186446 10.68512578214046 -4.784971187248374 
0.5110701885586155
-36.217807181412134 -31.31308295878362 42.85980838614097 -9.229876999834062 -34.71061236377136 12.595469614878766 5.282352073232488 44.358369827784585 0.9255004516617191 32.815811257598355 -43.05415496565005 46.573547287866674 19.283291064495657 -48.876712001059886 30.25478500216417 32.058188454235534 
75.7596969779869
-19.970086927524967 -29.344795790893862 -29.370847824202396 12.01693800127238 30.39950786070432 -25.29879479108551 8.370395232969855 11.960066624450981 -14.63116216143132 33.66170349843793 -26.694007219248405 -35.91979524725011 38.80782146390453 -26.301804526352758 42.95869065789397 -1.2177721542328115 
67.3525850440428
17.72654403254495 -0.2873790173603439 23.710201855960392 -33.52901590048047 -6.217337394275916 19.1369602950019 -49.89655489296224 -16.929034220579645 -19.95588349559395 46.290746101612186 -11.139474104024096 19.837916236690162 7.616628013137635 15.51724168882734 46.25813900711539 -30.21206057280158 
88.7765383309646
-39.650459096529985 -33.83371819399589 -36.55021154130146 0.5672917988645878 41.887434420504704 -1.8793152691449748 -24.36104983238877 -18.51996263191078 -3.631232188489875 18.75798072589916 43.963163572448465 -7.594493154772941 -34.353135693144864 -2.1113273626207985 46.99942430197956 -47.87370501519527 
77.89882457955764
-20.12258113286608 -23.491645901082116 -17.674213691165228 -9.872167526047782 46.01972767797197 -34.89748324807582 -12.578099582163048 38.885832895322324 34.2487117501512 -1.5388820382040365 -49.50902571832616 -28.86871809873298 18.775008551602326 49.484269971055696 -1.870986434253311 43.2499041865604 
44.157566165340455
20.705787251840277 -25.695311115188556 -16.995301986256038 -34.1774682795341 -29.165731587988255 16.09037845794171 6.544708334353977 22.191926225596376 31.46799535247618 42.61468617673381 -29.409635257963618 -47.646562531744095 -9.170041509023278 -47.33818936512583 -31.47354204069496 -22.402878689752193 
82.79510997016109
-23.949754052852 48.37212019540149 -14.835690404061012 -28.467283552503087 39.25526863721569 -9.53955036882428 -11.801342516280457 14.76247700533257 -13.303275947025206 33.1487087805675 -12.841316925917411 21.92382137573891 45.695663387698175 -24.006723097054085 -25.154259299361613 -2.5163553527180156 
85.31038354323393
21.561877636363022 9.720893714818843 -25.841558097963336 -2.9055029630392113 39.41882895267173 -19.671315443383165 -3.997350468026852 -30.723364926554186 48.8073417845698 -2.584680009069139 7.115757277029836 34.94348133180115 20.166244123354232 -20.276680046309714 -11.853487260536632 49.51480854200592 
39.856708497318074
44.464237375313616 -40.17663021398724 -6.868746845796991 -32.66212522526865 -25.884460676926658 -9.583928571627787 -0.4674068453216833 -10.48144840834695 7.457330112889096 2.3340748565585088 -15.413694747957862 43.12545285376994 -5.3409273423564585 -28.006741133673263 34.83324177263272 32.666689643746935 
13.746027899105574
-43.366813254769696 19.24925949559737 18.93254910561612 -31.080334005220777 -38.057037620881644 -44.12129866291289 -9.036155322718187 29.97578911808067 -14.845529463774284 -0.9223732421994839 -36.96856140919981 26.45873799527594 29.68760103476484 12.81176448092262 7.408770336206516 -19.790568195648927 
39.482867157895164
-39.213860225841124 43.58254664178325 45.60968749414252 43.832511607019 -24.85961003577063 5.035014920521959 28.094670489133136 -13.17789389159465 -37.97417084268368 -4.155466464596792 -31.600070095824762 39.420310711549945 -35.412703270095236 31.089397119427417 -37.47104065000046 -43.194673713678036 
81.70493115736062
27.403213620991053 35.571818211775806 48.69231942416417 34.3079725107406 -26.98164092457629 -48.725226252156126 -23.7731489736115 30.154769775694774 -39.75263803469117 18.655583815382343 -24.56479141146273 2.680205509410314 7.5902962203897815 -48.021535902348965 -15.726785360524474 -10.15626911915534 
83.51960052878961
-48.95262677523336 17.990960808578976 -25.13170278087128 -30.518000540035594 -4.9542178805510915 45.831609653777306 32.342467208730056 15.77044301126324 -14.954440170007821 -28.991703842969173 10.365026908434047 -49.34265136467363 27.827249923803947 5.4538140582687475 -17.756560770215444 0.543634502293564 
76.79842687485419
-38.98632675836133 19.71454893466455 -33.1336600604171 34.566438450623664 49.55379680276417 23.737927040161154 -15.879070105637894 26.116341984009267 -4.120000005487746 -1.380683493620353 -47.407375784179465 -28.435669068965332 19.417070541345666 -29.44635119321064 49.25440770594673 23.101579728318626 
83.27117104142062
32.634154199710835 -29.222357460681337 -17.98713901210035 42.599938464496105 44.956084415675804 3.7144669980206686 -21.451122440116134 -1.8594436691194787 30.650633198595116 48.649505463599354 -20.049216091593834 -24.703238423824402 -13.483341520334449 47.481613716775 40.0698719155444 4.36158246670287 
20.374830585683323
-24.015267119805817 17.79496250865202 -26.74662238504316 36.35088060999817 -32.58981957920002 20.894545268857286 -39.4314946531778 -35.998359190021155 27.130973304653622 -23.099752269655895 33.80476593796172 -32.47040065695016 -16.807912039297875 -6.697210048864974 -34.71448370286806 -22.711259225433356 
43.11883667501482
45.601016763083564 -23.38486796497574 -42.63354652950754 -6.551215126245957 23.639233677665402 21.422315320879918 -39.76667026816916 35.190978101704886 -25.81245191270346 -44.30152008521038 22.28469728082871 -4.220518742807386 0.864430364514746 25.214245223572462 -27.445206141705846 -3.9234802835619718 
71.27032826877956
20.297857206045663 -39.0335336758015 -20.406186372179757 35.59556340721272 9.685143330741475 12.186377208400366 30.338972645999235 30.98542445137747 -32.79865505871304 -23.51234053664214 15.557055296351024 31.589768732010597 47.71102318497459 -20.020948612317213 40.1257753157374 5.494046436026956 
2.072947808543202
-26.85845668919723 -9.524005391946957 -43.37678936509237 44.7627019613692 38.82061870598183 27.64754826884156 -37.77058335353526 -47.62349473275401 48.65417658384274 -38.546382815187286 -35.28095024336565 -23.594478994460523 -49.626726811348654 0.715231625113212 -9.655906523482962 -0.5292571936789869 
77.49484913950582
28.140716755346318 46.67738330966506 -49.36573594253385 -2.367346538641158 -7.336802830330299 45.81084471258522 22.45359193591821 5.98456393068011 46.91254910200091 10.86033341329314 0.12139746851838851 26.511581339038642 -17.01352637185675 49.6302187614192 -28.66611000467173 4.905785702637964 
85.79865445592802
21.185392710106015 34.456786893827584 -35.34842994650677 30.020210646423692 -21.402069506639354 12.108627856575183 -49.683489251619925 43.993993416452554 44.28012488879686 7.456975279265009 0.6652475214279505 -48.01049859494243 -36.91481813600068 11.323800726878815 28.271809271313515 -15.220505840727682 
32.751383675888675
-20.377831570435177 32.012804664446165 17.757691621526092 31.285046790411684 -47.30293634291009 -15.844025605086244 -44.31984771598003 -3.477843883054142 -19.180937104265904 14.71561045750019 33.601306046385574 -35.62194539897151 -46.619749315418346 -37.6716220411217 -5.3111958373770705 39.18915273165602 
53.26761403951763
-26.88989106726879 37.339698599808784 -47.92992305161585 -27.56007132968017 6.786182787641351 46.38370098288999 -38.64571461891383 -20.090105340721564 -47.15488477172263 36.147577371078754 -37.04434228079886 29.13409616760198 -31.452978743488146 36.76800658393395 -42.116875115885044 28.239148740584113 
75.32566092671253
49.37850690228318 -30.84008756225388 -26.43687686867675 -9.545228785147096 -19.34065893754704 -38.95647980046112 -35.33281449954625 -23.19352179445372 42.72753078312196 -10.287892360353489 -22.72687847352802 -34.88845420291261 -29.542500047997635 6.477433212893011 19.508227974310188 40.33828869066717 
15.061013252786093
42.104069808904114 36.389810607216134 -13.360962133297491 20.118474679569843 23.959171689542018 7.657330767211903 -46.230020170363 24.24186444250408 16.486508278262477 4.861015516277249 41.972337859212445 -36.83710856440116 29.89312584208831 35.041510275673744 -47.990173519920354 -36.72176620138917 
61.956436703393315
0.38596504890754346 12.389330751522806 28.54700086729555 23.504120293137504 45.92170870717314 26.748871077452748 23.123829614212767 -0.6112530363217132 -49.390549509813454 -19.021169588266506 43.22434839735146 13.673520409080474 41.12371061673514 11.849583569600654 3.4579618752912182 0.265134256154667 
22.15902105570754
-33.24944517835089 35.22623597123288 28.374223412383756 22.276129562402787 -22.39707434175211 -42.22655078701786 -4.046570529424898 0.10331286209915902 31.09006391818903 36.089101309879325 -16.342354319100373 42.13361712659844 42.056957671166955 -15.89947632428047 6.890517495582749 10.409653429839736 
77.26180601427544
6.456964959039304 14.145834406513075 -33.93661268173304 32.62009546884448 -2.3051683553289877 6.121935541912762 2.97904833056446 -11.33662110082794 33.6870347042404 -8.018158901330793 -25.22679363236775 -43.85784503567892 -2.982321237744081 -43.34871084557174 37.836692726380974 -23.46586853771533 
25.28661391733198
-13.808545442281975 -36.64104342532332 -39.32369418386749 -40.6633626862576 -12.947399884530682 42.05612558926441 32.82124695812453 47.009436931209876 39.40946284111642 16.749904106608156 -2.8749497336564147 27.274631894216796 44.798738067426214 29.995149231479957 8.906410659646191 -20.560452538718653 
13.923508319811784
-33.37019451754411 13.973367310053753 -27.36435212204571 -8.240983470597094 4.421637150510193 -34.10379027681668 -8.109147143965941 -16.011274535585308 -40.08804343697243 43.312149344237 48.83517032684526 31.319119291985004 31.10737293600303 -32.82063422298024 -42.54951415851326 -23.633761875527938 
43.8463344305885
-38.6449784365952 -31.736519281429032 -18.423531587641406 4.468015675069346 8.953951782109826 -42.005926985727186 -13.961338017977297 -2.1630707290273747 31.65171371826412 -34.090057772017126 34.064139444091595 46.82733981885232 -40.572304087840806 -46.99893515506598 19.055734391288198 -32.95257218164291 
14.201093131310927
35.576404667669536 -37.543511977054024 8.883875494078254 2.3945009047806067 10.998239112162835 39.46320461969428 -22.126667190576967 48.666966745712074 -49.9921662558667 -29.290428163651193 -36.04194673591468 5.890333039941709 -22.54050099804217 22.268083605275606 40.35866585103129 44.89979611914474 
51.268308401547635
-4.910468647167285 13.597993479142986 -38.36845413251564 -22.009911031698493 39.39340785234276 -32.3646149132065 38.96745921597871 22.69049910515622 -0.45799038621695587 47.12207476793918 -34.061167671990155 -19.376619863294575 -19.42436330296783 -32.53638336210677 -2.1018574402325925 -21.27323139888987 
78.85579011002173
22.67638679231915 37.84988007466387 -33.94169412107729 36.157778705031035 -14.049132288617386 -18.661455461908915 34.02999384870148 9.073723359810337 -37.61480488836961 -4.876126278773775 -20.334392464188678 -6.268580667779943 -41.4717176466518 -6.669525833223965 38.092260347544254 9.60411450527986 
29.172553826138113
33.840977683625326 -35.90899257550678 25.580735924771247 48.262142757900165 -17.59102232324082 -13.230456798119846 6.485661170321144 -22.16680391896001 -17.70010061814292 -3.716574851632828 -31.118353887588047 -23.42133406649234 23.225139070441145 47.02048516636707 11.259081859446837 -2.0692028776489906 
74.91668807611217
-22.223635968124867 25.609206218772258 -23.519724459165204 37.89664454248751 -43.81256555569857 -45.10143488114772 -8.898226486199903 16.8278713392652 -47.94939469473619 34.10637966549511 23.331453092838217 40.28927553837305 32.14781895501973 41.25615813250232 -49.6572890291648 34.901059852614026 
97.80631823478969
-10.73267596847711 23.292282021113408 11.432418110454265 -44.33596749258254 9.472212308484409 33.859565794426885 35.85615456451896 -28.02726500051993 13.288293647439808 -35.5221672423235 39.271733228297634 11.259902890807979 -30.19497535497718 -48.94323858196861 17.20027870319184 1.2834634921695667 
53.93928179936807
-39.07849691877359 -19.037871397829075 -2.0480759744175856 2.3327887061037416 3.2443019536036033 1.6795321754396326 46.24564868574373 12.309579143509353 44.42043132969388 30.904105895909424 46.16333485087985 32.980993251048275 -3.3589809653857685 -9.049251787916916 -13.668986726000298 26.98028225380446 
34.341115354573716
2.726673806954473 2.1491831333034312 26.32837415234431 -29.747901571122316 -40.823674795060896 0.21697556206833468 -33.42303011800411 40.463373445298075 -41.580102835514296 -33.739490226985815 -40.35543266817094 6.198996013622526 -17.754718441409047 39.90592225446599 7.655623320875748 -21.059256408697426 
92.82024197606408
-3.6242402462588217 -32.387435375757036 15.07985754811422 23.323666851537723 22.55080058810735 -0.12510703399573941 6.455478916726385 6.651817121087511 12.827564998794749 -27.810875976462846 13.938613676081161 20.437425720940936 38.81511565398607 45.40792083207414 2.6462259696434884 26.326662935721373 
16.153001554331336
37.056220574735846 39.420801263318566 46.79087831294029 1.5954817086356243 44.54673543752925 -44.113433202433704 -46.29281186733625 -46.00453587321779 11.116716933883787 -36.30569142024663 39.523901046769495 -16.06514719284572 34.45243849936749 32.492479453621826 -45.96610885569534 -1.513713527273211 
0.4873242126614774
5.713125978724932 17.610976750050384 19.95455101152585 -26.995751719489846 34.436901590432285 15.221493409671055 20.4342007492329 33.44201052351406 -44.597762257053844 34.60518375739316 -32.36678770938596 44.70054974126832 25.64950021487401 36.72660504749781 -28.34919618897821 7.758980740998879 
3.3417881589055787
36.93031314624899 -42.73921598821886 -9.434926293240899 31.979752539534246 31.19004075006137 11.740122817422169 34.92433199607575 -6.471365607624847 23.424187427432358 -25.604300644084653 -10.988672365346055 44.90150135374249 -2.943066092735158 40.680430999135766 20.64553598619264 41.79341550149445 
76.83632888606671
-48.8466486200534 39.61839348958941 -15.962918345642748 45.3777436988112 23.526397752140014 46.12785187283305 -12.5487282332208 -37.01690068085548 -35.34601464688751 26.771248836235145 -1.4208485881954473 -11.00669162064031 -31.440239583404818 39.56681265373915 -29.235670481578026 18.263437758771516 
16.4581402866931
-34.881306870262804 12.68835673916179 27.307047690140948 45.216577321165744 -47.69010749323292 -46.205937456566794 -28.76168430788798 -8.182235011001403 -46.19795797894668 44.94495465402818 -15.152552494641725 -46.880764705479926 29.14049128706604 27.22170560269302 -31.022962887836847 22.57115074119946 
41.40768283176979
-43.067502376056346 -13.176035335420742 -21.45868779738842 -12.862639189126966 -29.285227719124705 3.8735200467104747 2.509745576080327 28.59664433016151 11.031754494103538 -20.12054991828358 -0.3665777350363797 42.562590481163184 9.417865365301772 -38.36435258848464 29.04506601605516 -39.63570294011549 
92.50292802970496
31.24223925767224 26.73817674605813 -49.768707465333065 34.14586848453213 36.15087524409296 -29.99625333439111 -15.116712565827008 -24.065642172224 -35.51897457641782 -10.877609989775848 44.81608881927474 -22.142333775445245 31.9311556167505 -20.621087032877305 -19.11713568476081 41.135772556113494 
65.06563687458303
4.454625538165416 -1.4604509329048128 -34.01150737074471 -0.15965485109043698 10.86595402309294 -19.482293492845294 -31.445718980761473 13.936849367259683 -7.64375457886424 34.70767884689727 -16.780948422263222 -23.192789193379816 -46.989131872285874 39.67936890371823 -30.708834736062208 32.28836333633596 
68.3540676166563
-38.462389113507534 24.259546943130132 25.22714504970405 34.79926163612596 32.703486266968895 29.797639147267347 45.764041786034 -20.437242026061885 15.732612104890947 21.226695244952765 -7.244264457952987 -24.485829910995328 23.42585610314029 -23.672308541058275 1.2735974712544404 -31.574920060643898 
80.25751310612968
-34.808077970410835 38.19730670088468 -22.309230445188266 -10.459486465317589 -10.77387140778908 -5.370236615816971 -24.1618643443398 -34.232282076851796 -35.52121138608065 -5.808450756662772 -13.003825325471773 2.212951672643179 -27.870051478864777 -7.789834291143606 19.993722110327354 -29.855099981447907 
57.28783776068176
-37.598620407047264 -32.13761533433449 -12.098430159343742 6.161170764115376 -45.153052584604495 12.260912949941236 -44.407495667321406 21.226944408673916 -38.09486736147147 -31.299470188045053 24.34052029116212 44.18923993548451 47.1473251485949 -3.5609917575459704 7.744205344230082 47.32531457783554 
26.496246844305105
-24.47543611293195 47.63704098051576 25.24114768158732 40.4481551497243 22.708968019623867 -33.76158961349061 -28.890759820998746 -28.406485343578446 -22.187532133023204 -27.56356911249538 14.13737644704969 42.60767969035976 42.61146666607597 41.21196339992905 -21.682232995529148 -23.53491820835686 
45.433170729008346
-47.892243813011795 -3.5682087587874634 12.837543913204165 36.37966685094548 -44.83383555913958 27.836357552151952 -47.530724941227476 40.46722959540408 30.903459409402473 -16.266370210908775 44.77822103110152 8.954865714769468 24.6582280899986 -40.5732783943576 -6.984592718973573 12.749462353450156 
15.045945741736988
9.48967774875684 26.020979737630384 16.013124673572975 21.271290864902255 -21.169119423212067 25.947678457866303 -47.03838699204946 14.694316365553945 20.30478608502324 7.279495272635913 6.331019906597426 -23.683862281457913 -12.172333899769292 14.055297147648986 2.1031974495679293 33.744332673411805 
42.87884931883299
39.414261092885766 -8.181395226951402 18.71771526020801 -48.18030570043179 -25.588058045356032 41.16864640264885 9.414786474669022 31.63833841229068 -38.48711007477769 -18.452237797494252 -39.46040194468192 22.529016959696264 -37.752298742113844 9.858873119490305 28.57334289569532 27.14057480902042 
98.22946934803507
41.10402563838227 -30.400483381327426 -41.62047991778014 -9.943394149995356 28.155387800070812 -27.244980090405047 -19.67120307851341 49.58605099267096 -36.40998694853356 -6.370923050148406 10.144215179151217 -22.357115572142483 -30.414914440854723 -31.17356397947927 22.71621825094141 -18.56055180363879 
13.608609972403517
25.43078991105419 -35.5644324574734 -46.190947122177015 -39.996158904402705 47.248911806586975 -12.422866352954898 49.81642045322428 30.55399018079315 23.485545511483608 -37.383059465006156 -44.61099917481047 0.7270167693807963 -15.10641856662398 12.22324830590621 17.320406828936754 2.5386509779566353 
77.46364220293846
37.71332919626697 -5.670860548162423 39.83501649588639 34.36164231035602 -23.55666406752236 44.81290680219918 47.28453454471277 33.09252636728169 36.899465935789394 -11.479204341660775 40.48203910172239 -33.23716581784667 7.18434925705013 -33.42735239821124 -38.69360035477043 15.834312612369928 
72.14347086144463
-22.91305287795119 20.03609128111387 -20.094681704693308 4.552106468113848 -17.864334440409458 23.715560626832314 17.82628103530864 -33.41588315133127 -34.1735814927402 -41.12154075454861 48.85004420715623 -30.790313562915237 -26.980584038517286 -34.027912803680294 37.537407913512425 -10.780120335370725 
23.518678827542306
2.690708890947512 20.782748800462187 36.25166449280519 -22.465970769286912 43.91364674271966 -13.40588966378349 -4.512126200794441 -25.20762860779223 7.057371108623492 -18.843295872328902 45.63227766288938 -18.116120665351676 23.389059590236556 3.2282813534865866 16.310810789821957 -39.73933954233949 
48.21241111884839
43.05934896266936 4.225699568597662 10.762529350410965 15.824728834753941 36.80078795973418 -36.809908132259594 -40.373418105062896 48.75764367005951 36.7559050377224 19.59649228362632 25.64423125615656 25.05204867525741 42.85351519430738 41.9231739480377 -1.5385306717935165 -7.818824152448869 
51.36315382163312
10.558417578670586 -36.02492456911367 -8.276067223026295 -46.85688697005508 -7.476665053023048 -15.640397922661741 25.00403262643765 5.606421917695371 24.599678587438518 -22.533078518993698 46.64856583253285 10.109546467998584 47.91994094115405 43.172206709015015 -29.616907636780134 49.61298297497264 
67.25274674882493
-47.30276059585932 9.368531033820304 -19.767405664658767 29.017362758811885 -48.97607648823259 1.9984180696612555 24.694930897000404 -26.513090119025897 22.217993453468836 -6.686588594580513 -14.270593112379856 18.690672084851585 32.81487044446567 -47.9468339473592 33.0747016940617 -23.798367087994375 
49.37667014594508
3.854013987021318 19.046255047785905 -17.70378971930463 22.911428539633533 -47.78584447148467 -5.493664729020587 -48.10112468122946 -4.947412006922789 40.58632301133984 29.597594050543634 27.275184587445807 8.728868645131016 -18.67876763311577 -8.254376050805604 48.61249479637338 -0.4883656439512478 
90.17330945822687
-2.7944368542141973 19.42841397076066 2.90895615155938 18.693570921991892 31.82224721071158 26.17285960314348 37.582518575086496 21.07274112948562 31.69305679764051 -1.559673623234083 14.795649863644016 26.861009108700088 25.067044678089374 -36.115223993008954 30.357686029800547 16.479091567812176 
13.083482326671925
-39.76964128530956 16.91200856614884 12.548567386787909 8.847548424738669 15.696888295560711 21.62201878824341 6.80769568965475 11.860325275763572 -1.2901200380038205 27.14146391088778 39.742266927079385 -32.03512477929963 -32.05935936021782 -47.787552615152485 -11.95074730940592 -46.26033647574664 
74.52274176902993
-47.68344247083305 -6.335638884688954 28.665128865431853 -20.283033531130567 -9.4884162612313 37.322830798557305 18.408743235212228 3.3476089964669455 -36.08174743255028 19.48613068496877 28.218428858991103 11.008783470497576 -47.72146969982476 -38.044529291821746 -13.31626096601596 -18.659826182485784 
51.589004722371236
-15.393661991445448 -12.981297102838433 -31.40253938073353 -31.98004766078971 43.41653705621029 -24.460159439857353 -9.70660088737845 25.16264411330765 38.32349754403485 35.15731846371304 24.861362914328424 -18.895424829310137 12.434918496594818 25.46676171395184 -49.90610893662236 -39.08575214677962 
17.73004828017678
-29.57622033274887 -10.465405219252268 -15.175791124516714 16.627226480149673 29.60282889558735 11.052550398629599 12.733098614406082 -26.343409607070136 49.6864774240573 39.504078362849654 31.60441984332904 -33.034907447577545 -30.89924724615507 3.6876074149097633 33.9218695617956 15.494301013824156 
90.606754152101
36.72308393883618 -27.431990932496586 -25.59028200003666 44.178216645794095 -11.461817971430598 -19.674841482419314 -1.276373497508878 -14.360692414529183 -10.68065355024784 10.654378518133925 13.04176746292368 15.306394519740323 23.58648068722566 -9.509526268149273 3.9774190234004863 -44.72788931715475 
85.97587717644046
-24.502064161179916 -28.98524040082299 -6.010448460477512 -8.133236797717103 -36.43515744820781 -18.533384436022715 -7.541040588956726 -41.33738277644324 -46.731331387756526 -24.33993048533143 47.58881855582487 -43.16079451376235 30.6301163068687 -40.40341378400079 -24.802233482311653 -46.20296188100779 
79.67797659961076
4.0716640076932435 7.64329001724041 38.106772630077074 40.18014493770853 41.60228636528343 49.207731700477666 16.9118205415555 29.352943118501614 15.498694027563076 -3.8584449467844237 25.053239480350896 3.442889470711229 -10.969667093959778 7.658524913541797 20.907745542526797 -40.21788168225403 
16.874081041583334
9.196794185278414 -29.019521633366796 -29.749325076635813 15.896129439148027 19.904585651238193 -7.030084882168083 -6.964038013710194 -2.1927835046081654 22.578575985596217 35.32313996308318 31.161610764087797 42.34415535532085 36.177675694921845 20.225416379881636 43.46508496484121 -3.63111501645146 
58.55444367095474
-33.481155300353265 -33.46459092125167 -18.360427180313145 20.190811259836465 39.22058865413402 24.57937644755313 -18.00343764707334 -21.505525620020606 43.11203529352467 -11.73335827624016 -40.680761008399216 -13.393303618549787 -10.704036209001053 -6.6888147002010285 -33.15180883984643 -9.30812197510943 
65.66957130860374
44.87858987693468 -11.669718778500417 45.323784223437144 34.937068075407055 14.865644914471304 -18.06742498010202 -12.147212081767137 17.086230469579732 -14.319158740113359 48.98433075426236 -20.466909618196937 -12.82083875993105 6.361291106408707 -20.65549753910951 -46.291625114078215 33.85823861666232 
54.69371170216621
47.555573425942114 9.498876671717916 -20.855941503562835 42.46407970371638 46.932730650602906 3.202402049318785 -44.097089673854214 10.04263663517748 -47.649287861727615 19.01635107823715 -24.21284346206135 31.217940669598093 -3.27103282737837 45.707330380994435 47.502598823715914 -10.474324503776863 
81.07897948124865
46.4994777705585 22.932801233851407 -6.724999999618362 13.4659556307247 -14.277868295032107 6.950996237583681 -31.942785718975653 38.35032434545175 -32.34794745324885 -34.32391108887124 2.7285637650455357 -25.48721536275378 -49.495109811182004 7.479983563374105 -22.30896469790573 27.129902698774814 
71.6751428240101
-8.770729019958331 -27.247966470109542 -22.444412200443388 -40.90661747393318 37.045106405589706 -14.07415837351408 -17.02301331653404 -42.03595022345296 -23.70915439469653 -5.7531651323239 37.351702853236475 -27.83332163184594 -20.452172561196935 -47.003611886042265 4.896425933438643 5.247870129486984 
94.01548457186425
-39.2974755304237 37.88545532059821 -12.799031659261708 5.072662200778453 13.853322175297166 -18.36922696741221 -9.875167652783226 -39.33707103407117 37.47215681421558 -48.74632417867356 -31.62732016990506 -38.28266201519407 5.534880956438826 37.2212286207471 -43.053502609457816 27.00393849045058 
8.666078147313872
-40.390921584069474 25.662040935689262 -13.405901910332673 -14.366446716475934 44.66548454041323 -33.996030276164525 44.561471994080804 -40.13274966711384 41.4896262451153 -17.389779425022226 -21.41973488251463 12.560838918435543 31.500637667207627 -28.030772627018763 -38.23482416281308 -20.12877907948201 
58.862003650124905
-2.816862663767182 0.3962086746751936 -16.686767913595048 26.139266973304487 9.54470851966395 30.09734798816463 -10.346105111214321 6.20733072292051 25.195097102940196 2.588818500262377 49.442537238311516 18.78680548860268 38.27427758890826 25.308470119876375 31.770195352077664 7.977244686653265 
90.74536769178411
-13.001375348503295 -43.06632395323391 35.768345157411815 23.468682238383266 13.780437601480479 -21.613226093707326 -24.251553942667826 -46.879185980075796 -47.71130964205842 -19.306926517969192 -48.907007900673236 -44.801346736354 -30.884357014581866 41.151870566657706 -38.596119074193936 -15.38227783985353 
39.113396077168396
49.350766320649825 -15.916117295087027 32.30874616184862 -30.970011504415663 -8.894543594006365 -32.331358335259985 -1.2640515344199628 17.50522620713282 -18.920625168036565 -43.097992867858956 -36.59494672871547 27.62800174290136 -28.167212096064397 2.3287432436022826 -6.8015039544704905 -15.942277563096177 
26.133017665445855
10.791964790296014 -38.230060381463694 43.13813240949524 14.064493449448918 -12.539126897438443 -2.750347461059519 -38.51731088620962 36.809344211651876 4.877743988061681 36.15688147171066 -33.81359810748046 -15.073682718142365 10.001259102323111 37.684845856286444 18.119793001852827 10.537780105931802 
96.33671068220792
4.418574887626278 18.68649482469766 30.041650998480904 24.981772127255724 -36.9347353353983 49.9766852781534 -23.202889771190204 25.779859015504385 -18.078591102340503 18.424433915247775 -8.310040712356916 47.76139221261825 40.570475537312404 -7.122243895763745 23.5655537317719 -43.333486204304975 
71.69944901342936
-10.584039444125857 11.224262052649138 -3.418842991587958 -35.05794700378982 -42.700319833428146 -15.993588516066652 42.58156666142074 8.3010428333627 -36.88525748107868 48.950750528226976 -28.229271843809133 43.97143872100074 -46.52818341520161 29.092445683737765 21.203393618615834 32.28117778510156 
50.54954236824596
-20.32629820979739 -17.065313804284656 49.98508713196567 -0.6803329699631249 36.87210555877047 -41.20943524947064 -2.7072770986389685 -9.531541775852112 47.1088042776382 -39.553315637622376 -48.21993033725585 28.829450236705824 -15.91927462977393 -5.984515900857623 36.72966305751618 3.5683801886699626 
35.36799539826423
12.579611380360348 -33.53677005349872 43.41194683122241 30.79980491982205 -45.0269212832288 41.8754568234682 7.887764386853604 40.71898120590626 14.599828792404253 -4.352963844541712 -26.156247617771587 -6.1324662065726585 -1.8073511914049192 28.50967031649381 -24.559123874101896 -48.177467484785055 
91.15368135992247
35.45525028419891 45.36403075590877 29.743636011584982 43.481038943092 -6.07404661242326 35.17158848159157 -28.34932396660622 -21.725659141070352 -25.2084758911174 -36.495089103552516 -27.46829697327955 3.4252102136243963 41.31455001600301 -47.695071207845416 39.28893671405194 -23.6628502319731 
71.32407663050768
-36.76632500545678 -2.1378821857533694 31.38237705344872 -26.53758702999155 39.1744079598585 34.825731286425594 30.291584033497898 19.63954410790342 -11.015204517647462 8.338697019163845 36.785810194074415 -17.275926369932662 27.603333236198097 -24.467964362517957 -1.5020768233392232 -48.9808432564637 
48.160039598298596
-38.74782299783398 41.594444882330336 -10.783587716525354 -42.08180472966494 36.534480389388506 -3.503182290953596 29.29035473449308 5.674677353429679 -15.736315097045953 -23.285600428645694 4.190389634785099 -35.327742174040026 4.1849578617828485 27.03981902374842 32.2069567735325 12.12797215468823 
99.76127958657443
42.22056580754774 20.53294221023276 -35.842522545865585 -4.67009108256903 32.70902373055425 32.81102873029725 -16.82392440154854 3.592740098329294 -19.79365303843721 -42.64788791355127 -26.21711623756491 0.6823676653020883 -17.546033106398085 20.22956783275238 -27.314588932669224 -31.122314251982488 
84.0897117407702
10.59855029166549 18.397531921742114 35.499946675749484 28.373858769701656 24.359122511792975 7.244729483410026 -29.397837019256134 -6.796327831227842 -13.323463419642302 3.636158796051646 5.771817585027996 -5.926678887249459 -16.10853006538968 -25.386084854612722 -48.30115798535752 46.499293109821366 
70.9976124611983
-38.63431511596479 23.117885390055577 -19.080268201517605 22.133494486559314 -16.31231150504496 -23.68408108532545 -5.810595136470219 8.429975394686004 -2.6893430501187296 26.603222486520608 3.5303003073685275 20.074376561128716 -11.447669321458363 40.97788023894957 -8.83891507046527 -2.4032607640379595 
45.93576980685082
-5.3290832071831815 -9.182986632708122 1.15322225177065 -5.78646124821239 39.341217731091334 20.98507972244805 25.976215544694554 -37.336399870956214 -44.603538147273156 13.917556157475033 -32.81975147940298 -13.426436039972323 -48.751740119147016 24.350274805065254 -2.2427022592512813 8.505673618472521 
78.26679334044584
27.34035806103914 49.86467008391851 -45.764263273253746 -48.21779291855596 30.751333011154017 31.403113903391812 7.184969345674908 -44.312887473146624 34.651864642384055 -32.59760560600464 -5.2855042344521195 -38.97347844044544 -32.74236340705232 28.876054779667314 -20.17196749014658 7.4186227373087235 
65.03416919054746
0.5766597811043965 22.629086787429543 -19.768209155964065 43.19164903937238 43.47729884126194 -12.695238561188617 -33.84970522703811 -27.95885798742176 27.82472686058219 22.459007240703272 -14.90682800920213 34.544828974843284 48.25396256218302 35.294046780195615 27.4077850906813 -9.118835258950185 
33.723782855864485
13.439340948671763 -28.15841922157718 16.959215509948905 31.92701489290573 22.15336074181303 -27.99734524891323 15.554592193529245 30.349126473872317 19.174140293734382 -23.14830341578763 21.10281372856872 -25.70694942430488 -15.329581546823903 -5.775031028636356 -17.825906993446416 -44.042170508389646 
9.545906680768546
15.469964291502322 9.266907878381545 -21.94691711655431 21.775050284237793 -6.017538199808747 -30.204038965451296 40.45093151445646 7.499381317702301 10.76568256441238 -2.9865891672576055 -40.97854882819817 1.2894079385291377 -33.9106654244091 -44.909447538467575 -47.93265754167558 -21.72230369893493 
57.90830545162882
-31.29959653208254 21.667985200450417 -20.205376959907518 44.907846605994294 -17.820061619137014 -35.23743937481475 43.68906600693569 -5.125904915839911 -39.286037162100044 -28.053452309619143 -9.307962693867026 -12.454189306236707 -16.0290506024417 10.725305673264593 -11.01789918742854 -24.814745336162257 
61.23441416434511
44.36307695643619 -19.4628508981862 3.813136295242572 16.311671461066894 7.485254072614254 -45.092086536617614 -36.615358490458426 0.36513905145965 45.23625331712482 -1.2756127265211603 -33.859494630572314 -8.700416360881313 24.064930898833637 32.54708297419903 -1.0507905255109051 29.452047376236052 
89.10392527711981
-17.145308468424773
24.447514757153627
-48.37125994199223
41.8186147809197
9.20405276610056
37.139108615997145
-27.71610473924806
45.339971582081944
-14.954692939188128
-25.668381328738842
13.304082833036915
-31.487193583045105
-48.2121211532012
-22.6160162650471
-18.346107442001212
47.738652549714715
