constraints 163
variables 16
-39.13040958092955 21.98204544815482 2.011043037299686 8.780278529859928 13.635572743458916 -42.492145330638195 48.501413461335446 -23.44548056108294 41.991024334475696 -44.95879847236732 -47.722160866726114 -19.516564570046746 23.793314489333852 -26.408991764678348 15.604919690700697 -17.42390789065402 
16.7527697774267
-5.818350862854473 18.00364501735254 -31.136451160736588 -49.86455909848841 -48.53565145324957 4.344931477801154 12.417275419742502 12.571540523945743 36.94158719822059 21.65654912286547 -42.42682904407226 -47.169489585133604 -41.73195462865734 -0.12644226906278533 13.584469427305649 -41.431798464726235 
94.26734154649394
-34.780625473078246 8.915090509474375 41.82122961478785 31.10466394953326 33.98663646130868 10.998217242783085 39.418016647009864 -48.518910290352224 -40.805933275213306 -39.47672526675639 31.495636077570992 -24.233714699546095 -7.072443435257227 4.1776617595030245 41.956061688913394 21.661919040655192 
33.130730786831386
35.25789863253732 10.96498441776491 -42.71096143216325 45.19229810129529 -32.32180290592437 -28.50913696512628 -28.48165413357805 35.884462927310864 -24.357378660784857 19.401437451500954 -25.086865490798928 10.038824367316721 28.61040617040571 39.779427753326274 24.830416233864554 -41.19692877719194 
89.1722160718053
40.88871095095013 39.0265551692966 12.403940055594362 20.068416484323265 -48.38322919383858 -26.460498242589214 40.048855096515524 15.818711256674561 -41.761238767056426 -7.329498492873995 -5.069257907360402 34.2958228499441 -8.006938492020744 -48.43606426312201 33.257518189624534 -45.93589760933233 
80.22768566358953
45.18473986141733 -17.190202434700886 24.41727414733805 40.771540142278965 -48.58140067557487 48.73738349093554 6.787837649301977 -18.29607989348576 10.570957219507548 22.137162659772244 28.563845305469243 -33.15970360094528 38.71658279296594 0.412005462526956 33.33714054621812 21.021881789876417 
18.152275860262414
37.49237926038731 15.220362320501138 -21.30894766525153 44.63106819258451 16.709318975332224 19.108337630244023 24.25418557820835 -11.892985760805615 -20.560449534767923 -26.377248375458773 33.37807653676052 41.395521939495524 48.60044437937796 -1.032725357660091 -49.36447226500504 -10.545141157493163 
7.654665193603982
-1.9664265907207934 30.810346116435753 30.920359270309675 32.99128181701056 -4.163008646043529 -21.3085893894148 23.073537603516385 -19.61776485558572 39.72385268790275 45.33009289848165 1.60417283143682 -5.329994091774495 10.78074968494446 -22.495214794987806 -2.675847097340764 45.92443141684696 
75.48933417213263
-28.4691607451353 33.41768808144569 -4.98640086816696 25.908536893774 -47.426230605903065 -11.136730040060336 -43.13420179149033 -33.47071705660078 -13.731930363103807 -43.66147787000698 -39.34345826290281 6.435201768136963 30.71355378614075 6.21989703434307 -47.26330262523476 6.515965190641218 
3.815655919541272
-7.785080132987822 -49.675213176173216 13.21830761072981 -26.544374569566575 -1.2845028025031482 -18.181414148603594 -17.317077201889973 26.121152064281432 35.13655816187725 43.03812873980084 -37.896140796768094 33.397413149243135 28.305119667327887 -42.20571208006858 -1.2398276696300314 15.113096331132056 
0.3905629289679635
-44.11585962783525 -8.59199383027169 -7.044475797407358 46.91782548672876 -28.053666229597376 33.58445188363285 39.01344027143578 -2.919157494660915 24.566721171512114 23.862870236837594 49.9756574310361 46.874481376878066 -43.39345950303143 34.2126485857912 -30.391777384534834 4.488896293022179 
54.93247395359829
34.35459210627063 39.65231862731548 -23.038911645411364 20.559933058204237 -32.63348692204681 32.429633363487824 -42.745815024671785 -21.322046937541494 -40.21824189693184 7.211498532975199 41.735748000593176 2.10612396801897 28.036812386295153 36.802564587643914 -30.54777799526279 -28.559030097620152 
62.3622956097206
-29.190601767379654 26.64738751959939 10.481309598709728 29.075017831279865 37.70880442915971 -47.351525093082834 16.479045361158086 -17.283000315407868 39.10035414625868 16.544388947333758 -48.65602570503894 20.600675657766374 -43.5780359072752 8.006244294097456 22.13815117366282 44.05776720886526 
22.92706899909549
0.15123395965107278 -42.97256291650056 13.052569699046359 11.866304008311289 -2.473396083067712 26.314851354825763 -6.191271472423743 5.586289793350396 -21.90871345787089 -32.73761790389652 2.7118170528102183 39.65253480615971 -25.501438547559076 46.11498798624977 -6.011665697493775 -38.87695562312806 
67.03384509179317
31.072469492716465 23.52500533702016 0.7437764115450705 -21.762463976852796 -44.087984219969 -3.319431083953347 35.10657092759615 17.543589934680043 25.54618066834996 -25.944498672177694 6.704742709409082 23.190300969134086 -47.99187402129853 -34.076600447189755 27.341060144263892 -11.78945632521674 
62.18799676569904
-6.608931395260711 13.487319439253085 37.48449755389068 -12.898726299360938 32.34258237921604 40.964337756920486 43.63867855372753 -23.447937958016563 -15.164094621175707 -39.29436966247445 31.000865890493273 -17.238760395902418 41.85895655450321 -12.612383166632945 -31.128706547879126 21.861431856993647 
61.215220012450054
-41.64625198797198 -1.9537109167570677 -46.882145864692916 -15.20264729119097 -38.47057709182846 17.83126714478405 12.31603671428848 10.620493404374884 47.919140840282864 -15.294188972595599 -2.0354974321900485 16.72523246566233 -23.203143571862807 38.35435439923123 -13.207481998122603 6.42354053335297 
39.84500567086442
-24.04827837300528 48.48003090284432 7.3491908599341045 -25.732729046079285 41.39360843280194 -11.361006896413414 10.387486806318059 -45.70540673414406 -17.412153223533558 -26.227800104795286 -21.20255208564825 45.523541297452695 -43.02693124933036 -17.73203859320366 42.70279758144015 17.170674028259796 
83.10718231477546
-18.554217312524546 19.616454520095672 33.59599928979431 44.46885375948173 -47.7496037882384 17.776483217606668 -11.656748302418421 0.5409623590205044 -29.6015489181074 -14.190281231982581 1.4641897523992355 49.79576216112744 5.614197560358548 -30.397397625591505 24.038640519918616 19.377324322944276 
69.04757648011024
25.24701438384291 -17.428421244346723 27.077517305981928 23.050114319404116 15.542189639472724 0.34305753419947393 -27.372324816413506 17.19105699251456 -13.22793674220344 -47.193696592274684 -32.6212169029608 29.728263597733346 -17.65927947853232 49.77385218642725 -45.88112116693078 -25.294699527348563 
50.33682764497826
-11.598862274088376 2.0770669978303147 -18.571640442528004 43.21127937369913 -12.12854586694241 36.08941005699808 -34.71650639513738 39.49054947547022 -0.7942547929443009 -26.54734859847303 -13.313186773698028 39.81148889738513 -18.23476777411994 -2.832410238946572 -11.582716924593925 2.5516403130092087 
1.7843933942835677
-9.925349712324838 10.663765452266752 -12.057610113671899 37.666343304359344 -9.1899969711706 -42.175007750367165 -26.20943836362453 21.792224153436834 9.561348070178113 31.43325260587578 -9.202641080664279 9.240697477637852 -40.721716077105356 49.52947628869619 -49.048180901098604 40.083209507901415 
66.29293171907679
44.39957089634515 8.589213174032594 -46.184809207212155 23.232318693242505 -32.21121393297683 -49.55681265654876 22.002927723407865 -13.345276859143254 35.54299196807558 -41.616416637108735 -11.629692615401211 2.018056520510868 12.082728177805159 26.520303184378406 -5.680726154718265 -40.61092718128027 
19.197954503792015
42.966750903782426 22.272221886920377 44.72800851540396 -46.641545120107544 -34.205259991479 -40.75575391475745 -46.3659835178574 -38.933157967863586 32.57599828837641 -31.302462271540442 -22.88741687649719 -47.26178476822482 43.39369003087131 -40.00009636622167 2.2268178092005755 32.17248135189266 
98.320659074941
-38.29623547409604 -5.579618874793866 -19.107600969138794 -47.90060517587153 37.38165592164563 -7.149467541409614 -35.5474961918682 21.121954466828754 30.898682863256923 -44.754438127856446 21.280971276120823 40.796427660969584 -8.228020348419761 34.601715689772064 3.6986583839150526 24.999747023844037 
60.66170935601135
-43.53958785455863 -34.53354813089127 23.554962872842538 -9.942292022450886 -7.442597837357532 -19.455777431867105 8.534364777950913 -14.129620258332842 -5.688731234739954 33.701556897884316 45.67815588068321 -18.095999181384094 -42.08053249082761 45.202646901775424 -26.668423618378412 1.0850994030644898 
91.75586002681645
-21.005399660513458 18.041771336534552 14.838141429808388 46.314511444291 36.660530734438694 -26.681122734190886 -14.854745520878588 -2.8797404393809103 -42.144159674232014 -43.945847515910074 -37.40373848846209 41.82739361513346 32.02807775934889 33.701199473340964 -31.870160325029183 -15.846477092463864 
25.92783230039901
-15.435309216178517 6.186136254668881 29.346517997509608 46.75014450492847 13.404168636871894 -7.364298858508199 8.558169859043893 41.7029337237697 -4.951087992483657 32.11916128854287 -17.20097092379345 -18.61900019619428 -40.16697252728457 46.32653638012695 1.074613400655842 -13.468872293212875 
16.39827600806211
37.26466708515875 1.8540118926925189 35.625958336181824 29.775373846608275 -32.29422437998713 2.197663291151322 34.121211137573155 -14.357139241457197 -45.220365641960434 14.671843550615336 35.35294591875389 -24.724194784421083 2.0664530957029825 -31.396744965506183 27.738551189905706 29.93502116096441 
90.56701443776143
-10.72219609111741 43.27719465383714 18.310628677845443 9.571223219889902 6.3634883186325055 48.30248185444083 -3.8778328583610957 -15.284294503312132 21.138087837310167 49.022133805523254 -36.90927380026038 -47.58439301739295 -38.97187655709726 -18.41351596814491 -10.763232820234833 37.37536699820147 
39.51632601956818
-40.7403500693983 19.82073946698911 13.027634747187534 19.650669727109133 17.724284158881304 6.231716570829313 -36.480835778830325 0.1887589135851968 33.632788836604405 38.74266467441228 20.256973009633754 4.837173445813846 -8.775027561932433 -23.710794371372767 -33.95242468395408 -42.90383585138285 
87.16408556068698
-21.708002885558 -14.493296473149265 -34.104174875189685 -5.299705731316152 44.03117571852559 41.686386270956405 30.51069761536131 4.852585255951979 -43.80545208397068 -24.23917773617169 -2.8344622982693437 24.50720924408391 6.959528873144613 -40.86798705030408 14.295722451289421 39.16273298328939 
7.332075029517493
-24.53935629843922 38.6015952711995 41.50887056788845 43.45419601941431 -26.102753477281638 -10.163190725619756 -13.8917816078609 -2.795176758110898 14.183186151428075 38.69651125049525 -44.842866589599325 -7.342809919889717 19.31057560914914 39.221994533412655 -39.36606980854897 -35.18089585789404 
12.07470350125892
-15.185782707184522 -35.90028399964446 -27.42923984530845 38.12218517619496 -24.750588962399956 16.999108629421528 -6.171918398539908 19.992444254207 31.01569123672678 11.515159971375276 47.697800609694994 44.16979221950069 -19.159523373550837 -15.135123039685851 35.75381992790743 -43.69218255823668 
28.45420129825047
38.3786727800388 -17.44738585282677 28.55738772344877 -24.563311267543465 16.789209569562857 34.118789316567316 -32.67596937418325 -11.581785555538474 42.86203373266653 42.37014617358568 49.80007696244695 -49.041795907996644 17.832522950871933 23.314882030068517 -36.73861819373994 33.10016031115525 
29.070629301393236
27.341858828029302 -27.61191608309025 44.902308726532524 -47.023032676921275 1.0381465969124264 6.7632756644597904 14.169142561884613 -46.679199988312256 -48.29368047609085 43.22308876817969 43.1599015700142 -46.93742397677121 48.11728079554683 -44.12385031562225 4.225731681452274 1.1605683071830768 
54.022653736483896
20.379987342893273 30.12812592204787 -35.05662047910604 -5.435923443782244 -11.543632084324805 -8.783038351459496 -46.66308299201138 49.95499724008927 -6.352771194949128 28.697268377317002 16.56662703408 -44.326104453745906 9.957265685413553 30.889651814575984 23.912724276192648 -36.1039568617638 
11.298843563095506
-2.3099636860555037 -7.321793054465232 -12.99566793699276 -28.450564939820843 37.360201020428946 -21.263525214162893 0.7578315563735103 -47.448736698978955 -20.668617979761205 41.857426136139225 32.06016211666841 -49.472599162366734 -33.121061229801626 -32.53211793166294 44.25790937800869 10.158115881330545 
64.3269376037212
-39.415725548079095 -38.48726988822088 -30.04423132632389 -25.132800879865624 27.362551416381606 -6.971040534797268 -27.40394394932779 -32.87176155232102 25.042251719927407 27.781872754715764 -40.49196240746436 -48.694788212295684 -7.981215210324024 -29.11994568871953 20.294791599173607 28.962831396631202 
16.359939408854284
-16.19147808979099 -15.548855670133321 -35.45103801724952 -36.71030936682577 -27.462355257356286 -24.635557354718294 -8.792598522473142 9.994418936580672 39.846100190281874 -5.271128593531863 -31.345879828731537 29.56367844447867 -18.805596400200486 -30.726693474663392 6.682040905209938 24.959646449875265 
7.098860684422281
-28.902704093760978 -45.71482237246498 38.6165047263455 19.19405662117461 17.92922481927323 -18.55621103643542 -46.3970714532646 2.035243636180361 -29.734677805928435 48.28791804237849 -41.76202823234324 18.180333125815693 -31.38239363477292 -35.34244466499543 17.632630373305673 10.204430532270855 
45.99350013421821
-7.996663543595062 -17.16359806962756 20.038145621746224 8.249290128451634 29.122575586287425 21.100207666716457 33.384197466635186 48.10419663174697 -46.598857508504565 -30.775967155751726 44.95512721078944 47.371324874123204 -39.967501282669495 -3.9602648460178784 -31.111829985552898 26.356285549776644 
3.1109792659553603
9.786436070265772 -12.068330555758834 19.393841313802085 -5.452764635558218 -38.53199574815224 -5.1393417805031945 -8.862547117629084 9.429439087276577 -23.760899090730735 30.067552992356553 -40.51391303039653 -20.24527755600284 -8.55163528710139 -39.61286257790745 7.927268079679763 32.381079578525174 
42.17429113216335
-24.04666610139754 -47.405210259907996 41.60068439920319 12.92139582880769 4.248542355043561 27.484110209568357 21.911483334354728 17.601324503803937 -46.50542892388295 -34.96205053078207 -17.635462849777895 -20.99444871134446 1.147490153753317 -21.290880031110415 -49.709459824258495 -46.31662829893458 
87.4970540920376
-0.872780222981703 49.25957675011709 -11.529086777912276 -40.76546660218004 -23.859736006533772 33.804059919493014 0.873925242275277 -16.65884957524866 35.27194294555626 41.73554147742422 47.08914662612139 17.762605768830255 -30.97034657732547 23.81182693134288 28.656043224137278 -17.92664252101799 
1.0180321563185935
-49.9382979662042 -8.437185707717077 18.69775473622161 -16.04275734422759 -27.749751662891242 40.08750134699919 -26.756753655949517 31.474766107718594 42.76859465455367 21.737154608758615 -48.88569477055304 37.934025668948095 -48.342296564563746 39.35498112138602 -23.186116674719692 10.582670192356737 
95.52651976310084
11.79745776732436 -7.797429684999166 23.947871476451496 34.80072457992161 35.5404210311322 30.47385588418358 7.67557533971862 -20.961072317447783 -3.844834153463438 -6.282774730606903 -4.094912952479859 -36.02087771045753 40.802639919582234 43.67904191652026 48.78999368623364 48.52882521140398 
0.7258136744982324
-12.305496465061772 4.920885770306548 -34.911786087545664 46.17737949076073 4.752234847763184 -12.825068764362015 2.396338732705459 15.30193966797313 10.266292951485468 -36.08816289146802 -13.483775356344161 -16.80113151354108 2.3687657102361754 -37.54472556360828 2.625516254546646 27.724097707264946 
17.399292986131787
42.44344797492538 -32.04495072115495 4.546057666312798 47.7562220154703 -37.09814927747441 -25.481446029784315 -34.44691044212045 -8.612656608460014 18.78600585641051 -30.79754680927511 41.91662740676176 8.936415761916749 -19.73868589922949 28.33551259950373 15.94653176205209 -38.07494702259323 
91.13179174679105
14.033858441770235 24.331911830556635 -6.662298863380613 -28.401024053086964 -29.58230505659155 19.44291152888549 -9.409151388541794 -25.073216763858508 29.221822576979235 -34.9241520117717 40.10578754546282 -32.3923193147764 46.37278493144254 -41.64377606050117 -7.43242015996006 38.2700087117761 
33.7813746370727
-49.52890823198807 8.441164176818475 -8.164106547441328 -16.100127344859438 -14.515667670055358 -5.571211931191456 -47.66636348784111 -41.48072355241271 -11.304593179536383 -26.70874583394387 -19.711914735119663 27.832508135279937 13.834182166255019 -48.18122356135041 -41.243058637824845 0.9653834100809249 
51.84147487978689
-35.27456531768887 15.85056118111089 -15.022101369345286 13.066973766530523 -24.14538011529087 -19.032719640098406 45.764200418044155 -30.57677442753245 12.321038769800516 16.995865410839713 21.330351257724573 -16.63355718911678 -7.9218073459225025 31.381197746495616 5.604779556588191 -43.46816217947558 
30.888480480484624
45.218858941909986 -20.762856470738868 2.4333517589738705 -19.213595820981656 -8.561232367459006 -37.23295149701965 -15.15548981508369 8.863599013800005 20.65761779050584 7.094876642656253 -33.6906670796845 -27.432296555053682 16.42432445985108 16.362755775174932 29.68914555089036 -14.304622443636916 
10.352276507031611
19.15449934142086 -30.26679954681295 -2.1269669357085306 42.02669707758899 -34.65091476243446 -48.63191748145902 29.55714669347374 -21.40507146744106 28.013077297106577 -3.2671450990063278 14.449305861441047 -5.4079417862547885 32.39312079570014 -6.05603995922246 -48.29061140275904 13.823717724888226 
67.37047422849487
17.15591616836879 -38.536412584929195 32.02254470890904 -41.334731921576626 9.690882689699073 18.842292841353014 -28.48575468501282 47.62903237127324 9.842192899635428 14.14604320695318 -32.72626429354163 24.639734317975055 -7.586012750322709 49.7261599307469 -2.4785800926696666 11.914411809520352 
8.141127887212086
37.77983307849672 -48.59585955918602 -23.019754502858834 27.84055194111383 7.497805631373332 21.324871059612022 -14.904312541909327 -11.522655391083802 -35.13395482828335 18.12981783561159 -33.410933043742595 -5.714257732349147 -26.088941536978027 33.631033938789244 33.382841600536864 47.667395033673046 
94.29181405792978
16.83724006536066 27.89748939282623 -28.203830191470637 16.879511636041883 -12.214918531718979 -22.920229111772183 39.690883713473426 36.32971448581593 -13.992462061337442 -45.524102144446374 42.97433336195866 -12.360377460020253 39.44577346532003 24.07094198001066 -32.38097118698941 -47.703395490596904 
94.00524398184733
-48.95846127309122 -6.312895394911877 8.862306908867858 -36.02362838386536 16.619809512668 -48.596155219405446 -37.29998982732343 -0.8153266837243152 -33.05787907753562 46.86137759533452 40.04114237786807 16.004748647543877 -40.94286569319115 17.231036369038833 22.700165161666717 6.267038091598131 
91.19337449675923
-12.430010110582003 31.485300988855514 20.60581744584384 18.93730283245793 -20.860270149469397 -11.284119697840012 20.941452704553072 14.14868276737353 -37.388946768688804 3.245357397145 10.559383894651745 19.240808935781274 -41.387805535885235 25.002316825810723 29.642944192047267 -14.121071716706233 
12.783827662486825
10.30007669072436 49.13657823985071 -35.79900636419346 12.836638961609523 24.02880773541797 -43.53942787102163 26.340654593154383 21.064246458287798 -19.667698992950346 2.8679694983594572 -33.66683102515282 -32.653754023661406 -10.515135477920047 -25.87118064179953 -32.58929574399909 -15.116782451833622 
85.42209324800488
-46.253497927349194 -32.75571791880837 -26.262464213979662 -44.25752145273856 -28.94465180266218 31.8654119533616 45.710854272158215 33.985233981281084 -34.681649107895616 -30.198805981239317 38.17121846890872 42.60283422591928 -48.66174113706834 -20.617472698624127 34.14970972233171 -5.71480518895121 
92.11487820154305
24.235754169209955 -8.64137472053197 -30.84441122773718 -30.27401128494933 -25.35605005294357 13.740196578842564 -14.15325832435066 46.87873392880009 35.76474099589052 -4.263125482613738 -24.42118298215703 28.472937653844014 7.617423980285324 31.68127488497315 0.09925633745015006 -34.96269415153355 
36.302840249389845
10.535866441499245 26.707755946979248 -11.956000750639262 21.09532118427873 9.669550182708797 36.57792877753134 30.87660394197465 -12.153243949018133 -39.559724831582585 -3.799527953865777 -31.378928239756366 25.568619177927175 -16.940084137762845 -33.98905771203835 -45.1313139215536 10.108595366328046 
28.549606030395413
-44.87142506362605 44.36470552582135 6.514209188152542 21.550826267568226 -43.379248924791334 16.605801058602225 49.976633971745315 19.339490057526433 13.821121992207694 -42.61599664448361 -45.82633292716316 -10.402608218868522 -25.032389834597602 12.794331559244007 35.38161113090514 -37.67266751242444 
40.78978898717129
3.367893892247828 -29.098399274219755 29.755347411819344 -2.3365358694802154 -25.238317526771837 -18.85332922996549 -47.85459424279453 7.563504368570015 -34.16908828991821 36.16169630837247 -22.840928046769992 -4.715683571751995 -5.070776740527208 39.39904496047683 45.72456720784382 33.260588674132535 
50.92659890740195
34.248608476931665 38.33676809616556 -25.190786558257404 26.70443799355492 12.121669767315403 -37.70832517638962 27.726616809559232 -0.21833878920482164 -25.186209026637265 -7.434088728261031 -8.086032752787808 47.245368636641246 18.422774883679267 -43.11613292155012 -42.933967966270174 -19.696002923785027 
11.273413493147377
-1.0278814126608253 -30.55226892102153 -2.4494821207041824 34.101655735885245 -36.91720712412412 -19.604286275666027 -14.582257511627695 -12.823512724650286 17.574550847214255 -16.57942389314099 39.32730080319817 46.08868363513929 -24.328040106354166 31.64859110062494 -10.321576132115304 -34.38868372861439 
27.480964002192955
2.8301618888377646 -6.907809889368423 -10.662273846893896 -31.079713428285714 45.25541035368671 41.221377433352274 21.7284045328782 -49.56444792243096 -5.344341200373961 46.95568961331672 -41.250928704968985 -28.804994060782885 -0.4671714277572647 -9.003462886353596 3.457940400637959 12.922695688494692 
80.34702448383298
-49.45478259948477 13.701012001504075 41.60704451679463 -23.394084162635163 -13.757272249104055 -9.500009629735992 5.029742545687654 -44.862240893263916 33.51909223756522 17.768177847027488 19.391980531580927 -37.30680061396673 30.15458282579209 6.665528431811417 19.27195119713444 6.509286899912283 
63.12466959704439
-18.79522133788476 41.729751619825024 37.58240050730596 34.6952197204066 -34.3535982784752 -22.4172986882061 -6.864928361615341 -19.746178381219025 -1.2291508177398 -49.29382174348969 27.124961563203115 18.507791005086233 5.292397771159827 -20.32785578070705 -29.367427431647673 -21.551154601131017 
50.47964529439424
35.11947681222803 17.577481760568332 26.87902464805046 -9.526498473093923 30.957350072961376 -24.54877483686172 15.311932064089234 -42.15568995855872 -22.16514395618069 -44.38176568312302 -24.292087387550975 -10.394505242553976 -16.732860493699917 3.224489896488045 -29.228666068985188 13.201926427975877 
54.390349312358175
-17.1331737232181 46.43263317235761 -45.08300876143036 46.524689677842815 42.91416905707305 -8.342659400481423 24.69308338322584 -46.443021429835994 -21.264830102923014 -16.1311417831701 -38.46391954955269 -45.388959265313375 3.075075771524638 -12.958802445328644 44.47510247181235 15.556395704893106 
60.43788869668797
-26.0874341087869 -14.525348431703392 -6.38734706064605 -8.431815520662688 -36.209922618309854 -27.2529892697276 8.639115908849845 13.990245878042003 3.0604748271161526 25.58855632644277 25.656101002184357 35.050393965624764 -33.2087322846946 -44.835580114255876 -10.273519534072065 -44.97822441410367 
76.70122254541224
-0.4082720149503061 -33.46692550962964 49.56903592035739 13.298642069781295 16.2224159613114 19.819446487987136 43.23369204399036 -1.8695532480262216 -30.797614077742807 0.31876415031292993 -1.4107748876636919 35.854588846829046 46.184600897936804 29.87737601080481 -0.6717705315465352 35.242833250935234 
24.499428924898304
39.18680226935285 -0.2177748752743014 -26.759495844275904 -15.86361352781097 -42.13011154620525 -1.7619637728934734 26.854322722794365 -17.43282424220365 -38.37616234138829 -33.097103316865784 -26.091035116719386 -35.25930072397103 -47.29503848038018 37.4837351653962 5.6075467976698405 -19.493450620706565 
37.24692157863735
-1.9156026923390783 1.350721175607049 21.27418139164172 -34.2636398158899 4.487783253854992 39.4136551236453 -32.10915226320955 -28.573228966515607 46.8782417882057 -44.15036256471729 -37.477940316318445 -24.4464576552318 41.67275961416129 18.383643348595186 28.744220606750403 27.92010140114391 
87.367843785686
-47.92131998231368 -33.89024134383766 16.757164736698797 33.17220241270536 39.20228932618393 -11.879033644319293 12.714077689617518 9.683677115723974 16.99010531703223 -44.15057690916182 8.423298196166975 -38.01788749713544 13.89787526471703 -16.636205836421844 27.286083092072502 7.2481583909944405 
47.45296356218057
-44.32055893947431 2.9595004675384473 11.381259951113456 -45.039248279470065 5.119164841294591 24.481875737056924 42.07840671513311 -7.9089615148354255 37.775134279270944 1.0558519085159332 9.448423994158503 13.763927860115558 -11.812165823377164 25.21527791797297 -0.525014170314094 46.77434786825589 
57.40868775636086
3.434092603669882 40.50466158402995 -25.76122555994338 -42.71127837368412 -20.807454561232174 -31.575252100846374 -21.782656241037333 -7.863503108046778 -4.902030033531787 -27.691232894182672 28.758996361815832 -42.18575159459353 27.864489089408224 9.045929784154708 15.13691575209765 27.892012176963448 
32.787950986022466
-27.165973379380247 -11.814046945188885 26.65523873377566 -47.190470584289166 -6.5964080695041005 -28.57665567605038 -40.43776048158527 31.34337914149087 15.45438525997173 3.02851409220942 -16.826463513023484 17.75077393343011 -18.97643660983952 -9.222693127362902 -1.3739945898455517 -30.324745272728613 
46.36818402343798
-2.3294858632365916 45.40045410806073 37.41024505205323 15.432976396481564 27.26608419473621 5.432108462297812 -37.94728809359713 13.087551078025704 44.6189774847888 1.5391680294538332 31.403412678255208 -46.944436304735305 -48.74792324221605 -11.30449996308515 -34.59363994056331 -22.178398424067147 
80.72621281345195
-8.150805402037953 46.377115806038205 -39.210207631627384 -4.853241617819151 39.789590916405615 18.35158584299647 -35.418442833686456 -7.661089598495799 -19.008919131476187 -45.40597815189843 43.59799766578148 -21.556803191337693 44.41284686864725 32.63494254709509 13.835922081243723 21.327365525432313 
75.90941967287331
-37.83325398657206 -11.565381850230217 -23.519731980195647 39.207757369370896 -17.293210524405843 43.543823246277526 -31.052043424128286 -30.667689337258075 -14.855233180355278 35.84168598149449 22.391672185049345 5.910330660097088 14.123240138591456 40.39465204083595 -0.5080065993873646 13.965423672422794 
26.65721310648851
15.539659497512304 -43.30709582525045 20.608229949468324 16.480614018618056 30.082135275385724 -29.32591844461856 -42.54125934821743 13.314727929331461 7.341745200978224 -36.04072317304081 0.6856882900881587 31.58545293460503 -49.55905306638216 42.71309785215993 -6.775853329351179 -25.926535417470518 
63.719844743853194
-38.95185381281724 17.033284901208688 -7.436711430137407 -23.726000577545435 43.05892214116639 7.181970832573249 -30.23562829722265 -44.64978334461777 26.31843466963599 -35.89922067103723 14.609237834250948 -30.301464436150695 38.718057224106275 25.514608110821698 6.490884542049571 25.967018940555462 
34.300606575633566
5.371057157218516 -16.91643729210425 -45.16086749594027 -6.868765103841348 -6.494664389421565 -8.901845226603747 -32.148168010431775 -14.72979690646904 36.833363544184536 9.655352447955664 40.69577230197132 9.556158640757737 -9.459524123100685 11.91693517411457 -45.71271901666529 44.17806960915081 
86.03390586499194
-47.80260746483644 41.01507025558412 -12.091506359377533 11.353008086414107 -47.01475068560899 -9.697086884573991 28.390393626991923 -10.717996029444407 19.135411769261196 -35.00718948716653 47.01423898287442 -31.414249314951302 24.950961850876908 -31.958574281312845 8.691682405861286 14.589861147302173 
53.95477114499098
-22.36409836745873 -10.773405043128847 -3.24773079111079 20.85839817974386 38.07337901022001 13.003814255446244 22.924109701151252 20.567770271545427 -46.38810804408654 9.360465538001627 -37.32641408819877 30.02210297164976 -17.011466498587424 47.27426205008662 -14.65275775170182 35.24466402440213 
23.414135847697036
-25.10229923956786 12.468873994190645 -31.809105461199838 4.591897357927323 -27.013356977168 -1.372922579221246 15.811527194484029 35.670781214792484 29.416234718268754 10.178213801577044 7.205326163219908 -38.967327814896876 -44.253284997272615 -33.10764606697136 43.81809335118524 -15.57432542315886 
46.196196330976356
48.095555789405196 12.351676318690771 15.194143035606345 24.39691578894177 41.91259054154699 -39.62132635329425 -24.780692842074004 -16.043813389518547 33.890023502120386 20.61559903203755 -19.327278768647005 5.112608292992412 -10.419650197697337 41.38932275642861 28.797939252098615 21.67277199865063 
34.59365442427493
18.038563021741155 -23.32581047817188 19.933142298782485 -24.825984409155822 22.824330115634666 46.2790315472769 -25.563626643531567 -17.46626197127624 -0.6198196878196995 28.155332093792012 -35.81916338788188 -15.020803787280187 21.81518800106909 -15.398909887153813 17.29665009249696 -26.712142924684468 
68.28959990013853
-27.460966027771672 2.2210527991252675 26.84693235956854 24.215152615615978 16.08606044103084 -30.94948494648485 10.739740076130474 -38.810973806315396 -40.66899672974061 46.01643522796826 -22.733240101330765 34.352532588259834 20.9423988540524 12.925904251836116 -20.685908669625487 3.0725459957017733 
3.9662298851479205
5.92847296707113 -32.46719399374933 7.675823282764327 -13.46305152849672 -43.88558902483168 48.46849228887781 28.42334088850926 -17.78671135043085 28.21950817313352 26.581036432633383 11.993793760099017 12.263724953151545 5.105935920667214 39.52050563357824 25.452462086328907 -23.535340605141066 
8.708301073600689
23.075751198177358 -11.986302312833374 43.83776379852219 -41.22154231636309 9.88811830024762 -13.13776656383029 10.241123506648073 -2.967715627481951 -25.676509533468085 4.880682999364971 -14.157864836471411 46.19605363584439 -15.178383168120035 -24.66254260129146 32.23842209557563 30.969640281229687 
64.59245012933621
31.421554473200885 -33.643746611416944 -38.93169839906181 -8.294918790110408 36.967515766772166 36.24427038122006 -34.725697544529226 40.41553383113788 -31.203984574503863 -47.50637331346209 -30.175815833704622 -22.99445638811932 -29.197478673452494 28.25385157212193 -15.522965333235327 -24.544816563012574 
65.25848532593227
40.67713618692467 -4.746388117314524 10.948003458542509 -12.25339448639771 -22.88807865211776 14.105705626010348 22.508103495605198 -41.26634097244851 -29.519997549170295 2.6697117779913384 9.994387666741368 16.991513915062654 -39.990341107803076 -30.222156013112787 -4.772016297382422 17.908899186554038 
85.86053833862896
40.544980300040095 32.204597552473246 43.193580513926605 39.164372486011715 8.618683098988292 47.144396756577905 -22.4533999911389 -7.381157380370361 12.574443389493965 25.55774545685162 -17.402731826921034 31.01019486459998 22.45772663918659 40.555922713146614 -11.280342146790979 -14.096472009564906 
33.118947384769825
34.311739675129814 31.308335079116276 -45.772119926962084 37.25702606469409 22.87571075775911 29.6731413797024 46.596625225093845 42.98169142244113 -6.520685943590543 43.91981240837259 -32.05815031013319 8.224265836369469 3.0075153460522017 48.01533477155279 30.40479512180984 -12.528850377993152 
16.49864371769939
25.693870071590197 36.41259642812635 25.06379445661166 45.330410926855464 29.941222132014715 -1.5150465385698553 -16.296517457390195 6.176658886195838 46.5027267423621 -18.447439053947758 -33.181290063617595 23.87024827405041 -32.80840074976733 -36.5675496717581 29.09758992588 43.983191607925434 
59.73171157317046
9.593653206557128 -29.242858539014826 4.2360246046069605 17.450869662139695 49.45992316439781 28.01590197731076 37.77408447295734 34.347616667812446 23.234461947156262 4.75584406478243 45.899247645435864 -21.1132761338913 40.59494479193445 38.504051514588426 33.021361077597504 33.33544994921212 
5.595373518346902
-42.36577054197318 42.394466571424445 24.53476234478707 15.724602910038001 -33.91744670745206 17.628629842080343 -3.293277723996809 -12.690358583071117 -13.108025597095562 42.019050722352304 -32.768776745145246 -5.684881854581491 6.543602285794705 -24.590209643209306 12.282400053564935 33.078591264430216 
38.30329476423703
16.610377845183592 -49.20306570427697 41.63464684920223 -35.293862644767714 -31.690791339875226 -17.546365903903414 9.019042045202283 -23.178942820678483 -29.02147903492893 -11.824395829627342 7.307371992912707 1.0822604728530223 2.4414686189840182 20.123399710702444 17.131106747665 -6.756179802355923 
60.57259786674276
-7.77040971431601 -3.972970897991857 -16.591820462285355 -41.971161752137434 32.03216248536344 8.214471849717839 -23.901064143246074 9.958873034664528 -30.103744129716723 -5.742030165512112 44.992761232169556 -11.685451548232848 22.670718907870565 9.561276323487633 -36.80515100642438 49.68876038742998 
25.408053902316176
1.7519064177450545 -23.163149224600676 17.53004016526573 -23.016699779436223 28.75374995013202 12.295709611225881 14.134836771338882 43.27945624057885 41.70845519739753 5.476456199191574 -7.005714431457747 5.0641013039388625 -30.105303397859384 -44.62858451595394 -32.12699066679119 46.76384374473413 
98.4075979243583
33.50293984690887 -28.576679273697536 -42.949670300511656 23.598969617865663 25.876229378180454 -46.811064438489524 -47.51649218446046 -43.85779637920657 44.713340797618955 44.5281005458143 41.41492687908412 17.074055473104735 23.509085835237656 -23.71315119837375 -33.06414097575295 38.278705064312476 
50.843938878839076
33.978812654870055 4.862054636093738 35.61789275789975 5.90870879956514 -25.221106750271403 -4.421007482956561 -29.725905662276432 -18.1597959135683 10.813770781708513 -42.97149160870708 -48.137932749709265 21.73666174219693 -15.966892925025022 -39.80028743078641 15.47733371887216 46.61625027074281 
69.37101306181316
48.19414805359192 24.088466136762975 24.60147763903649 44.95816736027062 45.267162249605235 -42.45669164006558 16.25689890955907 10.820735539379726 33.20450152311571 49.94756867897112 32.27696735953475 20.8030347662376 -31.024831234283813 28.287466949574394 6.6155247260974335 16.376669152033656 
29.808632221713903
-13.093542878463147 20.667844137671153 15.549609373467632 -0.3235607258883064 4.809249240187761 -37.73925498582237 15.26454611281001 4.615441384659377 -24.24529348594786 -33.02420826123876 11.47652890217428 -36.588278548216714 -25.28755560153292 -31.274865885453718 -22.474227826384976 44.87147638204412 
78.49623202667831
-18.480912083132996 -31.527759119110378 13.23705839775021 -6.7494052922695715 45.00905247165102 -13.265579863198504 -0.7365834513107785 -33.04471851026265 -7.341067616982556 -47.32453419278176 -43.94772176245295 -18.774428556086665 43.292738187220664 -27.294308353542405 -4.051666131890542 23.424634600350203 
24.28557523279563
-12.978832773926172 -42.36618403759807 37.467462040581566 7.809767636285571 9.273936549009129 -28.9851454591918 39.6841913111121 30.31739132821002 41.270180786140415 -28.424998829773518 -35.27613816274796 -30.16498258422565 -42.781586637420055 -34.42161788762227 25.718013079033867 -24.33398777137451 
54.10060255376432
-37.163036370539714 32.78672219236651 -19.259744201994778 -42.5851578532508 -25.286565569067154 -35.54198486404159 -21.879333618922058 4.839062567986417 21.61323445353638 27.684884763050235 10.070493724034158 4.290932567092433 6.426312478823739 -26.117643677653735 -49.39519585298064 -22.589969145421186 
38.21121194334618
-39.22960065623818 -39.40580703820294 -45.33600567450057 33.871131741471956 -37.203280569767514 8.258193393546087 -15.918736743655927 34.65358702180552 36.5267677319535 -22.71949904791416 -47.96125951997601 49.01242298240477 41.62656212486186 29.797551050286103 41.58349629957992 -26.297134719596336 
52.92723857999635
-47.84340567892388 -28.556572666896194 -49.062624444359116 -25.451518528085316 -12.391107365292264 17.18255731355417 -8.987878459969643 33.17128750585087 -48.0017269847017 14.882454077892149 27.020856363755257 -15.711174961048016 36.02466738220012 -12.718009172745447 21.10507849742112 12.627369423776557 
70.80695632816926
12.483532353927252 10.146349863407558 45.91764614945126 -27.761144231719015 -23.865697359793437 12.88868186736061 29.81012579633459 34.02614901322845 9.417570508564708 20.185936580442615 30.9661623350933 9.313120156082036 17.239006783184863 -44.59875652458316 -4.779892308054642 6.450548869763338 
93.66937899010834
22.94240263722564 -11.804192140851065 25.727148848623003 5.005532807186107 -40.50066411278305 36.874208525125795 -19.21908608514199 44.737342414123034 -35.24333593551279 -27.65295542796743 -19.073692624176086 29.259180851662535 16.18649885316627 46.354869598842356 48.777792727266274 8.340153552994188 
15.98358126400612
-42.80399218423202 11.319741021057126 10.168187145790853 -22.71305064973984 -25.79378716197258 -18.032739335940807 27.208776396900774 -18.46069209367257 -5.752831225230935 46.182035711666416 -23.829916331514745 29.167359225180718 -1.4947653857892504 -26.148205407287193 -16.958283600068455 -38.27669449080163 
53.39007285334536
7.911565632035057 -47.524560792154624 -44.79012342589158 15.436157680843138 20.579378920695618 29.70175984410473 -28.48186405657679 6.8483511235542665 -13.901343709685932 -47.27287841267779 7.739476470124586 25.69610268641202 -7.97599686762981 22.732290982401295 -48.42984508381938 42.749059208403466 
49.85669512268288
-8.606810094023423 35.10879109660276 15.56015318812652 -29.7693392483963 -24.728689104388746 29.054264127046537 19.64053542861903 -12.130704730546285 -40.528426303551214 34.64352650414841 -43.56599530946438 -42.822031038291726 45.44128535055421 11.625781816831008 -1.713160716494741 -9.393347197469396 
81.08463667214279
27.15161977477561 -28.277745504477846 -21.188455121861626 -14.707043229655156 22.662640813478035 12.066947938008475 14.164223155101865 -6.45825305048502 -26.30078524638456 44.8405176726294 37.301256960507885 6.3812245074644665 -38.9990463214307 -37.69319915622458 -9.823164573606682 18.448008786441434 
30.356627268180393
-32.8005524571532 -11.524525106633035 42.051235235832124 -6.632854136957789 49.87234706951837 -28.738640863509723 16.437254625753866 -38.38259443737216 49.98881394731535 46.3854595191015 11.512812239552105 12.709716592230677 29.35168025307125 26.441077121784133 43.10741299684085 -41.80639901230813 
98.58975867227191
41.95298411489837 15.781318475873604 20.633812742619867 -2.8455686033317065 26.00486946029696 48.73643078561727 29.890394161804338 -26.556661166615882 -12.345645325828393 20.563124658348983 17.141683626061948 49.85651112335178 30.254325609594986 -10.64320386464135 -30.736818041680813 -13.79650229263759 
75.19391228875395
6.163761591506997 5.882192258089326 -25.88165446099143 21.591932114853847 41.766859115154915 6.760274259651375 5.002598400916867 -41.87982141327365 -10.50308168272744 48.11246071182714 -45.495287035838906 44.40344785438009 -9.942962603326244 3.054300617838159 -32.342393054176576 -3.6622585217069528 
98.27238393090106
23.57482140885132 10.534327915186658 42.1875895932354 -23.7709711748762 49.265461606230616 26.645093737779348 -35.5319794421089 2.44107600020741 -18.50783389540307 -0.7127181657350263 6.386161418952497 32.48617996492686 20.779758529436137 -25.32684891631615 -48.987949606864824 32.97526909207666 
39.88482642170216
44.89846832127628 -23.632251405185556 37.77311834988633 -44.63468533046399 24.678360757294868 0.26835622873532117 43.062161124630364 16.412115686853795 -18.734871556017897 -44.98190773164893 -33.8572330290195 -48.71008347970778 -6.924066085186475 -26.040883784656877 -8.211112676254743 -1.058345251351497 
69.29661631256262
29.390294627788833 19.528898650458032 6.142905323703019 -39.90885092529092 34.51768245628956 -44.60288571310841 -10.950396663602866 -24.96546236882177 10.867949337423632 -37.49768767248083 42.06452426382177 6.000221689206484 26.9906095336286 -3.814649989979955 -23.345073657090953 19.97137705884856 
84.29434162924679
1.5887777283890898 -11.914108879724473 47.10871238529802 -38.4926917450088 44.13706289238762 28.99081733624159 39.89573058447142 -19.47916104117415 -23.273104733881457 15.282654797740122 20.295614108223532 23.27044720563181 21.3527820828959 2.1164079383935857 13.592269924145974 11.827594996086567 
7.443939411821376
45.44553459107267 -10.048760598616028 -37.97975705602799 -35.635744953503014 8.171881650637914 47.72458271277084 34.66968711393946 -38.6721176984257 -21.029207593280486 -23.86297504116697 37.925739818339466 24.408828008718046 46.58011852829776 29.22898644081694 29.20184069277822 37.37364421400501 
62.67383158469414
27.795394800878753 25.856225458613224 -49.257863667269774 32.39801387157739 -18.452548287392656 10.034803034322394 -18.21822710180002 43.22900904958796 -10.162208986698317 4.985892606228539 -12.932725787696242 -19.979443642940918 36.027782695893734 7.676574592070004 -21.21238000635781 -23.061228266536048 
87.93899775450225
-14.315125290199546 36.15852253943605 25.44082889304441 -45.180874480989296 -14.888447883805767 -15.90083637731238 -8.464701378530378 -20.13409006060718 -49.35019754233541 -27.242200885412025 -4.730950339151818 -33.40900355617712 28.97073852102703 -6.478394253006371 20.717716894709653 47.168816424993096 
62.22695875570411
9.82192570453482 -44.28625415529235 1.4039028059204242 -20.253837265126784 -35.65315059001733 -42.87197043721037 26.063397535318103 12.881208379025644 48.198854509083176 -0.2717621378821278 36.05969565115559 -9.497413890798121 -17.913995426678106 -5.531082317055656 1.3314911042979318 20.763795452072642 
14.810983559388902
-44.47448010826637 -13.74019768916012 28.539666214106276 -9.876964134859044 -45.533507281656696 12.06878440600957 -2.667855992454669 19.423659650702163 24.66466906210691 6.899430906036727 -40.54231932588843 24.86766593023947 -30.61885500384822 43.10758077333303 38.97478532609641 -14.922971120344982 
32.911926467870934
-13.17411168225322 -21.920059106971756 23.985691658432273 15.76962416764232 0.9427081222871152 19.594533151068546 32.25933115374332 2.0795369280983493 49.389138631149606 -24.31498603185035 0.28479643390328846 20.201447712045606 47.9887412799571 -13.896953873538152 21.89977713643482 -23.954466878246304 
45.112721984014726
-41.99810320140516 -1.1659835732256951 -17.367194576068066 -6.003340277492356 -16.22011113335727 -12.740865457064523 -40.84247953241255 47.813154121923844 -46.578753468008195 -20.105019422395664 -11.858965680871712 -31.541980511064104 13.449204928950387 9.796137663130146 -49.776371733175864 -9.50405329301556 
25.87578825750262
-4.756972093212497 2.722825193440073 22.824843578502907 47.427164506718185 19.0878582026003 -19.70623382256359 2.3563530364573353 31.84307188966892 -49.543643182706 -26.140717792159908 36.37327308965318 -43.806720002701326 -28.11784793670681 -12.565747554364329 33.21298592350111 -14.076370139320282 
20.751297356734987
-18.449059144960778 24.53916478190898 22.738709794300135 -9.639686550777483 -13.300997117738902 -23.297583878253867 24.447721721643106 12.94187824353137 10.52588132732086 -26.446274252676737 46.54471572925519 -35.311940885586445 -31.49963585396689 28.5628794194497 -18.43623430076238 -8.898228572471332 
89.32407914839838
-49.792670105215585 -35.85564944649625 49.932964452718295 -16.41725320625965 41.335225371860915 17.26157252780945 8.506743521528492 -33.03892430006064 -39.430369969443404 38.22052970964002 12.426483932468003 -2.1978635560801933 11.809227601908113 -38.21645804700626 13.435766164478423 22.874152973825176 
6.494091611897357
-7.8063877879202295 5.648678320647058 24.914672041711967 -37.45662402814931 -34.12310375126698 21.408903476919903 30.85406314329326 13.73507760335562 -7.748409503140898 -19.286246367592852 -29.422637134072115 3.7862817318787734 21.34011933940988 -28.559951051776455 22.665515910481943 30.50560529718514 
53.776052058182046
-38.465406889807575 45.76408334712022 -12.872180326407012 41.31671684715984 8.882739439746224 22.059491359860715 20.303909742883192 -25.88299099346213 39.74432681859193 32.800003019372 -12.791862350710261 14.789397855798342 12.447056803620391 44.88052837594353 -2.163080998929914 18.669721858060612 
19.453134315292864
12.217515423730909 -27.187364121699574 -25.272174251075686 7.965835115555386 -14.027895216458184 -18.13122189810641 12.206668079189939 -33.081634037555595 -16.363150636964704 -46.31892603154169 44.3430709511309 36.488242880947524 -11.416750416799871 -36.177430608516715 12.417749658809406 45.20612543968353 
88.8744583635559
14.358910309115672 -49.09812953842386 -30.721114057952725 16.97948928396788 15.963302816703731 -32.388123924182025 38.922425100164375 -29.51768860650299 -28.581001763827807 21.553818813205766 -12.699445165281361 -22.038733529024046 37.990340968066974 -14.466940597379732 -0.9079514647959641 23.92122167197408 
65.38176970256917
0.6246273843775327 -32.24126822484163 -38.007033862415575 -34.13261765005687 -34.75587114477273 -36.73674491431366 26.571337363569597 23.662033089885057 -47.17140765760179 45.286013062606884 -0.35436050920388595 -8.28189414188919 19.031200785394702 30.91641521729464 -48.21709806517991 -44.129493791268175 
91.85334630590394
40.34451364964468 -45.94340273245285 -31.384387400227 36.28202260136162 -0.7452460339752989 1.1704459656969206 -32.20178515112201 -1.2299309766762292 -27.57555382604915 -4.8910354942563 -0.9061865153782236 -33.708678602789654 39.45527125448103 13.35348466482111 5.411859300346457 19.72225823138932 
50.61695386910472
26.034321868998035 31.208832411910194 21.946273542235815 18.45802001069805 32.34689703757806 -34.81167683516158 -42.65381243784374 -40.86067219151195 -41.85841865171248 10.978608499843709 31.24523867633252 -3.6281824044879087 -6.195923397908466 32.11639335111883 -4.62381530000269 -19.609232378918627 
4.37520728338675
-34.97120525060258 -11.397141283431964 -45.42545013645828 12.315985643797319 31.693843967030844 20.88784250092931 23.11674684281229 -12.594110450896814 12.273062828123614 -17.105335424106947 34.58616944083457 -22.030741217069426 -42.75197770782546 33.632291060327475 48.260191961139284 -17.04315980113101 
78.4559761861073
4.194306845376296 -7.207459161284433 -4.63355313252648 -41.09196931566967 -43.08532303099766 10.077504279032425 44.06879135345545 12.386530013763178 -43.84346250530511 1.0982257912562474 23.311561121981157 5.556652289417308 39.469939745731224 -44.90235516809491 -22.993160449669492 27.690485235902756 
75.99908193906855
48.58634429956446 -1.6359951604588616 -43.90987143582991 -37.2109690588383 46.50233011011005 -35.48772977921989 18.909639010190972 -10.96351245082542 24.263665120017052 -49.53593627684379 1.3139431868467852 -6.651299081092077 -43.49449109833631 -42.897526017298595 25.776120926459782 49.71912147984523 
35.96900828051277
43.8330294978186 -37.197310182228605 44.19797571195717 -5.689768662253137 -21.87791977945025 44.489893882842736 46.130413579838674 45.52309175518394 1.3511271545066705 -39.94779861817705 35.35445268549789 -37.778969463243804 -36.751561733200965 9.827534679095336 -30.104528190056246 25.19798609297291 
45.616336093592246
-17.747970489454282 -32.53648420239725 -42.51004450339742 -19.84542610842852 -3.0895736355927568 -21.545791599980724 -34.41574078837828 14.887249451857116 26.006403387218896 48.17364165718776 -37.52563703495644 -0.9672716820033713 -33.53946203709095 1.6520780951955203 -10.06605688501557 37.11309242798741 
35.33181251191439
35.68087705411277 -9.315401257892297 9.68163950745221 2.3718394226191037 -30.39841465170925 -44.94253043473827 -29.74597175547491 5.25932549354615 -11.104360955722768 -18.700282877408892 5.860648345330475 15.425529646207266 13.767665533960283 43.85268784161586 42.09486138527457 35.369751387978155 
88.6849473218409
-40.27068992690283 -17.386217234039506 11.977196229836665 18.23005010297325 -20.455936812008513 47.75528388247872 44.58981752901363 19.64323623613255 6.799641790257695 17.266949385987417 -48.555978561474646 23.07578110183762 -33.28975715765149 -11.900230922643843 -16.422567626628094 26.84483010834495 
54.14214309827111
29.801319374672076 41.420141868418014 6.874973800297447 -10.821955708293004 -42.74973019581518 6.024197620720095 -12.968734286576364 48.36244121582813 43.30608804930189 44.24833667411238 0.1929354824524978 19.861036998990755 -37.59520810608893 -14.796722382056451 -41.31347602443579 -48.43197371078156 
40.21368821865392
-6.1238787359497735 7.0918158850043795 22.62083557600512 -15.83496503480172 -12.90924023865815 0.45334505697078953 -29.16730777627219 35.020606215320555 46.82439377496917 36.57486977123095 -48.770793641864316 10.576169163719676 -13.611380878659453 -27.656273113748465 34.17585842552555 9.196911187219015 
66.09675518685081
-29.07353683423223 -24.4908491963548 3.081898839416233 36.77742472869576 -40.80326116220563 -44.365083308325936 -21.012357136194705 -38.14236823708991 22.90097451931406 -10.266953933528242 -22.402054847540352 31.726902981956087 30.836772215182577 -42.99127598343602 -8.190844298673895 37.70731248042232 
8.713679860032364
-16.643996069768704 8.907050168867123 17.192496360216865 -21.614641495064735 38.85035351490967 -28.056431652079915 16.3820562139652 -11.213209662905236 -20.83743652994381 -8.421357367853396 42.52602023494437 -8.820320711193219 -31.71275565382373 -38.765568020878796 43.707334398214584 -46.796294863886864 
18.90482573085087
15.61628361813851 -39.07143285922419 -36.24912282575394 -23.753131944020257 25.486741857659368 -5.367581678890701 -46.175321280713845 1.5101733557444916 40.036034494606994 15.773762044130777 47.315332609443374 -18.333961936772347 -27.725583156017876 30.174353677724213 10.01695866447838 3.936711020469609 
22.578839315714294
-25.870479795285885 -14.76802801585987 -14.738015076051347 -49.14160718192358 -20.900493051249203 39.95258188019325 39.75450925774415 -11.239923261081586 -6.193605967589335 -3.1212035304552046 0.4433263357527153 29.91840183989177 -6.829229807650016 -5.573116764519149 35.53081509453399 48.4593937109955 
85.2606776709871
-0.5983022564110669 13.939050788579635 -26.198365582049888 49.7885752856637 -4.849072521457543 30.09735753481479 -6.74606049711808 -45.31963758337626 -18.211262611120617 -6.276353939148024 -37.00864850196278 0.8538273015498561 -45.529101633495095 26.777831589498135 32.69815033799851 39.58207221461471 
20.722971755799712
-13.183495867322748 29.498595112787 -8.319116530088635 -21.53234486493116 -46.346268645549706 -47.24682735362825 -26.752870288270348 -47.33302103845065 -25.466302792629648 2.8801231636405262 -1.2112790632038397 -19.610501573857597 -38.05336851551267 4.56908040462055 39.324830698569315 41.63219738472199 
27.770292920785955
-12.41432072197037 -39.6016197174379 -43.628638982428946 17.59504807619814 -43.17700230907666 2.93111541736927 7.086192838134188 29.89130864513851 17.33776121122844 -1.5351548513809163 0.3934557873200859 -33.8959926352564 19.81625881823429 29.570689982668142 1.451007737931377 -40.190591853251846 
7.246944346484052
-43.92851259764875 -39.5674223702308 -24.254553458039606 -25.46627909984641 28.210788625468837 -48.354312155001345 -47.17246338312003 49.365964741062925 -0.9848564326416209 -37.240844913589335 -10.812440545301335 -35.131639532337346 29.83464863476047 4.126130210948574 -18.175471955284618 22.385620506998677 
5.410037630296216
-43.66683131260194 38.63123309740605 36.21427718676783 37.802864120113654 37.87535908058422 26.361887657145502 11.17565201575212 -7.861405655229028 -45.74792874568554 4.531683932596529 28.63124449090199 11.35072101659722 -15.202615441019198 22.28981692203817 -43.12626652368282 -48.02268730497398 
24.20385323763876
22.983430267462168 -42.21610930994936 -31.45036450269638 21.96772918840037 9.430653292287715 -16.774347815577315 0.22582187097251705 4.8783369302733846 -28.153292514908212 41.858694328877206 20.060837702808087 25.193794379517882 -30.082183225784476 -30.120128677701054 -45.33278136321375 -49.71013874293687 
40.69347800477408
-42.338133820056555 -29.990577792209105 -1.6618638040455238 -25.231609950911484 -31.660470490140725 -2.3121595178811845 28.964465568584558 14.651136064326636 34.10126960680307 45.306861685606066 17.857836592699 -18.73250796839294 31.27506181089413 -5.615413895867341 29.944699121406956 27.22204206259285 
66.2555060723026
13.960748891158858
16.457300406481593
-38.422866953166555
20.83407054935971
40.66435843907702
26.76732110482422
24.374754244961423
7.055702964085299
34.62762050380694
-12.758435150871584
-6.43294136563307
-21.04316668602767
5.750160134611484
31.55923907106306
-18.97968981056799
-18.49912419724359
