constraints 169
variables 17
26.960115112128662 -38.0541461817712 -13.284375490341347 -23.429746479944423 -7.269258622918919 35.617011578570384 18.50679148564147 -49.649152408399914 -20.11863951153353 31.31870875831136 -22.548769085766896 -6.301932966823998 15.24912835811692 0.9371986707729079 -35.62462720681808 -14.880151906762094 44.01366611040129 
67.88291696676075
23.11841941463264 42.900313778288776 42.81896233312963 40.71977361724838 -43.674460493333065 7.715427672541054 34.23776515193909 -45.47681995302506 -11.644662243006344 -15.203462322230152 -3.6074519503315514 4.508462667512745 28.734840261488173 45.193240569866774 -27.808332264745438 4.1470465317954535 45.55221925131984 
61.1751771211411
8.908880207323818 8.2886106612467 -20.240400344362097 -33.07422594824393 0.7288455983527129 -9.266799427776917 18.565225277241836 42.41912578418474 -35.59910133329305 -44.75200062218756 -1.0736555978773765 15.734556722456688 -48.71221836578121 39.19935094315338 30.611223226174772 -32.94835359835372 -12.134366732302318 
89.77130651694021
12.380677781191487 -3.818188813772025 41.12603296287061 4.167805557912452 -35.45342289115406 -15.269219852090131 25.350445219168023 -22.75364523637724 16.4967885860935 43.84964323712778 2.3719148470053 -7.293111418523509 -31.26689855461533 39.02035441942333 -21.291555755068625 27.260215826166572 -4.449369373121492 
74.43491674992296
-30.153060043448633 11.126305450723585 -33.30569888451167 -48.734258640988905 -15.523771901578002 2.7633717995601472 44.15999698391663 36.48791464446215 -20.387874491775527 -9.095404244734418 -46.234978291175835 -8.097535299553869 -48.672942841532404 -17.22001243276273 40.194531781173865 16.62292541139746 -44.80867560791852 
23.826784502615006
-11.062373652341272 -49.4741919815229 -4.447418338605047 -28.7575294836364 38.858847791564244 -28.971106430444838 -16.575352637370358 -38.58963945463593 15.107828737280641 -8.95049219342122 39.02628867106996 -30.471589232198447 -16.348124654139426 -17.891779356280544 6.9051793451432175 -41.30227377825675 -34.076672526526906 
53.28172246558288
-40.89826953724231 -44.72195086138249 -45.09446737361209 -35.928111439257805 -15.047964671939397 -32.50679399095668 42.43832293382785 -12.753674392271385 4.898711108158373 -14.929619805610564 1.6058972062203978 -33.68101614289597 0.07294175577903417 9.122770907255251 -32.222913630927096 31.577699113070835 19.43054136627883 
13.536023453075874
27.19994134795722 48.42879087054946 11.869438811609648 -18.2054016100914 -46.9903203424587 -27.682845936002597 32.02545894628305 46.484994684620375 25.091016138204722 -24.406453534975427 -14.662169354376374 -17.361422299195205 32.442957340992024 43.43905590207197 10.495395027496976 -29.372517199096006 -15.47383589182413 
58.319998384507535
45.51901097464852 49.50289746996141 -48.47001110701248 -44.56516367780816 -12.494843464437167 27.46577843632319 12.578408908689177 -14.772117118239144 35.45030675536475 2.5858425637993108 15.600987389497448 -36.71701759561974 0.5951789828863596 23.935469399360443 42.92713819782314 22.773461482421055 -20.62757660066402 
40.98091404608888
32.61892500124223 10.13313557931317 10.310973761610306 -2.6259784717232577 27.13970670282474 -19.27378460588053 -21.855335221696237 -25.78658816932601 8.162920732388201 -41.9675651136751 -14.107607340238935 -22.60511230155844 29.15739275086314 -32.77314395249875 -11.178483296013589 -6.15340684256779 -24.157470583898167 
92.02220359238022
-27.02418960799797 12.245249358326149 -31.311186376456355 -17.74525046622165 -34.65626341666771 15.235536786734997 -28.65392821918703 8.93315013860235 -17.237594714888914 2.2255340867339797 -15.786055794356038 23.332882878302996 -37.702922578455414 44.506837219736994 -16.67387359794393 27.207151935463685 -32.89440057846128 
57.748820253816625
11.301856948974589 2.2985317546164623 28.69173895493752 -49.157746375647605 39.32529131624274 -20.92620777182915 -31.029174284823004 24.618261102578074 -3.054699945322561 46.96768828806009 43.715737415876475 49.14443851930494 9.945369638847403 -28.590243448687993 -37.27926238806558 44.1006475290544 -4.38474649845184 
36.52144804148042
-28.584773637841 23.162874621399936 39.46307429737206 26.60921056552391 23.678978970356823 40.374250073510396 17.73858652921868 44.44241557717359 36.25499658093399 -5.841855836652812 36.095401006165886 39.79328889204659 -8.574360499355919 -47.070962205843635 26.3019122453601 -12.170684978386149 46.512182284109784 
15.182630030018418
-19.88221976031529 13.68683536437483 16.27753790421889 -43.50257428840229 2.284818845096879 6.917871732633763 17.456375528316286 -3.944157689132119 33.038141685046895 7.490471413751763 3.406423074468364 36.093662651623475 24.625547034760203 23.63613286914942 -28.7307695343898 -10.887598183883703 -43.97000030470352 
11.076196337649058
-5.951735441920782 9.739983607398337 35.42227601183643 -46.97766456859206 15.65668708735673 -9.199117649934664 -29.17228814931837 -19.16544481021434 48.256709971600245 -33.542342924884274 -13.92686844833645 -33.66656481738808 28.1069683381086 39.211606619078026 21.287013933952778 -1.4984331350413669 18.653875357246335 
62.101050739118456
-14.941980306854596 29.672463879484837 -2.252566676741985 12.611505925450814 18.813963310420974 39.293515917521574 29.63155883856487 40.6128362747898 -6.934534115796552 16.962776813626107 1.7534397422243373 -40.93579516511985 -20.13458735476773 -39.322282014660594 1.4560353643400816 -26.721533669023813 36.167513160345976 
71.09736330662629
18.26233626891414 12.213414891717022 -11.275848835995049 48.10740333624851 -16.270477843702004 33.55804073495415 32.74587188306171 12.091341020377456 2.745705973719815 23.307809745583313 43.75181229248594 -20.951172336207314 -12.338520645489702 -49.926310233703816 -45.12760676213104 16.065735945033893 -20.207016256032297 
14.54545458767258
-29.677284571246766 -8.371229704516722 31.602824300188743 5.330605698751448 -30.15297748911753 13.890686062393634 27.259572522372068 -16.184042955097368 8.641711626356575 19.230480511580197 39.296245556452064 -27.250169660071766 32.59634830215468 -16.68380039558025 -45.267398563026475 15.918437017158439 9.649209137561918 
27.36627013560293
-44.70433246039087 9.59095286469401 24.635874637389122 33.418590258453364 3.2674156243895496 -19.66653602065871 -2.783528308108444 14.1548227803234 -32.9919399428214 -1.6571929543714816 -39.70087158900765 5.19070012226922 18.347957956190925 20.627067429101444 -20.165674028951464 -39.26864094913732 47.81066374175653 
4.160321431387626
5.936753708978351 37.10404989686111 -26.97585188354892 -34.43505558494585 19.998410643494196 42.91881675055282 -39.3031899692669 40.92563318299712 -17.211322122456828 19.47105617737283 43.17938571266947 17.01501676501414 -5.505927127612885 40.48811312055396 -13.096607475133382 -36.4884024877495 49.232535903552915 
36.43538454954572
-38.11869105485203 -5.283576048912764 3.7840454052103 5.335647413829626 -31.026817468180802 28.825814608100856 -16.888604495546602 19.41864168203371 4.768928811499066 -7.006892063555355 13.702054117220506 -25.093807954200663 -17.294926805189718 -6.786706670766428 9.843988120295812 -39.14853307368139 -16.57073186380957 
79.49009754730233
37.65542727722753 42.189224078968664 -22.554609376745695 38.795893665278086 47.02051726265128 -37.982820324081686 48.71662167651455 -8.989374381868977 -7.460108574433967 -31.3830809553964 49.17338399268681 46.326644148045276 -38.812804976129634 13.836095895743028 30.967573300410436 6.5322006097225085 -13.430369651825536 
1.1918327817177166
35.834050167180436 -42.86290366818394 -42.47737634999827 34.418658897421665 -30.935114257532035 2.4797577524990757 22.22576148926288 -19.827516389316212 49.37137873452353 41.75581475924261 48.10914392356189 12.215468714188617 5.303401168716228 20.334016630098233 22.526351735025997 48.644894049351194 -16.084827737695917 
67.77612355369396
-30.49772007454251 28.5923886787661 48.01105539053924 1.6531620599807937 13.82106656118053 0.3082619206715833 -35.42544923802795 -15.448739046270298 45.301414588238515 8.658802381961436 28.878153644075383 -29.41400320722173 23.313637806718106 26.802859547790874 26.291276542571282 -32.704952715685344 14.424787612023266 
24.177176518614296
6.948023441430642 -31.045350640485015 -25.484787970843815 -49.091711582699084 37.2060136566202 -11.833811376806558 -29.208001415952634 -2.617939831915926 -3.7778381373181915 23.985013155569007 -11.168259883237475 -43.05976654484935 5.990646943961821 6.914353694534569 -14.882926654435437 -20.46338880413868 18.833018872031843 
3.7629963652170195
26.488533442970493 -45.32618178112231 37.599802443210436 -1.3338500264465623 4.515257820600695 3.054818321454242 10.737530301802956 40.49473571882747 24.99508837887406 -11.878297084513868 26.894680020512382 -38.570904443969624 -49.37331249768675 31.017499853379505 31.884513030365582 26.648890194391868 18.35333052605216 
75.49503921461866
4.592310927983775 -29.108232834328575 -38.04002016265724 -47.08975459876585 -42.19090663284074 14.059134127846079 45.21239166148162 -8.324585919406246 -25.006603409915485 25.098173914570467 -48.84104343650467 0.41140317236165913 -45.39277321833468 -28.935012549444927 -20.826964260940052 29.525900318246514 9.941834624768717 
96.57457071733296
-27.10441876089673 -17.94177820638162 -35.756498403828985 -22.230901206877295 39.444874506645405 1.3693557418986018 -11.530949600290107 34.48674532790059 23.092225887145844 10.619320046268797 -47.854702554827966 -35.51089647231912 -34.94049974099383 -33.03793294428782 -3.423730812294643 -15.594021256466064 15.176433203805644 
72.00156439725188
-5.963555817404611 23.48219558461919 -39.15737512341959 -0.7091129397242355 26.607870318357996 18.261755413302012 4.071248766465338 9.519483756421245 3.9635392114824697 -0.9794760599610797 48.34841302014141 24.52199480128961 40.66890251078553 -7.940620962889724 -46.37570211354102 22.35539149502658 30.46797131470848 
35.89554292413739
-20.040933406226646 -2.570633074504194 -12.460061707699822 -26.059405020468386 -31.821305792430277 2.0382718844074077 -27.1431440999642 -8.570551146509644 -0.6471613395029294 48.63113828849441 -12.457648096784688 10.16536092836914 33.988915207510885 -44.23038634384642 -5.474039714541981 41.07181351098707 -43.45643105932011 
14.96192741360385
24.807169535457703 21.592885448666664 41.184784602504436 -9.575726080264346 35.2877546477325 32.6595521917919 10.69488107960835 -10.690718250392827 11.400612812986978 -1.7599470347043038 -18.013323304373728 -43.94546497770815 49.657715688832056 -30.581649004809453 -21.087831167913762 -48.75763622491611 12.759440403275093 
34.495379411751045
45.87505063153583 -27.274554217786328 23.05200299699476 26.783666493778597 14.215477822824198 -35.23901106125656 48.88924964604104 -27.433406018516138 -42.58252942354738 39.509592544881244 42.849656763785575 33.11943363572114 20.896431637167325 -45.50684787032058 10.77882595215798 46.74000090515898 27.45621755082304 
99.4694190593387
26.272392875423733 -30.58739530270348 40.462311136100794 -3.330820256007293 -43.51630633671054 46.02972637592018 13.359612425695119 -40.544780982422864 32.035176077286096 18.02164247546547 -33.6295813862552 -13.799410347536089 -23.66802822860872 37.79499486029563 9.040207219250895 -11.453076019494567 7.7206524452466 
65.55709426296904
-29.244151642734096 -33.808155435502364 41.705677012764426 19.90352278049147 10.44291875597201 43.967823198263844 49.83059429561406 -10.027633929593385 -48.644205517642256 -18.786937533432646 -23.149415558681397 -5.980785216100806 27.206281941456183 -1.7016731269105208 -21.532535155639586 -13.05716071598382 31.83351089869595 
90.66186441497659
18.167787250673385 -22.40777996181551 36.199909381347155 -33.18209733313382 -46.400758408701506 15.611423146576456 -26.294943486305677 3.5424360271528172 -49.55994671623033 47.129530042492675 -2.358700420333392 -41.196685862096786 -15.13938606445977 -31.221290162931126 -16.928042334697565 20.989967305070124 34.44614607665059 
80.32419848993837
-20.504878576795548 1.6112827134366583 11.843678351674939 -2.384185639351969 20.36288587444281 -2.1314297681831036 -34.58381373159941 -10.378646503956368 -39.14191037989264 -38.62631078358897 -43.16873474054982 45.97805931903626 46.28750898486021 -40.22919177247559 26.78122047884402 -35.200926957462656 10.032562524612324 
59.13346859053124
-23.07397833854703 -25.602397580889978 -37.794381003612564 36.746965962936656 28.670087642095083 -32.857696363065045 -42.00802223887655 6.249284784878469 -32.4716379251101 28.833157104039017 28.114674542832375 0.09217499038576449 45.606746172269865 42.7879086835306 12.941275706029863 7.897140187137971 -5.883578482281081 
84.25490639992006
-33.541137934450816 13.519527415743951 -7.138854756069833 47.818982607795135 -13.324596856336647 8.49702519318378 -45.71885084773667 18.142756636976145 -15.03716922976659 -14.952689792548611 5.906792387698822 2.6865716190504045 28.439043429503215 -22.10724589357018 -3.030366121748621 -6.023966626563151 -23.306793836938013 
80.92845585834621
12.438147622273775 18.536888724639596 -13.009309936057065 -37.88691226071407 -49.1101764247882 -40.20722115284211 -19.448994783778517 -12.04962447599138 11.40093299334579 13.022197408076593 46.574197343739144 47.54228369472192 39.029738971923535 -8.103272793936597 10.398089996442117 35.43326364782287 -1.5114683009274401 
8.17344189863929
7.5009182889350114 12.328203757542354 -18.75568819464665 38.79013248868834 -13.97921197801287 13.255023060133674 2.5575574769752265 27.91278428878671 7.045573198133162 13.856079885298165 11.862980284276262 45.41054125212389 24.13377371340586 47.23091967826835 22.41574831534271 37.78414654343263 1.358949344155512 
36.11608983512156
-35.72883816574254 -37.25035466943435 -27.37261981830669 18.176101638698285 -21.564698328145294 -5.520087557950916 -45.89941366116377 45.79285360216488 -0.5812780169121368 22.932346109845227 -3.738565025893628 35.97911061456229 18.44475683373473 -2.258126658470907 2.494545443810722 30.904978609130296 -19.791426480545148 
34.834135253764174
47.0087525134348 5.014488112329232 42.35259748149876 -37.78541006288235 -3.488586369243194 20.8227849391383 18.71853446969517 -19.68504916524072 -22.74859111152654 -7.777360481449193 34.95564060253356 -48.170740875253394 31.879633962428215 11.49231098427407 48.209546987915004 16.147592198034346 -20.967066033331783 
84.18503857391467
21.385369170351012 44.29622312435373 22.62932874415607 44.69376730990422 -3.1265852384114297 11.718854746861531 -42.43047213976938 44.5229372807228 -15.354648523267336 -31.71574756416915 -16.128307138944763 15.162517500419398 -34.726842697370145 -22.418508925012347 -27.776564028364646 7.947669136411626 9.69281736081794 
30.864713710149427
20.51713790671414 4.400754531553488 34.429117119365074 -35.06487538388075 3.1416127465957686 -27.709296006283413 43.5175781807756 -22.201240677285185 42.635253342734444 15.007953670108776 -43.49604833298658 41.11424235298959 26.76278377351545 -25.158443403799723 -14.328635502597741 -45.754334622283146 -46.84023992050746 
54.35826076048325
5.039614034606778 -28.838605008844365 8.396059454310823 -35.67832047740093 48.700742238255515 -41.52957412673639 -21.358455675827148 41.452937877022535 -13.30052561747619 10.56373337520241 45.074183808570794 4.822474626203942 -47.06329261130253 6.128748382517472 38.75291951929687 35.775957401309384 41.46868385339479 
89.23098943593502
16.88458281181937 -26.964467903953814 45.094108802585424 47.70755674544634 -24.753762254589283 11.980929833348227 -16.734081185550423 -8.206958377893436 29.98131445629855 -14.896760578257016 -44.866004546304865 6.69915432204764 -13.930038096690076 29.237416907680327 -42.08037272936747 -35.70481571886649 -40.518944122226706 
64.41787460417963
30.842041445903718 31.087136165322534 35.34534314626427 -30.935172010625678 20.461899660337735 2.3692297664753923 25.446240912646786 -13.302703163381047 14.57614286804349 25.722198449451582 34.906809662215025 40.48196696714706 -41.30690146092475 0.9585679515370131 -39.84150688535768 -36.33459363211432 -48.363644542326945 
8.165983430339551
18.109212021465154 -23.699605909053677 14.970352226586186 -29.32470371844901 49.88545492935317 -48.33457804783525 44.71024555299307 -44.4189639966516 -48.39497104533886 19.38968859770233 -16.82692998048246 -49.13244080059845 -40.65584268914112 -3.465815895093627 -6.153177447904866 35.245049623463544 -44.20532643881984 
72.74279221879873
-17.20144054174161 -25.524772786816996 -27.935958345420065 -48.93445476463604 -13.587847074080642 36.26750372974456 29.653022439172943 12.169505256866572 37.14091889626762 14.75201495337673 4.852777585511234 26.391006446483686 26.479788986380143 45.08680710937014 0.6352876208083984 -14.553724162624682 7.50629554624966 
18.93219456447188
-20.43203313067704 -36.39428651832202 18.109138533068048 32.326100752134806 45.36535752926062 46.75043672406849 -39.58236021680107 -41.08000292660846 -39.60209395726698 -13.032063408527073 41.96490783492898 43.58579961297822 -48.1902619831446 0.20697144413163215 -30.237893771627643 -45.92013521492832 -10.145510164998583 
75.00016542601333
-10.26928945728396 11.751067811598062 18.640208525045637 -48.62404259338244 -19.165819014795403 46.205639151916074 -18.318596609965375 10.819940001125204 45.77001894704085 -16.607720880421127 12.488334111387914 -9.491186791441919 -11.77229433220731 31.746841952068436 -46.11928558178533 -1.971463822067733 30.487534531600133 
26.836625226591448
28.794929757737904 -43.59852975486073 4.529902179881006 -18.62985013055627 10.061022973195712 -46.51434721924153 44.844138590185466 14.489006337539763 26.95764676210129 4.672581662265927 21.77050555503814 1.934221055518158 2.3102390045896115 13.298185265700347 -19.52149492754176 -3.0196997179573586 35.47974857109347 
79.29492378562144
-7.420829344224643 20.955941728323396 33.79616251811865 13.351269572446114 -15.11142855517351 11.721149903533643 47.823265972012464 11.208078477632576 -16.995749643456378 48.64628938660532 -15.702040409043406 30.709652014461128 -3.8740957171358517 -6.560594112440377 -45.33041068427656 -7.159446208380274 -26.053934440182847 
47.59387696930266
-33.128306572382606 -2.7824304148254555 -13.543836422752051 -20.720683632212435 -16.70931305569883 2.369435099832188 13.157813098974458 -34.82566494977123 48.852976136963974 -28.374765466752162 -20.56126996319938 26.04063399691286 39.734020160615856 -23.454267739712297 44.76721772108158 8.76364780711765 -4.600049665413195 
31.57004872497341
29.878665843003205 -17.86428680547297 -25.47568067310716 -44.086485745941815 -31.72792505165356 -31.16642473199799 18.779634213628 -28.25930545399389 -18.89589035259016 31.84277645477694 17.58532346692803 -48.74903815980844 3.962770894781819 20.00727235867771 41.6008354630103 19.552191352630928 39.02222634743781 
4.4334276412796525
-46.91538258839092 5.061481068917864 -33.27504063554186 -44.846759020487326 7.196696733411244 4.660084341337459 27.406863840972576 -34.24743343479083 29.904690469108033 -3.0570193668184373 -24.82453333833562 32.595732340877376 -4.63995847790347 43.64185559196227 13.871006747879868 34.828831202793154 28.443339483524426 
16.663459624438314
48.08458432279099 41.51974249097728 26.634622665030378 26.173701056370007 20.9771845142711 -6.906345952147888 29.44654547875119 -46.22899803276436 -34.962137331437845 -34.351295890738555 -36.634598670816445 14.030796775547117 -38.06106791674713 -21.212879204561442 -44.42306293441271 -22.43366323549725 -6.709471121413422 
0.2730018529681466
40.7109922210696 -10.760829470069375 -34.6335550982126 -15.871308224823785 -18.579008584446665 6.266066043475462 7.767661113305557 2.7074553081751915 -14.178624662718597 -37.292688108399155 -21.490445985456898 -2.1690353553979875 32.638058412285986 -10.815314393431265 -43.836762830098905 -18.74412179353563 8.384042010555625 
29.665645078799052
-36.5488764737151 -39.465436651972865 19.95437890053475 -49.23646003480013 46.0911810016042 -47.239165138232366 -29.258354970243484 -16.758009124123717 25.704040142108823 -24.257701676393083 -21.294821081653147 -29.725187526040997 -43.75845727669849 23.81673750623331 -29.21566972693872 22.50113382349585 39.66486353945801 
93.83072245221318
9.628002636825187 -3.971288240302542 -1.5050697825262063 -24.275604206074618 -4.180158760577569 16.276629137834377 -39.622693463833436 11.71721208457955 41.61037110845129 -32.08807200421741 -17.051686192738366 -41.73485796537374 30.624526978931485 9.1229618383135 36.05865329654563 -44.23933439718331 -37.905071196699666 
97.08553874254089
-37.194666713437464 22.37265907277542 27.87840068651397 -19.283776910012428 -39.1577579285516 40.474004732122424 -14.154820809756764 -23.32955241010708 -38.91576452052277 -3.2193440195017686 -25.812667479077966 -4.968654540396102 32.189133380315795 20.626528590474592 -42.22506516538195 22.248503285705382 6.096558953022701 
88.72447601144758
9.895545520138839 0.6241284016281128 2.4220923663136205 -20.685674191301185 10.544628718007175 -33.992588356872105 27.64970076095196 13.774796140516145 -14.108489158852265 18.346091947960787 38.83501889854983 19.576798433989495 22.62757872398997 -46.64240836426947 -9.073515922227692 -15.118463836245631 -34.38962233243234 
27.820320627238647
31.830939996379726 -47.86253206845237 47.549364661494394 15.849039544935309 -30.005155535533067 15.706085274545927 5.4360615802562435 -10.993563829715825 15.541673562871551 46.84716840641944 10.003406044326887 19.216415898493153 -12.099220297956471 18.319994637756196 -28.293885931605246 -39.81721571338289 -9.617663137972713 
90.4077623424709
-10.454091805857338 10.380391497351269 -24.70232279087561 0.34824462296359115 -22.4774963183209 -1.326005814840883 -38.006232251362334 17.954498136685316 37.57325967002939 -37.76655880736999 24.56512747185694 -8.364780427730047 47.57143224618905 -44.347970348342216 36.02603134030802 11.075124609151324 -1.7149640740205427 
90.03817609929298
41.37037997066841 -44.48849304056136 44.155296527992164 1.338835966723039 33.216100257101985 -20.156084705459023 29.335728707268387 38.266351499223106 20.625549287085676 14.739666481843429 12.639952294667403 41.938739474962844 14.212853551191074 -28.551300931005784 42.878298717544425 -38.293329822447205 -1.20631161293322 
97.21705539459636
29.52037402246951 14.628694403356974 28.602521940034435 -27.010965728010184 12.702729927233257 49.669525150483366 -40.50312374785787 31.513883195486073 -38.69215589748074 21.934530014064975 27.587692427980386 1.0236504442673535 18.172646547218108 -32.88323199917065 -5.620578791407162 47.32458420526862 -32.55818379725327 
41.82129492498151
4.772994714407439 -4.554705903677679 20.663186684618523 11.544662425741969 46.17932936113853 -39.08936131636671 5.429542680547364 -25.17415204205504 -45.489378038626384 10.261069100926193 -6.796813000894765 9.448145720692317 -14.038865734044826 -49.38700862491208 21.416632309561464 14.559806504015398 -37.74123116918542 
68.8564401616902
49.024865671052225 1.1945004346980852 1.4632379945538005 -47.48783689264244 34.3916125693178 -47.089018350839616 -33.59385244010174 -23.67900185323686 39.724078116530734 38.13457456709351 -1.487115689743554 31.314191670553996 47.22768138760341 -43.72857777436444 -43.98430744827569 6.414108801024263 18.734315624111204 
90.77968904867119
42.461871640490614 6.540535597670996 42.76471587877772 -25.879794771962985 -6.05943119856525 5.7485965249839595 -9.182471945999872 -8.127670100697614 -8.403856297025612 -10.89994900236929 48.13470881178995 -33.71093280783565 -20.234362896766424 -17.22944879385956 -6.725061460696068 -36.82122948961302 -0.5275995132581599 
58.32117878672628
-24.466275061966037 -39.76095398683199 -7.972530248302512 -25.886580523240188 -20.419066434879095 -0.16825545896062977 -11.865189923389472 34.5224532147444 -27.35648412469718 24.67621811536472 -25.8339400028787 5.904475089350633 1.1431896597305666 11.051287309213308 19.164990099072853 27.199483187715742 40.905937086983386 
20.834674373162965
-46.33865346457171 -7.398176921722531 7.892137209917337 41.07188330300755 14.518362375012714 -36.09351028357112 4.853243812934352 17.75486514402371 8.807680646169288 -9.059978777086307 13.402895067549217 19.104025027368152 4.1000070889199804 29.91056663887501 40.697440038568416 -17.114577204830624 22.579344593154474 
1.5625025380425872
-4.747190012938773 12.158337947764466 2.033140176571777 -26.303231937673445 -2.6182106039214332 -15.663405679859196 -11.959717571146058 35.918853249642495 26.31769954323559 29.560362589951936 38.57335737718854 -41.59785726544085 -31.70241614676722 -33.88657702570458 -45.248875750037264 -8.99485735224792 -42.29003688369124 
2.9841507925726707
-0.3782678558111314 -35.74314321211865 -3.1306486456907834 -17.34322051215016 30.62665535951197 -0.47462805946151576 -0.9383605227704521 -9.16723208323512 -49.21005561183628 22.11051985007498 24.21157666191226 4.020378060269728 -21.30314018830467 48.05220497365184 -33.14442071461103 -19.206136775061132 47.970508619742674 
33.12184180980727
12.060090487209251 28.01192016291975 -26.775360124097304 -19.2349259839791 -3.4921673616702265 -10.601602002283798 -38.634731219782104 -45.31026253420784 -0.8187697854069782 10.626449944770187 4.633355052233277 31.343830181695836 38.90437453721441 -17.58931459444876 -35.074732184324276 -42.29597800651913 -25.538080887328995 
1.1000948154534784
47.697309742128226 -49.4039914079069 -12.904689124131032 -35.12215712009754 -31.84488020557561 -14.806193737079532 -25.116212545846174 -7.0877212742424405 32.448284777621225 -27.604122896809592 3.8496751511949725 14.666802804834205 -7.764990240196909 -32.54828070465835 41.58442059672525 27.064542231772208 -17.748717108959596 
35.513378190103765
45.77395328735982 -41.68301400079346 17.413434962057877 -26.28790852096998 -7.791073262134276 8.964118702594213 8.502567682440542 3.911073954007925 4.697438575919207 -36.96321395449205 -46.37615977148234 5.461214656171279 -7.2451166813203045 25.24035530926561 -23.59684947962001 -46.91274176692922 12.027571260618032 
93.6719786212435
11.278243979420623 -38.542191024065474 37.113842123711336 -28.177883021019532 -18.739148128021064 15.04330480416938 -23.221627035338788 8.474153970042877 -25.809009487711243 -20.458183649225848 -32.487532301981325 29.604320811820685 -0.22596885182964144 -0.5465612461417635 -47.02490750875976 -7.5026365906183585 1.5857630601619732 
35.30965562662101
-5.943516086915821 49.03168922516656 5.750143597577292 33.61500820099627 -42.861794767396546 -47.5489719068104 11.138965679441284 2.7340466379562898 -3.4195004224588317 -20.07212844178331 -35.28775558804051 -11.24260050892272 -18.450115046370097 21.837300181181533 20.01260921771049 6.806553904658287 17.006906550746137 
57.898049968911124
46.846539717076425 -14.712277036439417 -25.993935891837296 -49.799050779899275 45.82982506350541 23.280951926208687 -24.583113762552887 -16.36683927075908 22.74413515929055 44.551398256143386 -20.24278737006724 -24.680063678438223 -5.453869247471388 5.595538243232788 -31.96325302115732 -43.556152503703984 31.390101878324742 
29.685740170239495
-33.659018096290794 2.164788429760492 -12.8304251424304 44.05254614085031 30.342643864501014 48.35227393974438 34.85298151923398 43.14469864852195 -22.990204570266638 -12.545119125501039 2.282877040989483 -12.667256324265928 -26.5131702803144 30.069927949313424 -0.8721521611690406 -26.527127484754377 -16.543455937056294 
3.639794892032011
36.32069889266862 -18.57662686347282 27.24858043469837 -14.810455942091217 -34.41393183369078 8.90690359154965 33.54150831824175 -18.86617968877785 8.555174098263507 -43.96245779356788 47.71288751143241 -26.080763184135925 2.484874077665012 -39.6176150074413 14.72362464511319 -47.36822022673623 -37.25719847682525 
63.60319337047429
-27.11992783038405 32.687026141195346 -49.01013706302242 -38.47556582309123 -21.100790032784634 48.33425734845093 42.385851363756075 0.8997844429367561 34.409420593462215 -29.056174225330167 5.163586602807172 38.20000569592963 -0.6487065722577725 15.910399722610762 41.56139018634039 -31.57920441840173 -41.30001353443174 
1.493057238111417
-9.62668904519105 -34.78987821974229 -44.48732514841597 -35.97363388884579 -41.72893468014177 47.54018746863245 15.511673034764357 -34.32500604763492 29.571089872835515 2.700096456169817 -33.754189563680804 -46.732410142040045 2.2647626182630134 0.5609431611355404 -2.670279251810449 39.73396885607828 11.899284262283707 
79.86592760412108
17.342681690900477 -16.71702816453154 34.29126837278396 23.723822016431 37.67573132074621 33.69656582794104 3.074654111739271 18.534930416603245 -46.05223919994028 -0.020893236616792876 38.729047155046615 8.254429137853982 1.5683579974996675 19.08892154801984 -37.99587935093762 14.198788902981121 33.607193415564936 
21.592681188807596
-43.44970606176985 -10.4732511372683 6.336756374330989 46.82127225693044 -46.91464138053605 17.077099643481148 -39.352679752007745 7.4692001245689 30.57133874968892 39.421267344946216 -44.01002752893375 41.567845971452684 -31.354683503225765 -19.21041630506811 47.58568751741082 18.376096896997097 39.94256890772961 
31.95576942386068
-2.65466365464124 -16.029734837287343 0.9698164558144953 -28.78495691439531 -25.722365890969133 42.17841970775493 25.830977643352185 37.26700561251144 31.119034216257177 -33.007465621496664 28.377323721434905 -46.88476890376839 40.501607727386826 -16.294814031168137 35.248451260523524 24.021289809930792 36.181957933116166 
87.75577409057857
4.790052768348538 -2.898283510160752 32.686326952370194 42.634527134782616 34.97895355468215 -24.66782634838718 -9.816046650223264 -38.81916589192134 -32.744514168778316 24.523910142417634 -49.51708458634799 28.225766500329172 -27.442309414221423 48.26333931431583 -5.250385131553394 -33.23314380421939 0.8714898256016568 
82.85635435363021
-36.11486681755195 -15.273454018115771 -13.744578768927987 31.994823161600962 38.448738027453075 -35.166014451501205 25.56809000280687 -30.836599178725333 -3.399187029284512 -23.71688172591697 -8.978989229908684 -15.26931701096398 -44.25546358089465 43.558294054806765 -5.800923246394021 44.219402145616854 -43.62233576530519 
55.18194349668143
-7.664640600631877 -45.573755647735645 -34.87720483845833 -16.87292597678777 16.396550822468157 4.862559983642754 -42.01346138321723 -37.749286571570465 4.9298334767306144 -36.58692326517148 -5.39496631681444 48.342618203078615 47.6415229975087 7.160524171970295 9.56528629503756 33.24691785636284 -21.677664881943958 
11.999761278200783
27.84884035793175 46.00260528534777 8.00371451610539 -42.034095435082584 -41.97366681785333 10.062082842642816 -43.87589558134229 -18.873350740315953 29.038483787182585 -41.61476422737823 20.003666055670905 17.439777240481263 14.231125679494298 -19.43017699546299 21.07041450912071 39.15267378569334 29.768935699707413 
39.16720983650992
-19.949709626313904 -19.87864945398471 3.6345006575266723 -4.054206348754839 2.7282589331684335 -17.147610700834484 -13.873574088335218 -16.89729081186553 2.9069757214210767 -22.878111717421824 13.102208579380871 39.28772138100618 49.83417442103867 -32.29867553459292 39.16865612212149 5.7914783049915926 3.639405642829587 
17.021036873289972
29.604604970666074 44.36357290516054 -5.784691768293726 7.527788017399004 37.007796711698674 -5.135854566623102 6.498158324618096 8.043656049843598 -8.510276003740444 38.31605485870601 -41.75313356809139 48.60928092515185 1.6993836339238655 18.912907766836895 -4.810716853528575 29.095308098145708 -1.9612037143356602 
57.151524480588954
-17.200942499282924 48.29157772915008 49.14027160441614 5.495704083520081 43.98590791168179 42.23449402136417 48.00739273029406 7.841440593333857 -22.373324176750277 -36.791337560024814 -4.8212832809424455 24.541988067018025 -5.86594421928843 -35.84019418254083 2.8552526689416524 -24.13549445423081 21.15442828639729 
27.18161239152722
6.139758862381164 38.48825018048643 -34.99422767340576 39.29007652395306 -4.632009149215243 2.0175925307234905 -38.38886561594551 23.87456255081186 -23.03098794494233 -44.528600916537954 14.452687345465648 -17.984312458739403 29.3737527680548 -22.67639478384085 -3.5340634276582534 -15.714131741371226 45.197983182821034 
96.90811544343686
-12.18685165102503 -19.30086946644558 41.25797623987812 29.864376767605208 32.11963563608974 -35.8473824694202 -26.065946667253016 15.788343520843583 20.026034725648117 31.002972242616366 18.97937279784179 2.3667529651821724 -49.19572932926334 -18.65342859534437 -37.921768996645945 27.0109864408562 -19.695603796524463 
41.12333515986861
-0.7097512431693289 44.36997319860285 36.644087498174954 18.339702091270908 -35.026166978875125 36.08999958792407 -26.17797614426073 -23.49298815534504 -11.13569142104641 17.80246051582948 37.8310024547103 19.817440939619075 33.68918529358166 -22.441069099892395 39.86608610648011 36.63035787146272 -19.96496417281123 
89.79618293754501
-33.13231027654948 40.51773668581761 6.137477624830225 -0.5978952656914416 10.90895958430351 -18.58191955090248 -43.15218258663387 11.566674116319021 -34.168571793448706 -26.625917064627657 8.236919112944662 -45.15947286327282 22.052364184125366 49.880016285495316 12.128896751362063 7.186849475593924 -11.388175066234517 
63.040623541070474
48.31427992633317 -12.199348179831524 -14.703047697876336 38.54409695251242 21.274298423324396 21.082766257074965 -22.924467623728173 34.87746726168264 12.95498907525694 -26.605856457883213 -31.909552552605692 32.26354540548793 43.461861378809246 -1.920599718285608 33.111098268913025 -5.52568187259056 -2.4971327298798016 
49.73672826631086
40.607479960402685 4.976477325003401 45.98947633598962 -5.175360738120382 13.507067544993369 -22.20942549586343 29.41266522776131 2.4343167206285585 -18.78576037135462 -17.003976793734388 -27.557313988498656 46.41952896205059 -0.38353469898864034 -43.00999299227571 -32.341509757346756 -11.935544283715352 -45.428940597999144 
38.409088984183285
0.39473416233132497 37.08297428081059 18.76077070972231 32.04813324266644 -13.598715321279144 7.9812796850476175 1.8260775653317296 5.161889746014893 -40.65776228746698 -1.321017039518246 19.326527935242083 -36.78956844615848 -23.88155856614246 -31.22791689035369 7.3530635135532165 35.41036165367123 4.579552301954749 
35.9345727858408
26.50770173341263 24.379505060168256 20.398725248255047 -9.306399377604492 31.48659397480735 38.713611214466 -32.28499521529211 2.1764947983178757 30.646918575733878 32.509322512669016 31.605587143802993 -49.58381377227313 23.707638749925678 -28.351507133704935 29.53208462124411 -25.585143120731324 -14.871299764974879 
83.0846777931341
-46.387986701475846 -30.59605808419066 -44.26728028297997 -29.576541630181787 -14.101270306192383 1.601827795871138 15.777829926061798 46.763959578161234 -35.189957418040684 34.258990848235996 38.95977145978368 44.06980250123672 2.4278484080218803 24.893475515856437 -31.28402492431357 7.2633990617955035 39.598050097042474 
10.357961029180341
15.723793507594621 -29.211584989371964 -21.407836308513538 -6.2570555284584515 48.62966881767878 45.56086863509245 -48.451042968587586 35.108838135154414 38.81546650442856 15.030196867043585 -33.00344721035994 26.653030794779426 24.40281973542517 0.4974195323973589 26.46245894829461 2.1563212170550443 -21.28419186142928 
57.8882157376019
18.510958784010867 -9.583686735363685 4.0668228904082255 -39.14537685297522 -21.495575375738763 -27.136244243930264 23.00004487542384 -41.62022712211346 48.96704400781965 46.67095784899924 6.021443894730659 -31.01412354101718 -12.363431260126013 -23.600161863168413 -42.636223929540286 -11.803511581622494 48.121669479695655 
89.60032154442612
-21.520436778202225 41.07979513701329 1.5395333941819942 -15.241840686128093 42.724586388044116 7.5005213448709895 -23.409631704703603 23.60448606142897 44.0889383572693 -15.866210062459018 -29.767486213423776 -25.962257753316898 27.85222706160789 -25.654945745583856 21.453888901952794 -45.22817156694888 -28.315928270537093 
64.71600733227365
46.59252354889557 8.312690798330337 -38.01952054741521 5.297185261755729 6.240979921421108 -5.021226749968314 2.1213576675396055 9.593690498968876 10.976464128550155 -42.58092736457224 -3.146170360772828 29.84132212007067 -24.00949041780177 2.4458388158251765 -19.849416339333846 43.30613490158677 3.1490810395701345 
34.987167980521264
-7.33790345001519 6.141226146421566 3.0960549186373 7.578119689594864 -30.724056479734397 -7.239634625139381 -30.28002638248022 -31.952805911293435 -32.683882214358135 40.738827092719404 -15.363897772906235 -2.081702206119708 -48.44032875383638 13.927606866549958 -39.70725070917639 34.53665890620789 -46.48238894201887 
29.7679200447737
26.892939547100482 -38.95965234814239 39.32144351298702 20.71874504280771 30.5294644175285 30.037433666178885 -46.92362128089407 -35.739112903066285 37.76343108657602 -40.78798175486196 -49.31336500929372 21.11684667475214 35.333471757312935 -49.92930584583939 2.927918919950301 -32.87343244914159 -27.235276188315673 
84.65426972301043
25.93659155201354 -9.355106456634779 20.353815882709057 -0.7221460739292169 -7.695366031092497 -45.62261861203049 5.338084315988347 -30.774278622959216 -13.385969832655753 -11.753157750881883 45.01425860138775 -36.184407727498545 -4.486301315950193 38.18385286092301 17.15393183573518 47.36031071861888 -35.66331937865643 
94.66014205676133
-4.729889288798574 8.293142680508794 9.774765153766317 14.33466056033771 29.121230508186684 -3.9137821618095856 -48.72768117022079 -21.64217162291334 -30.70403070383034 33.57991403929161 12.57058979609139 1.6803049227611524 18.804346227910003 0.9542392375454511 49.228283793901966 19.138332211737392 44.30747355516762 
6.811625987161484
-22.036252044320182 26.13857839569856 -5.0494963692062385 21.703700331630714 19.308643617474715 44.44110304630594 -42.279761278794645 -0.07696413839231298 16.332503302249734 16.83989569807241 24.830961226691684 -43.50596953844654 -40.90791302274798 -41.533798835984996 -39.150945013974635 -1.9645859370562633 26.9790278168299 
56.99065523583485
35.099020093891525 28.53016486610845 -40.71627590141746 -30.82403642925652 28.350507262616603 -35.973133099977574 -21.936959625309726 -42.96724755896377 31.868038545549354 -6.090156935742364 16.793852020232762 43.25687640689384 31.612127287288203 -29.386334036319496 -46.68598722736511 42.67734531355562 10.712498890887915 
44.5209673508358
6.196883846323395 44.11977368308122 9.291191425591641 36.27066745018048 29.975065598774194 -24.6089839694031 -47.70467671178551 4.817137796569526 36.523500494767234 -16.98350105956876 -6.793677377607651 26.318982715484893 -22.56831434387937 47.91245796042051 24.32452728086703 46.299484986373656 45.3392000531839 
88.35114445706047
-27.21502515734924 5.509005089314343 -9.021628308094755 22.37779692768548 35.54234617332462 -31.467085348162104 7.062333799060781 23.263985975074945 6.269977069665366 3.426920702211845 0.176352809946124 3.6326842625107787 12.449947425506949 20.52492342982923 -42.525222081896594 6.566259607157299 11.888215952395555 
29.05283592171315
16.255494513605257 -34.69072132373111 -5.529120131281495 -38.70493511460617 -38.621642455307246 17.10389219155539 -2.815388928182749 -4.201363515141644 8.013515149980613 21.246253751162996 -31.74363974472526 -16.536765283361156 -24.64985540875536 -13.371695812605225 9.724495445541713 43.35370719785436 20.665641858973444 
9.829936910729453
-13.164485582346465 48.6848609853004 -17.45024283374049 11.252423946276025 17.367530653734462 -32.33334961307675 -22.90215406578715 -16.165281106508743 44.31375774076972 -41.2388354346122 1.531784283031854 36.57003170702123 -48.68372110868049 -4.608910497163265 25.976745721284217 23.340873124516932 1.82234207119091 
61.25256894808771
-3.9835251653212893 -3.4834449868045283 -29.857442395784297 -35.87625848828654 26.169331116346996 14.307860677175285 -14.577706745030426 13.423431300841095 37.57177951972746 -38.95055045351342 27.994707210228796 -5.237174151872317 -18.07435527075406 -39.618695821733766 1.665786544477129 -46.65381788558503 -1.8400773081164914 
22.72628484039493
-44.811119573989224 -32.685035494158 -31.722504456894953 20.511719014804868 41.51814755807008 -48.00698372138231 -25.49841537742057 -22.741357209715396 -15.612493202489965 -13.521289667388018 11.106394523746758 -10.036861743018612 -31.656452360342257 45.14327432948586 -28.789169828267248 -21.879992716165873 -19.431970220547246 
98.33278583374366
11.333779815286938 -32.710242346464796 10.657555224969506 -31.065409601575812 -5.3460663542863145 -29.71430301141611 -42.01495611575275 44.45720158834838 27.68669191798398 24.85870954691734 5.349669431061756 47.88599850524888 34.485187409175964 33.18302185579249 -7.671014874793983 -35.18464479057263 -42.50797614583715 
75.49713304267298
-37.92107479476952 9.221061059628568 34.81285371550695 -12.070227253230335 -38.71553125313548 -14.274761026462699 -20.04756555233894 -47.1583931878913 44.545743188527766 -27.680811883926392 -18.05165044227568 48.93914949003431 -28.30860009985674 -45.752104950869864 -48.64290035849298 47.96811856819899 -10.65689456559079 
37.12324775481283
-39.308175250366496 24.969291164703208 -43.48797945446823 5.321211431589887 -33.31960182508339 -30.119337819287605 8.090220451955823 20.331595155515174 -43.89276280482355 49.69548784142707 49.80695640222214 -27.032777899024516 27.021644704499366 22.436619334176413 43.5517669098362 13.20267214520127 2.7400475578246954 
96.8832472620344
-27.07655712741024 -18.098982823520704 -22.66095656825966 15.287026380416648 -24.554131705418502 -40.19975109205184 8.230678266140735 -39.75971101632292 -9.901165261857479 30.869378154836753 3.930925402759023 -48.59015470867211 -3.3560875537451125 -20.492508324771286 3.276843421141237 3.0256476642768533 16.682513736284648 
54.04728796512212
6.11744924793387 -41.185595816336004 5.465331757243419 -17.36205775940799 -5.10212706509742 7.493957270008657 -11.820670638603069 -28.179589189401753 -18.42415433627076 8.995079382846562 -15.229495104088485 -47.02845680136383 24.95418142446769 -20.74692372506388 23.317716056844134 -32.7182958039578 -10.217631732022113 
39.7123912031016
-36.44516152862683 -3.9561568192458907 -39.12502684700204 -13.386825937690851 39.345566262056366 49.770249915576244 -16.98594875247649 24.67959658679537 -18.25276356021953 27.0165077919646 -29.452673163293085 40.00538271828445 2.7570330286760907 -8.219543286328921 19.36340290186361 -42.267055925244335 3.916008962862392 
46.95722954311615
-41.680202941939086 41.54815752437858 23.653357316136578 -49.430262959429896 -2.7808235201092515 44.06368542632093 -47.41459904803646 -18.642780147753278 -35.92638424591929 9.839488337375734 26.940852702470224 10.792818810440338 -24.33368611424054 16.089978813523132 -43.13418191465107 -20.285651157761887 -47.685328501577516 
60.05302693190333
-41.4308208714424 9.490764036118215 -29.741783683035848 16.546814415991136 37.100914885805025 0.01008993151658899 43.23934930101413 44.41633582433272 10.013016804931695 -20.237136555605385 38.61445156675826 16.37208467499414 -28.765348296432425 26.908401255105503 -37.27261296275833 -16.850690502884902 -30.799721395129076 
24.449527374481185
-4.702981473612688 -40.033088593239874 13.601438252948753 -2.4953609270375594 13.214830485403404 40.94094746517766 31.08997877841786 -43.845727226797116 20.418310656762884 5.408378110520829 -38.15748996422875 33.45265531947477 -7.599714447263729 29.04256810145121 26.102892585767023 -35.0670577642222 -48.56610476024049 
2.1927684955476034
-7.348358856121408 3.2981871170324553 11.737498259725754 38.05561360589009 49.60810307797473 -0.02169070503216375 -27.426784838967 -25.912539692312397 12.053331578190893 13.846676251449352 -8.332523290776919 31.492149191158376 0.6686091115117989 -23.371860402706258 41.36137548308385 -0.3304267555095919 -9.083411777205654 
4.393640588254966
35.54321317722943 -44.813796855946684 -36.75093078207182 45.02488526589808 16.68511187470915 8.129520784492584 -18.592567603872602 42.64569891978263 9.200172123096706 -7.365940968521578 -11.911161721184982 -18.24488587375379 -22.143930372045794 32.917571425273024 35.08324343199709 46.1604241211987 -21.87434782510522 
71.34161169230843
-41.55658441424127 -9.20322266649913 49.12451938597181 -9.188442020024553 -31.66791761164063 -21.86690146174971 -20.819854580614518 -49.74303689599034 47.89742025727922 -24.89750320102726 -30.903344550764732 -21.01615286756643 45.860106081654976 -8.641479592155832 28.823834089849626 43.36631239588749 3.4522148276212334 
15.146940936754028
-30.491438194679933 7.64571311600173 -22.06979712135244 19.19600452463375 -5.198676605708783 -40.468680176885215 12.09134587851294 15.766438090440715 -47.189991113964034 -39.15277600906401 -47.9450298706893 37.36564772363069 -16.762230796282942 -36.35394961758108 34.02684727789685 7.61896992179836 -16.988827097353642 
53.01075681828061
44.84717733869715 45.40404486032739 18.099494127609205 -10.808380485889046 10.829615874940487 14.592629301226054 29.245440017898986 -26.22369242542455 -15.269195586043324 -8.392449554737212 14.972233559953068 -42.7333377824464 -18.353076158216698 23.490690197279818 26.501381990198496 38.73666665679717 -38.7841852693448 
40.29119636365384
-23.88985826921631 -17.82822887844855 -34.28978283837557 17.321438925161075 42.977061823354376 -11.359365982511093 1.4397680007806954 5.191434597772869 -41.291334180999755 18.62600323007645 -5.663669236224742 -41.47916248954853 -31.49024319770708 4.642358935594295 -40.32059488055965 -2.159224105383906 -6.64558258364675 
80.69359864963785
0.6252228666233677 33.436187154451346 -36.46571945503329 32.17495834638274 -9.464666930565677 -35.25749403746946 -45.39480366298779 -12.500979295535643 0.05738510616409087 44.398908005944264 33.0229549430052 31.026526303130282 1.4929249243753802 12.173547904170391 10.653222301870393 15.808464471098162 20.194018345059234 
10.714533935345871
14.86042181697863 -5.8033420534378095 5.562560794365254 42.44364576392748 4.024792821929459 -35.44406803730262 -37.31686851506282 -35.10189666388959 -2.893600451942838 -46.888385289175005 19.702355302277724 -49.561040496109186 40.2694101439337 -38.607976770178844 5.774661372532641 -44.5170067596529 3.5994679686349755 
61.776266807981216
-20.27353460283734 -45.721790221365325 -13.408460296757951 -33.66645019636766 -19.452243033722883 -7.268591679099735 12.35509629723596 -22.559089337470162 -32.597870691772826 8.909502310967596 7.3781345892489085 -47.407897388043395 -20.94664955914569 -1.4254271880968048 -3.789071890128838 -19.638872114673646 -29.561459868336616 
26.475945652025644
-11.424973371476767 -30.340287168370274 -22.42487513128115 47.110803392447224 0.17255526950012978 0.22876483195416597 21.0707026186043 -47.72180414686738 27.865314865686386 -31.270304660737814 -16.78796680641088 6.989552043569233 -5.087174646853441 41.85218517881778 -16.05862110834829 -29.83794997155065 -7.397109954840651 
45.53084824158189
36.98545056776449 22.009582767095864 -29.122150321730665 27.663933421596283 -11.01574994842607 36.1592066896153 -27.545791262535545 -19.346913028386957 31.674133394728983 41.25935851056049 -37.54717275154499 -0.3661179918846642 30.011438889694247 -35.790666542143725 -21.298556952774938 -17.557330704483235 27.580076834646576 
85.12781485271864
16.64079584067835 48.166055889630556 -25.29151584027677 12.791563760051694 -32.839866297348294 -37.45488271650029 -25.571598354098988 -41.486402461064266 45.70747398297077 10.557196026709569 -43.26007123910918 46.29352213604193 -13.335534241864565 -0.8260230566032405 -27.395595411405893 47.560924774753346 28.245259596201834 
56.59523998748646
45.668610050957554 -30.053957768021387 -19.926694114392195 -31.816462783446397 31.93089357740135 -38.74981510547896 48.10956320491661 3.8757968206950224 15.391812405786368 12.151679342172486 -10.249901120395464 47.023608056422006 11.188921693130759 4.171390825322554 -14.31941604075653 30.414786145616006 -43.20261708995859 
3.035134635584169
44.46979140895655 21.654530698499315 46.58507178776421 -8.19138239069752 0.9036296318351802 -22.864671672900393 5.342941238431152 23.04375178899886 29.70586201359407 1.5004937649933723 2.3683752449470887 44.663573461886884 -27.438849328323556 -42.19296443876961 -20.738683350441512 20.426163674953287 -31.749391756948032 
22.51932607766993
1.8000352571565301 22.54636729906872 -16.77043361807867 19.015816816828476 49.095323035227764 21.417250571514145 -36.87818610641244 43.46684801790249 21.679053827733796 35.361677600489855 -35.62594744146463 17.74233230225086 -15.734997287902765 -18.042480420527408 -20.291078836532904 -34.566049927792534 -41.373127490692106 
41.71838777666479
41.03437238219615 9.127202207047823 47.37048789648769 -45.22496532344225 -30.888179002422746 29.734481147342635 0.3342087882406517 -28.309171912973262 40.55491170458862 12.001122524274024 31.933550199533173 -29.341981729895473 -40.37460238321123 -25.777891412270748 -40.026866693430584 35.05977048846958 -45.18798085199974 
94.7579904678348
-35.71898087901894 -42.25375153762768 -31.677043850552245 -46.88575634485327 -43.02240707212294 1.3612695224085343 -29.608201996750694 49.14917366421591 15.273161485510883 -2.3306129539468756 9.69165073397049 -49.59881677241067 -47.60456249544715 -36.9285006546765 6.171440659096447 44.57704574954478 -7.419835198081337 
92.36035722875907
3.273026363697859 41.91858159380119 -27.984875194506863 18.255697147143295 22.75728309555359 -19.534079683842577 9.20983064513868 40.371880026995825 7.261837291526831 36.16136063207023 -24.52979905021739 34.00934592609917 -6.767349942327719 -20.711506826368176 48.989617316159425 46.524332286837605 30.01621875763027 
98.91722663903508
-45.47531762336852 -22.980284939955286 49.6686408750776 -12.174063955666817 -25.29384051351038 13.71300621454565 -3.5676273773916023 -8.202123979946307 -31.257513384001 -27.424109102187632 44.85099434411323 -20.76025206685863 49.60537949531454 -9.297062900363684 -28.863122803004295 -20.253979891073094 -48.25599116708557 
28.355413575429335
-6.323871751374796 -26.466484512955557 -32.04369018963966 -25.260608220372294 -34.55024571768147 -12.403600009565494 46.2529832142873 -15.684342503830074 -16.330493907646705 -31.017330042182557 15.381783788915826 -7.19784154806117 -19.928597030430907 10.768837401916244 -48.863240301169185 -24.981933536139778 -30.920566675520057 
52.110409219805454
4.65907029160384 10.331766890015167 -39.55346157430256 10.171530585316702 -11.356893938374277 15.713383143586654 -12.000587465494128 -21.212137229724537 -42.306375068428956 -8.744250878225934 -33.24172870898069 46.392653831913265 25.03667106935498 48.515974153469415 -33.02778124241087 44.03666592918175 29.369053628255713 
8.1430778230828
-14.494584000748546 33.25842414260444 2.8382298936075827 9.995412068336009 2.5287431551880175 -16.887943816461807 -6.023584200139055 26.314905150349404 34.61619419045263 -34.16425633513212 -32.13015920724088 6.51340446308518 34.11481464091861 -28.555406926808892 39.926018743047166 10.739719148371606 39.05143270445292 
52.95754631153642
-0.6909679853465249 8.634208179776373 47.859070813267195 16.018661501843596 43.44477465461678 29.541059083975696 -21.14961567291156 9.348980319301582 -24.04484983423274 -49.06332368429425 -24.36498450556349 -44.23413938481675 16.96231431201467 -47.0541058243968 36.57231771548186 -12.567459004010608 36.910982293558774 
98.55600086563996
-21.129605413331088 13.551413543048064 -47.111074857873426 -28.498192185564353 -3.9130437540879512 -46.10971533053993 19.882800064018838 -33.216635174364285 31.557011899106286 17.331715793701733 8.488457776309374 -17.60889856703013 -30.33304830140994 41.061244792699114 -14.69806991451388 5.05154359481682 41.9141129312392 
83.06115685209528
2.5493440719992932 17.669954901227754 -44.66454610356616 28.252183453125255 -40.52901986570674 -18.365367025308377 -22.84154992963323 -23.073669464988388 19.556819289825782 -36.73925356935792 -48.57804598348029 33.03979849562485 -45.06215007977792 30.390014382898173 -19.165836105357837 -0.5142410307843477 42.069508542912715 
92.52568898236973
-19.720502290967957 17.642500880886843 -48.69934608783984 45.87067870160578 -2.8443888245395783 -40.70672966757777 -42.99654245869259 -36.75012650591283 -1.8836086468490691 -9.560092924536498 44.64667666629836 38.13603204344702 41.81624670361566 28.583132126404664 6.52678786478684 -48.138124823038645 -7.104442065598249 
57.71816482042175
-1.171521508493214 -16.41067949857178 -16.28328886033225 -1.4049101921887583 -20.731946938308766 23.720028843070025 -2.745382555867039 5.719216096816773 -43.21970351885517 -16.83021102994595 27.06520444579749 -22.882598629858897 -37.45855474034603 -36.707512953344676 -31.60014053848338 18.07215512292977 -4.922158390392795 
14.227698438126835
8.303339567899684 -4.173951750172343 1.291982975116298 13.059242250348781 11.927226777163604 -41.31519915227878 29.944639158036082 -12.589671983672744 47.31051196676768 -30.001823357964042 34.46377541825751 -5.035854411577077 -48.47660051234824 -24.82643496553909 7.908025833488011 44.88710025614054 17.340011704615407 
28.177962265109024
4.494526017725612 13.245145906516996 -28.49984272035435 2.909813630082624 39.30791731837314 -38.75807154391396 23.13989654945493 -45.62703169451093 -39.3606347536074 12.470795805995351 -15.884897372616336 -25.239219092458963 -42.13849791723515 33.36092823710486 1.71184907828534 10.35916648524855 1.8271717472293076 
39.61119994361187
-1.3681109054017426 -33.396789020081414 14.486962530410267 -29.356377369555986 -14.838925760427877 30.6727125907408 29.752472585581884 -16.028496276354772 -5.926912616464641 -16.31219519998828 38.58934429331093 21.86575539274341 -9.909613404775243 7.866615857124792 7.906074921422267 -6.1839418548987695 22.61878489336469 
67.93264798920217
25.011720194245868 0.02183955648983016 22.991626403996506 10.610433035350844 47.24753855430619 -6.488617962053212 -4.395923982437026 31.223693884052196 29.854762986583538 41.475558165718724 16.087499377275634 2.2111004593296926 -35.77737699184023 -49.983947764434554 29.06855160854893 44.8004719290234 -16.63215864674138 
10.746171772275959
33.07699193517898 -47.86697325576667 -18.171179156197613 -37.45436527823978 -49.18908868846085 39.805114430209215 -46.88521915859178 -12.740982394976378 9.237466479672143 8.09559445137851 -30.5678690171059 -25.759200034519147 -4.09816821718011 -0.927154278551221 15.617410920065808 -4.611738307174953 15.336578826872298 
71.32616131314498
42.0381516937194 29.666730266194747 42.60820778888127 45.2420409138153 19.680015250491934 -35.88000444078471 -40.192863528639144 42.546719039134146 -35.27933137082129 -23.028053323140675 -34.31809111263628 -44.737997994862944 49.597810081829834 27.6638290838375 -31.361989232602017 31.272311472890806 32.91082278280615 
88.53470132537636
8.966130688302052 -43.62344073439791 21.452592448581214 3.3410972255836313 7.43425224724642 45.99934255324585 24.250003205804518 -1.0749797668236027 4.272546726552143 33.66162108918871 -29.301325113048225 8.077800165023305 35.099502044929 7.861918317911773 42.70959181922515 -15.989434451386245 -11.51771295523669 
54.194816734818176
14.242196937555335 -0.16960916423099803 3.5938687621951857 -44.66569502538504 0.6806656762069281 30.034414959807293 -4.176045266812125 37.93532906993883 -4.782982676680611 5.272580811367376 43.22033915810462 32.557676334661025 9.736817536014229 -33.507124204398835 27.28175495446483 30.392075896542053 43.66022268084228 
70.07122263801064
-2.1070893745451826 -21.130753209679686 -24.226839383288677 -38.35849465997118 24.08687244880487 -42.841675693668165 11.29044555817439 -6.920549244471488 -0.16049436017762275 12.111925132968707 19.224720856522254 4.457391539019326 -2.7547646223507485 -34.60909366919715 -36.40792401395301 30.775178585031853 -1.8071431104974138 
73.30259954947395
-33.9327301152732 21.885884251180727 -9.945224575802804 -17.687872961527894 37.40851537709567 -16.726924933918106 -19.07757300259262 25.237200269633803 -19.696231495471405 -44.80012929052333 -24.434680226299676 45.812501307521785 -2.7524198430977194 -1.761836329702362 -45.4394551623161 22.610659887910643 33.63951635705578 
94.29971605523173
15.934224146860757 -12.767541145127424 48.50220611657579 -45.970854432408146 -28.824167956131596 -3.770126126156512 33.04917235352363 -6.217991940177249 35.63089666533446 21.40111277175187 -9.210472636916087 8.399599657702751 17.047095005815137 18.897823762691573 -48.06128006196424 19.605229130666373 -14.556686472962042 
74.01024381276287
19.611529285829505 24.085149967340996 2.4907522269247835 45.54694989447094 35.605538042763214 0.18046863982773687 -0.7603274550305201 1.4016113347384618 9.540329299115932 -42.39523569850987 17.294977554318436 45.19992799729981 -23.300296793016027 -19.284679721455856 -29.561725648628133 -17.15427400394949 37.13125274149901 
72.60426496342512
41.21363734912026 -32.66403743975411 -18.610384078560937 4.639066300118067 0.13881829914166133 -9.60981606321257 26.76681804137243 -35.92976594156133 23.973181992927408 -39.75928372613694 -28.064886822667756 -29.062707390585086 -6.1318336455333124 -33.64426892191658 27.634751591126573 4.742368118807846 -25.754401145105444 
33.9180145606424
-3.6288210921186135 41.224056677987804 8.893750836725658 -36.44186136543919 -44.95683940466926 -49.94752425913818 22.04053421638929 -14.858562231957691 41.005361402626136 45.37971722533575 -20.942266311129497 28.33403836160109 -45.72401193943101 -37.08181436233009 43.96977695932269 27.223930360568332 -33.56795410975516 
9.582570742117635
-30.9149716857263 31.448847060180157 -29.808110631749564 44.71953719152722 -34.16288310726209 -7.916437219633025 12.766698075607842 -44.43758353818501 35.31835201296434 26.96488341244178 30.769613619831134 -16.21345003297857 -17.993164656188064 -2.816459704924604 44.80320223990432 44.904153878473025 -5.16662837553902 
94.14781188615072
-48.92615273642704
22.019831711462416
-46.82812299046739
-23.394818049898134
-3.4315574562298394
-30.955134176968425
4.842521461013561
-36.17314025878523
-4.648280905726807
-36.373452606256286
29.59564679557262
-28.710542764713253
-29.567089110779587
-36.499197840244356
6.551792783594323
-7.516048375329667
45.868671702504116
