constraints 169
variables 17
9.912370890169 -30.907901383284365 28.17243803813865 -33.90244218579692 42.16316919794944 -33.98337413623113 -20.01943795342891 -36.39978559773519 42.43624127551668 -15.926099927218765 -34.474805030479196 -43.63292159555067 27.486178688981582 22.629988938963876 34.925254872581945 -2.1144767807304703 39.98583433816006 
15.524340749815767
-48.15794714409427 -8.707143706663487 -46.45807238273041 -8.599005924064251 19.921140811936752 0.6599136990362311 37.24786087562106 -49.26889694254465 41.557334650072846 3.521948219618153 44.21773903801345 -47.29392270232638 -18.125865353131754 39.79897940305756 -21.903676064276624 -41.98729152176204 8.172081035848187 
35.39238312115056
21.71544865344329 -8.04135374189947 -36.911184366014396 -32.486011917323985 -17.13175733648432 -23.501339295509027 8.326951006575136 43.19846800083667 23.598225194611246 29.419122025395964 45.04409560445745 -17.530618863610755 -8.548858354513278 -5.729820689677936 -23.13732985306215 33.273727302151485 -36.18675244202974 
95.59215234351906
31.945471309841295 -3.430581723999339 49.76041087315642 -39.43534013899179 1.6961340685279964 6.844584967585597 -32.231685797234206 -39.58590926275952 -14.617967274792633 -4.132811480074196 32.18470887588089 2.746968422400478 -47.65965663258467 15.607935978776396 36.54054264418184 49.43390176362922 46.41633382862457 
60.049015289398454
17.577494028387832 43.75072350897486 -39.10377087466155 -45.014293134091474 20.295274036344566 5.190583050012329 6.43522082767619 29.947458099435437 -38.627173964500095 -9.30734519330457 -20.655450951933 47.00954825986288 5.99330715251206 -23.009736323704367 13.089811523866047 37.53597959849738 31.403568048103907 
40.36320288519065
-38.03404724937144 -10.21121643838795 49.46458346207628 47.286065816373 22.65268427773789 37.858449901324036 9.192474639263537E-5 -27.70355597999692 46.7173344431325 25.514730725308752 6.926463257924766 27.86388398110593 35.12043673795601 7.3465741052167175 9.947635719365067 25.122503594355067 34.39263038647101 
53.954524954856055
46.02468845675615 -15.96278726397324 -26.61026834324337 -2.02161263290197 -43.11956844424426 -23.094449603170876 -10.603858626331643 43.38756601592823 41.4751936325809 20.054094534802175 -7.165046552827036 -38.26905857041702 -44.309286518792966 -24.829472911232596 10.956548782029387 15.937732119334058 -14.615130898360242 
33.91939528259073
32.61559205938558 -15.219690162944069 -16.469243012484668 -12.678291587269506 48.609724568426145 9.254446079730663 -32.67061528015076 -25.164546806700805 45.04150986909757 45.902023064000446 16.98605159617358 -32.84375385888964 -39.22154914624865 41.49576625295984 4.2662519717544285 -38.53572199250951 -35.675825372326656 
88.52507644279594
5.997747020075408 -41.82419797800748 40.27721130869632 31.566593171421616 25.361184583324842 44.21440946488346 1.0420044811858418 20.892622858286032 -47.88751899594925 29.39939866409793 -44.42986354073021 -48.434870636971894 41.80593002216678 19.755545788029863 -26.352030052070074 -16.21751956965418 -16.362249036741773 
14.380627615860586
-18.38973711095928 13.390716800764956 -43.294313493273506 30.96409800976646 13.34752659091496 -49.759417202028274 45.28088462262822 49.13231254297486 19.088207082973057 -33.53382468769934 -4.885789912225633 10.50275929434413 3.6750627629715353 46.78049105025073 44.84982914585238 29.661777935339444 25.918381852339294 
58.52777906265769
-40.70524004864336 -48.762749699762054 41.096938396159445 10.502092682558306 24.59378788008155 34.819844344531845 9.790914945167003 36.435957931540855 39.284997682376144 -38.30666803028545 27.96927164596366 21.582623759676935 49.76190408826021 -14.833353806498138 -44.38267448892614 -11.040095143237352 33.843970011537124 
39.75723710740605
34.17858288957831 -24.406881942498682 31.95807667461382 33.55745648955295 -13.301838016629432 -41.51082626981349 -38.14070847012667 22.822629269301885 -11.206580638847576 35.09343203100883 29.87004245516603 8.151564563410176 -16.559339227422377 -26.37460100126222 -30.70734534157953 -2.4127708514627315 -11.94489207874134 
74.95895608568382
-5.049146062772316 -46.45258424764056 8.45459729673874 -20.392730014322602 -38.258190565715445 -22.29779568659761 31.035721245497655 -39.107872527538035 -45.36913146671695 -9.252938614569075 11.854431210986235 -31.478106680137984 17.69710240270571 -17.5225099489006 19.291425046066962 25.571914142969604 -49.36160469044945 
91.65310936215995
15.595864462619048 36.25563998034079 -37.42925674659874 -25.15386357238677 -18.16069721292196 31.894323045305512 -24.992912372504627 -11.198756200534298 0.6749654431546546 -31.86236804930368 8.576875824800887 41.79079492798486 11.78578899960511 37.75712529393995 -28.651749124629223 -33.9685086278059 46.01795178658374 
30.22897020588624
-9.45936819978791 25.43552248879773 25.934844165094688 1.8418926721715962 -6.033850077224443 0.8013080372718449 -7.11021565976958 -31.78914469929722 -47.28575851564527 -11.994038102072416 -16.29600741263544 -5.153534369914645 42.39446537873657 -46.15634293850499 33.649679013550454 40.82469408696808 -33.321635661916346 
68.86107562830843
26.676339085485665 5.620982254180603 13.932027244729404 26.873172159467046 48.681664444353984 39.81734159340843 -14.593258773113625 16.79952560837748 25.11670753445938 6.660617428877323 41.75591916379179 34.043540153864754 40.32831528458499 -26.655411268339478 -36.42769650617349 5.843846938687456 42.77999994964841 
18.408110257063083
11.190127305684086 -42.14076205725994 37.655798730899264 14.786041137062682 -0.827130130215572 -32.29447778654766 -43.660068192139335 36.81925056657248 -28.292194517431945 35.24472912877211 -29.121690287065714 43.924478201000355 -23.445464215714797 -0.865912679820525 -9.23374503296862 13.644416725865185 -12.75467617036432 
94.47426925128055
39.27010016479623 32.44286070025882 15.91090173598468 27.35340592353461 -43.02142753160317 3.8793214396905498 -7.593790846995994 -11.334583219724202 21.393145755161243 0.6920738449778483 -40.66374651825751 41.788214449328436 3.1049094822269367 19.838040611670166 47.13310330111449 -3.4605974613524353 1.4686294244839004 
47.68255701432642
48.51082207690098 25.2840874407583 15.673142445836135 -43.69848601791754 7.425849897127222 -13.84853113212958 10.720339493948295 -18.74706394124368 -25.903752298429715 -6.9760741521485485 32.06340222616582 -23.805405137044833 -45.31613366407121 -37.705711264981616 7.518129657158347 0.36876845975903905 1.9193864814090489 
22.344103966140793
-49.45039970568447 -28.755213730256514 -48.74909532227842 43.27762750547366 45.149537874144485 6.504561184411138 6.022543259507728 -18.346584416519775 49.25819448937425 -12.924198878597451 14.740318853736198 37.78733746255328 1.0477122237414136 46.06215289918035 -36.341682043361814 -8.342096357975691 -49.62770208961271 
77.18905475086802
28.71899024480875 17.52682470163954 -33.69624063963433 10.778595793361802 -7.692861209278625 -22.90525994868805 -9.090704057415934 -24.713776327537328 32.32801042191299 -43.6558879923496 19.291645004796095 48.07667412515843 33.795620073886994 -7.821738433837936 -13.599942179633103 0.3859989648107174 -43.58174402694619 
81.54762914779704
32.23375689957976 -41.68883282637344 15.593891618724797 27.961284406895587 -1.2021034426848232 34.18814362886165 -1.2210092865428734 8.113835562013392 -15.464717244534185 30.863992964442645 44.370002454372724 34.81482514227547 44.94538376227267 35.13799643570857 -43.96240034391812 -48.510175980659874 -18.284502026728944 
46.041351628583236
11.879516826777014 18.22936764901455 6.9271456046240445 -21.355457200326533 -45.191404745204046 39.694019908402694 3.7641104521731563 -5.27400343376452 18.268461063124036 41.140770140630195 30.636782955673382 37.90517060442873 49.670015943460726 -29.58190581711454 31.750775895286466 -7.262241019447572 42.86770872739859 
40.9839707059468
23.886026323011592 44.79023375280141 -19.45465518272078 -16.166767802710204 26.515916767413714 -8.14455424206777 17.5569574316621 -5.322401983987589 -9.615772373408063 45.240577875874195 7.069063264246033 46.803857827426526 -41.72904689957816 14.453244455074028 -17.2235996237756 -10.257402789043269 -39.08361637503841 
38.631095092675615
-37.48601398049439 -30.788026262617706 10.936093947354443 -36.29524984591712 31.26423331731567 -15.241951593927894 8.047726730200978 15.553509194730992 -5.141535116691273 48.095203031306966 10.04380438625185 -13.692254289297068 -30.40187388753546 -32.64276656059345 -44.316930175619696 33.471441010430965 -12.428355916781364 
10.30169091658748
48.03605887683017 -10.31713568694618 -47.38124888658535 42.967137985905325 19.80902947799396 -5.299072243658628 -22.30518049647173 49.36496577285834 5.783523438138381 -9.400755730734112 -29.186459974904633 12.494467757189739 41.747198699183 16.169512440578373 13.797103388990884 -22.698092922456524 -5.845202433087337 
47.1803176073765
-4.261243714927602 22.161330894281107 0.2464643947221674 5.407012305321565 21.38345047111639 37.03692181755362 -35.53618410356256 -48.75714790836262 13.558028504961925 43.69370774066772 13.742544396871878 -17.77889601972752 -31.666780443012854 46.155480563124286 -38.376451288728845 -17.07763932855257 1.7754640657306453 
18.065819124829652
-30.88711217193454 10.510848490234459 47.94737644773571 -32.30989038198779 18.834143785955575 -45.46197446579108 29.241463821449315 21.003535946302975 38.255060596189836 -20.328705466320528 22.18245038681927 28.641992657209258 17.63358980347978 -4.349761887665473 -15.490625860242503 33.449944919688306 -31.183245422976224 
50.04223474670382
-7.350595705528498 31.94127901144995 -37.860918180421066 -43.73610001947088 -37.37891543237987 25.19619315411788 -39.59448380044061 1.8543271299862738 -8.044492108332989 -17.45074575515421 41.30716381323255 30.13059418921216 -34.60028892407588 -15.119256441078576 -37.39366030370617 -47.87439654597158 12.967352363295035 
23.40546049916753
-21.959194307357798 25.102757814101594 -4.672508202053308 -45.43983103158868 -43.864736797473725 28.961592466509842 18.573145582767893 1.9229364072119637 -11.028469224752953 -17.507011635374866 48.08698976670233 -47.945403140040334 3.4570511269280004 17.712086422560517 -0.4776099600844006 12.734657343251712 3.7447026822829983 
22.391602165192403
33.84377948509004 -10.729062226305508 -19.804866985082636 18.437755664983413 -27.07892868147851 -12.60566685298243 17.63613609521785 16.895552765078236 -17.651308282720144 -30.292966105096696 23.661892012862268 -20.860313286112852 38.96050769412412 26.734674636592374 -23.67189619327662 18.20187889995657 11.937779179157651 
23.339813968813594
-40.16255441250644 -5.795010266824939 38.45796113129194 -3.413751951295076 16.6729127091552 -6.481240486545325 -32.491906837513795 -37.89935758215516 -4.874963804531831 32.52159479177604 -21.212877746964953 32.56006075929943 12.272144250001283 43.74731779461921 -42.45255803376001 -35.85908171637926 -15.788842578870167 
34.71535521991549
20.776638851960087 24.596990717346472 -2.300303020458692 7.887326990527676 45.29619956308825 20.091106648430156 10.358539982928775 43.96261100592423 44.154775928916706 26.98718133808731 -29.803248692906493 -19.88011530092727 -25.88066090022576 -0.48370980407801767 39.46012685183868 -40.168716404774145 34.118340320896536 
14.562528444780543
-7.333215594663621 -8.479758071234315 32.16679914744178 20.77137960729675 34.18215815694185 29.603700485542305 -43.39599664752527 30.765410062407483 46.79875761425636 -16.64613221331014 -13.599714969974244 32.4591129210898 39.52449884681117 16.534199373274234 14.84013445598768 -1.7032702269495488 10.146599068802153 
73.90890255383722
41.064669026112114 39.693960946124875 -23.873687354475525 9.49468565817999 4.7572859002593475 -11.953542035986764 -44.006874491519355 45.818098635410635 0.6820865569771684 -16.624937849789276 2.6452353885075865 -36.53873764829062 11.835442318127662 -32.99024416549874 -0.17351200498592334 5.8234028903832 42.64686905941251 
55.6713242307269
33.538159472680235 -14.704964584399704 16.96615505601619 -29.108184917075917 41.257319023906035 -6.063717936928839 29.49942481214798 -40.07820730712844 23.571744508140014 -45.72976034687345 3.907705583182718 -27.89543703931059 -24.795348400067184 43.94692917479249 15.95720021884054 48.1544497187497 -44.60920056652871 
41.80280829617254
-14.088596172213144 38.858318675893315 -28.821214472766354 22.23546228412259 30.780852933009214 -5.573471993144864 -8.527351053259821 19.832493412562144 -5.902838047881808 -43.94844991228225 44.4891841500031 -3.1617249194970753 38.55375070143219 -12.810506820629861 -23.204393582537474 -27.68830172522171 -4.8435542911634855 
53.66185616301722
-31.794438851759864 13.722606761288382 11.452922095980092 48.88179955340341 3.549684758057545 49.25410124735268 30.96075655655281 13.341298058873775 -0.2997481995719795 32.22250928344076 -33.910405382915016 15.952572128532395 -25.782319913939055 27.79622860877167 -2.3462361870619546 48.91918567615048 20.600014161496233 
46.58931594779906
45.497432182716295 37.51929350973856 24.354712716952648 -30.2749001763968 6.805173713520809 -18.484526904796972 13.975385115319163 45.60972905743118 -48.65339772934336 25.862682145714132 -8.605577841308254 -10.074956178895697 -3.7954760552393907 -45.032126535929976 27.595700242257877 -12.755332884157369 -43.5381921752517 
66.96182644552593
40.80985668938837 -24.803149225792854 -17.127014695848416 -37.72418230696274 -2.922087853245671 -9.758018889091815 -47.27761933470879 24.272744017279464 -14.042748045969255 -32.09765324072758 -24.128710234456484 -21.235621298232644 27.757346732865017 -30.32382486510439 14.422600571527255 -6.0465433311990395 -37.069219860109435 
3.887538654172429
-8.518050696120191 22.671299728993205 -40.89150741533404 -31.631737506868795 -17.829669929131008 -5.261247350845501 46.75642020809951 19.13745465305408 38.343857190391034 38.8602372750958 -39.456031845177364 -38.86113203523969 -2.5978850532951654 0.6676992038640392 20.25306277851638 -35.38421322284948 -34.88259890528501 
76.36335644250676
32.41979842610175 33.84769321204941 42.59284720496109 49.86708660841205 31.8889725782296 -6.257520613556856 -11.741764415663894 -44.54360852056972 11.07509881046046 14.172514861269548 -32.76184384252768 -12.40610866019938 3.961736206917621 11.962393168342885 42.477799399389866 44.96929811595395 1.7343135967093346 
6.08077488213723
4.687617656817778 26.739907513250046 -22.57017069471693 2.8581342189537793 21.46874371967658 -4.464364915040775 -11.899852310421942 4.946951415304113 9.906912122946444 -15.998341169263085 4.72390927309911 -29.739784308951066 1.4733709580329162 -0.5162067787378177 -7.534745240380843 -4.731207228328728 -26.752924214512852 
24.918709621066213
26.865980289071217 -39.192344219575006 -34.726783230706474 -26.92682101598497 -14.82910420235708 -42.06445014610281 -9.701053275198348 -24.016474783859685 -3.775460985773215 6.412144507036565 -30.82209911397734 -18.221482265543376 -32.759385943216415 39.001348583462075 -7.08904762914856 -12.974022853680147 31.233829104584302 
1.078876357053793
20.591365314145108 -45.67464544322164 -24.982902092419756 -43.08320190441955 -28.551665172470308 -47.924361815867364 14.405331541266193 -48.462764368516666 -41.26636183435636 6.179914228903151 -19.369660571008353 -49.82800210799182 43.371971857400155 21.90498283579332 -30.04036992032235 -33.865612390929776 -43.90376653418659 
68.19643016844049
-12.874782207580957 -7.695980402531411 48.214901070365116 -33.543378826545265 -17.59325470169683 -28.55504880675026 -16.790674042701482 41.12506745277058 42.076626437527025 -23.777963804501677 -25.965337317105064 -29.642304236243454 42.40308325426547 -28.95014393024272 4.298806022994782 21.683560914391123 18.52029023327188 
44.80320046646972
45.419610859650774 -30.275449040859336 31.213137674740082 -14.062479443412236 -3.5886365642010176 -29.10428349272025 37.02735064473406 -30.28761037576385 28.127294848029507 13.460825914182998 -19.895974618796654 40.98045242785456 9.585711762810767 20.399855967212517 27.75091054770627 5.398961832582273 30.433059172404953 
7.2520604768431145
-33.99896365608403 -13.05956055937979 10.648079035167854 37.430389469636154 -43.72739893458593 -29.77635914713218 6.266949942490804 23.459985433449248 29.732268377865566 22.455405769216483 -21.789915293240703 -5.824420828300781 -37.92266251759524 31.66864097643399 -9.782898870484466 -14.880432369131533 28.19052415227982 
55.46109139037143
41.44714862956509 12.214665676052824 -16.51563539205746 -2.4158164891098863 19.47769308004115 -42.7580148200301 -43.25945276954384 -31.49931796733285 -19.76447549828122 27.737465751567854 -32.1372659429705 40.424502817746315 22.819604221993686 3.626624870514739 3.1997576756845234 -22.624518086405388 29.22612065237648 
98.24955448899235
-9.040679473086634 6.4264894452196515 -18.33808992744361 -7.6147609963806175 19.720601937969732 -2.4102051243096057 -46.56680608603337 -3.533824755575097 34.16752475260758 36.68407952955029 -6.677675574538732 -41.61860226964858 23.9026172076275 -41.95688863957204 -12.083924279386459 -37.90199827550106 -6.435237976353939 
2.0715178920876376
-8.475272858424646 -44.21168177674977 -34.53761768006886 26.422731813619748 -40.867965190239545 7.231856078076049 19.54688320054045 -21.03136842736878 4.2418994973493085 8.968268609150599 19.7894516715927 35.74996940954412 30.53840511840501 -3.990468064740547 10.887642759381201 17.7412270701829 -46.048419032355795 
44.876600422953295
-5.283622076911854 26.53301574889582 40.02211826870122 44.3078419047452 12.05134217659861 -19.070267614623614 30.383987023955868 15.193568022643646 -38.169001821293215 -6.020346604032767 21.73472676603177 10.122998982244738 -12.41324203308065 -46.90076784653117 -9.161091469925033 41.38707142664657 48.65906781165073 
4.72287730347526
29.911110203426958 -29.637519561739158 -27.569474845156584 49.3039834345484 -31.849492270713874 40.90941619376822 -46.95462286201266 -27.487394734848948 7.24990961724059 -45.2525230675718 21.948031103438865 -25.880419433590184 -8.622044007939436 17.73123798268331 -33.93850007316822 7.326565521539287 -34.56612590767926 
82.52907020729396
10.540013577579387 8.195852921461508 49.300021612822746 25.41571297836653 14.768245620627596 -22.646509749881893 -29.63176892824717 -27.2787392647989 -47.35705744766241 -25.716351673102533 -48.208273252286475 35.93616531458245 -38.83899774913674 48.301776825934496 49.71517878773622 23.553941732492405 44.95132674453707 
9.688625477573964
-30.838766809063568 -27.55976932220695 18.626054589079757 -10.51331923618514 -34.69733632232227 -18.150992775135155 -46.30992272270147 -2.8948403279490336 -45.47496936693221 39.1636417730557 -27.763994341079524 -38.85078361555122 17.985546417469763 48.022642149318486 -4.234967052262263 30.783508298038 -20.700389804282636 
56.69684475616089
14.212447988897424 22.459876054063443 -22.462720052040584 -12.583011117947706 -12.380203356013887 19.983348593342797 36.887685710049254 35.807472824505254 30.88399559528952 -25.339731210877304 -44.84976930627579 43.66426723501513 -39.37301336336611 -43.33317259695977 -5.362853721392256 48.02189426658778 2.4677820966538278 
28.79585091558724
-38.877218003619774 -25.21351356889001 -33.15796037522082 -0.6157757169110951 -0.8491772954745542 -23.831106799878544 2.0026007694167376 12.492814556441054 15.311304022880606 7.733899861507545 23.947689378351015 -49.694628603597046 -34.97477772970582 -46.91135558070633 4.761756928296968 -44.76768069699254 2.9251671689910523 
82.06528376559652
-26.78276076956224 27.349966569335535 2.096327116162932 21.710100930870496 44.473788324459846 16.575148489979426 -6.757123487122193 -21.526810108031015 49.32476939762449 8.369855154298122 -38.72938259413424 -25.300098789560156 -22.32081570514226 46.78992849102963 -36.17250236652765 -47.142689349561465 -14.169624224612711 
99.33646549524563
4.019406334105504 -43.11405916447944 42.5511960257208 -5.661953155836898 -2.1805538668582614 21.649039013205993 5.1686013031151035 3.48649524843556 25.61463847774128 -11.341265846715856 23.508894740685122 -0.3316244138183464 46.884820865083526 -30.909597346635877 -33.0318516498311 -6.62104189567286 -12.815729417397812 
43.55367413177116
-42.04940970691005 39.774942310945306 -22.602638599386935 -27.8295640475957 -26.468967527509367 12.81674106215059 36.66535425037871 38.21732722821979 46.43573195520244 -37.029345414258145 42.43218962019439 -36.0778209493286 -43.70073028353809 -39.4141980804195 23.73294930326894 17.960900480653123 -47.35656705883421 
28.33022843608849
47.14942415902115 -19.216615291234707 -7.862750376113745 32.96509379910799 38.78299101612136 46.10396326710425 4.435709909048683 -10.744581662362066 0.14582982617292828 14.724058823900137 23.25789580054979 26.960384371507033 31.047234778345185 30.311607877283237 32.35360356570823 -14.384304299777263 -31.64739958609182 
65.84399360031608
-20.37924050328852 31.21507522444091 -14.081581488335082 44.12811867507841 6.874270874785793 33.91748147834879 -21.94258459056433 16.143384200025807 27.630163708197202 6.5511391177140865 -33.43626116115773 26.910321330708967 -39.24279022385812 29.95508212834595 29.62887573124779 -29.83033522380939 -6.0384947515124665 
33.093320061292985
49.90478654484842 -29.636306923208167 7.807688290597682 3.396426350848195 18.52147762880928 33.2436927133695 38.3438762588993 25.929702781729574 12.042079793919044 -25.115596768033953 -5.6144379849104595 -11.243244435898703 -19.860785778534428 22.96840878129754 -25.872906019200904 46.26178086689248 43.20226986345962 
33.91036569139557
44.98756603820692 2.213360331364335 1.135943698796602 34.72308787033346 -39.538712409038254 -40.00282588693528 -2.713792222876741 29.484468902503338 -11.768772716740962 -11.285480586806905 -35.26933940306196 6.846304289942729 14.917161471392603 20.738062524493955 6.095944362854553 47.233070240663935 -25.431502535055795 
78.83576570536827
22.615777135599217 -43.78924166414744 20.37504124641717 -20.881468552120175 13.318829021421678 43.96291955814972 22.057259372289124 19.83654707134764 11.036553265473913 29.893057559864587 25.010862936550055 45.44389305671007 8.346792397217342 26.079593605651397 -48.48118067008049 -29.62948861680892 -46.38021833428474 
93.6416046633682
-40.792801104040244 -42.41485038933413 -34.9910210180911 22.030612805190202 -2.5904934871673575 -26.697570609400223 18.529880497273993 2.8457040749916303 18.217469707170835 -18.91829531679885 15.295821548240724 -43.023686121895786 5.734512083300828 46.0849601451022 22.530491956132565 26.7090041157051 -15.588569515587068 
43.40544680432294
13.152706308233732 -37.10834795789992 -44.66791937056237 -46.85164171929503 -0.47026280293954414 21.33042779000634 -12.069882732896687 29.3393467294067 -31.57867409150825 32.30203682843316 -36.14379300937637 49.756218354506856 -23.81278550394803 -27.60431399029708 29.57830246679562 -10.576334786074767 -43.99311370680526 
98.85630147245939
-35.214075127708675 11.780441230270412 22.160926239800887 -46.81748786718145 14.782660695300237 38.422923680795876 30.349248901269476 -47.06001035016568 -33.21065891967593 40.84849461164988 -32.427819367820106 -31.41725186801706 -27.55629786705218 45.76675775702482 0.27616305244684014 25.532023003757658 31.770529344716948 
9.316119180457182
5.2666782929950955 -19.15559735161949 -42.49034088151773 44.91775465734683 44.3166975558444 -1.4920824106804957 32.92741297583828 34.51860087543848 20.44982889392557 -12.263207380833684 -38.89961166503916 13.619430899384085 -28.446990740551893 24.592647698075623 -20.851248932002044 -3.2462727606696333 15.2744923606989 
98.84191481145658
-22.99051306086499 1.9774639940098098 -41.9114416808101 -34.83369641777616 17.07837313988047 40.449568486235904 20.95921437332869 -19.324829873327186 -1.5873380881103998 -39.672718303682274 14.210914611517552 -20.874342812271628 47.174767240793926 22.970181100521927 15.01511418562012 -33.66145695007818 43.61056960366555 
93.8411872809345
-37.67274610771737 21.004736967222698 15.094152256190057 0.5123932457291147 -13.840458565572867 -49.59061481477771 34.63416251726956 -4.171926981930007 30.75070228194602 -18.442394396750128 -35.274832991445514 -34.45322946024527 14.49462196190646 14.767916427131297 -22.459253854107295 36.67891745037778 -6.584383495943925 
79.00637391238745
-35.79670726898087 -24.74410013188455 -40.471180992993204 -43.93341697617329 18.228797064844727 10.411137273472391 10.599965162521343 34.15766040703558 41.23313927462205 -14.576894562230521 -26.380350093994267 10.544364475515003 -27.400252670000068 -34.23504410743702 -49.26710822088971 -12.409448607901318 -10.95328464814338 
79.22473846859579
-16.584356319860063 -3.1107994392829497 -45.10522181417706 -26.19510701433748 -1.6343699078934506 42.11925840735255 29.325812432377575 5.379152489835484 6.87572807891457 -27.14838372180166 -46.96518453001681 8.979508088567897 -21.616140956925356 38.733510756391794 43.41661886821524 -34.89450255704559 -1.5558946198944028 
76.31271525203802
24.79180771538732 45.59251072770894 -48.460355144135356 -0.7800924999022953 8.164703550120322 12.34543487247717 39.95876900719615 46.50962311289348 13.61943388809702 46.63839321286105 -38.61891181780859 -6.332748990697759 -2.3015150726672005 -43.29904714520645 19.871817867866184 46.12153575673594 7.971365720386622 
96.95566806843946
37.657793170536394 16.0590916699946 37.489301595597055 -16.458672932867223 -31.640365207400258 29.919496462422686 -7.06481387113341 -42.34912409887529 -13.719688549563791 26.156505090688015 22.01623232321353 30.732435703971007 40.90108821220355 30.683002380143392 -31.989864384415 43.74645685840758 20.911636910713042 
90.87432022942228
32.36376905396202 -13.558514181061412 -32.09811619699629 -41.913408060745674 29.856747163839685 -47.99436566053169 16.26893034074297 -16.646157113180315 15.080475110467646 47.470320801531074 12.943181280088886 31.259526353524762 43.846558662948695 -9.112584711150852 -11.78643156023135 22.935280316682636 8.626767154573542 
52.57041052511626
7.232596361844259 -9.278306324490273 -46.76001352948861 -10.415152461303869 30.70763442353379 -35.76709679508788 28.739916620445953 30.192651407232006 -47.16426487635904 10.398852303363569 -0.17950226259804936 -11.900338373170726 -35.28499044670315 -31.48385444717121 49.04442035284711 25.125120386976022 12.266354686893635 
5.420347607214926
-45.18678646719864 35.30640253868802 -20.874844750646794 15.59973459503037 38.23586373344985 -6.5281264473620695 27.01330118664056 -43.597567265479285 -16.08395760345136 -3.040813003949893 -31.222275002444366 39.4459700765386 40.166383559319385 -19.5740419887094 32.582337590310956 -4.079706266092877 -4.728478195341147 
50.59423271876361
-0.33385735037989406 -4.3177110222049535 8.159874073004282 20.289712087271653 -37.369012276082415 27.87194060429553 44.207421726747285 -30.71876357719615 -43.60174720190587 44.23724469801357 29.88505309411687 23.19552616656263 -40.225469314976635 -24.562951237397847 -6.425707023386252 21.17678050850762 -48.00783134909644 
5.298010708416867
4.114517495741566 37.98016088068036 35.64124890191991 -21.666091188480983 -46.491937036500055 36.83284445723818 5.085471515129193 -28.20744666791588 -44.302101729970744 -44.334257952034136 47.75508264481829 -14.922403332186619 49.445795235106885 21.213585244114384 14.635844846619548 -13.400429004049933 0.07726901323194824 
93.00059835628481
-14.176206496567858 10.942482444575866 -7.777239131573268 12.373485881857135 -12.808703769966932 17.68936621836629 -6.327094591451207 20.513012776250932 -14.989230479814573 7.332213244654319 49.07892245325701 13.749999895541755 -3.1919147363549314 -10.60128137949932 31.467527930354166 24.53104251311558 8.768609511153983 
63.260302414806965
39.402974999160946 -47.97615923780077 -17.30551983386784 -46.95704720786571 -21.882830693395693 17.621543306486146 -31.187411283407375 -15.355586520846131 4.042054196496977 -12.499989412557575 14.658470765424127 5.068258124260261 43.91675649468364 36.9014970066619 -25.187864882481538 22.11751824011813 22.005248166642417 
78.96270438707326
-18.562440058221817 -14.052568657755515 41.94858372521641 -5.325228468772693 31.37847890990483 43.05901205002954 -26.61096420197889 29.957220753691544 -18.011241050008852 -31.977849739041186 -12.258255237579242 -29.152533480069952 24.92652624186023 -31.451079706959796 -27.64723529373937 -31.547997389725204 24.81691688854329 
15.494911497685127
27.770688269544024 -38.4250791076386 -32.010831865879275 20.948336449995764 18.9723030909595 36.83392169441433 -34.58049696493316 24.7737414092595 8.121009876497922 -26.406438296501776 -6.43792803606015 -47.190804761468996 43.800010564886435 -5.810050898371912 36.92596710052629 -21.627186265687335 19.650602369922993 
28.69067720714693
17.057140355672104 -47.18346613297937 43.95910336850571 -42.17168564443495 -45.99019270262522 -29.42788326531143 -19.02569930039898 -32.23475043607708 8.442724346211705 -0.5336811823779399 34.60058363256631 35.99230948962463 -4.84852649075259 -11.960740641527934 45.600121614760695 -31.06700060579436 42.14873171015681 
8.182026214769333
-35.44914495969306 28.71983539239936 -6.66979359980828 -46.383425135073594 44.54525325064709 19.12871726299987 17.3147568009382 42.57304946906537 -30.021892619778555 48.80181784420017 -9.77701480046209 -33.52337590024129 0.7599071448870518 3.659051433478531 -34.04065179413331 -14.461923195610595 -35.09435177970887 
89.79263594561405
33.988655943144394 -3.15076474566942 -23.312854464288257 3.1588619938668145 -8.35145272313953 -9.083424311897701 -7.599718669035781 -6.974319320401278 25.715400241134503 -31.476799076316798 41.286829949181026 12.404251834855906 6.24181457986532 -38.60850973567843 -14.73615622237876 -9.41285019978092 44.60966329151755 
37.32576110135557
-32.14820128793543 20.43542109005108 -42.706520440097464 23.346276144161493 10.056057189161294 26.201239257839518 7.004655761268573 -1.2170122895411737 -1.0555887981142291 -33.557540758067034 -36.31216580995209 -5.620569938083129 -6.723195621610181 -19.020181272574643 39.26655048943407 -16.835786534911634 39.7815821170026 
60.86720138926873
2.0859842945931675 -35.8204111678048 -46.464067568395386 -44.01025376563887 -30.323464427504334 21.11360203508535 -33.603589949381394 -13.825725945676659 11.762600921376553 -15.535633707152904 -11.461234286307764 -11.409076399457973 -30.633196191634006 -11.927973104854892 -40.09543238997605 16.744457770865353 10.410689178824548 
38.686030235847724
-9.284622992990421 4.498249940320406 -2.6113785672028627 -39.30767620621246 3.203523837346964 22.343477675214316 38.492501266472004 -12.792851477097898 -9.678182633301923 -17.47945114796829 29.99060604346579 43.451117750799824 1.4327862896835484 44.61937988870504 -25.285294100903744 8.649332464959024 49.84137302727271 
83.92963771055233
-20.814657510587466 48.66026195151804 12.523219378781945 -38.918424143449116 -9.794030089503003 -16.881798553000102 -41.48598805482747 23.412661645271925 30.682436073718847 -11.918893417106311 -0.8363714366756341 -23.98528533334402 33.97503368967679 -11.992308338118804 0.8221024682177784 -16.439228052976738 -43.73383164505586 
9.344637214885765
38.51268562043444 2.780487120042153 -32.772546628210485 2.0868426203512627 -2.23940124584292 -0.15266220148052412 -19.304166711477144 35.38067171486003 -49.01564744804463 -23.03949555989512 -10.88090632821416 38.57216120422042 44.71972998070795 -31.951231163332096 8.206928679398452 -9.940797762806142 34.43490989950831 
14.793350176957931
21.52451373574243 -47.111266562349904 -5.1916083054354445 -48.93890949734783 38.691273981571996 18.247027317342884 15.079728397424304 -43.641037649816006 45.398384287042504 45.823154686275544 -38.55366926898584 -12.934600392957861 28.63424208182913 33.48278370936768 -48.53210951738263 -42.036553378574894 6.308031503736466 
57.77144920418601
39.05324531065625 25.995324929487737 -23.1128350725478 -48.52647625876543 -47.15718972375321 23.177457423562643 31.715264530701987 -25.21491822402674 -34.33705535601206 -3.7403908956145884 40.35308945931038 -7.384057388517341 -1.783042188821824 -13.01873353562786 27.585572377177385 -7.881823505481876 -23.709325995869857 
78.67294182747983
9.663975747631305 -38.25461722488052 -32.51117803601162 -7.5303586247003835 46.90286572973892 5.97910577142877 20.88174140281987 -10.451823718991413 -0.07250930495283825 -11.684234709120943 20.930232021626622 24.569675529928304 47.6678397455415 29.189526622838983 45.66957790697502 -0.09696279433111243 36.621488459160375 
85.2135357896276
-11.627829893696969 -9.775322353320547 -17.041885270558296 -48.545971927461316 -38.228679207700836 42.73447263358176 41.71433021416429 9.408781641573206 -45.58280188599289 9.497240593632242 -9.371728261984188 -10.056508697939307 49.849108940703445 -14.686259425802895 -49.910830578507515 32.646617667819655 -48.99340064726921 
57.04463302773538
-24.77210245421748 0.8953018027799686 -25.33486428041236 -31.544621057975032 11.350290408980833 -44.61799781067328 -6.329584094730677 18.41963850170184 -0.2842268470216638 -2.0664826051763896 8.358659925628032 39.713182055633 -42.910322162477655 22.161059152133816 22.788445394829395 -49.35005530733411 29.548340386762902 
97.81215595476377
-13.726959852317734 32.456296979066536 38.691908579989075 21.652085258244483 36.19034912105377 -38.45077249753828 -3.2794542425264694 39.284685110208045 44.16096407419407 17.77857421100221 -34.244512287953384 -20.470684394145565 24.423029867065253 47.21305429028632 -23.662785251742445 45.80286209704036 10.5959611965081 
31.194301639010835
0.20877750910594273 -22.58737695696953 45.013314371023796 -47.84727955977445 -6.706937594775532 27.748047015619846 -46.58165713367046 1.0734272069760848 -13.801368536716211 6.066222503348499 -2.9458200258716616 41.520148739812626 1.63947477999492 44.898114584891275 4.043700627048061 30.76942230984453 20.829850177119297 
36.05956074300476
-17.557443286733317 -0.12300666075417865 4.216169326962557 -25.16692950562096 8.462058348387004 11.39288316811502 -4.166405755282 14.093469453430828 -34.903126410270744 45.96102933866109 5.1259053149909946 -42.01746007867252 -21.244151427825685 -32.81597109823464 -34.757117847057806 18.1947360918944 -35.517529565784436 
27.903013731511773
12.630293496274938 15.018200785347119 43.96479593270945 -39.56282060007879 19.1532941572152 29.982205421845293 44.77299418065897 -11.65290646395539 35.04491409004886 7.294328562771327 24.12584602202591 7.930373941139457 -31.353005481660578 7.207541518572626 -14.024090835262648 13.927899904266575 37.21179604916276 
86.03956323104424
-23.68371559665736 -14.186763242589471 -28.041777887839846 -35.22623304277691 48.35023355407256 8.557470350559 -49.87256537028863 1.0030033255252846 -13.471858325305362 -25.093777070396015 -43.04164192681541 -2.56528137549914 -33.55534835744582 -45.02490308885966 -48.69556028018602 -35.74220942184654 6.202025560745675 
73.36436794379716
20.038689936607696 2.378527185344261 34.08410144980327 -45.986746447595294 -41.55504306999774 -10.13471211481739 -42.75149947831059 28.658646729062795 6.469015957583025 34.89826635142245 -33.367022327543296 -43.967310536533155 4.003981468461326 -44.897040315807544 -45.614849358164655 -34.17188308483811 2.3102023666677383 
5.352876747572999
-48.136927474912106 23.979867627972737 -16.779313312986034 -46.04087471213011 18.617423189986155 13.955906682175701 -7.041187346636093 -49.378508103428 25.754369930528426 42.51981966428717 -6.8041029931518935 38.597663707385095 -19.308583818648973 -42.17777731441854 -31.598041855469706 38.25432103724775 34.5568461447869 
62.697568761969215
5.593827854935341 -30.504185564175156 -1.6533053328855445 -33.31251463253656 -19.739535617329405 -13.476838092908771 -30.558651682096272 -3.4187434763017137 40.54622008496648 -30.041788415905955 36.19730280669543 -22.84129917280354 -19.301513075346755 8.57471832094194 -14.93225196563587 1.3400607205105146 34.33698778846167 
55.710256351670964
-17.93094429624145 32.09223542188036 -1.7222611338477236 13.889808342889552 38.3984182376079 17.210073297120672 18.44551516551968 35.27395404875632 -1.3787390753235016 -47.513938708330706 30.834383991151583 25.251622236750435 9.085235797664694 48.80123085059584 -47.47328832489085 1.8293556699302655 34.08099912904693 
94.31465611660943
-39.54321756128159 -5.573874321985606 -12.241847088952952 4.1984438223563245 -21.09402917987888 -37.73528243012948 40.91806232195742 -32.74036054376762 20.64219419539444 -25.242239292901726 43.54354629745232 31.310026312524613 -8.83286044808851 -25.881488954392793 -23.711299235714943 17.289289490440794 -29.28945390591834 
83.88352724081454
7.140395578044526 15.916583932468882 34.41162502310131 -13.883614309887427 -16.923708793172743 0.040062001010184645 -42.446580963222324 14.768641580317052 30.782466272254496 -19.12655404165733 -20.233214838559455 3.0062607900108063 -24.642942632016705 -3.0467557636270186 -30.20364409336882 -21.73319816668995 11.414594246411 
0.9198029267572405
40.72169775600672 20.39459573308372 -22.881045424275428 -48.88016206813951 14.452629750336769 -14.591718724301607 -11.588787966587567 -27.452343948043854 23.8684493131379 -49.71296022461035 -11.938134860207427 24.786848086494246 -28.853405696976353 2.618902667264976 -47.834755595867804 3.383688196622394 31.627073391099756 
33.036547151400256
-24.6927888405438 5.478056122283284 3.984728869509283 38.073054196850535 24.87546220076122 10.537233556203098 -40.467753856726105 -43.597935255285066 14.845115686547928 -37.317578010377986 36.152525711104445 42.38386638178902 -0.13951783751635816 42.36740139964397 -44.34011110456542 27.420966964666746 31.547240555794588 
32.06324078340344
17.315322266086014 31.83366961888055 -49.272518362878635 -36.87746077794284 34.7717668604497 -32.201670599839694 11.573417646058616 29.141176826758112 38.90122262773377 17.347855436945352 46.72377791118255 -35.09488178063723 -35.243746067459384 28.516164487049338 -13.999780979158672 19.404297061743733 -22.655782686430058 
97.4152782845762
35.59940140165271 -3.584799636604288 -32.056648080621414 44.36576216940054 9.499552164283465 -3.201762120233539 -29.634365426173094 -1.841687292506144 -19.691233006578447 -27.074421816843174 4.872097646307672 -25.893758345383755 -17.104557102650084 47.54961009472332 -43.62794612053443 -31.244306936631517 -39.12039668693512 
6.941742805409512
33.08850664067468 -3.0475390319476787 -6.572868321488947 1.2757992884472245 32.047779820041 -34.57873670550149 -22.22278781462187 23.999775085591295 -41.44786308833419 11.095397112626856 -28.453447258649856 -3.6657494147761724 8.220049520047176 -17.85824875977724 18.092244140412845 -46.94467791223607 22.22943419961763 
54.95809809051438
-11.921589564681568 11.364392849788373 -30.924951292762326 11.376721086489582 -29.119931077064788 5.916745548932887 -10.548030222649395 -3.1096081369475286 40.570893164802825 -10.024690007977078 -35.19711355524578 42.92378341672986 2.9798873839810156 -14.82440360917878 34.6176867289507 -35.99458896235335 2.665204274999212 
60.532288295729785
-7.250344930433826 34.15223657802542 31.641700214270728 -14.912482439352246 38.813299316160155 5.861105691813229 35.312007649226814 -22.004630938614213 47.154696291788284 -40.19177893810634 -44.710725316247235 -25.14327744152778 42.93595167204826 13.68984708157135 -16.337066161436034 39.76302430438194 42.55119031162543 
24.594552418041403
28.74720324035519 -21.222844342052383 23.892275216716683 40.87924323531797 8.465243743382501 -47.525917436521006 40.90820306461438 46.728319615815295 -5.739780280870534 42.68347000217116 -13.54704225976716 -4.592683880945202 25.787802373183965 -48.278957322448825 37.59231664755018 45.67940170571454 4.632861799460322 
51.16494224746162
-11.659038687628488 -0.0648557622346928 -46.093520179117675 1.627882468780939 -13.773040590684317 -7.7069842272745035 -0.18237763527457673 -15.004539318187838 41.1315041995325 -9.739914658917613 -8.822909000257184 26.245484544157776 -32.47242508489511 4.499419976579645 23.279722360504564 33.23268984462716 -45.458062757107975 
97.83274344774742
-26.275994564774685 49.717831601985495 32.1907321121557 -3.186095212738074 -10.533393172471428 -0.5604477002171606 16.68962913309747 -12.959229729914831 -13.22741887174925 -2.827932621781038 -27.08466844829841 16.83018503500017 38.71030788133868 -33.51883886399997 27.89600966201472 42.962631725383034 28.453487471971883 
83.28556742369608
5.634000309503463 26.910335568817345 40.890796431414174 9.350308828840618 30.614874210966875 30.294484004637013 49.907106256295805 40.48312702295698 -34.96716730515489 -35.72562058241289 34.18843884459086 -29.52536215732292 3.0630680085929924 -30.84674215194353 20.516089898342443 -36.282593279574385 44.43757907610839 
87.69265113110673
10.253695991747236 36.95863958513999 9.13170929712036 -1.5409082275000046 -7.905779515455102 -26.214244569366898 35.14440489508277 43.984086663437125 -17.877815392128568 34.21358697582535 22.156039392798178 22.600243447614545 -39.14029386795346 26.13653893227078 45.27337509724751 12.523527458295703 -3.796781712081767 
25.428530105431
-34.877949416352315 -37.916412071646356 -48.97900060448609 17.11808403699746 3.222752522568527 10.961199784505979 -25.330043755792353 31.335480363672076 34.88799847672826 3.873837156053625 -31.196677344205902 -35.376618120991566 -24.1977412214743 -29.642539293419702 -0.4206863443806128 9.721913257202331 2.9989311116225963 
22.124612532543043
0.743960629619977 -34.916326717722626 -43.876589273171575 12.93596652303328 -24.950304575832526 -40.85628842939883 10.672373489837504 -34.99551811733541 -44.91549878849852 3.764026123866202 1.325066949432319 -9.341632276511 28.824749637518735 36.29166344543408 0.5332677993266728 28.321085904162373 -29.91188764584558 
70.3140462766655
25.212301050604978 -32.176345740316734 39.55121074867792 1.4646660877104978 -47.32369574145845 -38.35349062126117 38.109990750063616 -43.473164224749226 -24.113273525100944 5.895306590429925 1.09899375367457 31.602719131366356 17.63378234729396 -22.35303810646816 19.249124409770076 38.25933457281094 -46.5535812449552 
83.75933233722726
-39.748366034609816 -34.66711257464037 -36.172897668892105 -39.680034184874415 43.409457960821086 -31.53284568257233 47.83351293096251 11.61634177539893 -10.904768570813275 19.48130907636778 -17.91997240859797 -7.157888950061086 24.59863033012158 33.30704871130065 1.9076570716360521 21.710796386684066 -21.56600914681519 
91.50439647717835
14.771848215560695 -49.269447273578415 36.292359477521984 48.26013856695248 29.823412307034687 44.10051142753923 -36.43948911655404 -12.707652869044772 2.2085438909259096 -18.978664080182117 21.69265203901999 -3.771012304766053 45.78973187305063 0.6696041085373707 18.708915832081544 38.79811125641386 -36.20988842550346 
63.1677049284763
37.70791478258543 34.5617259702599 -16.710362856212313 -24.41206518848632 -18.480996194889364 0.944900946590991 -43.44785668361959 -27.638498660967315 -43.51686395076912 -27.043749113954597 9.838249231200578 45.420241135482286 -6.160527699407524 42.26540798281006 -21.340200407782138 -9.019216197470548 -26.691780702256196 
99.19772108630738
-32.64275579246978 -22.91196619534248 -29.801595090389355 -31.274175237717216 10.432310461280089 38.86679238524971 -5.267362329239312 -45.31760372099838 -6.756095313362245 -23.11258972882212 30.269110738015343 45.18780340345103 10.476114887732336 18.133392651503158 5.714487975308877 -13.31899651055236 2.212885738572588 
48.76589602405993
-43.340554207737746 3.9614944261675973 9.504751915313335 -6.7879007546572865 39.6321137405544 29.294710140643048 33.98878219180031 45.061447830296444 -35.64724958443626 4.902753132162395 -30.5763315778401 -48.164167245099776 -0.013598177086194596 -9.943131731598953 -3.072313922058491 17.906743075729253 -6.8714717075991985 
86.50767966980804
0.2580325591116761 17.664522292307225 7.621852930868641 44.133614085202865 -37.354201823352525 4.501863354578873 -40.70902496942064 -27.54240940561322 -47.49831592938752 -39.744330425071894 -27.705392719379272 -36.92351056442719 -8.266751112148931 4.458535963338676 28.033503445562843 23.06754245933061 27.465367971013876 
23.083017488252032
12.415507128475411 30.080179042622675 -4.36873385023322 32.419003449954516 -7.232628678909222 46.09157304992027 -26.797653732447703 15.306430720532347 -28.203679978379668 -31.301498968691156 -35.24922813086986 -45.847296499550836 -27.25744495447523 6.337738326605589 -41.4104635620202 37.996138155042345 7.227281254167025 
86.97177815566135
17.91058407012791 39.3338404897833 -34.71102137677792 -1.4539183678319958 43.142279549758115 40.514423003352405 45.71405478320699 -36.08128992080678 -46.826694516549 39.202995961383664 14.006221343810509 -27.017318969828075 -14.859100605216682 27.757933462297274 35.20222564320778 30.345868920342426 5.1570511950056 
72.31589586997502
-20.770136472445387 28.202897172822233 -44.35287204059739 -36.03631278794861 37.61749687424877 20.9279421374455 38.90112662309495 26.582460245462627 22.102531789868394 -39.56310470495742 -49.011431710554945 43.78194775338743 38.04965408353212 -0.48812299740834675 35.36379726773632 10.799268758721524 38.57783528066079 
34.05065537503364
21.28928571624725 26.31905558729092 -31.091521148692713 -15.40200812073055 48.630241384358015 13.878543260122967 4.685275948252709 -37.464486489254845 -42.37532012305579 2.8533601975094243 -27.12030429267186 26.951240590651764 39.908857572921434 -45.023193151313414 19.384265423965545 14.479400123747027 5.378738180761168 
43.92736787670557
-46.49090261886361 16.295716700114525 18.39400576872589 32.72631532728218 -43.66460509294513 -16.02710074873778 -3.618188021294209 -3.480758328962132 -12.757028949748616 -30.954458477473967 44.073351390767286 6.772397504969817 -39.08295480245248 -10.096753890927701 17.407034714847867 26.9967707190128 -4.247057277588631 
24.025245784701543
-27.442114081498293 -30.180167760601183 -46.18449811689278 -6.410618029347717 -42.39649232963316 30.55693557367701 2.3733811023983975 -1.8672105013815141 47.012804828755804 43.39138154401877 27.516665062661332 49.21120515192935 2.444377793960527 -47.1458139610646 21.479462433372305 -21.10167971996789 -32.732675640725816 
5.501608398081359
47.0275119073913 26.486133421731623 -33.23206602514635 -5.47942773483301 -45.36595861146378 -44.10818010850684 -8.818418477199764 -16.550906631220386 -8.844585892193798 20.046106941567004 -15.510153002942673 -5.719141699088901 -7.668554850721385 17.932748928162383 48.3487457768386 -30.069792259232198 -4.326572470691168 
34.96815674055287
-2.4353301546363966 11.365698496093266 45.16631711916253 -31.945183671376476 -28.789549734849196 45.677520754563616 -15.30028203520721 -37.08834483685041 11.774743718293692 2.9260737538467225 -46.74436886480265 33.179003745657184 -26.336313317648518 16.825996413901606 1.6192082691832468 -11.684600627448937 11.92460630191627 
67.15203747901828
47.74200933128648 -29.552035246345334 32.23727242271467 0.21010738242961224 -24.124412332340018 -10.89238918022788 -45.98094414460655 47.79896449512424 -36.79354517046863 47.174923712227894 49.91603629973197 14.794970020811022 -13.038193479563319 21.382012937157143 -22.997022652074794 20.82437140429684 24.818642100039995 
46.36021735949425
7.6908128710804675 -37.55534881857558 11.93719361054454 2.4930945532657987 1.6410611011502851 8.838468134373898 -40.94711414932492 -25.271441493949286 33.912419222690275 -43.76925440368302 -32.20070385930567 32.0236952108277 9.115531352545233 -5.928445403786107 1.7978903091969016 -24.75979262857423 46.527684130002314 
29.484363299732497
-14.961418259160695 15.078019139664505 16.920038290679173 25.561387177660436 2.6884377571969793 -28.970876771499178 48.275702705047834 -16.205339061401084 -26.29585485917766 27.353213321212692 -5.372204039862453 41.26364017310918 49.4871263739161 -7.278741199110442 -20.077594926108176 -40.84298307578072 -31.69150452020525 
36.44264843404211
-12.887881158085825 -49.21140790949244 -38.65573217943087 -33.91390831454899 -38.38839600256666 34.474001414886274 -37.10039211501669 18.82399713881064 37.79749240620697 -0.5328507312467039 24.76409560146348 -38.02545295071403 -22.589408646346744 -8.387755192045368 -27.37167502275216 36.98527009873341 29.519253702436842 
9.449343452844872
-28.894597171827908 35.496406618450536 -16.871535959478265 1.218349025569033 -16.86076096311644 -33.858105491747736 -14.429929817452916 18.538440346665553 19.444710504157968 -43.60963657685703 42.485267844107355 13.49695048798798 -25.88680512365108 -15.001991808029004 -1.4886989819584784 -37.53626455894855 33.630119973839896 
7.539812101191079
21.71010481337167 -37.84593062705315 28.289531487386242 -29.99496010956114 -20.672635713232456 -28.704767003387875 -32.64602773981986 -46.4124754611584 -2.353691667589999 -35.29114072959317 -37.703831018397025 -42.42924747986191 44.50126358030188 -24.296735637613807 -3.9275864544546764 6.6023237474787635 -40.558160372738904 
77.37690598723603
40.61569688994203 -36.32815836905815 -16.410628669086968 43.766230333929954 -40.39997546234993 40.75088861893795 8.902998722175646 -12.271833485630346 -40.98443189506502 25.32321294927597 -25.126387276796404 -5.970466582323944 -35.79238478949098 32.9278076734481 -10.410400142824216 -46.67729191313339 8.770535904714848 
3.357102010766533
41.669160155393314 -44.48111454978181 18.051322545638797 31.29700922746244 -0.2702755016366609 19.527339094467195 -41.994560912259615 10.965099420904089 -33.13422608029265 20.41106612511389 -1.2388715903447718 -21.302301238601874 -30.96782114399098 -25.2837119522208 11.486479362731359 -42.543733645810136 8.280908752585681 
10.065281368016377
-22.983068531783278 42.86791079797683 4.474784688099639 26.059027573103265 35.189119119566186 21.684428417211095 -17.597286271460924 0.11825299208175721 44.940285057052876 -19.56117083201343 35.14661763838846 4.0983974058507755 -43.02929427231938 -5.402217432779331 9.101053344006559 -24.653861344427064 23.129946085900187 
36.6529792488667
11.222331572380526 29.322109199462147 -20.324045786990684 -44.636046359557824 34.88466161882032 9.996430689941704 45.169334230096666 7.759403584626888 37.14669433616906 48.93082362762337 -31.99657350249493 -29.476399836053357 -22.71742431191549 -5.70704706312214 43.4340502109478 18.038999723365833 44.107433913477664 
27.00584310861165
-4.538884044521922 30.625724631773537 -42.07204599344839 -47.18293085512174 -14.972446835326473 -11.586927178685734 31.87455989390135 -3.720375214328662 -37.26073123473257 13.797784193852259 16.922409992083033 25.468251121088812 31.673170487964768 -1.411703994229299 35.08425997275931 4.712172738470024 23.828563476474002 
40.703760663686595
26.059004228239246 6.707100072404856 22.390479810256267 -30.308847347461576 -5.954510543105144 15.076483512155477 -18.788208552861807 10.343264186675015 43.48197464357962 13.783977527221438 2.7842923600987532 19.34500961180656 35.147401925609074 40.75613448644401 36.45712008301405 31.144864492757947 -22.638603783508827 
29.656353427922046
49.77427067021476 -33.85704411221335 -9.054254273413775 25.95817203492541 7.5411299620975285 -13.193302001767407 -48.839171983557016 -8.70200276188293 -34.40662959945624 35.46949694646085 15.006306655714113 3.544395702537507 49.22967573906375 1.3375469156010311 -11.92388843666319 19.103138281171923 39.883192122983374 
93.62426523378511
-28.416406228710844 -11.315827745404171 37.84476414794497 -7.24853975702441 -42.77654941351725 8.088735310139072 3.7143873985905103 -37.799145784960906 5.212834535406216 41.531924254105164 6.745520604388048 29.869083734642913 49.15486091400648 26.59794054744097 24.36023255809755 -10.32609551983068 20.29342482401691 
7.132387532661399
43.85140568832668 31.67877542983348 -26.720845898170587 -6.792062317505078 14.651515261565393 -17.852432147730966 25.741963328391364 -34.24322151361993 -12.464208993632063 23.71069693809757 -5.233439330636223 27.54523236010465 -44.25917137842299 20.218465378054134 24.792997263015877 -48.126994949762825 -17.7819837733487 
40.87694141211542
-46.48488442712928 -4.288452919338759 -42.89557830891635 13.906286744162479 -44.974414194138575 24.953019813949496 -20.01794011772018 -8.769136180573732 32.75693786065543 46.023429592358696 2.6097301575715974 -27.394868648083403 8.693825322390815 0.3204707394632962 -0.4500520287445653 20.09871840232998 -30.117470623778363 
5.768715520595813
-43.52331089399599 -7.9912740716100075 -11.560543044657258 -26.758248331530698 -21.06197077627202 39.036742860413625 27.061226688733683 34.68295505982783 27.960989690166585 34.96265094391397 -21.535328425603918 -5.536410546438788 -16.87578352242611 9.066802340595217 -35.76410837116877 -44.15105776213463 18.58736294842025 
58.196687617064946
36.24325427443641 -19.599712962209047 -46.94563151834424 -7.356272446269138 -17.929966531268384 9.722446892129 0.7610637793604624 -38.109582967788654 34.848176711005635 16.173755590947707 7.315882510514513 13.807457867503189 27.42541161682 1.9873243757024284 1.5856271375154023 -35.974793752540215 10.973769775901879 
84.70944236132695
32.806663914206595 -9.026863639375634 -21.051696329976366 40.94306364461508 -9.284938731056002 26.47568088058317 -1.2693905115735546 -19.908695512348153 25.727575024534517 -18.18774348779946 -44.65746387705565 -14.872050510744785 -3.931404504592251 -15.206165303010387 -45.70878045201923 -11.621060844796574 -30.773502496113437 
54.67800676623328
13.907403717458635 46.88094053953775 -3.763910002493361 -41.36110717634995 1.4647435400777624 44.089989793441646 -40.97786634526585 26.02793723202045 31.918611239604616 -27.45460366158169 -36.59775626809541 44.806035154618314 -46.72131795416827 -4.449036713910338 13.335656189086151 28.29703590084553 -11.569647428405702 
95.01776330901657
-44.38225406900411 19.80715394153161 -10.354145647486149 37.31958757671805 28.458369973910095 -2.3255875995340745 -10.923332488707103 -20.655625483375882 -17.75455153944886 -46.043296294048375 -3.805334140865625 -7.11818590657888 -33.71654870660595 -3.7633687807528062 1.45016807020383 7.069454424408015 -8.590266459041331 
13.915818211992404
-5.659147949490759 -44.17338103746218 -14.870038328328597 7.8908812455833015 -6.363681279273479 -29.962520181204365 -46.72283322641297 -44.352182543854056 17.67879279975932 -27.298300760629314 -49.81281682956853 -27.418911625499277 -6.518675694235085 -30.646994760313117 37.996586881084255 34.73818926072674 14.770529874739097 
25.753208440100785
-15.092527049904433 48.210069365177475 11.171803375930992 40.20108248479565 12.126728808662577 -13.967778673031383 -16.589383573928316 -1.2473493003481977 49.67571157613004 -35.26909551820931 -7.295643453224301 48.231411580531145 2.3795368105903876 49.543369079252656 -33.55506792265513 34.1140592132497 -40.91651003994623 
9.860598044159186
-3.176861649107721 28.20932820180488 0.5072664041143042 44.58551354981624 -35.77844262258321 14.504571580908646 -25.863836194050414 10.869202185420932 13.003583155517376 10.636756737535258 8.161502757768957 19.0822117717574 43.751870292649585 27.151556769853897 30.720889904656957 1.8974826289661735 -36.93960414435075 
57.046277942661106
45.55225325588394 26.006076793348683 49.65996669465888 -5.950615292571328 -9.336230578834837 -8.743706413772337 -46.04206369337523 49.67139641501063 -27.264814073108813 -46.0985856316088 46.99853548390054 -23.731009015678396 26.704235614183844 -31.839254197044696 -25.598882108070764 6.196168013707833 -2.6448143666548276 
13.44322437835851
-48.9906821281692 -14.426661143467676 -22.285197062228235 13.352344541331128 -47.21505006476124 15.28728810368247 -32.32567719194073 6.985726078557477 23.906258365161634 11.541918359925162 35.494288886968505 3.0621584287524044 19.080848077759484 13.61178658686211 -25.287620932877765 33.05348020632721 43.75951199267567 
47.40741378305282
49.46266949573538 20.768201176044926 38.23784009468939 -49.95656865032948 12.328035660069226 2.7282916304189797 -24.441622679837828 22.807632373441947 -39.414349208113904 -33.79988384680126 7.676786056460429 7.760989812701467 -30.931119736157854 -30.115029205015365 -0.46867052030719947 -23.34413647901633 0.8571089216746088 
26.044303357078967
36.45573360306406 -20.058552022982322 -49.381685015986164 2.2291055998200022 -23.19875265428547 28.33276352879534 19.667528187378707 -4.197378772486601 48.68456374496316 -30.248665582230004 -43.332469244334284 45.089956988019566 -42.54601997308555 30.402885296306366 23.386523400379204 -32.7422455825645 -21.232995999532424 
60.33926724603806
-38.959356326619556 -45.078396194343405 -38.901639037563314 11.05901731533394 39.487631672427824 20.99841499121348 -48.951831991633235 25.532833491626278 -31.098866144176796 -45.53452520843868 -15.00419936469688 39.49740138501167 41.543433970571826 -11.542516196936745 -38.554250165297134 -23.057046054554608 49.867715901985804 
36.52737016501124
19.83759822911479 -27.572984946979496 -3.580812166862259 -27.083793369446397 3.642961331961857 -31.821162301192928 -29.13225496327754 -31.677879644839024 -21.75193624719163 14.915982973578622 19.9930561591585 43.92757640201758 7.421387708224145 1.8766533412295061 -22.44369337089739 -26.661016405032157 -33.90839041400384 
3.778286053304303
-47.268923039198704 44.61205111060697 -18.288161511318833 10.24505309157805 -1.8708971330351858 -7.319061880921041 -48.33808287423296 46.7038824942985 -8.554997050393887 26.278681384333538 -20.058636188347144 4.8306626680360125 -31.64274031571914 -47.16903303685399 12.831308430212744 -24.664650744141902 38.5611074173183 
99.82483679291082
30.254516966803152 16.206669446439022 1.6721803907010866 -8.201542423579333 -32.761551343875865 -4.505800977639964 -44.77187821003018 18.367581763940493 -1.8129840186471924 19.28762692787467 -46.87141078354207 20.5988835354963 15.592503970715697 42.75996108215975 29.592400570935027 30.559905835476215 -25.630064919123473 
14.973616260719435
-11.084250818348792
-41.46543134359443
-16.243774875668414
44.806042952487616
43.900465643088964
-20.336590985609483
42.56674762876503
-0.22816541953651637
20.027307028819905
-17.127251013708126
42.19942726507624
47.502718377163646
-26.872593525965407
-6.149049862278446
-21.204577483785727
13.25265816028881
-7.637343205089067
