constraints 169
variables 17
-39.35320695320923 45.390256415796955 -16.919763750885352 28.088941676716388 37.39392357791965 34.4073284228828 15.268303170191729 -19.662333377749995 -1.9657645236502148 6.7665286017457476 14.874966116144819 20.317905457473643 14.471973082706214 34.05062539211889 -4.6748725407456035 -2.940610371414266 -38.95422115610454 
98.75908761381262
3.4985545289599997 11.93601124492183 -3.413955457351257 20.890234857212974 -45.12567410752689 -27.65333412958566 -32.39613095976783 -49.73366739348523 23.68901592808062 -42.9548781121147 -43.837959218415676 36.45775483157867 34.559452957480346 -15.483966139506201 45.68549110606172 -42.59945651661485 22.040356837487323 
77.84495719210935
-6.699284655740897 47.66502140058378 -39.76825713939447 12.206022779688496 -21.749377506569665 17.821388237019136 15.820500205037177 -35.608272309215465 42.513399800260316 -2.5385250255561047 44.835035869326376 -42.26497586710567 -48.039038143560774 16.17418103100934 35.91151274010045 10.324766135743523 -15.775460629067993 
9.135326025623314
1.0145963715818311 49.59123189403442 -7.1079033456029705 46.96099158237152 28.325295644496734 -47.860671858418726 6.744219720227186 -6.913349142066579 41.40292959010931 4.13280636736382 -2.557837045470798 -13.827258951735367 -46.252195862093636 4.583627989234671 -10.586206382828081 29.900521504957382 -31.464276365992237 
1.5763532898573684
-8.359804264848457 48.010422973569135 49.56498672121613 9.758295177375423 2.627710589681932 28.54832936225567 -18.648956057743128 -43.64814224430014 -22.94275531689356 38.02353607435292 43.8235296955429 42.49633635460363 45.43470223583253 -16.454610485354017 -49.77508947331578 -13.097788573689598 46.52340684771147 
88.99390690186583
35.57953157022695 39.601735321674 -33.5785550612259 -20.107022832626765 37.49636048219472 15.005427158378268 -22.146115327368456 -9.107027974243053 -18.91174081229412 -4.475171364136024 38.5818057127362 19.632918160192176 -34.5648358302848 49.69770112002634 38.78721257228548 -48.759311904599215 -49.71192332905188 
42.052576840729
-16.12518844723624 -31.157158985247268 -41.394731517595794 35.87541727263708 -38.66124017085962 47.19417890610366 43.031699766415045 -45.40816020391033 -31.82552590733908 -1.0997673891218724 12.577121444476646 -27.3457658281104 -31.227359687482615 -44.30576656016181 -20.48211617543384 -47.37619481123959 12.314576416172919 
70.84342654880976
-34.05798064652316 31.56338547338794 -36.604838617821635 -27.00220395522632 4.376682344657013 -13.09231906596122 -10.068451389524583 36.65762829504784 -22.41844453551455 -20.346703901532315 8.37292087063338 -40.0754335514595 -31.138613438981576 31.011787882477606 7.808584355543168 -43.68588265526749 36.14532856342959 
87.59467003247732
-38.22129090564583 -25.854157426142176 -19.399711787026707 19.750153856204605 -10.575914349609683 -45.60924491488946 -46.309961143245026 27.847137555018193 46.06828380964065 25.843715655823942 35.36137225028908 2.1027625656470903 7.407584244463983 -34.898094934580236 20.433073645275172 -7.02436498922512 -38.808786938713595 
68.06875137455664
-29.716913168271265 1.1975755672615804 35.6062574225637 39.56591298418746 22.57371989521181 -10.807415196147865 -25.46114094480326 -41.87570444025257 3.0242876828435072 48.93242344365541 16.46516659500098 14.138252354217144 -49.864861788263056 -14.795946060343226 45.93264510398278 -48.69450130726049 46.28650789586038 
37.81494173617082
-35.57565695310612 -36.36152652949486 46.78020627076734 21.437980403924357 -29.14426236372777 13.321214899028966 12.161664393911039 -42.4013648546685 -48.96416038744381 38.299075797464326 -21.445630060387757 9.732609195083974 -49.86875118908463 -37.27312214756245 45.758329045655174 9.293206041145005 42.50387933439873 
58.26442575447736
23.508610887282316 -21.436748113522885 19.250119293974606 -20.30349891178188 -47.44031764193265 14.12728965824769 -14.648773422175246 -35.532144337623976 9.155674130467652 -6.114486230201891 -4.44824231758767 42.46189099023768 8.966297850008154 -39.95831045042394 -39.08509355386942 49.71505316388189 49.712678472096044 
60.673088300168885
26.460613268700783 -22.25274652288809 -29.523154022915588 -46.708731660461545 -45.625616189209616 18.80187911577916 -39.916786209598165 35.22826661950582 46.98175490497795 -13.47274193447975 16.959876886290004 -32.266394023177746 9.015358348516578 -48.50527002862254 48.53208017291327 3.3432641137658337 -20.34135616315551 
81.4367276695882
-0.5302105026163986 9.38253805950113 -38.56774811725383 -32.79841362367429 15.005763167533985 4.390524446716135 35.19614718839348 -2.8399337566600593 -21.939890318349985 -11.195271099112936 -21.627428011907625 15.161842389651099 7.051802380300579 6.420075458666986 -3.0479999148644836 -39.87146474436267 -34.95279037808259 
68.93737179222389
40.92621995977346 38.983071209187486 10.2901529073985 -37.657889961201434 -2.5002301980662693 28.853532082801593 13.177606770696237 -19.094831104507005 46.76291742080343 39.35283745948635 -24.61032775589802 2.272895416785758 20.466494904882097 41.223971622579 13.151921591189932 25.41469439829889 26.120829354710764 
33.75368137399442
8.502865685833093 42.122128102997564 -14.151889856287404 30.095899627730986 -10.041319073182741 2.304279208001958 -7.750441418371345 37.009399085694014 -22.887994272329603 -36.50012258894804 2.0057592831485564 -6.4975229391291265 12.471037988357537 35.827545403982185 -27.98941276965179 11.490755533861204 8.239750281863309 
95.0212280864805
-7.453834510623324 30.81244683249234 -44.24042729244122 -11.751309272759727 -12.66166350111223 -39.1912599549652 -19.022610624213975 -49.9132447104715 31.289148794068154 31.165209557825023 -19.42572749641561 -20.67231514616773 -16.735077508655536 -34.176511570136114 40.28385185540958 1.2169655526452985 43.52541927392774 
75.51063683079731
19.448829643990166 -45.7265304642942 23.21178016863867 -13.20297289753087 -15.991425810422285 -3.9812099779676515 -43.232204182095735 38.5817493958001 -16.11962463682498 17.74330572898242 -2.7487556232113377 -19.482091325253258 0.09137854638430554 44.86231799304217 9.198939631964421 2.1283775396607396 32.03779213540324 
26.46639481098285
14.041235403410198 6.2259310400954035 -44.10750572556539 35.345827991531436 49.018762039317735 15.739930339462518 -38.548310752386705 -41.9301209919211 -27.86384632770258 -30.83500326699191 -33.39421274115638 -46.372699314328834 -17.10539309813437 -33.41458581458091 16.139219576955753 -1.31462727741566 31.37713177183788 
25.59229936360261
-5.291574092872949 17.700492487000787 -43.28265885626933 44.398793686826494 22.61682048310105 16.914126155478684 30.06475066229251 -1.928085969899584 -42.60000615439977 2.693723577848708 -23.133523200561868 13.037855496869497 -5.745973827120551 16.72896322742116 18.617357081822078 -25.119049058820753 43.984263925337046 
13.269495731751125
5.187463283012917 24.944668909363315 -31.57853947567434 -13.108889158932037 5.418091231465326 -7.64363222233915 -29.85328858141233 -16.796938373504986 -14.11575426658429 -10.164199962083075 -34.11384599759933 -10.539960119533418 35.55377144470522 24.010600770517115 21.080907243959572 7.218078152752497 -12.469759201431948 
83.95036970530879
-13.09270113113071 -45.02553893242772 48.14874864711854 25.24409735866901 -39.58308694031436 35.157461692642215 -31.599146719461213 11.184112598619286 -16.51443677819396 26.88257148474449 -17.003156215867257 7.482909658503665 6.90479745660042 -16.43242436398924 -1.669369385096843 -47.562466966682905 -27.780904796456298 
72.79971350971978
32.19452200057856 40.56947109666099 5.806418186948328 44.77386587359551 -4.70177743472766 -35.493687353330415 -22.780647931360022 5.171529305932097 -42.521597406040925 -42.765347891919745 46.948562093496264 -1.4739038584542925 -40.057771050098346 14.842069088964706 17.539848942831497 -21.07922067980055 18.970244369020747 
8.479247798238243
6.390603321293909 -43.708740531613934 16.211097565969013 -36.48840206388514 -21.429003017720227 -41.34408238359731 -13.967474467885424 43.693018058485706 13.659785632657382 43.272345166047785 -8.649824755000864 28.68273787032321 31.85410862774299 -26.980451461250322 25.937739126481446 14.339406956381339 -28.49275902105458 
98.2310517721544
-6.5709682632842075 -3.0350302543006933 -7.232271512893128 -1.2450672158850438 -8.945452266134104 25.034038793130264 -19.86208503024486 -3.8074349645152665 -30.387792216428245 14.932859038124036 30.539401068521627 42.06859808664835 -49.746112103788256 -19.15483839154809 42.86745998410039 24.110572563128613 -46.623517503677625 
73.1605186064182
-29.96398919922173 9.867248671174721 35.23819405987609 4.644124349113021 -44.840716299464944 -35.429415697632216 33.87781660829894 19.09513793417935 49.785792897184294 38.447045814913935 -2.5031771896398354 23.334044325347975 3.9948324172358696 -32.3902911308862 5.6710495824126355 -39.902198772116826 25.685176576603922 
22.213418656314175
-3.4091609956450526 46.78474893622764 29.530257450929867 15.731022696219014 -18.014460813958365 42.97961595369793 34.84356143309729 10.00951111814038 -34.52974425702891 38.302163934418374 25.992584963874492 12.190636564950616 -20.240189668038898 21.361365992969425 -40.980843569672686 -38.36859603295643 23.526889047892823 
50.46023891691487
-16.231490059372966 47.635591277537245 9.638372743204556 47.184754957250874 -47.90099161079978 -17.891779888073266 33.08591545903491 25.123550274691837 -0.36106012078197836 -24.82928539877317 29.133815218209648 47.70339349313204 21.07635168008322 -23.67475305207327 20.039292670384796 -18.51129716476112 7.112423074568362 
98.93254367461655
42.15731593756897 -25.718356943600117 -25.021612638386415 -8.431782624059323 4.324130677550485 40.972647334123394 3.8105714125453716 6.2484785343064 -46.87932117608668 -15.670544170318081 -18.802366836802843 40.56683636585825 10.949174298754471 -37.223930032725136 -22.141385212327947 -1.5407700255560357 8.813034651189952 
92.70131357734977
-6.320039251150419 22.615716300112382 -42.72749087028963 -11.05007726863844 -39.7658007019414 0.482760924824575 -13.744685320311042 -46.11258371229504 42.42245048360725 35.35082063169668 37.2335944246518 22.793276880984905 -44.97242398367452 -45.802217675059644 9.735648179067503 -38.674787779646316 -1.2658220950130215 
44.75956195692656
48.24278339272415 -10.589404222789277 24.566287274680548 25.724957231100404 5.228778949737887 -24.840558184523807 -44.286922233059244 6.0026443513379135 31.431427696486253 2.2565520866922952 31.357463735306766 -18.316055085468307 25.40264996969499 14.77876696632977 -11.6080172775508 -47.37416891327116 20.965727386790462 
34.49651317305251
-36.19909897595769 14.50438727857653 3.4152594727877883 -22.54285008394723 -16.99301227239353 -3.2603014795260066 23.127380592479057 19.010847206928034 -2.3740147599163777 -28.131009040420018 18.704941310800876 -30.57190574169851 49.84124542897888 7.745553549827058 -29.13574545113179 25.87112093722078 -29.99435121431947 
20.366800734060487
-17.022833800172087 -39.280133145754164 -40.90266457854853 -37.81439254016301 24.514115147121785 -8.883620352079248 -31.699573426387985 -1.5651950692297731 -20.408997452800048 -49.92016971820882 -35.74868512648132 -17.7044499700188 14.40459859052558 -4.3424234822450245 -39.61421711945934 38.66600795831553 14.54836847717948 
1.316023256003429
2.3415852115950315 5.837635354592798 46.03251672900235 18.138311359646153 18.51580498106678 -35.43793927194619 -37.71082126604598 37.38408659910853 -14.35429603301452 4.7924075959655426 13.525640169801314 10.579988425545451 13.676407753547835 -8.191376428985478 14.495542667056355 3.5476774144495806 24.198248909943104 
45.48721314294279
-7.909927657614212 -29.360462392596443 -17.618855352553695 -10.848464707774532 -34.89190164870635 35.94051896166299 43.60288965148628 7.739574494751636 5.146348929698341 -40.69222182753603 -7.137189818535219 -21.048049704795403 -10.24234828770043 -3.1418553041040767 -12.408247769281374 5.593608850733311 -13.142620430882744 
87.87662226276495
-37.38613247758744 -17.501450542504713 2.815207944965671 -36.89245568197073 19.785246024427522 -22.772425078629844 -14.248638980122998 23.00315929907312 4.228930272488029 -9.845030446329808 0.2635454694149928 -21.257230446329245 -35.8945682088181 36.610692943298815 -19.857213104094374 -16.301167324761764 1.5023267995146412 
11.420533809881306
21.593441318457664 8.514665039572286 48.29610391199503 4.487357921554825 1.0546719849804589 29.071749138133868 42.73394718055049 -15.017521694728373 -11.072311484563471 3.3628230134301518 40.00265744413478 -38.733140955757996 -16.65486065004479 -39.34968042681314 -36.80354898770069 -46.16228715409948 6.5760106111127286 
64.27791899008317
-10.13507428386611 -10.60323372893501 -9.258542314420815 -11.88369339161126 -26.283016740379374 35.56233263318185 29.2240176637891 15.862509983731854 21.07606131575686 47.79805010226036 -14.515319148047958 32.27542038732163 -22.673479646007678 42.80692158766115 31.959317026960193 25.91846363506511 29.860615651595765 
95.94013054709372
38.288019526444344 -35.90640470643759 0.9299527350303265 34.095830122518194 40.33791056269986 32.38911395902015 -13.675078022452155 10.13391459293559 -0.6879574941111812 -46.372932629686424 -6.049932974888307 0.008539008137020687 3.6939953703653217 -36.0157199654342 -49.86705921386224 -40.37900937306479 -24.14013930232749 
77.67436063070915
-29.101490556710107 14.821203460220616 19.896297413654423 -34.18373206084907 40.46064638290527 35.03709052031138 -12.504606433291151 -40.0216540389308 -0.17310411627714473 -41.31344161680826 44.75407376204679 -33.62500253538555 24.682106842298296 46.82793641827307 -5.712125197789753 42.8064472849388 -36.38885048025553 
90.43024984409284
44.275882282284954 47.17034038958593 15.240395016879447 36.19561498308566 18.885687285485375 13.737168375939646 46.02223806432252 -23.95822852644741 -27.015729857854698 -48.63014866674944 -10.843584999997944 -33.84641653269139 8.122677417159117 36.48103063348954 19.53640868436929 2.9380850251348605 -13.510502901509454 
42.75995486870763
-30.371181778391144 -14.731544419873387 4.860057511491 -40.43593384784631 36.83802638948043 35.0780836730699 21.525402463543912 -48.6412367847265 34.17808389155482 31.666663328161576 25.767042590899806 1.7019794954825755 -47.031791485058115 -10.993987702587162 1.650580150150816 -32.991372323964285 38.7879312645843 
19.884161420138767
-34.25668535784925 37.69311579957811 30.072290339064836 35.901951927622775 -48.1820673079928 -32.72345922946144 -27.502828031022975 -21.862758640469604 -25.313523686467743 -16.341658088279807 1.6993196700948587 -40.28246897761845 30.0157798154909 -9.009459342319701 -18.104893456941983 28.592652361930277 -22.69241363057921 
55.455984894817966
-1.393321227309663 26.474946169729563 9.183621516339912 -6.259788298097057 29.97363973175304 28.215070144250575 31.69791876499292 -0.9000512408791508 -36.97706017292505 -5.1925443696043345 -32.39432168130851 46.66943203269658 -21.210814840227844 12.770127858830094 47.350075655444314 17.00910979352824 3.322115620794463 
72.81944097438557
-29.014660782893653 -35.11052538351406 10.387525737964317 11.561050964602806 8.336558204513786 38.91615978670703 -33.93759056899174 -48.65582435321003 -45.596351825269174 26.840605985399066 25.444727986573795 25.4770887017324 -27.651054376760488 11.263984844368522 27.342575878356072 -31.322570759510803 37.36495595293056 
20.930279456230604
-15.922747954974625 -14.068173569828936 41.300782578455454 3.91771705541737 30.429055569916898 -13.13497976531621 30.132828657471762 -19.223920349913172 -21.725624331463433 -12.730493321502877 24.197327637129234 -41.979404857901905 21.606973705616838 -15.377542847201411 14.5593986361702 -4.618473678104159 -49.59394464526735 
60.21751096377289
37.975248729946344 23.821733348890916 -38.791857631196805 -3.035231767297276 7.611224526167902 5.572850351844302 -2.740645923566632 -21.036903298834975 17.015450337738358 12.30395482184965 11.76919765353459 -43.37531137994256 40.79481404826136 23.024904297162763 24.05655056814848 19.432530088197637 27.032075915850896 
59.43979543865626
30.27296888099505 17.337270160005232 13.684938186259899 33.20428682870809 37.9080782689027 11.35073386929649 4.040905277777732 26.90379038265931 16.426253525891525 14.069099934347904 4.758849370605077 -31.44215878440908 -4.846606777292351 -48.34041434991191 -35.8898281732949 -11.93078873901041 -6.0729309717896385 
90.27020081506528
47.739522618474695 -36.72535779997451 42.04290637331461 -28.12702550875895 -45.402972448068525 -26.88267193794056 26.67454542543753 47.22678304498706 6.651077698143958 -24.050419983356363 13.214107121713823 -23.053244823395957 42.57267844363267 -27.912638482635355 -3.1254379818852343 -4.407067217543457 7.7894558212859835 
41.4766983667596
-22.584996102740853 -1.7582779584693995 -38.860594423049655 19.69522325969534 -3.005731092963451 14.17939246469551 11.811533517899854 38.500383925956754 44.927997435013395 -21.84228730111909 -40.657464502932626 10.749186245874988 12.518604810598646 46.07753904327666 34.145741982142155 -16.2474618815494 -23.85266737323969 
79.017004526784
26.380513316428818 19.990604442817585 -2.538060665383867 -12.80329771957426 46.92737528880821 -10.396131775323568 -44.23678292886963 33.775071787341346 -14.183809415453908 -24.81220034189393 -30.412019839613833 47.292920963921304 20.661647573100367 46.157420359917296 22.005778267318846 -18.863113643077455 -19.50753132444387 
7.311253140333807
-22.708961694415684 -11.432699164002038 -11.182315191396341 14.21245190234356 -34.59805912767969 -47.343148456082005 -6.144592481201428 26.61821908535387 15.091812040337544 21.912056447801547 43.55654182348651 40.42681880740183 36.49838330017113 4.400497585361073 -21.61207671875218 -1.5251090318444653 -10.29921217153099 
15.882399989744233
-4.203628669739523 31.005940369195784 27.00367370957582 10.74607672705816 -13.142780155208357 17.74423113099016 -36.3976027304261 -1.5276250444726998 -42.182115962109854 -4.753455567054985 13.802724541841094 -37.09581426641867 27.079062040973824 5.567611683801175 28.113054488953892 -43.22722540662048 31.61321544571652 
45.263222091551484
-19.703315718055304 39.73349934352359 -14.097996551304007 -22.631629557941903 -17.13382206665967 -35.41073688115321 11.181321251649699 -36.773979052608006 -45.478601100859294 -6.56918819322906 -6.885259952568504 -44.094576747473745 23.677369448207713 -6.901174513422525 31.97303858077764 -27.562894772691905 28.497556424521946 
67.67343649157867
20.97966155325267 28.205038667246768 -34.257186383585704 -15.377316187992996 25.68891932062786 -26.42531871546845 48.26564786699892 -9.20785494801337 40.09575012354102 20.198927492129243 -45.87592157038989 -5.4062287773427045 -36.367016054900525 32.43226967463869 -10.941130899012975 11.552741591902702 -22.7060384123833 
37.89673454398
38.47240485906511 31.79693624768315 -3.174494161406905 30.481470930266028 -44.93290828814479 -29.875599582732903 46.26819344061488 48.92110823916855 13.945620948815964 1.9599558593946256 26.07794395497517 14.586341239409194 -31.75499417425621 21.812903790819618 46.64497252267164 3.2334122509549346 -44.72917761297695 
34.77352207974832
-39.76683413959903 7.197500565121196 35.6176068682302 -43.86310736533643 -47.80500432198911 16.878263054319504 -4.094079839293322 -0.5817070684759003 45.77408719027164 13.354103567535837 9.536086810141143 -21.174738620257948 33.88963470931158 -32.42502973869533 29.253180113419248 38.677155510844486 -23.9961728989601 
35.82180555178661
-19.662682508791008 49.313822573407066 -11.49446182311165 -24.0159550607413 33.877913870608936 -23.28917600175012 13.000531824171901 34.69482325536653 -34.1399858529808 41.319356797978116 -31.51954001548347 -28.523137499253927 49.685404974038235 -19.42511910309016 -19.450009510104017 -7.20975271458456 -12.72929063952406 
69.06918319722558
33.723421224402614 -33.7633598578923 -42.99079191667063 -19.443588117668398 11.2591349783429 -26.83729621569435 45.65266803154222 46.76438926047514 -28.917646150417642 36.518829575538874 35.56396394558641 -20.59167011384092 -43.94640509563411 -19.93248457150968 38.810872841423446 -26.14520816866631 -47.82766064822949 
84.8990604447524
5.21583893390207 5.559551464410653 -10.737596781064326 -40.29953693572439 -17.253804841268362 -36.29617165956434 25.26755897544743 -17.663237263757324 -24.476301671913912 40.37909797594901 -32.50701893491082 2.042285419493709 27.251877138508846 -41.778556476312076 -38.03989931629673 13.88257302883796 -43.995816021757804 
24.572306228215158
25.499535369288324 30.136044271770317 -19.914542902017594 -3.956877803361934 4.288728230754366 -23.14231059859858 4.073773487034039 -26.21276621799311 17.24799706110926 38.125470905679705 -20.830741295475917 26.833198166495336 -16.959249148870455 5.333243333523285 12.620978885280074 -41.49061975760138 35.38059242392556 
14.382432415351843
-22.72742766560446 -10.709457086228284 2.9301175468925322 19.737880986213 -35.838214966482425 28.32288497844712 -32.71676865114009 11.051623999069903 28.62864243222964 45.43478573175564 15.35483946516986 25.421606551214268 3.531474548304814 -14.383704968368292 -29.04122257248045 46.34062505736469 -8.060396614067066 
38.751162250263604
24.436911286007643 9.004086761474582 6.065955132121061 38.81103161817674 -21.090637950893388 -49.11655017193974 -10.777521507982634 -31.227859203292052 -2.9522013950181076 -43.66452851343379 43.22570406813668 -9.809293645324033 -36.769142643691666 -5.494301667719483 -15.05064006086998 -0.32606232297091253 -27.47732957377552 
90.89790342855822
-27.384525184022735 38.40937165374068 20.122630737481146 -45.28055045925771 -25.065083577714052 45.46605369319521 -7.233543583723623 -43.524164827928466 4.352881214812321 -49.243145816082965 -42.98429609482769 13.276013710215217 -0.5756678405304356 -0.6480562751243326 -1.5451046315566686 -7.076751627079702 20.738970702279687 
35.25931470018163
-9.47754809551963 -7.895322396164502 19.83480231642585 -0.16103862225398302 -37.966337276296024 -21.144059722270537 -48.816062926695025 -32.30689211160386 -11.589044584457277 14.965549859399033 23.603743000545535 -48.82429978821441 -46.78126906814105 40.096976084221964 29.341081952152976 -46.409882432473005 13.807134988129597 
56.14465139519186
46.59678346019446 40.69484747499341 -42.29894130539058 47.70344178718506 -15.597847595029322 30.312668460159017 -45.1721963305675 -37.480641137458434 27.528730687888142 -29.360334849638992 -5.241218499294952 -45.597383863623165 43.50718100249394 39.27612952540622 47.847737605761665 -39.67765024006238 33.85056586802314 
97.05227608134666
4.479954046308308 43.265703056904954 47.22194756453905 23.397373394683697 27.603921195808795 -17.067861408546804 23.55565616204342 -6.698197816593634 0.2990609091405787 37.44722751211938 5.036206032286557 29.847165926250412 -37.65994927003 -18.981633159580667 32.35827181913396 -19.169448866722572 7.550334893686141 
94.81822647379644
42.83577111306231 23.18464371346458 -42.80551635923445 1.3699398663742244 0.6975317556171419 -5.303678359630091 33.741064398290575 36.32138640842972 19.301623789842765 -11.047989067868194 34.03468675147137 45.73416828083228 -19.980063118456837 -23.511002385070235 41.24799851182938 -18.123805875645992 13.1891281050153 
82.80754109125593
20.941355001779286 45.9949972241409 -17.206426660542654 12.199518473664149 18.139961900383625 -7.337700672824255 8.440516075446006 5.275051580417681 9.545320347768197 -32.98150325481127 -34.292867732151734 -42.38062719930701 -32.17017977090492 43.609143062248876 29.083732403327957 7.187955204542639 -36.57964101493157 
23.49368404024649
-39.49311288615381 18.84873762224599 -36.74108064449146 -25.079965254549585 0.870795094804464 -44.093985869025865 -14.264966271163395 22.09687086927174 -8.07529418272356 30.491385926053397 36.317121903238416 -3.5412360015087643 41.608774826710885 17.382922046296258 -20.633295713660793 -34.69241470072525 47.150273908365875 
49.11447499809471
-1.798449703835793 43.826887521707064 7.136533527210489 34.16285112369371 -42.31920021254706 -21.79575306302599 -13.699362121296431 4.551370245150345 11.41719338960445 -40.040177330893435 44.90033022607429 4.3840620311452625 -10.821477183275086 44.567706640157255 8.340157695961118 -23.3744060209794 -40.877523907080814 
51.06985592112526
32.08143389532229 -8.13226183184642 -15.783925903105711 -36.37923495007455 11.90405903330197 -10.125945424085216 -17.477078447157723 -9.235790904267162 0.2288699624275452 -27.629861363982112 -43.00146496997813 -36.26819596996454 15.478643536604721 43.847668583675045 -17.983961180393784 -28.833735212180002 -26.649591820696216 
96.07620356220407
21.051536734206508 34.41065653138973 26.391342485023713 21.567481271447548 2.7905499189416005 24.868109523732016 -28.5850717849669 -28.587248267639676 1.373838625931569 12.924834811785502 -26.936307715421027 43.714458544168295 -49.416898081999165 -33.457513564880024 -43.780701777297516 0.25937211303617147 -28.52606598985047 
36.86425221472685
39.980368721525366 -38.8689748309039 8.295559281836873 28.042303272990054 21.572861770112112 19.635148473595237 48.4938243545994 -1.0174601890396104 -30.17256484382701 -46.78749936992411 49.17601838319615 -14.184186356846176 -45.247298087662614 29.939344767411527 4.62306257412952 -34.35687336584934 22.252878253973464 
74.76656045588737
-32.73331806943405 4.465589716811834 21.182756189223767 14.824162913691268 -21.993783312724336 45.1981483065112 3.702599100531515 18.91882590958832 -29.178313251538455 -4.720563665030063 49.28994909062176 -17.22229265446724 -8.653136143378816 17.62836694191033 7.784971295317234 -11.357261057528277 9.398033850764108 
63.56133123280788
17.490447809938246 -14.504717878330553 11.41123562780892 -38.227803820467834 30.617064580338962 -5.508188856557098 30.3227477687076 43.59055843903515 -29.740827188917372 43.117142301521554 7.634659396460776 41.471958356257176 -49.3942746802354 21.11240284237803 -14.760631374216238 45.03712777199213 15.235675734906025 
81.41082612605948
-6.966107669041918 36.96550119845557 -12.883453923416056 30.11514121483755 32.43691658715069 -40.338374119152185 -21.680468183568212 10.976188959046517 -44.37149753390618 -17.14869374323557 -22.516059810784128 -8.11689402045237 5.664465703426671 2.1276148504521117 18.70835412356901 3.5512707465701894 13.57439990107239 
48.95521571948359
36.81539010199779 -36.10509132764109 45.13441834768075 -16.245303748954356 30.831547731342795 45.49711720437189 -47.78734729969996 25.426876300548486 -9.956995858867188 8.140782912224331 11.417641852418015 43.04038868888175 -14.867031488196261 -26.460318724522303 26.23671352724199 -1.6059426149043787 -9.324477239336304 
15.209830269357127
27.93356376077712 -18.221084867720283 -15.344440794891291 22.8469287929302 35.18117894380191 27.502959264914082 -34.296114146750625 27.626520524659043 22.738377612983527 30.605048814222172 39.38111478594821 42.51927861541479 5.435199209861274 -38.32738276220733 -48.88651200579023 -19.98540385401354 -34.68555251336283 
42.79113112235099
-14.721683899019943 -41.42851596575539 36.9836880825827 -45.608435658286155 7.456251840066265 -1.3335224648296986 19.06408332844569 40.12537823997795 0.012126421973732704 39.484122227342596 -1.9205800972660967 -35.11517353959247 29.93563686428884 28.09633600769253 -44.78923587988889 -40.30037056295811 -7.732312344848921 
94.40275012991103
-23.950823866376258 -43.52056582210043 -7.542285603464691 -22.84509501809667 -1.1890242994254123 -24.565367832055397 -33.35813624944997 -40.937068504612014 17.437048756474468 -21.503474136373857 -9.898567146383954 2.2842119859009173 2.5797589137785835 -6.8290017512539904 -8.944498258270393 49.5191823405103 15.688009788699418 
92.99819283813608
-30.538802577052813 -29.509692825635547 -30.766903093809837 43.153968738959975 18.639609368648976 -11.243980568485327 29.57491765884535 32.71718207914574 -38.68511712868066 19.61214637654595 -31.949705387284656 18.74010168386384 41.04850406781969 36.25921339453504 40.57202425612695 1.497600612445801 -44.929573163455416 
8.464730444744085
16.359433806706363 35.15399426553117 -24.846901245048848 -24.37464414363635 -17.62182649511948 -46.425293499955764 -20.555911252803906 -25.565344800824942 21.649056007633973 -42.876798052726 10.067446984471715 40.28789658787248 0.7927515565739043 13.021955156960864 -21.17644921473255 41.106158092344444 5.009191639855395 
19.219434122208266
-33.538344458324886 -17.562243669027843 27.14757274417697 19.693409005857347 -0.2310666290208374 43.49582706470612 -48.39513834098214 -12.265808914197393 45.11430120797752 -34.78335628574342 -26.50222594248276 12.989609910518773 27.104887428456053 -36.525944520462396 -41.1148321956459 37.91693152887862 -33.34252012839717 
33.261199074545935
-17.225107401330362 -10.22491129246221 34.05687986992869 -7.048584685658895 -21.768885170254592 45.403945056678225 29.467594176800716 41.67610327523121 -7.894797498704435 47.77560159146273 35.88478463829266 -32.591981659404084 -29.25473328429472 15.665976462156166 37.65503843129561 48.51425869241339 -7.503520932542209 
0.7832237143353016
-38.53308562787001 37.34405311539088 22.886376489868823 0.30282170765548955 -23.894133151496277 0.8421677937534753 -6.903719238070913 -23.002566286695515 -17.712380810869973 20.229557831007867 -7.347874814246033 -25.98705989205048 34.528595648577294 -30.531330619851005 23.224902661418483 36.83030835137163 -36.7184190535086 
50.53160716023023
-17.986941841626702 -28.93374128961743 7.4592660730067095 12.415093095101604 30.386106154835957 -28.496042740337057 24.98790935767458 -29.60299332894033 -43.699116656273 -44.89173820613288 22.177861467368984 -27.794978670843975 -42.541246094896614 -31.231692719470328 31.467186950538533 28.56863793088681 -43.74575871256066 
71.12351540543743
-28.51074608427292 37.05174818153918 7.272488396245393 -42.93260901321201 43.434569991288654 -19.886442440446196 -26.574941369553006 -46.61326151743124 -46.678240574834426 -28.978435743323228 27.770555509119603 -35.51776975005249 1.0620901240955902 4.541003037108737 -15.351367125037171 -11.770464537766593 44.096448086702594 
93.25099793590975
-24.03707439437669 -46.22153578266587 25.903261615637845 -15.111592219367623 -33.71944360666712 -44.549051136439424 -42.17966485027844 11.296148607610313 43.872805369097094 -30.113159861896012 -43.606866260978784 15.353567120066003 33.90362526783626 -2.800080822077021 -32.14342515075348 38.692203007942524 -45.3202959433666 
11.14468138032586
-43.623098618033 30.051056942362848 -21.79218962333508 -11.842196152205354 -6.675225272434119 -48.19870376750036 -37.73786078462783 -39.373521353723305 -38.87978882145266 20.471057809762783 -7.253500355931521 5.849055334189899 -22.915430574136074 -33.97316386178882 12.343132852504247 38.89171202260512 -49.745724495698 
84.21869898749969
14.272032990546279 24.908218249666717 7.2555590213776995 36.47237893500403 48.44162259914184 -35.52197173417602 -37.89106464069495 -27.387971751916385 21.35374709671062 34.131335870949414 -40.773227507577424 13.12324695724233 -29.167111061113125 33.467914487399426 -11.113223716622947 29.716768826124664 -38.01840005452273 
50.1399088718187
-39.89126916057661 5.628938416469531 -18.278835980550046 -45.54302002708963 17.131445033534007 40.39595076438931 5.858512534994766 26.485528627820628 2.5812831102816745 -12.235471678884139 -25.172504448997902 0.25196718297863185 2.9432763832746716 29.952583240462772 42.0845670173681 -17.976687712776886 -39.90969747579712 
46.64912005044939
-47.40394708370395 -37.373356841479655 -3.604652773582508 -17.056557551279397 -32.0638348720243 -2.6177432556349487 -19.653593743440812 6.799520691402073 -20.778071120328256 -28.5363545606386 -45.39687677555709 -26.257859118074546 39.4432928659579 -46.639356074766546 -40.92122509695891 -15.902760886374288 2.7036337057372393 
14.610476187076893
7.90075930069797 26.429602506042144 -20.532003964266366 10.074615266471412 20.997249341776296 49.746938913216354 4.1233447605947475 19.777702974877982 -31.422750232200524 -3.4099789893222905 -36.012792605282606 -49.311944006709076 -40.08421228280805 9.304472767610015 -42.641914690396966 -15.192461671277343 -3.374505393001172 
42.59049193890703
32.28304119296391 38.551895901622814 14.990429716917845 26.852620646333463 7.424924641810215 -32.35910104921726 -38.04256776269662 -21.077592945238443 -8.256310855609868 11.580950113642075 -14.975106666183521 49.40266363551956 0.6633411975517447 -27.688928739097417 -32.46162839671537 29.182719050697116 12.9780283998955 
12.696459411123207
7.79691477659248 11.599903154883705 24.957865416263374 -7.70786887416093 22.89363741152323 21.27325957569181 35.94707928732048 -19.837606733938774 -43.64153508329424 -24.188730008942006 43.204129824900974 -2.4698010366230534 -17.559360262062683 -7.603837193064344 32.81544052489966 46.64371317097368 29.262979012073416 
37.67312771057315
28.22146618081669 -23.514294341742637 -11.900468245165783 -3.5764112783661304 -1.7741923643473854 20.814661623493677 36.672702547903896 -47.82257692797649 32.31513770140624 19.514758672651993 -19.364465237564556 31.21981840845288 -37.300277614063006 -49.654775551220744 9.299295150555018 -39.625738076326925 49.69137376152504 
4.917733869231123
-30.813903491110793 28.49386863647335 49.86766270089676 -9.90608250397402 -17.869197879717944 21.769110144695674 -45.07169969360574 -26.016742319578423 -26.574031310957157 23.76076135111444 23.231597783230328 24.334955240582786 29.898145224521983 -17.507351802582818 25.705919204891586 6.3556373416197545 -22.176631139068505 
98.98955582681617
-6.83683964367868 16.848014167777038 -43.765782289335775 34.32149896532047 -17.00177989480722 32.05394629026509 -37.559680624222196 15.516256049144602 -20.159487670617715 37.69862388303268 -36.52124470347825 44.627886501445445 6.930604094691041 41.47080084185515 -0.2696930462247735 -20.20023561395854 -47.172928548126414 
90.53740403979401
-44.9179371179538 -37.66362392845485 11.50569900086996 -20.320966990366106 31.786377108133607 9.59895761303816 -7.004792707655525 -10.753816244870684 47.56076054486242 -20.034170142389385 -13.599298323368544 36.374327616530564 -32.50720859655978 -6.850965254527772 47.49803760111338 -42.24080000215711 -6.041358770846983 
6.834693688396487
39.03940831808312 -32.21800347141559 -35.96661366226892 -41.08473137811988 -26.50757629382011 -48.112553363301245 45.76579102448137 33.50771563494743 -4.858014543158404 -38.14405301743836 -17.790265732822817 -1.497749658097824 -8.683658549673055 26.97433859608786 5.249084560651184 -7.437721852075185 40.955682162933755 
33.098059305309214
30.022241437490464 10.296805441531184 -7.176295287877956 0.2107993145872058 45.14718182827512 45.7524095570046 15.369572608196975 -41.673987628899354 33.967328989495755 6.422659733169191 -24.420212528604424 -18.562115455263672 -2.316858813675019 -47.35136499753748 -14.883569566461397 -10.282251002281875 2.5037791038512367 
0.5849942052472024
-1.3796360697856755 -28.7349098224432 39.84780988406433 0.8317855183394087 -38.73508130767067 6.460657625487521 -28.858584750836602 19.383039179504237 -19.522294055594003 0.33245191473395863 26.90706290021093 2.718882868993603 40.20516924614236 -8.666379988298864 43.605212854582305 4.668785280861044 -14.823459859682899 
58.5445837269282
-48.91393739739942 -10.900771455812077 -22.669096652383324 43.55005418376683 -31.472027136721724 -0.470019955563302 -33.09690124354603 -11.895254215200204 27.383637598347917 4.458827180505175 26.62120230438488 -35.80993859467469 16.12469248584661 35.47550634109501 -30.949598397582257 39.17709997708555 33.46991527981493 
84.17125865813667
4.325068782973176 -24.450191366151852 44.30174102312576 -36.59871165073124 -1.6571184319004715 12.005247427601354 -44.37966748658558 18.63314031670828 -40.04810415774757 10.736273850410136 -31.34601672688596 -4.085173530144623 19.74346648863073 34.31522475196061 17.639147800688804 34.4222808732021 -37.2290343711032 
84.83547754450966
-24.1970393733555 -46.40348191219712 42.84628120706047 47.83100056676032 -5.274422876483072 47.55667717139228 37.02310600029925 -16.01766854007918 44.52926715109673 -17.224148578923383 -4.54195386758942 2.7306884801018967 39.23568201829569 -31.067540928856097 4.0476352030394125 33.660207767883946 -35.84775954744007 
87.4006330859158
5.07133986037028 -16.128461807233897 -29.70685077271512 -32.98108352934193 14.527710206366066 32.55839330123035 -35.38991848107397 42.577343324592974 33.93282078073226 -32.38815431195465 4.2020435333038435 17.888724945882643 -20.942790436152404 -36.684497041516124 -2.3064476084081704 -17.639219730356345 38.409547671684365 
83.05793280146162
27.614715594278053 -2.3384803536085386 30.2322760884078 16.477031067638165 33.886363633074495 -20.628929945556486 48.35653071290358 -23.435720221097355 40.407944148649875 47.43889891422231 -25.529357981738666 -11.004882946173453 -35.73464501032221 -41.18378766026062 -12.811397001323868 3.314967819927439 20.22046833111969 
15.809027381544361
16.761853763327778 43.598687064247926 21.91364454644858 14.498265633159434 -21.64019864753862 -5.185455727962207 -14.394997864281542 8.998937149980627 -33.44844905286482 -9.637929008634728 -37.70017779358735 19.381300993115616 8.953296605233128 -23.88356605494565 -40.25209609798668 3.7526602996110654 -42.03711818393684 
26.80024388175355
-32.92365881535429 48.2992337095301 46.08508821604809 31.617023367496927 -38.29042874523614 3.0133129371659493 42.558210475994485 -2.1812095734448533 -39.249775672638144 5.3817055112242755 26.824514573046358 43.24355412009474 -22.861272332692373 39.48726924684122 37.84423751630247 -38.1532607142543 -45.32079905138566 
23.77606654269946
-32.66524861497643 49.86391705059745 -14.58629390327836 -42.831480323786444 39.723642542585225 -25.51961990172845 -42.15357994794472 30.24366020752791 -38.06361548049087 -48.25347104644583 45.163866803774184 25.901392698880144 32.09639625510623 25.966188323577853 18.866845944594417 -7.791518272232665 -32.2027576365232 
58.89834552127042
-34.87575040969294 -30.940308182008724 -48.18615164082174 -6.148995705798718 -11.321532046699737 -10.163636402272537 -4.048475856268098 7.109210776061715 12.276629604559083 -40.579552631131335 -7.811273721537248 -2.8724597840596786 18.37145781953201 -19.27720024030495 -45.648560169517594 -9.469406935276623 34.23004490957476 
13.310354901445065
-46.73583786670711 -36.796588585832914 31.608375934265325 49.76753113256542 13.654425628285814 -15.383095899955059 -2.206022368804369 38.10304233124744 -27.955107359252896 -5.978248593309587 36.08858457551604 -38.18596364151635 -8.550918612520206 -41.74253620372417 -29.302730453234716 13.145303949826705 -9.10627369821858 
92.66157804446986
-36.49003441346529 -40.36796524777591 -24.37703378907965 -1.0727157134291403 -1.594078106450823 9.190411445859624 47.29641731674097 36.74600531831939 -47.51892542135596 24.821123711727594 32.57534419989699 -0.3152335832974913 -47.007100253922864 -23.58338753932229 -6.801905016202582 9.986467327841964 13.836867095353021 
94.21370004283479
-29.02195283857093 -18.155552914660124 -43.986947256551204 -43.8910113307323 -22.885678288534585 28.191021443585726 42.811117645749064 49.355252438905495 -43.21246048470948 2.1529257429101847 2.336298592841956 -3.91725855781101 47.21995894712508 21.064924725811537 -32.4813635035787 21.640199155279063 0.2113440273281384 
68.29608234231019
36.89217889508981 -25.073916215024873 -41.38107020107697 -43.86847395605393 48.20044461799385 -19.318659017069816 -39.66806925624384 11.56572324912252 -38.72107596718762 15.140805865406833 -7.001992265911049 16.101695527258656 -33.31500099046521 -1.5089016541316482 38.091197205612005 -9.486228870105506 -27.809880469367343 
40.25870400109437
23.86778197085914 -33.98018036526686 -29.481379398718765 7.052634664132476 -46.66131819386719 24.42214352177274 -41.38783349268266 -43.98806181741748 -14.406107560800898 21.514563358105036 -38.78177782564727 -8.140998720684287 26.646613783321868 -19.58359295521268 9.74558318083092 -39.36451211215129 29.421673751645628 
4.4824867056220015
41.09948328248669 -11.001576779192277 11.594930534593473 -36.94862345300564 10.60331992957537 14.37980181078757 -25.30265945246215 -2.467374661643177 -41.8664028183835 28.36384248323779 48.22940821407508 -19.80325162105483 27.239207141436296 23.31177624182385 -11.511181365771229 33.52022457958482 13.28568981366827 
40.56487907149923
33.395983400332625 -15.949083028876807 8.559650984436708 17.48220615202098 -48.19062559488584 -18.502331131228512 19.78806937800931 -29.87971747458682 28.654457243639683 -38.88891597261562 -43.3282984539739 28.537789329588662 -4.352859747451852 15.410796625740602 28.80140281163432 -37.49095911406545 -48.52536470635938 
19.927798332171577
42.72062859137344 -3.144137362114485 15.003674299379028 -23.13130152407734 -39.083027503884225 17.658251852454953 20.418084730773145 -49.52796079017141 -29.82987731783079 13.279949998762433 -5.855312815096511 -31.684884958493665 7.953101316765775 27.445895525956985 -49.99138787880918 -46.057031032202374 12.478250200782583 
75.53426764272974
1.266045171708484 37.929580678166516 -5.501092412325228 39.79660529193629 15.994571147919004 -33.15550656094215 -22.87772370401141 -35.604683851316295 35.77817709379241 -7.413566912518064 13.658499574757812 16.94860380499378 36.70615484699083 28.158750740182427 -27.074494098204795 -30.301318282124146 36.41202644993153 
50.19979867687101
-23.551278788416074 -19.53010458639204 41.21078403647104 -36.55537063758945 -17.36076327098276 21.25914714759641 -16.650346934116577 -32.21730777638949 39.30360716889328 10.601843989029057 19.969705488920823 -15.31052181957864 -32.267032324395146 4.7822833780288505 -47.41738405636149 6.548354870868721 -0.8613657143384259 
42.508289336623406
-21.301057917407938 29.742105770915956 -42.65400246643332 -32.15440399928499 5.7012782291565 20.381957836446773 -29.572079182906407 27.00828421495231 41.1377256182394 40.15521001901061 -1.646498440859176 46.02739983726197 23.318124938605422 -20.98921829394329 -16.252511925445937 48.37060290573959 -28.572501342515842 
51.26535403099898
-31.499745688333615 -35.73848986716695 15.328254491107828 -37.798985661950724 -29.762288674098492 16.748168180063203 11.804655557695575 -6.661392275197443 -20.444902496319973 43.49589143555795 -33.78984966576908 -13.690714552941287 21.438096137916858 -22.169549998680672 -43.68986188341219 27.6100061343961 22.43928923019321 
17.733384743900572
-1.4301457778518767 49.51705779667736 38.94746903133158 7.292047630345465 6.218973300053541 -33.955091218201645 31.281844495545684 -8.46734973217066 -36.86831605944623 -42.92398979503681 13.362758118224427 -17.384477370645754 -22.10706820363234 48.65043424971472 -31.644988398570305 -6.952579691203276 -11.621404568425298 
62.89252856760239
-3.0505496428829133 49.86661768908411 -41.24060438466012 -22.834958357564762 -43.15699897999731 2.682227171520701 48.04533881828297 -11.2205666029922 -40.50313541230699 -21.999990012852777 32.11957398747269 28.9544308329002 13.39709119911575 -37.55729566213486 29.667520948040362 7.703069767930039 41.81136348831484 
68.27369153367128
16.489198250012976 -0.05814073943104603 -42.56977729183126 -3.941416652497267 12.389697877247094 2.3538814623395226 46.30063989297403 11.350124467157606 -9.825213453820403 0.40100470969479574 -0.8957538501870417 -5.042462485220547 -12.764375927171713 35.368600419562796 29.102173043700176 9.662291323800453 -3.2113350961901617 
2.4395038701381044
32.96288979747058 -49.83203413080011 -21.95620558098239 -7.467831930975343 -16.790980727672093 7.622753225460777 -47.594192047441034 -36.9987016545053 -10.836366009424772 -14.77113676645397 46.27137972773981 -14.712481093478132 27.046030452474554 -2.7461319529635944 0.06565827874740648 -28.784111146592593 19.261567933258064 
20.18490186454539
-12.130286552164883 23.88136151783104 37.9496356583623 -8.182747548842698 -17.67795644365581 -6.077355070943128 18.498380910654618 21.74483108202402 -44.56558388467611 47.47404345215112 -4.995672199888247 -14.979344502832959 27.5443109651044 18.198304404312424 11.549603056634098 19.68134042802771 -36.16668103475476 
72.54168357795697
20.688937773018495 38.38034186842252 -29.32718780954807 14.715736212791171 -46.31677391955743 -5.449506473094978 -37.48470365593242 45.89864863800966 35.78588184886509 14.317124857724622 -45.86814669928091 -29.23783438664288 24.28282728170052 -33.1911136165257 -17.296889026265852 13.668515167790552 -32.99356272036825 
47.56414640985399
-20.396760928955782 -33.25508026391057 14.688304164446265 42.406608233003766 -7.326553473607142 42.53165682403984 -28.214762942935224 -27.535413170666057 6.363553616686779 45.01286050575497 37.30739587878777 -5.065812262608773 19.327196543144638 -45.42245312133933 -30.302932144269825 48.73735004338839 16.888259966403396 
94.82161872616878
7.9510369610359035 -10.598414495062734 19.253183410801554 -37.91005948841483 -5.0509012269235996 -46.71108030579594 -4.574203053510587 2.270740501123015 -21.65424538139006 27.72742988420127 7.488395056440325 13.593036343618614 9.401691204301152 30.649474418774403 -9.7552462290449 39.040893302880875 20.776158755878853 
71.01654583346361
-22.82211449340562 -12.513250194638736 40.570883937933374 19.6113987308472 -44.742725368591096 -11.240766821838868 -8.18928412933819 18.70396860087675 -31.662535031168957 44.59921342944345 34.0657060450995 -1.351703510294719 -8.278192790270168 34.821094558713 27.06387017365411 49.64351213339614 -31.077716885752306 
25.984662739205568
34.913409413211056 17.692673917682782 35.728310899256215 -41.503930851321954 43.94768592416703 -44.780928716413115 -43.595539724102196 7.294781842865127 37.22579361361021 -41.14963288635053 -37.830914403769185 21.146673353800082 -45.63389064782365 19.556722516990234 13.06286949662244 46.05167411182525 -33.34030814288952 
43.62986686826253
0.8983003393844058 29.387653588344293 14.304986162107042 26.915805914436675 -26.811797465385357 -16.84942845975627 -14.875211508204998 29.264677568037584 -14.216635967053357 -42.985889701665045 -37.72904838519955 1.337067328092509 -14.593554143007893 -15.079609204953371 32.191874794970815 -38.29321225682596 -17.648708708286023 
72.52654293609532
23.532325457801136 8.62602485917514 -1.6761129362816405 37.07029798227926 42.6546650848675 -22.130558054691285 -35.26686215681995 46.08094531569304 -17.88486608418397 25.74965118211115 2.69678149743838 26.850362571830388 4.698300020546121 -25.302725626202292 37.60967417157774 34.692060289796984 47.507384305960656 
57.7245112961564
-11.671192322792677 -25.245538238635433 48.12766582112968 -12.358005318241673 23.861394935637733 -30.482038824490054 -31.975292215877506 7.074488207445384 -1.1005877455858268 -47.90645969158594 -22.891334041424404 46.121675204600265 -36.37399621235086 -5.945973598626075 -32.20947813591181 25.93621004545713 -7.073785892927873 
95.76735656408518
-13.124466923091951 -1.458160271967465 -4.53350428745761 27.064484488866867 9.283803628849071 5.890305901458461 44.0645436838615 -43.437151205405314 28.85735270985984 -25.543570884692556 15.352948947431784 49.079624897852185 8.407623040557041 -14.403380460869123 38.94728199869077 42.3072189964783 13.676887294899252 
26.4467880313337
34.16118063783507 36.28680342052594 -45.96845261488674 -18.688505891160833 -44.23190300615495 42.20389883906759 -33.52515551155639 19.29679800230997 -20.60864331567711 40.6433831018646 8.96105210175839 -29.634719887452377 31.811223046036304 43.67948823455464 -25.987288192152203 -40.95774141979863 11.809707700641795 
90.03971329408628
-5.712936810249872 -17.32184185584179 -46.869119411633676 -21.930191927559072 -11.992718511598532 -20.52729928970288 -47.28354132660093 7.340287078070354 -15.931259634535635 30.392414496173487 24.58350769954906 -43.526801403116956 -25.85002061471513 28.663670741236785 42.54311008824955 -27.868804694532734 -37.69735670165861 
80.69931554669701
3.415868595906666 -17.900838994693657 21.264147885749026 23.11769376265913 -23.51781667192052 -25.997989211078654 19.131401274884368 1.938664628435717 4.612220563240676 0.44050280406335673 -49.946613024284694 -37.90801623287453 -12.147426676466168 31.190211208383474 -11.754991497436386 38.04920443005216 11.203619910311879 
23.597083754449866
-14.105924141087911 19.691053442117067 -25.09639289472101 -26.583717543425134 -47.57213236199161 -8.552026781552748 47.742532834811016 -9.920695681595745 -14.874770808366598 7.302348458228991 -8.23904354624635 12.737625147682422 -30.79528507278958 19.416725033199256 0.14582507803153533 46.41945206365439 29.288772333276285 
73.95300914047003
49.2175234123676 -48.75063049549859 -6.4614526930531255 -25.92641452832557 -9.890685114422325 -38.08096919869779 26.773390420799785 37.16590450535868 -3.927585177595617 49.46025487571916 -0.46632483060804475 41.00800031691308 37.29696091514528 12.860215482758598 -13.684923354544267 -38.10692343154638 -23.278856727960683 
54.17168133372936
28.097018903950982 -43.34282380604538 -32.492149017743046 -2.4904758985940703 -48.19253475046569 30.104667634376824 -14.299834597677872 9.688042666012919 12.510806445898602 -40.49793172846896 -49.97591510832734 -31.758137708111956 12.875143911874545 -31.388468196097065 -35.11109088136097 1.18651303052647 -41.13026146315113 
5.161100038689459
-27.6572969107457 -7.886946520911451 30.66299304192154 27.699574352908655 14.072367122890938 4.074352629708422 -16.66418903586448 0.4596917799567706 -14.505243382820424 26.208981212433045 43.29474590602223 28.154010532000868 10.567444822747085 38.16190541860223 33.163874640233274 36.5537626620395 -21.845318716845476 
69.09946175298253
40.4538372223096 19.2516328901592 -41.383869652543495 -49.520606310216294 43.45106989017623 26.185295721658775 -37.256936669118616 -25.275016765291614 21.539708070834678 -34.70078018837535 14.248635238499162 -24.434374818878712 6.563273177574779 -24.85187305777653 -18.27405016332363 40.044428722358035 -23.147328736858807 
53.296212367331364
-43.68034822434444 47.056765977830366 -43.80833343984505 43.04203951330253 -32.68619919475112 2.7719172521276008 -43.739540430599135 39.29978844482271 -0.579193783622955 9.403277718514957 -7.007449030913563 -26.606659893181106 12.763251835755874 10.530866021447629 14.799600435381038 -23.929555878386676 -30.627527464512873 
53.543143319393316
3.763544150403554 -1.7800054613641763 38.48475229364644 47.75343240101385 49.66471500044672 -10.423768637493971 -13.001943509523507 25.35954305633628 -48.890710421808436 -2.880520467109889 -38.840733514138215 31.65342924961459 -31.961099304911667 -3.066246189813427 30.88386468053197 -19.248946190091367 35.54977172930148 
65.95746148535608
-0.9328920096880822 13.600855068551212 -49.78171743681031 -16.635944406498027 -25.17229506759282 -13.857464451783741 -42.97560691347029 -24.764568623953544 -28.16792100902463 -2.77383697641622 -2.5161081575302617 -19.258473470571012 20.679330446100835 -11.735182659173205 27.74494178763834 23.215414922972556 -22.215998094121826 
59.582388764514604
-20.826011014190684 15.313962368429145 -27.724146083117173 2.031294079444237 13.350535996753187 13.879893832792497 -42.85720644738497 -13.30673371425187 18.409929307193252 -32.82812261783556 21.175249282040525 -9.66041133308537 4.317710423359976 14.805056495212028 -25.77281372499588 -40.18454898711815 -19.071255685666276 
59.045210178444385
39.89109338591746 34.6263796743723 44.57875565235206 -24.97450166935287 -23.10874850905519 -46.25701542592671 -43.524481714746244 17.00556549092029 3.3316287037720613 -29.996472378579885 -30.698574208540265 7.96851025458065 16.39180847838628 33.48211969617938 47.20871452444524 -29.3479305015377 -15.853678975288055 
33.8036259561854
28.783161607359773 -30.46393421763247 35.88988652546308 -39.37537298157362 2.571564383492955 -14.640974619839518 -7.317010491058383 1.3631002043900438 0.41291857976295887 36.41263555216591 -39.210667052539605 45.74771939994224 -34.91736600629807 44.163429524550324 -42.7413177254792 7.870989559915117 15.653773121810218 
64.6769733173615
49.115706039400905 8.168707318270549 16.498731714509617 21.87052690336516 -34.552625816186946 -19.888497651497882 -46.00061030944681 33.795962698085205 -14.861418025239125 -20.61748279009211 38.80322579667839 18.955507006609125 12.087650299067356 26.92853700654166 -19.142512981879833 6.0786724684818125 24.44038864207502 
61.510206466551345
29.472949420153313 47.8394540292021 24.713479244460387 -37.7597958727629 31.31344504693054 -43.33124190189642 23.63490064534463 -22.913438510443697 35.47677229133515 39.11770262488011 -37.88878762310591 -40.56843866733809 -33.272845708286255 -45.8467045157326 12.938516655646893 -28.485028624122034 -4.5409862755204955 
10.318707702196317
6.705921198514716 -39.04637739897012 -43.88375898394319 -3.1337878391020197 -5.202556345894983 -45.4823743599643 4.560777137030136 -35.22844202837774 -3.519793321925988 41.956806869039625 -40.72119950638257 34.96441756691462 -23.226079570511704 -8.090772199684302 41.33234735598471 13.160248424117114 -32.87138994956622 
1.7869240464572944
13.608753115274766 33.35475519137461 -28.105409285501594 -15.977703669449319 21.189789524687626 35.342861566732125 0.15074758546398215 -17.82815834388508 -48.44304364258687 5.549931077553424 24.664168009765774 -7.887776800991318 -34.13114401058071 25.013746518586004 -2.413733141861229 35.92694439259199 0.6911836473205923 
23.53149456451662
45.94749428397384 -0.9298273283996892 3.3293243089576023 -15.213138561002346 29.094813321247926 -4.992469442184742 43.30812325746501 33.69804884516354 -35.07684528429744 -34.22801014412155 37.56292417548677 -35.72163682429456 22.08405032328993 11.736237550277004 37.550482187597595 33.97677243470433 31.311730548841282 
19.391196447633718
-47.24208097944131 -41.23338815986606 -9.411061490700703 -27.966343987674037 26.982363812665668 -7.823579067088524 26.081841051291676 35.00424241150111 41.27353809244322 -38.99233399800164 23.60532296258104 4.480243438682521 -9.424002450037584 10.65986707730763 -36.162899392763805 -3.183894786515438 -30.12268490718236 
33.78444589596241
-21.418968210069522 34.0376469317427 10.063003479598144 -32.58560310059507 -4.9129005356167355 -49.66561328963655 23.698522453609186 -4.232351471721387 -49.232470707095054 4.257594335596018 -43.396752925079 -11.402210566223182 41.60554683245191 -18.179986530009373 -7.649232972304318 38.26656599909464 14.135325192551576 
66.80644182763828
23.724478152842906 32.638394066787555 23.07869603017791 -13.657329489121459 -12.323083842289485 15.447902104225577 -45.44379534315881 -37.866468015702026 -41.51417813331469 40.96724117039908 -41.75281930865088 10.769113723160231 7.569463855082567 -24.399236881008314 40.95544409036775 40.11147200644072 -32.18171022553146 
85.46040383317039
48.74438545244263 -16.987557469452128 -14.680543865332638 26.025884300308903 5.137115433524286 -5.523542936293367 1.99540488229146 -32.33034100014337 -21.16553849408008 13.8705115829882 -11.052902096913044 49.127270244805615 25.985605932753813 9.896776010492992 42.18709304950606 49.919612932600316 -10.746853050402649 
32.78154888353456
-40.03280006578795 12.28433820630157 38.746503067744015 45.497601336037036 44.049929439927055 23.349416046102277 8.354476239116337 43.82517031500569 6.042532450549402 -10.917282076493805 15.089933599202794 3.670226678343681 14.306912522348853 42.97715975913309 48.76653494864007 13.296845303963877 -13.021727098767613 
84.4818112173752
-15.340506242903054 -42.00617380273526 22.269844618855274 -15.134869666337813 2.759362773252704 25.183998372176447 -41.489383309448236 -18.50275818781675 -6.19008458765483 -10.902094158003294 -26.742524142025058 5.463999677978833 -5.471847217450801 -34.128159198829835 -36.65726974791398 -48.023672302984224 22.23657619458332 
52.29354539521999
-4.137480411567772 8.21410498828201 -27.405158336746915 24.407053830107444 -16.118888502921905 -0.9553046941334529 3.1999633812648014 25.801572271882094 20.02067152363051 -2.51807671785442 -49.468743903314305 19.647469021600187 -3.874447321663098 23.802159637405765 18.048256890183893 13.405774150486458 47.83476376941772 
74.9098904631616
29.206888402240367 -9.374136509600262 -10.834250908373086 33.84599629812773 -39.258883386230515 0.3592891797150841 44.10714949742585 -41.7423342452382 -41.23551478086315 -38.544028328846714 39.73776579215945 36.19973778558145 -6.922183669563061 -13.627702025417832 -1.4665155657368558 27.81297400618456 23.52651863231877 
67.10888719951981
-43.706590526560575 -17.774401611290536 36.33286084035157 44.50914198884385 36.51101359483786 30.45016470654862 -41.96428766110122 -48.61207992500931 32.03568266835214 7.098681628682193 -29.997815397533557 -20.177023168358332 -19.485544330655667 -3.5854088472635937 27.43270790723348 -26.569907634536992 -28.626575210785333 
81.42107834254317
33.36307522570969 -13.443885827630467 -11.007325296481454 48.910940411409584 30.374022118348805 -15.937646731869883 -20.751732752213613 17.553966864743003 -49.44904787131868 -22.2658414334325 24.739211365126664 11.573664459517609 7.693424400223712 -41.65933823099164 27.787018347834007 -1.7541296524643286 24.856099762309015 
35.98206378956774
29.689809047055093 43.897587264267116 -34.990185435862884 -4.399948756722694 39.73263275839393 20.135187890720772 -27.056489703261388 -40.609760402387984 8.100082350829688 9.706871714525853 42.484800634101404 23.343817533229966 -46.89314779693701 -30.294902847764927 -5.301061107800656 1.2588387185726546 45.0564341436684 
58.74041296899043
-10.066973568792648 -33.70007974090564 -43.44233453206216 -25.731012421613585 -0.5956921713320042 27.54832891496389 12.273339675630403 26.43182946710418 30.488424116987616 16.972776897483755 9.844710871378794 -4.43545944831525 33.9455782602911 40.86450599840788 38.13013896769519 -18.037830422939205 21.029494256745764 
19.01851032547284
-29.399164549955458
-42.336647233405074
21.06940821640778
-24.37105965976727
3.4796784169947585
-0.6547038522124993
13.421856439737425
30.228408008544022
9.087045275992935
41.67424142438135
8.388840731935353
-38.91638813198761
42.87638885755925
-2.07112341356018
-15.03270995476985
16.153777460481137
44.88304015902389
