constraints 169
variables 17
-26.509630971492438 -9.7699336015868 -8.232781683517821 9.702147712559054 -38.6340235998552 -3.8058988451465012 9.326256906974372 47.90357204401987 -6.8377043884309785 30.019706781642014 45.785750702287544 -18.684130243793472 12.097945036650039 -33.36799996084406 3.3353938764978395 38.77268445507745 16.177264174439827 
87.8295315833203
9.481040590949164 -33.50564897846813 -31.58364100779606 28.457586520083893 12.642785505661614 40.69132505320255 -21.236943171332545 36.817649083961896 -32.869669379167576 -29.30683527800041 36.55900736463089 29.943530001331325 37.75996179838582 46.915169309222165 35.380519177972005 -11.855843440061008 0.17815674712387164 
97.05684107260852
-14.292089828827947 12.607634201783434 -0.6172850190418586 38.63338538271192 -44.88847066047029 -35.11939790641283 -44.01700493886091 6.273465456914629 10.505814838932572 17.681537859767545 -22.583306864106945 -11.826545956200022 -37.48894117553503 22.776163839504278 39.641328193290974 27.680509341162235 28.075865148388473 
93.53761935392006
-46.255556976608624 33.18376596359643 34.25148357815377 -42.66638561660645 21.46721146235687 -7.6750025722066155 -16.62741676457228 6.027319094664016 13.812046514297151 4.997147735497961 -12.112752770942201 -38.351754509309245 -22.29451512867807 -16.31885826477675 -38.30774652413646 -21.3160536086752 -12.88655225273876 
69.3784042871531
24.068020690588853 24.462846958357474 7.0567655016756845 26.728587074344745 32.170867484346005 14.743104927666067 31.650617669182324 -37.14098362064914 8.528463890013306 32.891872398771184 -9.407686492683233 -38.90564087942684 -28.90225189112554 -22.066104806985265 -7.55233128214585 32.8621426914371 5.182725573257365 
19.267932607751813
-12.36307064325728 -31.03832927223533 38.87296322406269 33.99396318170581 -10.80293592928441 14.821009310166843 -3.348189943577019 16.563714327926675 -14.802016279681595 3.448691838922855 9.436664340694847 -20.138421705067845 13.11600814160029 4.493838356771143 -46.44807771404097 11.842474745228373 43.518732435893625 
38.16042001357548
-24.001526499288893 12.497820933600657 38.09118733629818 8.6784380572238 38.8719342344006 12.190211764901548 5.333993362647547 -16.383225936928945 -18.104944289664648 -35.707972301448905 -23.81004256541923 -17.47042008654536 -41.231927182249464 -37.41733586989652 -38.5936214653764 41.26001875641312 -49.596030166896945 
7.00361864516471
32.61610861154121 -13.317734836073228 -3.896010502248835 -19.859760805699757 -10.078864672967256 -9.255326364737662 12.34195978241798 -48.806589449706614 40.18834395397816 -27.615949850249844 -11.935706871331362 -5.775981314746936 12.317775890685802 31.213023586478897 -44.724206908501095 -6.902419873386577 -21.58041763189282 
77.83950967794921
34.16971440747702 6.825927605809582 33.13659252605787 22.25932535124862 43.173757291338816 -14.102640464348937 7.275213538689563 43.96999533206957 46.02199317281901 -37.29374539274417 -43.54181166654419 -4.7141090508993955 -19.674019965875623 37.337616958713184 -29.311558087105215 -17.208203120993915 -24.893369165401847 
93.73157992317907
-3.4858441714793216 30.95411164847907 18.361649865125855 -39.352560405301304 49.910827252418684 -43.38416533502703 -20.018361332342938 26.86628206326212 25.047021683664966 -26.56639579276461 30.191302835446734 30.71584278675992 -28.223842017884447 -48.72798277346986 19.18037880285449 -29.729264765686246 22.997574638457365 
27.15255419057395
-0.29772355444053034 22.475733822660487 1.9557864853499396 -48.438619166284205 -18.843343783855882 16.959317278949655 29.09773273751604 6.752429894178945 1.0354551338233406 -16.550761535420285 -21.71647244340239 -47.860877905600496 -12.399830275161214 30.471352765215414 2.947024470613634 35.950137954765836 -33.728545751547735 
67.4075537709385
-35.771712840537475 -37.96830527385592 31.45043782335361 2.0081311341338974 45.15086158023878 16.010805351655037 -34.64566234013541 -18.90159081103482 27.59248768291029 35.99103170580064 35.93735728650181 -6.5108955780991735 42.09869375753658 9.53425515632145 47.081025637637 20.994280854124398 -25.48550962850221 
40.88906911853141
45.976482805488246 5.9804111692330935 27.960183503795506 10.25834955764676 14.9844844237047 2.014496954482162 -6.146943464516433 -9.644320144857396 -11.752840492357322 -12.051178651160697 -18.522481054448235 -5.417718324069185 36.93885487108794 5.174324706891753 -7.96796295927237 5.86312418902223 -38.718328124098264 
72.79426158950393
0.13199766507177202 -24.48701403190118 12.31461232484483 -3.8858001001267155 23.423390543851767 -12.539820229196472 41.89346864844937 -39.88596584579393 19.263010510154814 -45.262238596851944 45.51192927063414 -8.537793313592509 46.346652172286085 2.3590379554813694 19.272653291557646 -19.848177359403387 -31.282470612247593 
43.526221330915895
-0.2997035802572583 -25.017078357142008 -40.237020808295284 24.578113353883126 -6.92318472774366 5.884668641770972 -15.391759328666865 48.164743944425354 29.592605793457906 40.46577820601729 0.7419124968115511 -16.156105498585696 -3.154638823507291 2.2009996696739833 18.75846324421839 40.62650224116136 17.081759671278206 
13.30604538792266
7.77895737117943 6.954941557787507 33.065446976442516 26.622839679951497 13.41192798876677 -39.819781673730624 -41.43203797281501 27.731556763869534 -19.9578783929545 9.81117159664199 31.217654846413794 21.025350300869334 33.78560617240622 16.640753000526274 -22.195195252757717 -38.37166644784102 -12.374459492201886 
73.31155006474908
-34.87047150300807 -41.19320985331187 -23.95634316513079 -9.035310367821822 -36.90771635393663 -44.081815118115856 12.888299296909999 -38.676670285230756 -9.034909689700363 -13.03793658508512 -6.729340979053646 -46.106014742465916 -47.35514416964617 -29.55854485567534 27.956590651691528 -36.07408538693756 -7.8215211670635725 
77.51293546206476
7.022225040145791 48.350871006210056 16.96267864247561 -46.701984319643145 38.46732161090918 -25.86744912377953 42.759808302787704 27.748081341947582 -2.9688654794583726 -43.71292743926172 12.034135026719426 25.599631211371715 48.63130682958506 31.292885229978168 25.101411863067497 -26.27394084278414 -13.352885504536836 
45.69051561010063
2.197804177681718 8.586831793721096 27.694161684964385 -10.620413661350568 -36.1874514668986 6.494352601504836 -33.411616316375515 18.452623514745994 -23.50804227348281 -4.936588981570708 -17.126965557858995 -6.637893493410097 -38.189268136076336 5.477608070514215 24.583085456287918 4.799346065618593 7.319739579405315 
42.101676020784126
-31.1527276431235 -28.129263768476942 -49.98220463407647 28.488180171981583 -26.521247761022938 -25.010996542042776 25.258156602659525 -13.02842774328127 -11.118798097704065 29.354056778379373 -13.011177910765696 22.812123678884205 -4.6021091763959205 -36.01985975825329 8.838963017953482 13.24681382600479 -32.34292000096496 
95.93294697877603
-30.19795177130594 46.82373457994822 44.51786337602347 29.772450272781626 13.129629032028156 19.041143044226303 0.8963942003476362 18.154212916941702 42.537888250638844 -33.41819565116576 -23.946869481922896 -8.876075042085432 -14.057543552213488 -35.672174543361265 11.847615650405771 -1.1529563541284844 13.675199608996195 
66.86065953869756
-5.981969475915136 15.34735212861598 45.50001166457194 -0.7044490654596132 -30.281470131820832 19.285337007601072 18.73289804009461 41.06917541040839 35.34820943961938 1.889287289037469 18.384957440988813 0.6938090492997517 -49.86872921818974 1.859083055165037 -10.51493241931091 49.51082154502686 32.95878601049401 
82.39461637706701
-38.39752605537133 -31.87909436062454 42.678185301045474 -3.542103911212756 16.077674063444135 -39.56208898751714 25.31744446089894 -17.040164490141763 17.583305013518967 7.207726763433584 35.65666055816166 -1.2301700952545644 13.375025489316215 13.353171396758569 5.110529322859648 19.27818696888984 -24.04435227919379 
1.6503834272862838
33.06102098838085 33.69860079707013 27.864085795903165 -30.988257060643964 24.580277986482002 20.37975826958575 40.91393085324481 1.0448589239756316 -16.09036591426579 12.102352165462946 46.44477573544728 35.57674519814785 0.11132850309344633 1.669675374913524 28.012669847623343 -23.523230922073026 28.985353612052947 
44.05706962337462
-6.565612501872408 -14.618463890155496 -16.35538031570706 32.96752744537193 39.213469872731636 20.81939672057277 -4.932598902914535 16.847767793640628 27.114238598689354 -48.2482212238553 -6.503191636967912 -27.748880832943424 -9.986645084754606 -4.306913898544863 -8.267156535317298 -29.10938196468199 -27.853328454521552 
70.34045699813716
22.16332160479827 -39.192282892521256 -12.517507678042293 -47.96084963343036 -9.194227161542123 31.78907346906979 49.190567278238234 -45.57105182650201 -36.31680667806194 -49.504133975741446 -16.96050710809154 -23.738608035938547 -6.467693126214982 -18.272822318923964 -11.956562084456635 18.64728638541348 28.143771041695302 
8.820951262122644
48.79236714671164 38.88838985409464 15.559553667503792 -21.596861940266 35.63829138514393 -9.433255585660284 35.90346388768576 -27.472414601498407 -48.72671714509702 -2.290341401587895 44.79665288667219 -45.29366997144142 -4.776685148357004 -25.382152615038322 9.110610819860234 45.411975156589534 21.395248397033257 
82.33880116891028
-47.763974008136046 -42.65919655620893 -41.947414838999784 -42.21304055455014 3.09663497727162 -38.94260780529706 44.45885885169123 12.156808979520008 -39.18704907835745 -42.401522463305305 13.91587035261982 -28.455441573448514 45.22158030503317 -43.80415357866957 19.037185430755827 24.588582551943944 2.381588898301942 
42.48510237456775
-48.16434032199985 49.458312310466084 -26.249834237596982 25.39912195255542 -41.433013877745054 15.66586282738669 17.88561224911902 19.402130752143293 -12.740422181155743 -5.055880604299766 -5.663508708656771 -47.19773085416276 34.47434871651103 19.829639829305606 -19.198496466263048 -7.412376064052253 -22.92372917528117 
48.608183519541804
-3.304505665356494 41.562701650961415 -15.337155018771497 -19.074792917365478 48.93271436000181 -5.480677492699471 8.782896366361001 -30.366692168967614 -0.9606828400100511 36.758019479292955 36.19240476380945 -8.65705436915605 -25.367234645257565 -19.51701737027277 -24.86763084534447 -29.33751630851549 12.856686014243223 
12.425660093485957
15.976952278707529 1.2580053112319831 28.53542724304205 19.509149964661546 -29.411540896347034 -29.36707533219033 45.61341840588085 18.44753949697605 48.32899175142258 -25.078018714087857 16.870112931265552 39.88142462255085 -29.08313000914854 -44.98633682610289 -16.047775640080772 7.982769679190241 -36.820777325092656 
45.9597125106997
-2.5594129802219214 12.419436311898423 -17.759571769390412 -42.10016188137434 24.96987994530923 -8.848380388793096 -36.20066167762421 48.62433664720733 24.345150207767347 29.739552525976634 -29.113467389287717 5.416803781735439 48.14992029266932 -14.326203537954399 27.856127260361646 26.963722884945113 -23.483621060926996 
14.696529243989387
10.354925317558205 -15.11283631077405 45.52898777182047 -39.835779064157684 40.62498605747514 48.85141196332961 -49.841405112229175 16.209178395424388 6.733986508996395 -20.78611719369281 -47.32506588178668 -9.210613933923653 -15.809003539680845 -23.164839726519205 20.161149847821648 -24.326795805097333 -11.10638351442914 
80.93257958439584
48.05481888323435 -23.012570591320536 31.46566107590961 -27.24373275139822 0.5656611374555425 -27.835692816817915 -25.217130278759804 25.386132553732153 13.370938015209788 36.95507428036039 18.84744710677097 38.09275833590401 -40.83465060723158 -20.365288193087505 -49.83956911863735 7.474745466418717 -27.557033913492102 
78.60451559473717
-3.6457462152644453 16.979573701608487 -33.685446488501135 -5.693772451329828 21.086099324187984 -28.565462118826858 -48.78559814708717 -33.30657841117032 -20.94407451753065 -36.14110617842729 -16.973405261970157 15.462945050630893 26.501368488356405 -11.9021314754688 26.46137607375414 31.831141148607827 48.63493732462365 
52.71370368029955
18.438093707847585 -12.153248995842915 22.227253996658746 -40.91155434619456 -44.21800436725341 -7.935730600303636 -21.096619506958213 29.83773939686523 11.717858053263718 -11.14128219988315 -27.292530455454788 12.40438034752944 6.44432237610112 -17.255324571965012 -15.895616266324708 37.09494060720604 18.498480896478057 
18.769556927616684
11.82510216846272 -21.157684820210765 25.671122709900473 15.383124680026967 13.826063241909466 -42.378470675498825 6.908774537310634 -22.857802668627837 -40.8791132924338 13.715735775398088 19.939503509636154 11.19163790493596 43.35615159005623 -39.07617405889552 -6.7148464153518574 33.66967846045637 2.7412303088258696 
3.3205909967935265
35.87357708942238 -19.98232923970936 33.30544630248791 49.324965562071625 -27.359907416008344 26.63142741428902 -14.555910975750116 20.60135831687745 -39.69174188220327 -9.626716489795314 -42.671852469158544 32.713605217168094 23.965799957298827 47.17109129215473 -45.00917425643917 19.470680873735915 -17.89766998778316 
51.26239611324277
21.767276843772777 -16.45225583678888 -4.548777868363359 -7.400996162132046 -34.747804530529116 -17.764320766153098 -16.721091713921133 -48.49072347694342 26.05324881886476 -0.9331724551565728 -0.30951534489101107 -3.0775447493010972 39.356553651281374 -40.41590956325521 -47.928574285620115 27.29135824347918 37.68374945320791 
72.66519378577281
-26.039062924302403 -28.193140099602743 31.20842985866139 -32.41666637754056 35.45323773458563 -46.42046280352383 -19.386962961317533 1.380051624794767 -14.351108754854955 -33.82904122006851 46.705584118014855 31.14565555975679 -26.270971171819546 -19.810932958558137 -39.12120357833889 -18.552938675264574 -12.098818174442783 
27.619181981160946
10.982685958116434 -11.587548348791529 -15.233921188616527 -41.85583350360624 -21.705342922245208 -31.123315638051885 -44.41929651909442 -26.085701658696316 -6.990280668677251 45.510912007827 -9.556429474434061 27.059486856818083 -1.963479922576127 7.004405181765108 -43.39599191743551 7.693454448617622 23.87325122186489 
46.136099345165235
2.89802989335044 -40.758468343964104 -19.049199352213275 47.96794387899644 38.73911268577383 32.63078007404759 -29.931317246251886 45.411597117745316 13.143032892269076 31.21318336836495 -3.5872708287260053 20.0646207583478 36.94164407447177 -45.750383231285355 48.13162433505495 2.4818353887741864 49.641308409922374 
68.36445219574681
-33.437181928481394 17.941944695191694 31.307431143310353 -26.41244660047757 -8.06350944562233 31.289251478462404 -0.5926411334709272 33.432566821385564 15.749627741374866 -32.42540257256545 10.719680600053913 6.917360380485874 8.99047201239582 -26.010621268200197 9.21871937316967 -45.48546814317764 24.006959080024586 
92.9809102858303
22.26885396269533 -10.273046527065112 -12.949022430849709 -13.543016058739568 9.513985507252912 13.315289002327447 8.393599088540824 36.63197643621869 11.523379099315946 -1.8384637183313401 37.39470642520405 -49.66357053326567 28.55574164937866 39.334595471163254 -18.97627451581645 10.506506316909338 -16.270677519337127 
96.13098750016236
-13.933564678397644 -48.91068423189222 -10.563506113905689 -19.304254478270888 -42.38386819947346 -20.255435870716067 41.01712037574073 41.28570387172054 49.43569145269318 36.49259007854424 7.505758049169884 47.31926727459256 15.390358817122348 5.8533116912888445 -24.306457900950697 8.063931392066436 -44.61061777938213 
45.040195560338994
30.796400190366143 47.14471097266336 24.137875159353072 1.4178565336972042 24.69696193308019 11.013790504855159 -3.5114289480158476 18.701428044948514 -8.971608761808028 11.103658626340739 -0.7035497183557027 -26.729606121252214 15.294095698368977 36.593059853096364 26.417453269196002 39.489102266215454 -42.2319440007101 
77.54708982834157
-49.144200655244994 -43.92932096866291 -42.903677446858744 16.64988186966508 36.05272347212686 -45.70935076015134 13.320981976236283 31.830200152427253 26.92267970816559 13.251032488358852 -39.526303414157105 1.7874972381956908 -29.518585500357307 -22.584707853278818 -9.063314699269597 21.757822566956364 -24.226494117710008 
57.27896421525729
-13.55519470956208 17.816139470041122 -26.704657942809195 -14.689594763290224 43.90317764727547 -5.406421175138689 -24.777326162595305 -33.80945287524322 -41.879431688106585 -36.504798156001186 -30.509692649407306 42.900175543490775 38.109538131847984 26.335865812434122 3.134642887569292 -1.6523372853210674 -11.219870173555371 
82.76883552163349
23.29813444278625 25.999730786602925 -14.345348803005997 38.96381499439089 47.90798616299902 32.37226454602907 6.656943159466024 -30.301940952598162 32.279716280339386 -20.742202628162897 -37.91982052988004 26.35634707393524 -17.24054732624267 -15.789251009349378 -18.48680420986504 -10.707471639345457 44.00715579223508 
24.081089864224747
-25.194044306783482 34.587454789883694 -47.36378154938357 -21.718399463687177 -16.91931398829898 22.44511234877163 6.663157381298447 -44.00653619281152 -24.654117172649503 17.30081585300607 47.58444650693397 -25.340614567688746 26.446273319515257 -31.82766112305395 -10.114235103479395 -4.116937680609098 32.882479491505705 
61.86689502067565
-38.59775257428326 -20.7517219002182 -15.539951186638575 -38.63608332642578 37.186596191243666 -15.409519852793665 11.778181445791567 7.025626136111299 -40.594792745622385 38.89818887440124 -27.75568137102097 -10.755625090031387 36.27069345226124 35.29114952731973 20.60155341493551 -2.2821735742160953 4.132584197111221 
98.41666036933971
33.8815504106106 14.750019147828652 18.586092466141125 -16.874977053616767 25.24650631585898 47.80844803737246 12.82230129931741 21.429631573518535 -13.640595103272666 -9.975729919899265 24.431265025553444 -3.473297237003557 43.722660029149765 6.404807935970993 45.48286716137844 2.0442123861229575 0.8509646328043985 
18.234554681399583
-5.051443731637775 39.70913226701816 -34.80501969415677 48.47290188599014 47.390339210232 19.266571427713217 26.408293059171115 46.91384376076985 -22.668289197438853 -49.24602197509213 -39.14920953875202 35.45495779255734 -5.161531728431434 11.1280910047548 -13.852542405509105 1.0299779658119803 -45.42434514164727 
74.76182777185943
-20.82767406469429 16.59131401329192 17.970136735920775 -29.527108677147083 1.0031179253995788 -11.01410216236517 36.096629065509916 16.51532103343851 43.19290480407257 16.649781639549616 -0.4817746638166227 -10.640148251519953 21.130836219656928 39.75391624036905 -29.449183999480365 2.108355363937534 -7.685110972665633 
30.76560243504447
-26.71597842511074 4.032278153139522 -29.964796232182433 -45.65286837163185 -32.82043321259825 -36.005531752175735 36.26752516316205 -27.904884017598754 -28.818691455929557 -32.59170726925231 31.501923634440388 -20.168856428368866 37.009380582457965 -11.092449782514969 13.782804316691141 42.986287213623555 -7.32575058879619 
51.04512884979027
34.411992252616855 39.07916974763168 -9.765278889723497 -6.892020452116441 -26.432533438223526 25.369196699159673 -4.562800391452136 3.5304110563259243 15.516057703018276 24.47368782212675 -48.888145371372524 14.40733631651105 20.149273956586526 11.069621774751617 31.064558274079914 17.253563301315438 -34.75287333149339 
38.75774538555514
-23.30823407757352 35.424792894770675 -7.824327823617516 17.748854839174854 -25.341193372440607 -19.489512651831664 -13.350280587807184 -8.76094682803987 -9.279677451701588 27.52833940423035 -34.25702691981528 -38.827149605790645 22.124836634287988 16.894582163353817 22.503615712722947 -17.450021349985334 -30.966191250029773 
79.91391214662254
0.3341819598623559 -20.486153585108692 -46.001300986359325 38.9273065956703 30.720285889269377 36.16657830988312 37.77793742620531 3.2756319697987877 -30.056415347986785 -19.612404420188412 -10.36107911640378 -32.118663969546766 13.090166986342986 -40.110209049095445 -29.221528742736545 22.520195991602094 46.966236887621065 
56.32929159980776
-19.39153378101316 -3.250509262600673 27.458898367471278 45.49190868714753 -2.6084110612529443 -2.0213964331677516 31.4304598839869 39.41136715300867 17.075522942308112 48.312529066596 38.41061494803904 39.7314546813443 -42.837904408679094 39.568308348041384 43.151491259443404 -9.29375506071176 46.061201000679716 
55.2589556442866
-13.463525843844096 44.939601460589486 -37.382354667337054 3.35894975818681 19.38439304017541 45.297192285055544 25.362275328908225 14.309939958133782 -18.633512715301226 -17.61875384167577 -43.47294205620216 -15.005237568599405 -14.44564384609938 -41.45960417083361 -38.02288606840308 -8.697496320849538 48.0428275981034 
26.593857909539388
-25.049131441093476 49.426798313451584 -8.357470743234586 24.281376173503148 8.862900397338016 -20.8159256547648 -17.187305947308133 43.90724727133146 -47.587753299998234 11.408100956352783 31.805476270481293 -39.271114893959904 18.852269471248235 35.87153916656487 -2.5810843399030716 -6.652638280126219 30.516409429459955 
56.204933171076874
-10.193590897491752 -15.310614836626527 -20.442486572342734 -46.072063934140864 -42.533659665158574 -26.8727540799339 -43.65337603639422 14.977204278355416 -22.163684427470066 -30.13474064406012 -21.909558638634895 39.009892616969665 44.84222380301408 20.928273054098952 -18.035034501466708 34.28119141600196 -38.696892588656894 
59.91986050865697
-30.573951605780437 -0.9610686316432719 -0.7313383319581277 1.1747970810667994 1.3459337869986854 4.147727219766814 -12.8331102710453 32.01253388410696 47.23810299246233 21.049793193099944 19.06525860381649 37.50532401822814 -13.92896017167007 34.188932689944224 -41.60047028286865 31.506739677332405 41.034793745375254 
87.6688844860184
26.20009639762661 -26.3566367080831 6.11253252035592 -7.813354045943875 22.14659394569803 23.554391913029093 -11.577467375195397 10.175957381237708 25.707182147166534 20.871040112368206 47.0343326768747 44.61566522591043 -35.83018809873681 32.259535118799334 -43.67392231722125 -19.89780189882131 14.54846143087272 
25.308626195172746
-40.061653505162354 -36.445061955093536 27.148186536672952 -36.87549265725288 9.993053580345233 -33.68220985800417 19.99855167882643 13.20310331123499 5.484259402381973 39.43979348920155 -4.584141929134248 29.48169375274277 -46.38894399835727 9.562122191033893 -27.36972018158341 -2.5711120693144096 -21.689058606305167 
14.108396385269561
13.71487831527508 28.6139903283744 -8.634607730698129 -8.630267931753309 43.979205499032474 -46.596175262899266 23.18759383910603 -26.404520770728013 32.54099059058035 -11.732872668544466 -17.234353549635614 -20.654850118376068 3.965204284225912 -2.3763847245607295 -20.77725869075572 -34.87344755054433 -2.339446116497413 
79.25695492977066
-8.93083924310826 -24.260285447765316 -21.850738431767734 27.017748531857663 13.459231929266792 27.76564052935983 26.37673983505725 14.87483246428954 48.62956565109849 -28.716451494382756 9.90359407359881 2.330112374800521 30.183337136009868 -48.83026208447673 38.123115132929044 -17.205775520410036 -12.001521973670606 
81.22575350925291
-42.426761489060496 -16.27262573778986 -32.72391619330989 1.9030642669715547 31.962746095019583 -19.81834232629309 12.608508069354372 -34.46399276255286 -18.29280181946782 1.838290027685531 15.934961041010027 -18.23574141906371 28.570947702587475 47.71513965197366 5.865687469777804 -39.77934888949631 2.4373131738094216 
22.427016484447336
25.094093587104084 7.579652101789193 19.279793753464233 23.213179484969515 2.4794409555846215 -28.293593478794023 32.082962090794666 -12.096393223493486 -23.128945259440194 -23.084293351478856 -10.23747694024754 -39.42247935910538 -29.141763082580173 11.24484352310381 13.059696111483333 43.87477837199644 44.36837866945308 
59.16379179536112
10.935969536360766 -15.247280413036144 -19.60097058513127 -28.70927506248342 16.16998113750418 -16.06190984024289 -31.84202594810317 -23.54961618442473 14.65911459693669 28.405718628101468 -47.501354046213685 -29.19264334072631 -20.64587574485548 -29.077344948024443 12.776492273519544 -36.17415433306218 -3.1940603775576974 
71.02847251678051
19.115183409053017 21.452058922464715 -8.020452429912325 17.779508907752316 -10.440176985891405 23.184867203623654 15.290638920972725 26.166834771759156 37.70762683150792 41.59489452162617 -45.25350315918287 36.324764415572176 -42.85517812015921 10.37176736132367 -24.37663129111214 47.47876547473224 36.381730416637126 
20.12377247492817
-29.711646823557935 -12.961335955973773 35.96640193214199 19.92368162097854 21.574632019934896 49.325024014341054 -11.929673055005807 -43.01094805108352 44.544624050028034 38.12368975602813 -1.9218980347631671 -43.09514338550077 -26.473562925529137 -37.40455643571219 37.576210025116836 32.440776107244346 3.9847915789420014 
17.02479963744581
18.624287970346316 10.285105725250546 -17.911659808666435 -28.526051470175794 30.30566380677557 -18.08834898280488 -41.238903441529985 -37.385029257924415 0.2920611505171209 17.315608058588893 -10.44349146070396 1.8453812019799685 16.520804611886092 -21.50108507735139 -33.13159285704798 11.249142890795397 7.071047550491983 
83.35510836052077
16.793935417336684 -42.95265420754167 29.93883969830128 49.99819886118976 -20.610703890765958 -25.110304211833213 -31.35082529689841 46.59972186645696 18.109908342931277 -28.32989296869973 -35.493618473217225 -17.55748873197477 -28.097554950698377 -5.493419728645591 41.77255000688426 2.169397932838578 -28.283126186529994 
29.10773138367665
-1.823069057993287 -12.900515947748715 -7.867489397234337 -23.044764690425758 39.89757380356235 25.00421439611344 -1.6571689424977691 13.563571397845294 37.5196654027291 -17.120007328428684 -21.08044457015459 48.53542721515903 -32.53656758253791 -43.97639207915501 25.577350212138285 -7.786786559651418 -18.012362523672877 
21.11127800525131
32.58619915208716 -16.56590872455429 20.113051226383135 41.00166236254219 40.529373320343126 48.228027328449784 31.673541339525215 4.627686276702079 41.7805956867539 40.25536069534725 37.190682083269465 36.61159840495388 -1.625099710026447 10.362438860941715 -12.61886761604513 -21.86782207772371 -3.126642815604498 
14.840871255452527
17.844208883477933 23.09256787096426 -20.627309358854205 49.808039170409856 16.84046735411185 -8.218298458898502 44.98657048361203 42.583457285116765 37.06032697054434 37.99189075142661 11.926119691629964 40.01767201465138 -14.104949138582668 -35.050428843449595 -33.2669848833513 8.437402606250544 22.960712212740432 
20.43585697752366
4.269283499013298 0.2026166556222222 -21.510964414620346 2.1179704913175 -20.256297297197 47.82834491093432 -18.312721926149266 -19.617780194879465 -47.644488674103734 18.20598434681402 -45.7173955261277 37.85371429106476 -0.9381226893368364 46.665947309676454 -18.79529866948615 32.30749762129234 16.526392612850557 
23.455472154465074
17.72363680498306 12.820380712850877 9.481607802029046 -26.33749370604239 30.348278251712387 -42.217780762869 -15.460556302209717 5.6985764872878875 -2.596187500517665 -42.22005146140329 29.9090603295288 3.1605629112213123 14.44529114769793 -13.612763817463843 -36.46745265648252 0.22340633482716754 -40.472741218460506 
37.53706291555662
-25.175377021024513 11.672693101476483 -26.162025328916616 9.424218440642726 -31.496734274822693 -14.731776823953325 4.319864519471075 31.77904475759655 42.92397594388345 6.336574541052123 36.63622079919597 -34.12653019642252 -0.11879163184207187 -37.67718447923745 19.20741030257514 -45.23521535441605 -11.983763245120556 
18.488459004011915
42.02813944757146 -34.94781847762876 27.77150427916429 15.02485218185656 -12.409398412125405 40.81564604644534 -47.7426716593338 20.558181114381853 15.476617368972896 -14.573753723384378 25.447564976407293 -32.64567403382269 -22.954831380956932 47.56147473077087 -33.20334600526772 49.48882728429224 -17.870018888056173 
64.02876380267848
19.671225659598477 -13.170768862995118 -44.224869862909145 -46.105122793517005 49.91524416080105 44.8841815550841 29.774891047059953 15.93836989182131 -49.58157485134023 -46.59444123116137 11.147355527820238 -45.413126755913055 -42.26651928210372 35.08708480246791 -42.340389767149844 48.27048358918809 -42.41150232426473 
89.784795815693
-30.864442556643535 -21.482958647405237 -32.433478790292035 29.391827748075613 -27.484253927713365 -41.86535173656583 37.2752617463304 -26.168002142441928 38.50182942619618 32.47130624006623 -0.994451184296608 -0.4063058780740789 18.106613747221374 29.011035300932747 35.17798287945597 -21.192407711054805 28.543853867556948 
47.46046104082613
2.802999565931387 -40.9211980147081 49.630326087191406 -35.00072806177562 -30.269638085010385 12.116016931903395 14.23591494503728 29.512584519172194 -27.360160302157443 22.65733199134297 -10.694240394972113 27.392717866001362 2.5256636960932255 48.27434860225269 47.59183069549999 41.892442306342886 -40.14692479554611 
5.343315179966068
24.46948421935639 -36.968709721526224 -1.3838852819009233 -23.195999465612203 39.077941103362306 -29.298969854614942 -3.7984372531097748 43.28405641815114 34.5118280031069 -11.11401043144302 44.264686786877334 10.748672250662807 -42.095741835432776 -49.19163913332203 -45.25169080396265 45.04234745589429 -42.01983626693703 
72.32823949883065
14.727410924316871 26.5216106641427 25.021924492173923 -45.92737449839493 3.9373267411651227 6.434595627893728 36.17756101242031 -28.462846929484197 9.644325897945272 -19.214627293745156 -2.3449038904033372 -33.201131744908736 34.94319730264263 47.12798268291438 -5.415074240886916 25.497884859077487 -1.382813014131699 
25.067163914345347
-30.804636040066313 8.390279667465236 -32.62852944392556 -47.80023140477394 48.43474922519444 8.04415198143571 44.552084802596255 -36.187094727287274 33.28686032479541 18.145238000609396 -36.611973791820006 26.86189879841598 43.764587594971445 -14.601913301433989 -2.654935220791124 26.58314521043303 -14.069842024448512 
12.153242666934204
5.355492794248761 -2.445988930470854 -29.721576615554635 41.6605125042271 -24.51109021058676 -49.906058517599504 -35.566902925465314 37.24282577771419 17.054891635454197 -32.39203153365882 7.343984241215672 -38.29520298215746 -21.820843601621497 -9.194158987231013 47.036657334876196 -26.06538382329726 33.57061238196219 
10.687059994258274
-10.545802065452762 -14.072607841275122 -4.502457756369068 13.764072741463472 -37.95599475889606 -34.647355729262955 49.916817999601534 10.202981249546085 2.480868820513436 26.30817543159243 9.250946829254339 28.39309719916598 -19.71915796518321 -25.952984915407363 3.483463857128122 -22.086274460488873 47.048718064070044 
8.233758679921477
2.0439822644859973 -33.05138332442553 -10.284831888536473 -6.31890626884671 -29.61999879529752 9.905501451626776 30.357919841630263 27.53682970831011 17.163349127075648 -23.669802098022398 -23.935390350893073 -32.46367449125059 -19.24508829734888 -36.83818145190135 -27.216765172197487 37.20470430626747 36.8520879054653 
68.95758503591186
-41.78059253101753 -9.212216592275404 -16.830799339398048 -39.077155508126 40.577890326196666 3.2101876022173315 -28.448155074552194 3.4138869064406805 -47.69079424690656 48.50362111743773 13.101977019612718 -39.961816523771155 41.01031803371514 -6.08213210910867 -22.30871454946367 -9.441271026191323 -36.75822585373526 
16.321504199192916
45.66622315046682 38.51617702876325 41.26187272120255 -7.481011198441422 46.598773606760375 45.81448765184368 27.541765850168204 -24.244816639798582 37.61291304813584 36.47286886629979 -2.5863236525172297 46.947995383118894 32.11743021443698 33.32876226691084 -43.68233911703909 21.08431006121606 -11.298435140752247 
58.68374753750262
4.850684812625339 -3.2660933209714216 9.50073809652283 -27.28382675547313 -47.81500363300836 -40.2193617236252 -22.48460697191711 -28.058590725229827 6.4111211224117 -8.760381436274933 -16.833240992562146 4.082657443658221 -1.0259662367253952 33.42372679399675 -48.200848786657325 -44.577762344116245 19.60939526664326 
88.74228270799647
-14.110858562278949 32.03533805394045 48.04996268001143 11.059250859138928 -21.602184385005796 -12.734747817280379 -30.739364043189777 -49.192138280327754 37.003000574744476 44.38111538892626 -49.92620659096492 31.95309640624353 -17.125784490344955 -24.433760486157773 36.83495676093726 -28.586995908093073 -47.79616299114095 
76.21712081065088
6.032022171237102 -0.30569380539322566 33.883749457950145 -33.009712579210245 -37.13041300346846 5.267368062697052 22.51757919048832 15.116118278803384 36.36325624258076 4.600038429012287 -47.61569782205599 -8.794143188446768 -36.233019766305745 -15.210508920754037 5.01991101213769 -31.889975182943296 -7.990141645154523 
26.375649646569332
-49.24050168709413 24.34351412623458 49.307050885888984 40.18936451819674 -7.117025263758528 36.17463364478718 -43.77722406397842 -6.016972565629871 31.93339393140802 29.6824378417012 -47.79837731683657 -37.889182939129306 -42.67239904293953 -33.08131183006371 10.947671953971017 4.670318286619171 3.554779985975742 
8.767838526557748
6.019265582350165 -28.713165662965125 -20.94081661529924 -18.819565450329033 -33.379529970848786 29.11612028649442 -12.670845390136307 21.1624188492397 32.80859969363654 34.66095176394886 11.765312141505369 -5.7652399635979705 -20.79953887260212 -45.358662669600676 28.57655412439655 -43.9650220371793 26.748215210880858 
42.42782360729838
45.25331390626984 -22.685948478660436 3.2690777930414185 43.44177426562025 36.09331528266773 -36.21068874374589 45.15133535383927 -14.553873202550434 -39.19421348049873 -19.854089449590973 -44.977541353562934 7.794600368649007 7.395944465931059 -19.063489359301144 43.15333033148703 -2.5231220592843897 -3.6676915773313468 
10.210831657558773
-16.01404693539147 29.191826845351926 19.425168593653368 6.413799224314651 13.41022349070149 -48.299663784827395 -36.10462149283286 -10.577029395471882 -22.72133432771425 23.35390417356183 -10.21167814312092 12.55303311132485 17.13631330571009 25.96459070728406 -12.811214627604137 33.93714587995137 45.25617342570091 
28.076572303287307
38.61819742511324 -1.09803232911284 17.80902033507398 -23.78105100048368 -48.453536196153955 27.78517993029942 -37.640459006544376 15.864091141798866 6.12646980760001 -27.898548441049197 -46.13089708182193 -17.41471408509264 -15.93998562620095 -13.95529366080104 -38.00123054800254 -41.69802534696765 5.929823724725736 
10.02164956393078
11.744363403985346 -42.479553868028944 6.382977503143927 28.24357997501137 9.298780903218947 -5.87766560811496 19.22691677710742 -6.639592359512228 -14.47505378428341 -19.47717097148074 27.800004359301354 7.70300663745649 0.5360911680526357 -22.084992788149215 -40.095708348472215 12.906918571714797 34.618405423568134 
98.83630236690585
-28.86094309304311 -32.47748195270745 -36.90573950241186 11.437527518028347 -34.35063112343152 -14.32620210127088 -24.287400829296992 -41.39545140764092 49.104726587468065 -31.090090545104577 -45.23370840807961 -15.52288343122509 -4.851346996562391 38.100674168732056 -29.625407650081513 -44.0710282695449 33.61084194160941 
12.559285828316147
-13.767935876803165 -22.782190452258256 36.44926459839189 39.53245752977335 -5.386335635697357 22.28330069289524 -14.309541623189816 -1.2196772792110409 15.538938545227793 -48.93419724246115 -43.43808472396973 -5.824618962471675 1.7365489800443967 -16.26199717846285 38.561368356052284 -2.9181278679505027 -11.586328714749918 
29.886218397745623
47.383480628168655 24.733945174711494 14.823041102670913 -41.55235875533203 -48.57474573315249 20.91303659977092 23.233743552827633 -1.3956657392142944 48.017268161005205 -44.06808566232663 10.15009077935408 -18.145709379472407 -23.421393398757605 28.264850031116126 -35.51375339346276 -28.87553536748799 48.56912540953067 
81.12045034226257
-22.107496387659154 -25.939857393103637 7.413537900908452 -6.164339056434379 -46.457569071170326 4.519586669677842 5.497483106719457 20.176542879370544 -28.571623918212318 38.82243574832262 -0.11338415667599122 23.4633856822836 -9.423931144763365 -38.555166278910846 23.595497202907183 1.894842088808936 -18.422594920378387 
58.62381206254012
-14.966171213229842 6.527701206149693 -13.546280518137479 47.72800425385195 -15.31660421123874 29.07602710490484 -2.899836355136756 -24.728756786710605 15.109831737063075 -22.974628913248964 28.42507147436352 -22.90980332436101 28.089134367547516 9.514831388682921 37.78650827906614 -29.523346861990685 10.929576367990279 
29.021752705778304
8.441429505552946 39.949685186777344 12.995539290847404 -38.90914800550268 -28.53879240286612 -14.127659470464636 2.9904648627345622 -42.81831697958929 -12.069477819990212 28.26217899057731 17.732003315351392 24.165262840924328 -48.765059444166155 46.91435113707088 -16.0468635763405 18.08281695916591 -2.1442767501386086 
43.350591171575225
-43.911101061219846 39.48657179976564 34.3287756219527 -19.873085538561075 15.059038883727311 33.0145673890255 -2.11217997830844 38.67742008203345 15.732818921100758 24.808524536637734 -31.19973205345824 38.14107022296457 -45.937133300225156 -22.03423681537827 43.51746322705458 -25.487105866713865 48.800782081941136 
58.4232941719393
-40.500711857628566 -28.01940752852682 -2.7419516917012956 31.504148263264184 34.93641213997884 -13.54801642266795 -30.248512296661822 2.8130917331688394 49.581708555171915 -34.95161485447176 -46.826655992592045 -23.749120905215026 46.5156980380696 -5.266575040143373 40.55182293888976 26.623282078145678 -21.090911807072388 
18.266415972200722
-9.481260419230608 -25.34693617123107 -39.29115264225732 6.313870025723226 48.276653659324126 8.16019315922916 5.662451656422121 0.8223453781585945 27.958708003074776 14.757584739708278 -44.79173098625263 -13.34972727938083 5.200105370730846 28.616677231057054 2.498324841984747 5.97597914318726 -41.7089867330159 
96.68921658526763
17.182947978568237 3.1436744986704426 26.456401143311737 -11.771399303973197 -36.424885436003116 -23.621352922309 24.60913388648082 -44.463755419762286 -16.57444519272945 17.197482953259126 -34.65158226164541 3.5653562077698098 -16.222017797877754 -11.641340447913684 -8.973532549394093 41.34666536187956 30.237109478088726 
76.84336449278022
11.382064869248744 -30.84245831065442 -3.5296709318004105 9.625941924462943 -24.459574179996622 1.9381142995345186 -38.12267958980662 -13.112089101376746 -18.895375802670365 41.66490957216077 -18.89998843973447 -30.1510095012152 37.61454285216696 39.2246360518145 -28.591284577747132 -41.46683453061355 -43.17483582575776 
79.78774059809479
-23.011567144089806 8.557267196341925 38.056734795200924 34.7634186274482 -27.23729290009177 -34.57583215644925 -46.70483043321544 -1.8752627048018056 -35.36939984483083 39.82215347592596 13.77181511941722 -34.775355639057516 27.855695179674584 -41.92339903055262 17.42747867912145 18.180584763923278 0.834311361489867 
48.169602292123926
34.96640914198835 -46.512464409174925 17.583350652562046 13.637719431313712 -8.868296383825324 24.72628207989132 19.026563936265887 -44.82240552890033 37.38439182066183 -23.934234412036513 30.521193880683896 22.93362993428437 -7.655783082675235 -39.284590913508396 31.055340129722865 21.211546488896374 47.150954583678384 
22.565331148177638
-31.84039825560965 41.7560919812412 -5.669167034427133 18.959386434775055 -8.185136441176489 -28.249230673893035 40.80345213904823 27.87801641844773 -9.498637181281843 8.341928170820466 8.340347222510445 13.764924191317782 13.02247611956907 -37.240869400647604 8.087137365501519 22.813595779941082 -49.15010153964096 
3.9982084242109917
-0.31300312580599865 40.73675337936247 37.47524734069998 24.55301293789188 10.093909151235259 -26.126144561730502 -6.383706609146792 -41.17371211571358 -7.659969474811668 7.948742641655485 10.11444802983776 48.61974092237271 -49.677794130311156 7.871618052045648 13.97324695168831 29.49785757929905 42.09846617209509 
96.68657113126771
7.226014475174139 6.8395330461990085 1.2361745738768022 42.097828443466426 3.1840625399780365 1.036133043220211 -16.570817374479418 34.96504864294603 10.10510301625267 -32.43581992620892 -46.09778045875335 -34.26011155271783 28.434830358826318 -10.444726325213018 -19.95353093965879 -7.9767779462128985 34.51291116583903 
48.005518922201915
-16.718918142725734 43.25431905844701 20.99789491401914 47.91118559448874 34.31115923676907 27.000389633160523 -47.74615949049085 -32.61315392910807 46.753541003777386 -14.603094102687074 -28.445253255069268 1.2168447399788533 35.527451975276165 49.996146644454015 -33.79885596266126 -9.689600024168875 -41.54208527292409 
8.613435209927001
-43.49352622028847 -35.82478080160331 -47.784419064275255 -21.28240800579372 25.09920391483901 -25.20596660406976 7.017414624366779 28.49413991444962 44.09986933433558 -32.817035976069235 -1.5615624810635182 -1.0831843740902158 -10.529476512064498 -35.56980159755277 9.23555831035808 -42.00498269950867 -45.802640287277356 
93.15797573474647
29.260258532041703 -38.17820135077652 -15.044412275226563 -10.879628315106729 17.337690387123814 6.129089463612203 -29.48116721870635 -47.95602398768102 45.41554129542811 26.763836216122755 4.413722827804193 -36.16196080120557 22.33678998242401 -2.1692237225796376 29.183534200464933 44.94518423014665 12.266265795133933 
32.20463376117827
45.11305333958187 -0.1266240355282804 21.101669978573895 -39.303512996758016 32.380135783239794 -5.155722607850322 23.12559028379482 3.3661724613877837 -7.662310289101072 18.012748257834488 39.7056823671718 49.30454595056119 -39.00691768629998 45.85670530336836 -37.97387994944263 29.666495277810583 -14.259703936304277 
28.10613004392416
30.634077320078973 2.8176141675567123 -14.986609414044608 -42.025482915044286 46.01087478487513 -29.83549131062926 29.768136099644096 -35.524386206674386 -13.571868842981338 6.5706711659276 -4.438023551026561 49.25281081450488 -47.97489731662608 -29.78303287270211 34.49071782957583 -8.381912584384366 37.344151312110995 
3.347752186947328
7.353666481511958 -37.60806218321012 -41.51297127325873 -2.4492848959956603 -1.8428001052929943 19.655243293862497 25.605521908484576 25.05051171846138 5.430011060770049 7.668583071714785 -43.3843005680701 30.953362240505697 -32.18836827394471 -6.015991709318357 -26.17413548433143 40.46175587064536 34.98899509927713 
9.168842088679252
11.59402417261709 -40.21453604899037 39.29420297898831 48.58056294503545 -9.818497714177433 39.8070836106382 -41.86015557503559 6.276437320839079 -21.35484921370605 27.517386714070383 -17.043409864480772 37.411014143366316 -22.08872701375674 1.817739975790353 26.410960749002996 -12.63082862833025 4.100297167610087 
27.493940374688318
6.419546654023456 -16.598071027671878 41.72190073088909 13.99781157988668 42.839179471062934 -42.32322577658499 -33.46384504033604 -15.870072650512036 -9.29915383432369 -40.5762365106752 8.676980124000558 41.79890851027753 12.468446596512464 -31.746772416274837 38.06000715943209 -22.260287213962737 -38.958274157656376 
90.7403799620181
6.147746110712596 -32.594582518264225 5.086045685276538 -41.98325183301688 -29.17932648614694 -3.796029236151888 -21.240077701110227 -6.622241416355202 -35.59626981360583 -6.166500597762379 -20.975505796325923 -14.189504129712496 38.82340540619225 21.67669643201785 -34.54253272879736 -12.135001877416109 36.42143379130225 
85.04692143189149
39.857242434126746 -45.56282698562841 -9.873126833532893 -14.464361574006467 -4.088680213319172 -47.199214726238516 -47.51086034114709 37.79285571201966 32.81629058876874 3.6206215876207537 -10.499661551705245 49.77926157498632 20.975004303656803 7.698404073534334 -47.81399389980007 5.8607847645065405 -7.240133032394894 
23.84754815562219
-43.38081335656145 -1.9266422653271178 6.819350162952695 39.562455459885115 -38.686470024305294 22.467621151502698 0.5182671610287102 -31.95750842995182 29.876873978453958 -5.349538304630954 1.8404653201977368 12.65037249567309 6.357553883298259 -8.527832760504836 19.44600086263378 -36.970804823196616 10.891500772555354 
44.265147532003
-32.43691633947081 25.871894631251024 -15.941101900886956 43.12206065579426 11.008352997658598 47.731439797650665 -30.214951635230904 11.408383952757049 34.867382356461135 -42.72041571098214 28.670762252724415 -24.96369628570069 -46.769495012062656 -9.933452385980303 16.313474053158757 -18.015967791655985 -28.132569822773245 
10.10354989127582
44.48101974082928 24.12651122272233 10.83732211363536 -40.51540390912234 -33.07425001703838 -24.34936989894171 -25.230652435841026 -0.21651828923850758 -3.8224523733325526 -9.839981093442063 30.911940126661136 -42.893457616388616 -37.17002300351213 42.03158663376114 18.037347576053833 46.451114746329594 -25.365337870389105 
6.667944393668945
-37.09871833705497 30.414333873645205 19.144715260975303 -1.003087788511472 25.195764596113662 -37.683726568067364 -19.301141668218925 -20.098641359004745 26.79661251167815 -25.553858054191224 10.213641080567726 -3.7804007499135466 46.59517061401482 48.40958928457559 -5.448073558776464 41.538670923126205 -21.682716065079067 
96.4498684139271
21.161653082158367 12.209792260665154 -44.529246225019634 40.135045554330546 23.229575438226675 -14.152643793020083 44.92575395933915 45.94799688759585 20.770563258298324 -31.970138480780907 -1.3789491862360421 -33.914542881574135 43.87372659633904 -12.996838440057623 31.50206140062525 37.16697052411054 35.75249978220185 
15.893518645146065
-36.96484334358078 9.574009135114473 -14.703457115379152 17.269903279374304 19.505814994982387 15.78419751577728 31.499117589971235 -14.14792148774248 44.79655719699906 37.334994736832186 15.434376859251628 11.742984685316252 8.45388704444808 46.94579050570955 29.384792073847137 -1.2289844982317462 31.59168841549163 
34.84686112224775
27.269721677481314 -49.64023510924872 -26.458114873693983 26.508197161693076 15.701880705735945 -21.200082224200646 35.1513656089634 12.730699111308994 40.799311334201775 2.8798898648041558 38.23755774574997 42.456830336397545 22.306175035698104 23.538982365476514 34.9531955879707 -26.322712241939083 -36.37351618860987 
57.538719828526894
-14.325754519990411 38.45482151590451 -15.949289413906676 15.105167418144163 19.513095493642382 -45.64415526844057 -22.244063895634024 -20.923006644086172 -42.3274925839299 6.475029081630112 3.086013127641273 -19.69887869902214 36.59405269417907 -18.242426056911054 45.169006421797164 -33.150190679326386 15.218042625833746 
10.468422852437687
-24.895071258473966 33.090032472663836 -11.33974685853827 8.427166345413958 49.757587936480405 8.718106549478819 -40.77595979385406 -31.978028783387348 -42.38984137788775 7.579490763163342 34.90467762878612 16.035352087795303 18.1948145992379 -48.574276932721595 35.406079862707855 41.95915604578488 -14.717369621817966 
64.71753899095991
-13.821673141971132 1.745659207443154 -12.679359470708484 33.165179777664875 -27.902306531501498 18.83622903448395 -37.471185878726445 -19.096022009341198 4.1491725220871984 36.828467355382884 10.620430396655834 49.035312932190976 24.83474757368927 -23.71262883474248 -11.714872234982565 -48.2799101757665 41.018976684446855 
61.97551546269591
21.374711367176005 45.0938741545955 26.536722279944954 -33.828180975851936 -6.8424579407741035 -31.020094421276177 -18.873906201944646 8.76797047156299 -4.941839932673773 11.708223118891205 -32.88693640757012 -34.52384978616124 -6.025484373472089 -45.693885276603005 -29.237625451444536 -38.248821960888264 -21.433980902179883 
21.907253253958025
-48.677298201251794 -28.075207665678082 -4.168613828475763 -42.566235964140056 47.53233429282989 0.5692403364560334 -21.154000583186328 -14.56235497378561 8.714855618666647 -3.7480589271220808 -3.295649634569976 -47.55512936271765 5.582647908441373 -13.387481245870312 28.513847475532685 14.227613250041586 -45.52072050610009 
78.08794665781194
-25.287876441550004 -9.862945322090646 -41.969847548629225 -16.368782187826994 -28.969333045281964 19.961215410385933 25.0340461946587 -22.58665248778633 -36.89653080767559 39.72934676040401 -17.083535113821114 26.768144360784035 33.020137476875746 -10.533577535057262 37.179018386950375 18.533658790961354 43.048643616749246 
28.108270426791794
-35.982689395682186 -20.536212806077625 -23.696241859313616 8.620001974010883 44.64309165157742 -11.471983593861005 9.312939476586244 9.817319778818387 -37.16525773465064 -7.313167231538877 47.23221429413512 30.4723919286226 -9.146606853795902 17.124852024371478 -11.109560316266368 25.993000357776864 -16.899669479306837 
55.94325544575229
-34.108966609322046 8.295660573578992 -18.245488304085868 -10.042332396250117 17.676094360057334 35.450500454492825 14.117463686352565 -45.482916207902036 22.758621639482996 -10.742317832778468 27.505899545203988 -27.84591877143846 5.254249901589034 26.122161720581886 -35.72910321617228 -27.604016409833143 -24.605181763201813 
39.425679853924876
26.885580416421433 44.211241866761384 42.8817552163779 40.05184083858401 21.03164454735466 5.334797095809641 -37.26189864220676 -4.197791778329254 -6.771718989205631 27.11074383020572 34.74379291265356 -29.851662172388394 -1.2146255371013197 -26.489881157390194 -20.410455302033437 -33.90323230111881 45.72610793107205 
48.62617805066236
-42.43948346873788 11.900937293574302 -39.18759587720404 48.21908552658425 -21.13831368938689 21.93609877595513 14.919898337795075 27.77641742400543 -21.37734424486454 28.26027023811369 26.747440335020144 32.07546548877718 -5.82960115631105 -43.783639128326314 36.20937600397076 -20.622193136778467 -12.665798762863808 
60.8875717925756
1.847173956722429 -42.843802238986896 0.34791323681386643 0.3002609662533047 30.21021500313823 -34.3516767248611 20.340288510729394 45.97545829959215 -10.60613881450044 40.551486309119966 -45.54489490168465 21.76226753081275 -6.213822286671089 46.816884297144995 -14.681581298144827 17.843387770510347 -27.436979075742553 
11.771583792669183
-15.12882578362835 48.38507843810332 -49.41559968535806 7.690906026533064 13.511128800930848 8.510877222349613 -22.9166277523978 -48.53659152649531 21.038840580260214 39.11040462352038 34.90199469811472 -37.864768790727766 -3.921750041585085 -23.548337470791438 -48.98288747163797 5.890066752288533 -18.556813379288783 
97.64723743618748
7.712070510988603 -37.58444282189378 -15.653140142661059 22.731845234539037 22.98870868094582 -33.37352660589072 -37.59773915026605 49.44070689767288 28.677294847043527 15.359511083807362 -40.962927158354056 -22.26475749341157 25.190281963573895 29.92414564767094 -4.752417705329663 27.7046637904009 32.979144716107925 
82.28844434002019
-1.4582194407359523 -33.32101159128156 -7.50826430071271 -24.801691070129696 -35.52734281844676 39.221112909885505 -13.20905180526593 -35.32686519628522 1.3384830734636566 37.1225646689401 -26.016257134384325 27.09044317940274 4.427634596536656 5.609601345584267 20.22284033488056 2.4664738270903896 42.61130755520762 
6.673348608450668
18.281719816010565 -9.440591703737667 17.138241637739867 0.769715201532172 -38.43321140782096 37.066279764291934 -29.83862686350589 14.091831826596149 18.91891425879487 23.45424126293139 -21.172904270991555 30.199802777656544 21.669769892201387 15.861378398714876 -30.316398727424097 -18.00038705173589 31.156721090748235 
86.02176857953182
27.715551744269263 22.895015783113536 2.2632712326396387 40.314037485022624 -45.511886943279464 24.393302384911635 -3.4596256723528853 31.802173547391106 -49.31582807177215 -18.472141126820475 27.077184763944103 -15.46807209085135 -40.25567896896652 -42.83253597808343 36.52810712219494 29.365613604521315 11.369984457723838 
11.614302573192525
19.56628042220285 36.282691954884925 46.325865132647465 -5.150298763923658 1.5219392875325468 29.343029482638244 -12.721383605681325 -24.631364275025923 -23.92266772778563 -12.595728936238729 44.33449212316172 41.75105462425243 -13.371804507365006 16.204276406947997 8.489454206444336 40.95016243811679 8.285052577272324 
75.56411753524267
-8.618977074772538 10.73476594786198 -49.52412594029233 9.236682600483029 15.531946668951463 22.804853371400412 -46.275055228657024 4.320392635059115 45.70151689991849 -22.193381857475856 -1.5789775709897782 2.177183940666275 -20.988830209226915 33.80512114677312 -21.74878480594893 -6.561693893924399 -20.813224746391235 
55.72990068215661
16.465208673840678 -44.04885475470771 48.56079316545829 -5.109221687845512 19.247843588283843 36.414700294574914 -19.596706646945826 -5.131814440086536 -32.78376604476253 33.97098201787489 23.701550258956573 -27.085609876193605 43.42096935716427 -32.83598772032306 22.683792961529306 44.458981801711545 -15.78079564360415 
44.44775198913692
-35.81663083425738 42.39404405668347 18.000683894448656 -37.18126266466524 -22.634532728483812 32.521450049446145 25.986097300601926 -20.831227084878922 -17.610750788673037 41.876760979496126 19.180386730157537 34.59752934780569 -22.74595633023604 47.601257795630175 -23.948074653538654 -36.805531993805886 -14.6209414413063 
70.61559896016233
26.62180400113354 -16.305974989807645 -39.60818575344838 30.555730729525663 0.3856497005612951 -45.07251125809918 -40.84868191985698 -3.736388691554083 -22.146179717186964 -25.860412233345208 49.207732279450425 9.582399402953115 -1.5160530135990697 -38.992687279350605 12.701147397137916 -30.712222378258847 -18.60678143338542 
49.59301287934722
45.12773438917267 36.69408997032491 9.47596298327732 -44.51662401506 24.45247932782607 -35.193968557159664 12.415472713708539 46.0103843752739 43.723360520771564 -41.15633955373721 -40.43281555888962 17.719917354550034 -41.35734319498266 -2.4495019197625396 39.803725167532065 -22.851823344876177 0.47687391608805285 
31.901545391448572
-37.84946935260287 28.485623265652407 44.23754756155208 -19.339906233046733 -41.595949702612 -5.147274788888559 2.240915232748641 10.689170981990813 6.912838320588278 38.68121414043557 33.95531672287294 24.005581081983124 25.315144351130897 -48.91077743418173 24.470892230551655 -26.728558629082112 -0.7352084128125185 
0.15810027327837206
-14.02304986457407 -7.2497689347052585 24.040569956426722 13.663305019475672 -20.69181388079616 -37.28865138867471 36.42249371366604 -26.918773348634815 35.92166931576138 21.849198126348526 5.331670071557269 12.58843027610935 -15.407679891109552 -45.51009816561883 31.468762897873845 49.28922650015542 -48.33461327168486 
57.190744020964026
-21.450716949453508 19.05210185023111 8.880201805020896 -17.205562362527246 21.72229738203329 -43.894984362419954 -11.419725523542759 19.082438603189146 -47.62763000171102 33.93411275734999 -27.449426187237524 -16.12153658272785 22.742818269029 30.04996009336618 -12.226383278528019 8.785438609266969 48.68171662783868 
37.82990685829797
10.071792388342658 39.69617830444882 14.300315187512524 -25.08527699966978 -15.095938617633834 3.800013158549852 38.44678130746077 -20.467800186738227 23.5110692477907 -19.985230954431323 -30.36343497264633 43.639925449214985 22.15336320007323 12.605386681075238 -26.556141784872832 4.923969191386867 -17.63672076623638 
76.20759792175915
-35.653038280835226 8.459759351407627 -19.068198480766863 -15.442929808172742 12.633654855207112 -46.76404654332889 49.77748608746262 -15.068549169804257 26.210877198319622 -41.23835397707939 -22.104659715799848 -4.355202930059974 -32.973564281302444 -27.37822689869571 40.25928828122704 24.89092014967997 12.298596742599479 
41.115107591236985
-8.14730502399317 -44.185857379274736 11.862811225177502 32.003805451532415 38.92713194340553 -5.106913208926031 24.68302274685624 -19.077076668281713 14.140416455245457 -41.444958818613756 39.938357255443606 31.14293759307401 37.40068910580095 -33.60439488887418 1.0842162008569218 -49.85224333837215 40.04410204835713 
68.46022118871372
-45.09987123320822 35.88531627518006 -33.60054796942063 8.751315602374113 41.77493640608691 -29.43268180705446 43.84389674141211 -32.54322132485148 28.34324907461206 40.53923488658417 30.129656003042598 30.352522565278008 -40.92470784389822 -32.98875315326394 5.062373212187552 5.413944629235267 -30.464347551635463 
34.335263696447804
-27.462350690341953 43.878056459855244 -39.23538351256881 10.032778155537379 -21.50706953217345 25.830212297613414 -18.400864471428658 -26.077246232208008 30.50785780547413 38.846236536290505 3.73872069393407 12.46836760042821 25.58683334649743 -37.69707021653975 2.9748302306214853 -11.144144245750574 -45.91656179660073 
19.676869088015692
-20.759374444494615 -30.66162538291406 49.77703637562735 26.48348304033871 -41.99877243500853 -27.97784357951979 -1.212227295121174 -7.534584446823658 15.992900887117827 5.5419415898815245 3.31686730647138 33.2212141044416 -34.56712825479915 31.96706739156231 20.124919221015773 8.672423339676037 12.559750847175877 
70.79917719361266
-41.788233283286544 33.599167626688896 -21.272143751719973 9.067090578384075 25.337128825476285 -1.0686203232547342 35.26694556378516 46.293780637096205 -41.17786111570726 1.5648232136564957 -43.06776252622107 -17.494905960708437 -37.50241582369718 -44.82189851520584 43.007761104830266 -47.53075775474673 -1.2845112825320228 
94.8589148344316
-10.010491158035016 20.000707078798868 -47.983540627894484 44.30476866737342 25.263002273432292 -27.56828255416953 -10.65405609726097 35.9454731956898 27.303239801368022 -2.7510413421405175 -9.361566626929672 -38.45825861584908 -35.3367066485212 30.41272971395874 13.13929160709636 -16.353787541343735 -16.61898411920204 
89.02031336504842
-16.99020454978414 -43.22968435261397 -39.578292452492825 -10.255198224132698 -21.438330125588855 -8.81761248550852 19.387795431863935 -41.12480003411121 -19.10676320462358 41.96946764878426 -26.035114746094457 -40.19684651138151 19.750015485288458 -28.6727426521329 24.436834843339795 -0.5538497281722385 35.1084868719108 
62.99978362752328
-16.909226290469228 26.36659773467808 8.282403204789667 14.372248667775722 45.44626583590819 0.24072306730788284 -9.72309720528277 43.927678585455254 -44.01890131536913 -5.1492592893100735 -30.333586794924393 29.609978432140068 39.389483324150675 44.91827942743258 -22.551869168522753 37.09299411697418 -18.60331039169959 
10.866621674559962
-22.196920885341775
-42.274110120380556
-43.99617028801735
-5.075370479880007
32.79741341485996
-32.7704246047939
29.887129036576823
42.48957415067079
2.9491970926090474
0.9147992610734406
-8.20141881641743
47.06808426821905
-10.419932643549743
-3.914560425354537
-20.34717965672399
-15.074151879764628
-27.668369133438
