constraints 183
variables 18
19.500321289033778 -35.6112164012719 -32.18646662544662 22.6682101221661 37.0757090947605 -28.04214580443802 22.88566343142172 -17.695944034324285 -1.589210414480391 -35.57945694634904 -24.053954354528873 28.87680001666662 15.574226480989239 -7.931107371448611 6.002954564300644 5.072303336596626 -27.214199507646754 -16.977628510787547 
39.48284477357294
40.025795013475914 -23.975360515106882 42.952125829428795 9.069642808578472 -0.2246559084149311 -44.74134702157373 -9.766460221559392 -20.947764981440642 32.06240934497582 1.6834260417756184 -8.638266074218812 -28.624910140022187 -14.988635427611072 -7.621569853271126 -36.48463088225302 -8.080980321580988 -10.91689728071443 40.432926166167036 
3.829909818068389
-12.503942443599712 -7.813828023948425 9.863450876712484 -11.75771847092335 -39.37548914749417 28.94212879966031 -48.46068906023818 6.694653783751839 31.357254960418217 -13.159890785037831 48.85206632682275 -33.96414916986795 13.268372254214398 4.378865799230944 10.009459747192942 -2.865356211756044 -35.83973148544764 -0.7171575487498245 
57.60387228631431
48.52002848515434 31.135436190954508 -21.507916419866767 45.49980352397448 35.289305437478106 34.38404935585592 25.864132667469207 28.104502615303545 39.07559991198488 24.37062726095887 -1.61074566511261 17.73033967496808 -27.457777729295074 3.0600383715389867 -12.791283580910616 -7.972899160797432 30.172067264573982 21.405091416315614 
65.83903218181194
-44.64314815921193 -3.9539993574396064 -47.4749051134849 -45.25657275268933 15.50360756934245 -31.144980517933686 -7.163319921905298 28.755045260177866 10.25453942544312 -5.433308104949511 -38.1446852199897 -18.155326788038153 -42.84100565645825 -32.032822572008946 -44.53209640082058 42.339096599622266 4.166138491403039 -24.27403570040598 
7.183900196826243
0.9344042581717176 -21.138446008719946 5.681168205163914 27.204474703407584 -26.28807445483339 -30.332331845127168 39.71905519913648 -29.8938385650088 -27.1473113981327 23.64238929310349 -19.077770864183897 28.517586744013926 48.85963122776515 12.404925065656002 39.58671445692836 -37.625168198157866 -0.16497336762043346 0.23719886305100601 
67.25890666842811
-48.82698164728565 -34.27609088332987 46.55387426049235 -16.880787889710014 0.08877378509740907 38.42252971284978 -11.296470409123351 32.839903762125786 39.93022496864258 22.264198418249578 -19.54198945452179 -43.52944199397898 -14.4217791768817 -26.366920289269856 6.566565515592352 18.955193909238716 -42.08548447599782 33.31988763225365 
4.3958766944157235
-25.438966117074557 -19.810328981119863 40.72160036436209 -0.05337380760347088 -5.200466259805324 31.36545763930944 -14.899311303847519 -42.568188126359196 -11.653786754742157 -23.826414722510147 5.857566003680667 49.12146901142917 31.016484175711582 -5.5353777289228105 1.1333069119739534 -24.69690204627517 4.030534474833225 0.8779652335771928 
92.04787947608654
2.9765350028061235 -40.398919733900684 -20.05419703082405 18.492547633644634 46.29658531423864 -5.696423551425752 -38.54901047457111 -38.366781281498284 -18.20374133659498 12.739263407922927 26.19083037247752 -1.8550451282342024 27.067960586567338 6.677193751379107 -36.744213982633035 -8.313988606201015 12.849562713404325 -41.83778466721799 
46.51410592414674
18.23313993016319 -4.643241942468059 -0.9984249305926767 -39.799488178282125 3.638139267795225 -11.777320075268314 23.593700852934845 31.338982140708566 24.128895976200482 41.55026451281951 -42.76160250011407 20.186816486699726 33.46650119761817 -40.6476016574932 27.868556523347976 -21.03088881891768 34.08323952285967 26.049394656061935 
25.569187301190897
13.879857966399967 -46.23543006475062 7.712880237274078 -38.69955810934533 -24.342102754650917 24.30150825219114 4.389727860758029 3.91699797948759 -39.99703463437781 -15.971948499514454 -43.89083175455466 -17.122999825642317 -29.32084407700787 42.27162710087215 47.07077370512451 -7.04043980588969 -14.639915451838228 -49.51721394758897 
60.03051189941252
26.860510033031076 17.102134646828176 22.17366831218642 6.046626499689978 -8.288001268254206 -17.21085246005289 31.783011679610922 43.516618318996066 36.37220133788823 -26.026006352920895 1.198840471963166 4.831115745794904 -22.24273716403824 -24.75055108351666 -48.09189007835016 -31.010013657279245 -33.461666257193336 -9.387120044882046 
10.606034467962566
-45.829423773033696 25.20237631801649 19.246208103996835 6.585961147568057 -44.49258181516993 24.77615658393816 -31.285262190235397 40.34402488240113 20.23740055068501 40.43865895089691 5.795388117730091 34.57104723037227 -15.11615818050128 40.79790775758143 22.976944057239194 1.0674838143681953 -2.702575918233798 20.78400992630172 
92.13195041184349
-29.89459345352784 -39.85841190295558 -16.08906788851482 -14.058066495667411 32.37491979793016 -38.195649466587255 16.08541158203994 22.364621579779893 37.89056756316924 5.738223756101931 -29.80791778633526 27.763908031308418 31.096651874015947 9.874279333032796 -1.6402491149165286 20.280319542052 -23.101382547844317 24.02606421999296 
77.11450513070027
-13.398237613400795 -1.539026049810289 5.093500560571819 -30.448891317894077 -37.49861872952421 4.35047909300701 -2.6034797596230206 8.204954982799848 30.34137485904958 29.966606840417313 -11.387343425588107 -37.517388032428265 -34.801328114473584 -43.81042250845775 -49.43762976107976 -24.690262857230504 -4.649652679004646 -3.2104225272868803 
78.48041749613634
15.08101333731102 42.56375666391729 -34.621037728486804 12.43109974408079 -8.952576898884558 -27.031644496081764 42.5526457535738 10.169761473574383 22.952074251192897 20.24320461720744 -35.64993497067799 42.022430321127345 -10.973535038779389 39.43621262641658 44.285417832027434 -4.749965539428111 0.3849363894001385 11.938186552086805 
72.93119024772543
7.883168216619019 14.405819529556211 49.96677966908371 11.40322676412746 0.1578722372643 4.863533139001952 42.372487682150435 -41.91614477171032 35.452488409940926 -47.62328083949093 42.66085149306636 21.532973709958057 -27.979881568895593 5.1632441217793 24.832044802688998 -23.224878303020024 -38.16922092228347 -12.856292483575672 
72.97112601986258
17.013999488109818 -36.51811689775985 -1.8891440241295854 26.479137784061408 38.31405167898403 -37.59481920985688 -41.016924832730105 24.417416216512194 10.902122250221623 33.49284808634694 4.085979403068684 -20.355619587094175 47.48037292768272 38.78494022966498 11.95679158383853 -33.74381695352534 -23.695004707891954 26.00494056170963 
46.3420713760175
22.29959786844546 14.773534932641638 -17.50029991495657 49.86011538755177 -46.192448634478076 17.876870845178658 3.5345309525488062 44.22511491452819 -24.085241040054918 45.110235576129696 -46.086142422774714 42.98093545235602 -7.857070608749773 49.30091864926179 37.542226716496415 -24.63181197328945 -6.0979443720187945 41.29855252438112 
90.8101110348953
-46.75096857270247 8.83633039560334 25.587220168268104 -17.41655728486846 -13.06007122439965 38.85025536727257 33.616830203622655 -13.90468717998985 -29.64666764770123 6.482552266740406 4.0145626628904765 -13.817154207486801 -38.97487267808485 -28.24751014575059 -28.174589001459594 -0.9182229215355946 -23.594661161077056 -9.314672254256571 
82.54415174660139
11.385784970221557 -35.7844996676032 -38.5694564027108 40.93936226826668 -10.202856520149325 -18.27321772675724 44.21856894700153 -10.4666281454492 -26.06013476645268 36.488791432579006 47.358827499481094 -12.909689085639485 -9.22407916545194 -0.6602799597869833 43.063822693057034 23.577731878077174 21.059768121701907 -0.5456537743043413 
64.09112275853056
-35.1944830207049 -44.21413087842787 -49.26290224164638 35.027092310247 -32.69089919248146 3.7284510196560987 39.0432437167495 -39.50676247464308 42.03230173521597 49.942296876762384 20.51200062094229 26.638108888312928 23.978357970049316 19.48783954035082 42.72116023060495 -28.015315157204835 24.23597589758603 -29.336563799969007 
52.423637498510914
49.03521435583443 -49.349381415415564 27.67215607075846 -3.6979650028623325 28.992542912406392 -16.100638183201845 -36.07999563125473 4.478237430535195 -1.461047959353344 -13.158895168762072 -35.962998894287445 -29.559296193450102 9.820575663427512 6.752060497777123 25.232077808122696 5.602962510814358 -27.38248559888936 2.4198328431322196 
56.73730138572019
-48.117372722645214 -28.86323054354156 -8.94240768161906 -0.133588007373028 -18.50905249596889 46.94715328315057 -36.38677916422567 -29.392723519596686 -0.45121001188655185 14.282406364226617 -38.71350550366016 21.68731440279238 42.19562607734308 -35.729307296827315 40.93073588267289 31.69551771721615 30.533969286059843 -29.394205155701613 
32.503563035129346
-44.88577875219961 49.05243833827669 30.75725025683795 7.844732981185999 9.008312470633086 -33.903579033567176 -35.97622249898107 -13.202700898283638 29.639070922132532 3.506066896787452 40.566325780254374 4.0515763501256075 -44.58561703768167 -7.282821599523714 34.01415388788577 48.07975129186465 -18.643362427389356 25.421292417467825 
24.319335796413288
-37.85781159253 34.66407349475001 18.30703391261052 27.242135812463246 -33.41519296958393 40.96091401885799 -36.54434910250508 42.18175907895771 21.510157347903103 -13.523793322184261 28.63936098677459 -8.976048511640755 49.393129777640624 32.66068579680886 5.071951598802883 -32.74099609639623 -21.674495189893296 6.6456775885813215 
24.08688112017179
26.830746543752255 -1.6881920449415304 -26.532570473274387 -21.231168835450276 30.00910793006497 45.402261689859884 -5.87508074804316 41.740536139591924 -12.964111454765124 41.43687277374997 -12.691366583074895 -33.89255766355957 19.375423753109743 20.78796327462632 42.032376182744784 -7.011472669766647 23.10879845954618 -30.273190261856577 
23.419705142170212
-33.88758072463635 -38.657610110268976 -11.096800910303287 -25.458893289192176 -28.366281299956743 18.45844774945556 -35.08482742047715 -6.532450738291033 -20.37478135303834 20.6175335355358 3.0593204359285906 -43.399373757075224 12.627475415253997 -35.870366649500454 30.090432587884123 -33.141039210534196 6.188001571390821 -3.8572033383051263 
73.18247304664706
28.445147200801102 6.498093751940594 -39.44483301034005 -40.728794376005716 -11.313019588697905 -28.963867497907646 -43.86163915717519 7.572031766716783 41.84130320188672 -0.4480788335745487 -46.43290667214093 7.304930920696094 9.768281220870733 24.77746832846954 -16.617944318379863 -17.478407984638267 0.0285020465962873 34.925332515110256 
87.87006370160574
46.41820728524718 43.224768976826624 -16.663475056838415 26.427476301717476 38.630628463355606 28.305043507359002 -35.434372501051655 -13.81999844764865 20.746824303891202 -12.937512640398452 0.7416699818947734 -22.536035934990693 27.634973450985427 27.213099544434854 -12.780961540062648 -12.768829327329591 35.17368000434726 -22.79903223780385 
42.33345356351682
22.521551397973184 -41.41581093043389 -14.724295880204451 -7.496079689632062 0.8547682017220666 39.80267249630495 10.406132229532453 -49.02779586848867 34.724001786434116 17.194011509940793 -46.76113262965739 16.147297566105408 -36.6677995622356 -3.6032869128142835 1.5799062171553828 23.823030281862927 6.293067430009771 -42.79804275303616 
56.771947155657266
36.4628246184206 1.2261119911718836 38.10796403947708 -35.140380763553836 42.29631619049229 40.007103811294684 37.55423464567242 49.57938305580004 -32.851620335811305 36.89234348206362 -41.171552278157364 32.98036719347127 22.721891013209145 45.81713312365295 4.2520751450598055 33.87695340150319 26.481308940894877 -6.124085616975762 
43.48913255548824
-45.64656539480235 -19.665066205629568 13.323533810636476 40.685614939169184 0.185640295705781 -12.010456078560104 35.39416821306442 -24.364355256838387 32.31389462084326 24.151796492365634 -44.18357493590164 35.28344503671114 -36.603739026399325 42.67665654395839 -5.889800219897332 -16.391302973837284 -4.009465049016228 25.313828264800236 
96.58290341745098
40.305979245375525 -2.942038363985887 27.878983489501394 -23.600319928568425 11.657399102961143 17.251222416777892 -23.522651396229254 -6.815733408694356 20.61071102338289 -7.156273112119429 2.8329792051698632 49.31423499729506 27.313535739391796 13.176823674551805 -15.172111028053024 20.40629902649873 16.21756611391673 -2.8539908877275764 
26.030880256776346
43.444466019891664 1.3549660281539033 -1.4831716442820024 -33.70317107682881 -42.4141809182076 -32.49762503367586 -48.244389204820656 14.442835493215483 29.885759187175708 21.68626633542968 -22.42022495906667 33.55853965276758 -48.983460765545175 -23.15330504347419 -9.42305724205145 -10.316396766928072 -45.48999884884833 27.464713022877177 
40.01162109306532
-4.613818922161016 47.13741020374397 5.5720235468584605 -30.667212412709453 41.2019766611689 37.74633304381436 24.799772931355108 49.9151798646715 9.94426166745422 17.206563665434686 29.986569067855513 30.211688984587127 -38.428988921562336 -26.925942934859847 -29.64580601065595 42.76374022752859 -40.40390554298416 19.163968598058673 
55.372698493285355
28.41108961888395 33.9572328192626 -17.56917557889254 34.17483934550563 -30.437990923748536 39.80425921176965 17.38593902579717 11.74318493252747 -27.47065210894086 -23.15309428514334 11.739239582719243 -21.918631435784764 -47.29251197175102 -20.29777123933797 6.0346074536376975 -19.805626533452227 -44.24023859104334 -23.89248817997831 
24.75499385778689
10.940924929729064 43.00541081595297 36.91523742800963 6.705496544328135 23.684397737308217 -20.16029104547562 9.462576671086808 -21.560341968958607 7.156915261485416 -7.709615368935928 34.20856076005832 36.076313018494545 21.064572622394408 -1.2919485912674418 -6.5420809486006135 -11.938753680726663 -0.2999549885083539 -18.892174591093823 
80.541307570696
-35.73991782864721 28.192082738709487 33.823904160370915 7.9975054510515875 15.225714924680275 -15.990305698761432 15.90835191931653 44.103848054854495 9.56576561383168 14.952097322424265 38.09992071944188 -21.472990686215265 37.0424634746975 -5.90620307596447 35.20823088733748 -30.0829770477096 40.36945157427361 -47.98256653579397 
60.403185905144774
20.943175536542086 -20.372981722290117 37.15532212631123 -10.830983596546751 -40.42877154698391 -20.2007075939732 -3.826108458606271 -12.423118574031278 -20.692826983943146 24.143985799488675 -1.926503393142596 -17.950492115865515 -44.31646550694228 33.93726895134044 48.03939153166425 -34.06418001328512 11.440002180333387 18.59342176213812 
0.06788368389588628
-8.016860704946914 -1.3490621626662929 -10.759066689923046 -18.994971165549014 29.18896380130768 2.4781246531890986 3.543724386963156 32.87344887330764 7.533938053833467 48.27787705095044 49.88824617149764 -34.77381351970157 -15.257886201758872 11.467408066747268 -14.985805052130644 -15.245252545644547 45.484174520341554 -12.143843795749966 
60.74863716083602
35.49181564889116 35.33379375537861 -18.9264639662874 12.710377881996315 39.687334208974875 39.306818884693556 3.27536790506214 -13.316596386142976 -23.199985329581573 37.95756407972591 -34.51299911876397 46.81530797797642 26.03453761648747 12.77594796766985 -45.25802483051831 43.878588897103555 26.46803556734831 27.023806605231357 
6.600788180007089
21.539789554507422 28.047727747075186 -21.831793922271046 -16.314852059969297 3.9134474913897677 16.604834155169186 3.7141368931365903 13.538898237528706 38.634844835385294 -3.4818059411617526 23.508464674480848 22.427496626190973 16.267644661765104 5.774302444927592 18.481590461118103 25.613835195896385 49.06942588630551 19.908745205439388 
28.312784237756983
-0.8011679962215936 19.970282285289258 -26.32271329986702 -1.3503417855851723 -36.20884846643398 6.0765533966111605 -7.706810472533313 -27.718165731993082 -43.92895160039597 40.09391430606131 -22.31944999257398 -1.936654927670098 0.7392225698580219 -2.2290240737617566 39.43179715864696 26.397856190707245 22.392296005737435 -10.203354375982556 
45.02075067608465
-29.254657290478857 4.542326105694627 -7.45850274518304 -10.689140048267895 40.878333286151715 11.298531054179072 -26.38454669997551 -0.4883607158101242 -4.489537161679678 36.1552040344926 -44.57892039071734 -1.5254999259192346 -30.560533426588776 31.880583619225078 12.71386337186081 46.58250619844824 3.4914420680632006 5.6771758413016045 
68.63785625085225
-29.523155777184208 -5.677414247896252 34.584883187337056 37.787082675534606 -34.52390345840364 -14.470749388432594 -32.4760094901347 14.550181314287073 27.7826718412702 41.536641069420696 32.42593333302679 20.327739083098933 -17.565961409512646 -18.618974439505187 -40.424533360872296 4.168836224195161 23.444680363634262 0.7698612576241715 
15.58868681643899
37.9553377470521 23.697972031404262 -22.301241235438653 16.377128895545752 -40.530490594577294 3.8854870453874923 39.423752466726015 1.998942988522657 -5.487442294781886 -27.845539946338672 -33.268131768030386 11.473903268717592 -17.30129040951872 -40.887503749675105 25.222512161692265 -8.560125138951356 40.631534434157345 -23.548173740503607 
92.70674955841444
8.95400996628787 -29.123823458061835 21.693740575890374 -3.1489767768710806 15.792845725324923 -34.52677784237858 36.41705625067007 37.83648324069456 29.28120656766491 -41.303015489554866 0.8228492745426053 47.07452978794113 2.980586169022324 -44.657022227187866 13.600841539839593 24.913777245945198 -40.506522195798425 -1.9635970086087227 
12.801236706647023
7.793133991889434 -2.809076587541192 39.88550713961621 40.778961526477616 38.44027375386699 -37.15370447188956 -42.73931299594486 -5.7343275217419745 -48.51577814394231 2.9591256181163175 -28.437734323314213 29.238053618255748 -8.754598484079878 -32.0214018631129 48.54687859257736 9.4893088629494 48.48596865502735 45.68703297817068 
59.11445326447847
-2.3260454283241785 -11.45220230432713 42.67959289894499 16.414785067106322 -11.915642291562293 44.57501636255343 16.17706580095691 0.7147482982486011 -28.469286948241145 -33.58746795672073 -17.665480728635686 45.674231330657406 -45.5655396103398 48.29148617852357 -8.240732754952859 -12.489134988250292 26.608382723826907 6.557171424378474 
18.12748038074894
-28.00928022745811 35.18495716515473 42.46440010654457 -48.410532803426776 -26.735903949025175 -24.232228871948546 4.459878068313273 -24.920511046267567 3.2726330718666716 -43.88087591468049 -40.609291886449874 28.69673611434216 30.785949005610632 22.56020671114615 -7.277398837355889 34.999847534114124 -14.916921625767323 -35.25148101065092 
34.12096578350965
-33.641785406681514 40.875996409222864 30.6104970307031 46.642548453333504 -15.571031705026826 -31.720467227951254 -10.054428950408756 -24.695152179238487 -28.62052817519778 -15.535924517003195 -17.418821495488288 23.945022064492946 -47.349211209413745 -37.91561964404999 -25.053469186794253 18.04959670428856 -18.141502669671773 33.65996830992175 
77.54619868286268
15.63075229794552 -30.14711476879317 -19.210499977319973 45.052905514114556 48.24453745922111 -7.988533518371511 12.413657736049466 40.602136631582425 9.890875466314696 0.5124135484992038 17.297992071751082 -3.6404937091208325 12.804773493104179 1.6383953595540817 22.489320233096123 43.54509867851057 -3.957357418764971 32.08601038206601 
51.70620650153241
16.837226868088635 -44.71278989056605 -17.19317826099195 -44.54383929522727 -39.55857434145407 -39.56098387373387 -25.918219470428006 28.129166252486968 -23.901309977351758 41.33200350966436 -18.668390873665587 36.399212473152204 6.920304951548076 -48.694726226397876 47.59146499294157 -42.02747180836081 45.17487915737854 -36.61741437852071 
45.62903820336276
-29.94676053504509 37.016452505484466 14.45572486515195 -29.639029447628428 32.85420861360693 32.63088012744372 -10.862626259597583 0.5232893100762368 -14.937144361578177 -3.6090634675735274 26.84369204469526 -32.52266511593113 -44.62122343579742 48.348855857425406 43.18629073562359 8.583422950631693 -2.9280065447488752 -44.24165244213872 
29.897863116631342
-37.24972835439058 20.967770819201434 31.306388580315655 36.285235354494915 -13.430976205481137 36.345837183325315 23.34834404261352 -10.40185310842584 30.866431384647527 8.949041589107622 2.678305530722767 -18.27839621034094 -30.437391547935245 10.628355069878502 -39.77022397733013 35.244152250414416 15.394484696910538 -33.891741373587266 
80.59011770815717
-36.775991251214435 40.36691704752836 -1.0614411631815415 47.325477826019 -46.130573577724455 42.71916274414987 40.905684571003405 17.8511853075168 43.86931730744536 -33.25477164293076 -2.9914089897597904 -22.054150389644455 42.25456500246203 -13.017625776029277 -48.438621692987304 48.995762529439304 30.440112806905844 14.08282077000922 
10.066811004155007
-25.33062384976853 43.49232300030474 -33.890463862614624 -3.788078048634979 -42.03998474892748 32.68574007533802 -23.952308726477632 13.668942472510615 -45.60181898918093 20.057855089220595 -26.000778200206998 38.341798249348585 2.7231456434794197 -18.05997790211761 -9.171325164259734 28.280472966094322 -9.583233227956242 40.33721062360108 
28.954282067682925
25.69256787681961 -41.75922243406839 -1.4511933309928082 35.52908011269814 -21.686618925618482 45.282052106237785 30.567200418976157 43.43252311019614 25.85293840664319 -36.00133246709202 22.560443818592702 16.29397118812153 31.320335150263617 -26.627186095236677 -30.860230944293598 45.195110853945266 -13.267120345618075 -12.48506691798621 
97.13232646814306
-3.2507999043915348 38.04949616718878 16.92671454715598 25.223988957592184 4.930792135750586 -44.87511166329231 -9.881119525027891 19.106628636172076 32.33036081039997 19.06303378892015 44.39296364865025 -31.34118626905704 -49.56592040510797 11.555539621212382 6.334558739851673 -3.7916509377516476 3.079726991984444 -31.377503602915937 
54.92881151597341
3.069704780321203 -27.584492524129466 4.63044563742865 -26.80279978222073 -24.68119723561496 -37.51063720881956 21.544135961074176 -2.1320577262791574 -0.8377409992507054 -47.97789835201197 -6.924249667902615 -29.16938125705353 31.277660203620812 44.96848315904616 -46.27265138794866 -19.011071126529423 30.14596273846483 -34.85382824220221 
78.67927701320306
-39.38626320497056 30.66671009809008 -0.4867865168166503 12.059325100083008 -33.58813958374074 36.241206525535205 -6.399433414439912 38.334470631800414 32.26435075079287 10.02839266130664 42.15686298674481 -5.6009570611025765 -22.04873548749977 -29.77734625707954 -1.7614987331871532 -11.609777911110655 -3.8317562658222144 32.97231134445565 
94.77884010902943
25.34373688560588 -31.24654477346628 0.9521506164171925 34.09609670513454 39.5097620649033 -17.718208300510895 -34.37721896671111 2.8503444195418197 -1.5190390665832751 23.046427094715455 -23.145783689165544 12.635742072382797 25.24168558203567 31.936190873434285 34.86057831110847 49.694943167832434 -19.170617810015234 -9.169566040127684 
26.2873266038665
41.16841699719575 12.506271700169833 -6.128596238144958 -41.187984931630375 9.842161805589221 0.17139821273609357 29.337354484580047 -3.2359574289999458 -5.466901505856981 27.200200534830472 -39.17201760571609 -35.961574180476674 9.052228620793123 -39.01925574915612 -49.9130161688504 -40.026837254807425 -0.8886398229511769 -46.87717321748435 
58.024862286877266
28.87925035733214 -16.409921766507708 -40.351809839166066 -4.631628002771471 34.55699563120042 34.25531190567371 37.427078414214236 19.85127909133422 17.40177155789992 -43.67325261251482 -5.29154455246541 -7.025643509457211 3.5968736688230507 -18.793007375315764 -39.20182824003504 16.100923017036493 -6.589289916783869 -27.75370166515243 
42.771474234846096
-36.98264306743686 28.760065874644937 -25.412661532935033 -44.436793570144594 14.076447976290112 28.970712697655586 10.936368229864925 -4.138869577594363 -24.345372296604694 -11.938832211768123 36.532861977701586 -20.06518435190253 -12.107535303992947 46.89494116064091 18.640501435988895 -19.135422303712335 -16.44896005703165 -10.808858401417268 
48.55816080399955
-18.408042947738156 11.3051518820429 -38.34716955059504 27.450365397553583 6.79530264777658 -22.092459407953292 -14.632914178148816 41.22237904328003 8.801006868320862 -4.603393516109641 8.150173355170509 -45.78400866634901 10.5730136308553 41.88342013784299 45.65590368084838 6.677740338875424 -47.71976568205658 -42.55795744097156 
22.83462777383285
-3.2478528885759985 -2.9764916029601665 0.24049427944766677 -43.27503926678807 -35.82169055772083 26.010842265491448 -17.712009667992426 -33.420185089666774 -30.08101271853346 -6.198367804532012 -10.962669567205182 -42.027135609092866 33.62706184519466 20.19763382482617 -37.430401757951856 3.801077150660639 49.15509284799545 -33.059531798998506 
44.201660798224715
36.99351175730044 -2.76058701656828 -15.417511301800765 29.095169457664866 -22.74392500345894 14.041025639916555 17.729862272494728 32.809089813562736 37.32649893639383 -45.59866197449824 25.313733554253332 7.726070669823535 42.98330448273818 9.471528481900563 6.62742017869914 -24.103785381024423 -44.55295207378512 -0.19982064137865763 
73.57454327874936
-35.91988292500583 -45.16830117419415 -32.98550620358264 -25.09489313889537 36.636314785298055 28.948534565196496 29.906309292820424 9.173513284399057 22.386570614549 13.03439795939034 -45.96518083014289 -40.265440205844904 -27.294303595521296 42.87080717115366 7.8837175287167796 47.30050022534357 -30.17912003121439 16.27984597963234 
93.16128666978992
23.4142497374296 -23.33115991168485 6.127339853614103 42.007700595407655 21.65088694887548 -17.352728195125003 31.73333070314726 19.67458668166688 42.44161509632937 -46.78950912675053 -25.015578685018912 -42.33225409916022 22.12136381453874 35.497338913350575 22.462073952127497 -30.6054060052504 27.13328455941084 7.042761346298363 
75.54545515878178
-31.966238475922783 -29.7196230022024 -19.887268992852427 -3.282975232993415 14.645059373880542 -32.503464164411426 -9.684553660408767 2.193503230079884 -26.53626976427551 40.81636645578918 4.8800930727505545 -31.475539564061638 -9.126203220266817 26.05507908231604 -16.642387687047844 -6.0547618416687 44.73097538376955 -37.833105746538976 
61.4863518320524
44.04052742496336 -18.493466800555446 23.332327004071445 7.57861283334136 15.66935392631656 -29.850880633721456 4.531828395917628 -29.977505540575855 -26.878152785316523 -46.38749204420846 -13.304745631640415 -5.643337439008576 -3.8773554061452984 -28.327138021496335 -11.526337251290421 38.8639617192829 30.565318382258923 -38.040021228940915 
8.261982841524995
-41.256915356790834 -0.24319776489364386 20.052734606700213 -27.6918640432848 -39.34422640837475 16.470212367400094 14.039731139516064 -17.423800893006494 -48.189662151353815 34.24911665102242 4.121916578021015 1.4882530401481588 -29.269485233780557 -9.82426178040572 13.634750519821367 19.751563774921365 -9.527998327055933 20.71016293347496 
84.29326591349384
28.18483607049599 -20.71268926108891 -22.772850821676414 25.5141367649407 -45.21080107069842 -11.397228640680858 28.52161995454962 -14.65532312951786 34.266747093000305 13.659916675329264 13.823547757062514 28.82943743723162 -1.228603824712934 38.28665969144389 1.7573378950327196 8.570894914951097 15.883871700522306 32.00203263911209 
68.200501670889
-48.20852727924485 2.6346918923672717 15.021474638525518 29.140786709701175 -31.620091784538374 12.856032502436712 44.71798895662266 3.4006026915810352 5.205826343297218 29.225382265758086 5.707736182326073 34.492005878623104 -16.58794997549522 -8.929070910963723 4.9669205306808095 -29.11490656398018 -42.55490913362259 -45.65933720039717 
33.25013195340506
-10.38281638321343 -22.740078646655558 11.094220835967846 -45.431461142447425 49.4396680947397 18.43600524788343 -7.541535860713807 -23.400345110238664 -23.406022304374407 -31.13271753791618 41.19491992969763 36.63865855768411 -31.17239138570961 25.239615503918117 -32.14085270022503 10.064532230909805 -48.5942738346711 -42.31499307509564 
47.98917296056576
11.282568547970342 -17.356659266431762 46.80257774804616 -23.157827404403054 10.718077884699206 -14.122351044370618 -16.337739051704247 22.905579837976234 35.674399450638646 -20.180424886927707 -49.54227972157628 11.740856940598086 7.731608027286661 -10.131809120866272 -32.84900351318074 27.67517978328847 -5.149399536662223 49.2411112517194 
47.752008577914594
42.43834647907612 -27.53949347496635 40.66859136867144 -41.19809332188004 -32.950798254049396 -5.45434879151987 -13.081513433490613 -37.81997531773051 -23.912048746072735 -26.888387923764245 -28.43613201943276 -45.47004029112189 21.94774401616904 -47.6018640574691 -39.82546284619628 -13.598909374631262 40.74093683590793 42.8200173867411 
46.508260997355045
-44.37235899303605 1.2424781444808275 48.855298937769405 -31.70295409801376 21.518148161663476 -36.415085595758654 -15.0365842304751 -27.13165968205915 -20.89598683403637 -4.623500526786174 24.10422704366779 -35.88944285974385 15.996547571615068 39.49595922039994 -35.4578690691834 29.186837614951855 48.32775553483695 40.02448719048418 
82.357746202916
25.920529768031855 46.80084508428112 10.607563967564651 -40.547069684881585 9.92037589001481 19.052254880913765 -27.003753707173328 -10.1768079146591 -5.717086734878009 10.327744586512168 2.599569563578811 -29.51521317102407 14.104185483732962 20.900921724976598 -7.41320488783461 -22.317826347754664 13.05229245011025 15.71330326947529 
38.410189605652846
13.864658768459016 29.896957064421045 19.3908328139007 -49.42388226812228 -13.590567555055507 39.16171891472314 48.092539117142735 -24.92574608169813 45.18146394608493 -8.041057740948766 28.5728154700125 38.08168161772436 12.758946957405527 10.58736680598836 -5.610457248873487 34.390801518875534 -11.48364266978119 13.61642786355354 
79.36613165210802
47.46687629624317 45.74539755275498 -13.048878801801514 49.2162471827162 23.123147727104225 -30.392593018645176 -29.23427366657968 -26.334144139391235 18.508487562482784 2.949116696643891 2.2142240605003494 43.457949790862386 -36.56547183412727 -23.12315013105476 39.46977049379713 -20.698913904655157 2.0263176011319572 3.472652633222438 
43.91512555020204
-36.87626066809511 -20.73750719158054 -0.851008194199899 14.20048124704175 45.92210509524308 -0.8218994793505274 -11.122933938692881 -1.5953678899945913 -48.96006503422489 9.335116311327255 13.886938299131067 -41.32000154789212 46.89462585300312 -40.3771800408395 28.42609166178289 26.531511765242826 8.964662537323598 42.53219853356187 
74.7762108695076
-33.72607338260025 -22.720756150554255 46.75555665504011 -30.033716711234582 -40.76834966549984 42.70171458557918 46.294562459117756 -27.516545736749766 31.88969079686082 -37.025778195022006 3.217004678446699 22.771267970042814 27.473900323253602 17.791781321629912 -16.215454807569294 -32.58172057622531 -37.66684045365089 -38.90028476324415 
24.880759629809944
-16.3217553343423 -33.98424876836922 18.35921916449952 40.500876415909985 18.32643200119199 -22.923364454531423 6.701595166369792 -23.478472812709196 42.844837283929806 -44.57807346192115 26.692449291116276 6.050994530208001 -44.45762626601227 -23.608646394425904 -14.147033419120966 7.367347113579591 30.45443566860557 -8.200939323033687 
16.136125222599706
-18.216031210452034 -27.270589397268274 -21.202397684661566 40.231517385336105 49.73899377003666 -9.301853277578061 48.6995471157978 -25.12679711884488 9.987151413475424 35.935496067833796 -45.21440064115612 33.25082699700796 8.979650483715716 -5.638511364287069 20.64772351605562 3.1750111616084524 45.34965422660639 33.792847016587416 
58.76024644334215
32.823753673216146 -22.12200428152521 26.343936229243027 -37.25852609252345 -48.302518961212805 14.395820746395543 -32.31054769725663 -13.837126244922771 -9.163984433101056 33.78781553204996 9.439457085418312 -34.217594335861065 -6.598363529813831 33.5917785847426 5.740670363441623 7.723130427695246 24.408125580011358 1.6472839955871592 
0.7061665936271444
31.38772517059401 46.67647605785986 -18.171784483687937 49.38896226913086 -42.20588768481524 29.023755520788825 41.101017861868854 21.75320060566817 36.53690365624952 -7.757637114916882 47.98249611688077 -13.54004554387027 -21.276124641767215 -21.397300679255103 40.92804939390466 9.272973315094177 2.0063099853612414 -48.58691200043324 
49.26326753999534
29.50290357449147 48.2164385019268 -7.403469066003012 28.978821404948647 -2.8530995700213566 4.144886234621751 -31.70533241070067 41.04063631752483 -36.75627880701909 41.635434139443134 -24.81489940224212 30.82434618643849 -33.54725145258941 -5.5559683301690725 -36.50095844202414 -36.13491662115784 49.97866581155431 6.20348694285191 
6.65196880187734
35.32065249148651 24.701709425676086 16.354776169043873 -48.0491897129351 -1.6217821993287274 -33.26315572306816 -0.949509768450163 -7.983052276695936 -49.70837425742718 0.6333414359807819 33.805421369667926 42.36508415921719 23.81850742506917 -26.96037069340491 -33.93612957479395 -2.996173623447838 -43.466597861084225 -34.103494053064125 
60.872725371497914
-39.025380862087744 0.8250890927539487 33.0851225508124 -36.506017345300236 26.421427629358533 -6.656598284397738 -30.05560750511187 7.0597891565938085 -32.915654984457206 24.242822706280137 41.18579597505642 49.267764585780355 25.03613070408622 33.77715879477866 -0.5281985284903854 -22.366251874862066 -46.96860817545024 16.63167473393709 
74.28743279677823
-4.036243488800572 6.013964845750678 32.836047546972324 -1.2772225633302412 -6.52359171827527 46.12879478455589 8.183572272071729 20.397498523727933 2.4016289221488663 37.01041895309454 -43.210945602678365 11.996738691205486 19.900952077903654 -44.8290725992439 -26.25013084393387 -43.248959769013496 5.799335300509171 38.98605571725314 
76.83170021019087
34.681201433018444 18.88781991781562 29.07885277226724 22.682504887968165 -23.457717378140263 21.451027617451487 27.826122003093417 35.285248340729126 -15.860747673246237 -35.80708308034035 20.26368519400512 -37.80795668045255 -11.949989185839712 -38.121176777366095 -46.15780590112113 17.539312662719723 26.779887927057032 -16.218737884299152 
20.28609325120455
-20.074354218257216 34.98488082988072 12.411606058076444 19.234063725446447 -12.058978222152476 22.63932039642546 -30.96081725510118 -39.609928492120915 16.468173794911763 11.886772316699314 -34.85607221584431 -21.410064531955985 -27.166191932811167 -26.198583613576144 15.218228190337967 -5.510900677650888 23.46948871683611 -26.599676265736573 
88.22817312535236
-47.49691733757177 -1.0509871922202194 -12.0146381822412 -17.4361332725381 7.182836987935119 28.10110993528042 11.25676825898276 32.45310494208208 9.38308976784176 20.353375270010247 -6.371320060095357 -7.417853659184225 14.382430793286687 49.54532950943832 -2.2098199071033804 2.0619078877015298 -4.460212719723685 -7.844433528681435 
17.793754265361205
-1.102592637785257 49.12261966875356 38.219947102238166 19.81627848761184 41.762845411962076 18.61803329567266 24.17488244059176 -36.774048278259706 -2.8458142802669 -49.86128573178852 33.44169852092621 -48.29808965525343 16.88570186912507 14.461432130244802 -27.22479076002715 45.891476010077355 -36.583565961490734 -4.213405785908961 
10.23154692330548
41.45332219603148 -11.362938837923842 -47.51685365724635 -45.932584423326915 -20.67689909819651 35.51718373654201 0.8838666256541643 10.964937574196945 8.651359560838955 11.407619757684671 -40.37808582739885 -13.316742315657429 17.10186801423275 -23.188238799629957 19.050259387634895 -17.429840867531055 -21.93828135960485 4.084614562009847 
17.961380309796215
-2.676046948344805 -10.197084066664964 -13.21229273915774 18.125442198178817 -35.02209733255347 -2.251636240470681 22.322491219968086 16.090906399901854 47.2865397151577 -2.266472541176057 47.98450038788393 21.24233916744302 1.5251934225435448 15.518254141666759 -16.27502695072448 -40.714061347365586 -36.828861794038026 45.79155960515564 
73.6762290991757
31.134098438642894 -32.98322763117427 12.525485232281433 22.891612214854433 -31.413900297717568 -20.027748506218458 -18.2276680424029 45.770313256592644 -19.747179399131277 34.14708990036074 17.862981450991583 -21.718024842120766 23.849096244718865 29.75721331236909 24.452152173063055 -42.62456311834417 -25.72180875110943 23.986004360282678 
2.9698686843147692
37.85058635395988 30.858589482606916 34.13493287584288 -7.223434599249181 -0.5082294428405589 21.594112753751816 -38.768660446211676 -20.3173596975346 -4.594264524019245 17.564138530024792 -16.28195884544764 -27.518533075804818 -43.72334128778655 -33.68850375441038 -20.068596377252636 -49.24176169331118 -5.354704867107266 -10.468636936948982 
62.78156958363576
-18.524800182498634 -1.6611523773096621 -32.58468293187937 -49.619390717959256 -13.302791160943308 -37.17733456415287 49.68041972131681 2.321289469719467 20.309767231623468 -11.485575791090355 -8.385947762078729 22.891313438528783 27.694997781863137 -39.00402904371405 12.390942272357528 -30.285175657539163 19.069278868272107 39.57754965818741 
62.46965010659862
9.145005016892128 34.549576225927 2.8136285625509743 -32.94844281989516 28.188700024228865 17.003757532028544 38.33914528809714 33.38613213252948 46.82595081760856 37.35346824046195 18.78942138538089 -28.867883606287215 24.294384314921587 36.23643649411976 -24.41335775478195 -22.96503272549073 18.24045579845705 -44.20166131367637 
18.020205594497874
-22.143259628391586 -13.40347646647568 35.8726608924449 46.31791296713942 8.795336050323307 18.624833448708813 39.92025001314012 24.299357669504445 28.555834763643546 43.77644345962646 -42.16146194258954 9.72252803999374 -13.21258193294016 -5.154778959287 5.113721195219071 -11.420896996604753 -35.224826978819856 -4.645950354130527 
50.77742838148117
23.36344222318445 -43.92318663934516 0.1923689556497692 -39.75729256750739 4.734856618704178 40.22019569199939 43.231295227381565 -16.667552300964104 -8.987754922058045 29.62823656689413 35.97452620217091 -47.32337293412908 -19.415327123833627 37.61363282596942 17.260268497727353 -16.856941361667744 -11.408886501013292 23.586603947117922 
25.611538658714018
-20.920424060050948 41.11695805271516 20.54458013179459 -46.960918956585104 -37.11608181312067 -42.325433431795965 39.46363664463388 -8.066685804292995 35.780814684244774 -34.120438704855225 -24.61283712207055 5.1386675660749646 19.674067127660408 -18.995836245100108 10.808108390722495 33.385725759907075 7.55470565375699 -12.516635701353529 
73.3668965712964
3.963617834652446 19.18461294128619 -20.530733001890113 -43.06214268904943 19.847141594820016 18.638187235196497 -46.82651105816071 7.852883622296645 -10.549853318682104 0.7730432405263841 -4.993010930920882 11.311689305618636 -46.241341105149914 -5.186086169094928 -23.578720264652333 -13.046039754839981 -20.19561120639317 -35.02776136914454 
98.87447035606895
17.119311281509525 -32.72881836164719 10.38721851721386 30.490139337354023 -13.50306943305111 -41.515945073905016 -20.337620567068694 -10.253428548120333 7.6673837108028025 -48.88751777282441 18.884970809902697 -39.07161930129887 -6.535004511260766 -12.373349559779598 -33.74618111406753 -28.907845766374795 14.139870282399514 35.877351170013924 
41.3045066500791
18.942197187772265 -5.025478532067076 -18.87264983496888 -47.79091924017186 22.282039560207238 -31.689250465393947 21.44395730083265 10.740717199241502 42.601892651039975 -7.131739509485612 -4.430352213975418 1.232086033003064 2.88177031859923 -7.212728550172024 -24.78041986084967 -2.780558480651038 37.834485425498656 49.003143305406 
72.21190728247048
-42.547268454417456 -45.41765531463212 -3.638163433790531 44.918778023849995 -38.434712275377024 36.15580814230435 41.310795187696186 -11.767025891539937 -35.06501287530103 -9.778023936089276 17.05065003948893 -43.42281284507345 12.132000113755481 31.09524788521692 35.70885979505006 0.439913288370974 48.83656480164514 -15.647926378898326 
30.39727514866427
-6.4959825899914705 -36.7765143066224 20.266220976020293 3.9413019907598255 -10.358949251557966 -30.451654756392376 -45.1994859600735 -34.38080527968731 -23.123602398244902 19.033673480817896 5.035542596734807 42.425761041642005 38.887417092643545 -13.858329100720212 49.68537084465164 -2.8244868392028764 -6.321294666634714 31.933258157185634 
74.7447862658557
-27.813856309309827 3.7857232058800534 -9.548393210513176 -20.667803497975477 4.333935138352629 42.68996780813336 -41.06848140485695 27.436773261864005 24.948515846702918 -41.91400703025712 -1.8756716389872565 -42.45199944175134 16.31513646794926 -5.777482820938943 -34.858694699288016 4.040313088276029 45.478469724809116 22.746989179372008 
57.95674255016776
41.70503317133512 -14.407356875642833 -15.685051203500578 48.0753194931949 37.96633134818727 -34.76193533181274 -38.3174681303872 -34.143540994023205 -13.912477486020059 -43.07364147677348 -10.917402022672206 -18.398176688902467 47.06847408508061 27.440471546242946 -47.60813772463789 -5.249735441814693 47.95446423069811 24.707866171478727 
99.92856800742325
3.387895672494615 19.92137487674445 -31.419559433774722 -35.32284464042019 -23.230802236604518 10.771604718841246 46.19560684862837 45.31851233494099 -5.341637898145102 -26.630362768774273 -13.48125152942169 5.6513318986861165 -0.9616360514580009 14.065736533797178 3.2180879677129113 29.82224017400415 26.09852273752182 -16.69927174258158 
0.198693548002149
14.239255922485185 -0.6003922984119683 4.354443962708302 29.923236943436308 -13.874691011753917 -31.271193913192253 -34.40516160561372 31.072820507551768 13.37548116432258 -26.604820496639537 46.6043909899747 49.15200629731366 -39.286300849164206 -6.420525021927517 9.204902426962825 -38.682036239683946 -46.89834458458315 28.840503764650023 
10.671329186956257
-14.985606263570517 -21.0652769254412 8.993492160176494 -11.680147782053766 48.916747199579504 2.76670248064724 -0.6858098220981148 -27.825114288356943 44.245948427751344 -39.86273961670649 9.385705526291964 5.564249445774564 4.683667021969882 -24.467089253694507 -47.10659466662271 -7.738678383304787 -16.07703827765946 -21.40550846497664 
84.28643731566234
43.1874231672372 -38.68612145584057 -6.608937786803203 -42.5372691371078 -34.29266668239123 8.114387474369401 40.912199861040804 -38.502363474764365 24.195235907192085 -10.46719016766793 25.887713869262555 -11.07537717416038 -48.18194461808808 -38.95132245670019 -24.374192274039142 -16.810296528322212 10.377588938741496 41.42473576497149 
10.767766000168056
-6.360369361901839 27.572375489109277 9.373618602325962 -44.3107377782578 38.76709283656939 -10.815167075854895 -23.98157284945598 -10.26456249233371 41.424452260572124 27.468677253969332 31.087332744635916 -0.44111679878905363 3.330879386156006 26.406146151149656 47.20800628545669 17.53677016819421 30.435987673256435 -40.47582980835372 
3.7185242853048583
21.575304710504682 -44.433663180899195 -13.39693930888329 -40.91285779968389 27.566800527963807 30.269508329764662 -38.119109520264914 9.33413301520023 27.346650193079782 -26.116298732377107 48.25123820170499 18.774676001675118 -37.795494279214516 -25.400946790792656 -10.528483850468277 -1.047503578720523 -25.16395802268072 34.64024813656633 
15.543616840902475
41.80985947618305 1.078659669711591 39.68818629669455 45.19814369153225 -16.059837496791054 46.85658169509421 11.271772594454475 -46.19193396710699 -9.804727222589591 45.467730545653524 -29.900750793850694 -4.922908523653305 46.97045942597495 5.676937161044059 -1.838371521892924 0.492660866798154 48.16557977534781 42.036920926331945 
87.9292221700223
31.802935835648 -9.878028165945643 25.4406373422009 8.075436041442096 28.67172404465002 -34.239751271330796 4.115509095861135 46.90031295349152 -23.815177892467876 -37.30497365847477 23.102214673012853 16.989606604517178 -34.97428040751287 25.27833352982377 13.717581752456418 17.633417465117347 30.90824382492265 36.324311436768994 
83.58333136312022
-44.85824644476028 -10.751830652270442 10.693481181007854 12.509312839275402 15.432561935782246 26.075374819705246 -30.034214274849134 -0.14801500548517055 -31.86879891026486 -33.16730642693986 -14.892753405021821 14.925892921985039 6.9084577718984335 20.97708260117416 32.33596175036875 -26.372061748926058 -3.102380834390651 -7.8067061891538145 
56.31889006451218
1.6412452016138417 -43.230711359532506 -48.450222928124184 -25.618290367897167 47.41750756517699 -49.594006181079344 -5.928976713246094 35.58972880872233 -23.406347297151363 1.1068661073817552 37.97017898100606 -30.641285300686473 -36.41919737472591 -30.134006643406263 -19.819846709165002 19.68020378392687 -4.2295933506965895 -41.4937318288552 
41.84115994327178
-36.9033165620697 -28.865422393853567 8.313913498058803 23.046962218286495 -48.76221393359379 0.9546221726031945 -34.6929156525857 -12.578217618200746 2.0294624796594576 25.993792771250412 -25.61473727709338 13.994290715891722 37.61382215492843 16.637349993261964 46.344407723576225 -13.645370616819122 31.568161225362715 -44.6449683373339 
64.1061731335169
37.22496204919568 33.18746410705664 -6.701937580085669 -42.50232247781381 30.343598271784145 -17.604580267064648 31.924871782983942 29.531724166482405 40.95720741113192 15.274818874851022 5.256707124930863 -38.62448368222275 41.23525012658892 -12.741049538903539 28.696378571566314 -41.94068694721949 7.565213913606087 8.701403894390921 
86.30039735722228
22.464666190928114 -7.043162361329358 -4.157535048360259 49.97678854202111 -38.75479817117602 49.67794168827578 -10.88392317765718 11.28789852264962 33.0711836103101 44.76416984276284 -19.707880743036288 -40.63043446057283 -3.0476289269479793 -15.810711650045725 20.124534669638393 -43.06498816965794 6.381971249574846 -49.74760336706062 
98.97661080211364
-49.58609582021243 -26.34222484753497 -38.867211772928485 4.320528618804353 -0.016003691111798446 -2.0251897449085376 -18.41713361955659 11.059028450657415 30.584854744495516 10.747182052886096 49.373911946632845 -46.707110970049506 35.960157457850585 42.1050017187753 33.3791716012002 -40.541392909920916 14.357138376882574 -46.3743573415374 
56.07313217142483
6.686537469338013 26.718699880143703 14.09674138394034 -4.254493066223745 -35.21951074892941 46.03583802950497 17.47180161145559 -18.12713347454936 -44.60446071265876 9.985002708105817 -44.832642054899374 10.860477472121758 -2.208354178536851 -1.9429637555882664 -41.535897186531415 38.76140911610581 48.96639816664083 29.091427834791773 
71.01253673447887
-47.4005488335216 23.021041232843658 15.46156658859897 -3.6929452394939943 -17.432986901917047 -7.710342656667599 16.113783255472242 40.4806554308572 -6.361380586178157 31.062218277397392 2.2449699434616264 36.8856735930639 37.03519470932315 -38.34203503663679 -13.389435803146313 -4.335644181297582 49.49385880616248 2.156369306570916 
20.28680980446009
-31.123791296059622 11.442444320802167 -4.731287764593596 29.16810998522344 -40.262519531625 13.947551452551444 18.6340801449672 -3.437548054083905 33.141317213742454 38.69941567552743 38.24939215683048 -2.0452043942557765 -46.134515790749134 25.316441196896307 -31.206178333294353 -40.659557509412494 -11.262235410371844 -14.103242748149768 
97.28377182765443
41.487371317186444 9.517475343597468 28.013704754116944 9.795344820278665 49.06859644445933 24.36481101173844 -35.75331401626667 -15.082974615911823 25.812596841470622 47.50797188611703 18.858324772500964 -17.853918383714493 -25.34805063714831 -10.91861017987813 -9.626551353373024 -41.38204739595498 35.30727529666983 10.096537462753489 
42.584904356712
-6.6412928809828955 10.825671542295147 41.12022051027125 -24.094231093580753 -15.323604801502647 -40.70017182256197 7.473394819662815 26.007046567155115 13.357941859472632 -42.67393463322212 38.62695739466889 47.324445456681474 -17.986021923763815 -2.2834797231955903 -35.04085195166934 -34.71257423583456 49.214783238394304 5.5628100228657615 
71.15252310398202
23.018167204178113 25.986334534563568 43.95546914777718 -17.753250524301933 5.7676690973184535 -8.213788190711526 33.49552578352633 -44.27327269975292 -0.499251074177387 17.25486592249858 28.1915755658451 41.01382369882754 -21.188816796033993 -48.16141589318057 -25.58217568966813 46.34133244167161 23.742828770132846 45.80624762814769 
79.31546712251067
22.233475027215704 -14.88796675857406 28.232751205021117 30.351953681717276 30.67063791412771 -46.42878461985135 -44.802259867540606 -11.290389962604984 19.51170794862 38.92302794338093 -24.250892034808956 25.75715467807818 12.85776597564979 33.088987850683466 37.10647004235578 -15.935291113803594 -40.22041535366846 12.656108139159393 
15.130627804130691
22.25487353922992 6.194727534533314 35.06945210531228 11.260776353305822 46.43951282419742 -32.331745600831994 -3.6918202395325395 -47.077938134435534 40.073938039257655 -15.475576359801437 47.27712768648338 -29.168221341305202 28.767139806964394 34.89494238427376 11.165504420463677 3.683398403595021 -43.08116312112761 -33.8073117254353 
54.66883650665957
-1.6367381890037933 -40.9889201437568 -19.0119218374572 42.23978933480373 32.155706871788425 -20.035790014638966 -20.62149179346948 -5.571934681297684 -17.68198189411867 36.17397322647595 16.679644661228863 -21.110918526091748 -42.04248457413051 11.678687485070668 -17.36946034658998 -14.214322821305558 -10.681221997881984 -47.63771049778613 
96.29289589606223
-21.923390048745073 -9.610176763179467 -44.818784514103726 39.43805229651318 -38.41983771413331 -27.83815860887079 49.110054890856844 -29.5464526557629 -10.27931026741301 -14.072132734900066 29.832943104776632 -29.335584820686677 -46.48952260420851 18.681524782843724 41.16471872326636 -24.547394162959645 8.588807574039123 45.97780971282474 
42.76786773725439
33.67127366184309 8.034664936567324 -28.45640322858737 -34.061667496285786 20.588898925060633 42.189041272034046 47.476418865975816 -12.934698171765838 1.9614984321477493 34.867339022118145 -25.95424767262774 41.827093033636714 -40.18050035798759 9.111893644873689 23.911904328063798 -37.73268730754704 44.169080335353556 15.029167652512214 
72.00332733709206
43.602466909082125 -40.95388816447946 7.275709465213545 39.34401139481034 37.94427538477714 26.2240646871675 -29.598508805452973 26.79832405265546 28.076936740450293 -4.634417066364271 16.52877389967948 23.00152290529641 6.011625348788776 -14.479340655711681 21.739189296169457 19.66989299365764 -31.75244564308445 49.612648803503305 
75.06123310766738
-42.964742327087436 -7.4990394704695476 -49.08335031337736 -12.905071867660958 -47.6755932158803 -20.879620657907104 28.523035102646688 -5.920063699357037 35.00473394813058 24.488629597761474 7.392224236405717 -2.3921006091546317 -26.056778452887176 43.418975497351695 -22.154949673331746 0.19937046136262637 33.67658031090912 -27.115098417643868 
79.19635822522352
32.610198541906925 -10.33371556290792 -29.619948225024682 -27.27221473192605 20.00175498683609 -34.28714575088625 -33.21314718686122 30.30887299013905 1.0039456044237056 30.62968665782367 45.839383769726055 -3.285939204452724 46.21946819950972 5.827366466983584 0.09811638967654801 6.046280511958344 20.86229222742051 -9.364702550894663 
6.811147759555681
45.66621855181121 49.99291545880067 7.988162984385916 -23.88141537021713 -35.36042953508356 -25.792579465272613 9.530610427660221 -1.2362063017342564 17.952910635506782 28.656945997409608 -43.75574810497953 -39.19277911087674 -27.387963575168474 38.91867233602795 8.376905727907626 -1.204432455825355 -22.774998508321552 3.5089766433161387 
66.7547514312306
40.42108387166371 -37.214734922605 24.723940229354042 6.483886895138994 12.912820503466293 -0.8913029018983494 -42.9880801338704 -16.401473912984876 4.233696235437257 -21.25854563595473 -34.77258028992001 -24.611125629881336 -19.385771761735672 38.144042239190966 23.88505121189972 35.94249117218881 -1.9641058590183178 -45.429883393190664 
92.92687094783079
9.858733144089612 44.984031541074884 -23.70309531998559 -24.464054397443526 49.146665215272094 19.12226197977553 -46.27263243271088 49.173510953040974 20.99259183628739 -28.502540476397463 39.37256393535259 -37.71339361178748 27.38412898137419 48.46629116519992 15.835862696582709 6.027649776849508 -18.496437189560922 23.741411803854035 
42.65904654312804
2.846890551465499 -49.646010850898215 40.787391810268986 -14.74645944687559 1.9632160529837535 -21.74249804410061 -20.74644149564002 -47.87168712884351 35.4883979103592 -48.334496822416696 18.212858176695576 20.23929797516871 18.374262428517866 -47.85300385678355 -6.31702000602926 -27.4765678488611 -29.628086436962274 -28.528550748462244 
88.23794726691555
6.543704085779886 48.83662375930679 30.37867434925026 46.47544781658628 -1.3401186837735821 7.481527462326021 -49.0711014194638 31.687173678811092 24.2528903830394 38.07781191145881 -18.74802541771803 26.28651120758552 -8.730942602580463 9.618598594367256 -38.93447912095732 31.379937626447514 41.71374410990023 -7.391710502732693 
96.50749016938491
39.32547052474722 -36.28782890736999 44.90862133938323 -16.3704979277137 37.20364214568576 35.368516079368504 39.96724885527408 31.32301934085723 48.83339379878957 -9.107380540694585 38.27419054595231 -13.498745026558659 -11.702605218698338 -40.67301122410715 38.536012525852854 -42.96454715014241 -21.101705761834854 -23.305032653515944 
46.32713407274222
-38.754992807426504 38.04943114802258 13.504313673467664 -35.127804311911625 6.666604935592481 40.810589875509706 -8.721333935439588 -4.867036119449487 15.378419455680998 -47.38860932015903 -15.847360995585213 30.51773265323662 18.331130563835302 -34.83803606456033 14.554638163570786 45.30077924864122 36.938331260275504 -21.367447097248203 
5.614677897543241
5.2339160761802646 6.604655859809391 47.89076424743199 47.172848622640714 -26.148284171240167 -26.079210718994027 -49.082827259088546 17.127309062386814 48.61655470545509 16.93021921867357 43.47706102853927 -24.651025814931582 -12.680907262733378 -3.826540822939428 35.7080492683974 13.503362173393562 -22.955605392028854 43.14118353625497 
13.490490183803082
0.8583276495308354 5.533383436267137 32.318554608165954 30.29941649767632 13.519700247334775 17.91390000324995 -36.82127177886119 -36.306006746520325 -27.474868284449038 -19.45489625540685 -0.7155853417002547 -35.31767436531151 -5.160279379573353 28.113555779636343 -26.91797295847862 27.906611702321342 -19.464716452505904 40.13878966817052 
17.023844847483794
-24.074390373169397 -30.701591574883814 -21.3092218584481 24.329294228683736 -18.171586847584955 -0.09927671831714235 20.39114423452409 25.99735218571601 -49.00441621247455 -2.6219365720334125 32.66459471519043 -5.392265890023097 -4.969278589075287 -5.596445653578677 -23.273489625262854 49.99939615493105 -41.28243338186197 -34.29716810658077 
17.937190247476988
47.09062363183375 -45.685250499077526 17.348008702950622 -12.077218924888243 -28.094217652242726 16.58240068795871 26.380145708416165 22.25745016842697 -41.70044216970821 16.641759117881506 -29.55159139758369 -7.479134156113396 14.920325864366433 -36.898947522393414 22.017232470156713 -37.81035341949974 19.630052591813552 -25.16211479190732 
57.18123510320555
22.09086718356818 46.89890896100975 31.410430068380222 45.24077716528855 3.0403713779389747 42.61858617089459 -5.723257613944696 -8.070565172833334 20.808045136038473 -49.67095261445038 44.83355644249592 6.547899887864638 31.696829022187202 23.02923580928487 3.742937731001163 -48.75291213494386 -34.20826672325021 25.543107029915745 
30.09720970959222
9.316550340934128 9.329654026084015 43.83799762883629 48.679616365356594 -21.427441376029144 27.66033265394387 -30.256709449798148 -31.08984017119778 -44.196546978281674 -44.08665444363938 22.19296327913709 40.02317255094063 -21.28173480690243 35.755476268690245 -0.5834919828167671 33.60511984729503 32.95771799134266 43.517456639984815 
80.42842586572698
-43.17176592074755 -36.53482066521716 37.488504747784006 8.717272854654922 -22.45244312919289 -48.12173620493708 -49.67834800943295 46.21108938511168 -14.113943583063339 34.590188951964976 -33.73759682523141 -18.60326957715146 -23.985549760315607 39.74315774820198 -47.69222433433814 11.896466858357648 6.5394589696951755 15.65444333460971 
7.422288322117632
-1.1440283198016488 38.24618012391696 8.03900301739995 -45.41794625295024 8.173610842105326 -46.1025950919943 18.88082719229476 -23.31241641614542 11.901716183914544 36.37459601272613 45.918497828961165 -10.719472193708391 -27.92369155256049 18.652387465296115 -41.55136316307324 -49.480986680046655 -31.217466001030026 21.93046544852116 
62.514308899888505
32.010877875253456 14.43884207714558 -33.29631086579421 46.533657421858166 12.873529324882838 17.083698971596803 -24.366624422414763 27.037344935311197 13.783756760925769 16.874472598706234 -13.21028980080419 33.4216929947039 7.800325718554582 22.05881238951885 -38.83276652193044 -19.512400144955734 30.3867296041839 13.354734987696816 
49.332435266313404
-21.97626737609396 12.331000582797856 -31.023687418183886 -21.35551373357091 17.805647867696266 -23.846015519760655 -13.53229758612462 -15.302817180633575 -39.87916062592485 -30.882921988907654 42.0590161861696 38.4621957670079 -35.70702429871781 -45.91509578486186 33.43331700026452 14.070775753712653 -29.333100058385142 43.267934738579356 
47.594790990163716
1.2530656491078744 -4.8708158101317665 39.26465404018518 -18.046050066956298 -8.83877200197007 41.47736866431613 42.84231149246902 -26.203502121244114 -45.365409166022594 -28.185714496601 -2.460103134665367 -39.02174437506374 37.92210827207154 0.6321176393956378 -32.5534968512454 4.989329361738584 22.459396528673466 -5.635841232386376 
36.40273640418663
-43.543483862477515 -17.495330614749584 -35.07947855174155 -25.607625692261472 32.70366060661985 27.269946374988436 43.087289778363896 -9.963930777969857 7.165541310221137 32.64089294818572 5.656914299491234 -23.131701900428347 31.25154715627015 -48.33928089210827 8.77095814007862 -34.52657715722765 20.681290253990426 42.66057739013256 
99.1945130706377
13.576171537832828 -9.635011017948358 -30.749042039186648 35.10495804461033 1.8264140475365735 14.577307224638744 7.345558804725314 -1.5340283725895034 -45.7123746510821 22.474082385790894 40.97118236424488 22.170997393756906 19.53297826151706 12.927132318389944 40.824249886426344 -13.121337863934471 30.772525715910845 -12.796798992005087 
47.36650135493383
-35.17410350057698 -38.42054575701731 -46.81123266139352 23.709548482149174 0.8928196903285368 7.552944724292857 -49.336691170780135 -47.38007803256315 24.806709458030525 -46.35030789264679 -16.450630057697836 26.683315176551048 32.61067055551595 31.935672361245864 22.118542696702036 20.9987583354754 -39.61410535145126 35.15426815518208 
5.8082720615669885
43.73048112121907 48.70467513583337 27.776425249222953 35.60519185007668 31.42724164260177 -37.59534478442017 -11.907027698204722 43.87643237860087 -6.774042040903751 -12.986993287448215 22.42887786466423 -30.918815588854343 -39.11151045125867 -29.48740836691066 15.7036463620138 42.97050751138782 -29.922553927899354 17.130388863406296 
71.33162299375664
18.684241839132554 32.35894491787349 -31.558240356930956 47.85055314381232 29.579591339004565 -42.87272648479329 26.322425276904198 -30.313809098593392 -29.32324009262004 47.97840596557258 -17.85671166929108 -24.8946476308325 -12.71719660169532 29.01641029371595 17.091527735552177 -34.32071462566966 38.655624141585164 -46.841219251529054 
79.61467025681718
38.47383282856805 28.495837620791377 6.7137448984443395 27.722605038953546 14.702295333914748 -41.39498544976101 -47.66531710104117 -3.7541491580831945 26.721531176678397 -32.77543036002447 45.913772970960025 12.136580642824448 39.02128562829546 -40.62963041059729 22.059009722822225 34.51224307886062 -41.748663143262 22.90389428773443 
17.505840892953238
40.379923391563324 -17.649483986449688 -48.86839929966712 -7.853405023782791 11.842780612290369 49.4862351678719 -39.60013307694763 -36.68198852957272 6.078279236990561 -26.217322222648466 -0.5462793434337669 -9.430892012937584 -44.50884164141844 -3.2896963908861636 -3.746671592702988 35.33875187626322 -47.81766010788132 40.52892905247157 
27.49297333368451
-27.19572867931953 -31.761635981155223 23.321071046008072 26.243085134238328 -48.380510584836756 -48.66593463016601 -16.078125684939913 13.936608021803544 -18.65742016935893 13.754641462986527 -30.553604188215346 -45.653188737022646 27.061236019583518 2.1814164719180837 -41.86539139683527 -20.745571637684222 6.054582118765559 -4.5510099175413785 
75.8789670735677
28.177767658791154 -37.71164539219026 27.969661279167582 16.068953323961225 -22.15977002833338 41.12191097053589 -22.36565667512702 39.2815401270698 10.975486063609772 -1.1873980973812763 -11.262542843417641 11.865998969758984 38.62125608863526 -40.76485758368048 22.836558075259333 40.61608222086403 45.228537588047686 -26.3094039074566 
93.44576859909014
-25.50790572276468 21.713792013423216 48.76163496692422 44.07530966836869 -26.25011332543563 -11.992518852416822 -18.12219704400877 23.367778473352345 -8.146600614861967 -16.296970089804788 -15.41354226884144 -4.05496015698057 26.191832637063968 23.08617426474312 -20.517805954360156 3.067913330821824 -30.10787610154183 -30.874665572869354 
78.32953586711244
-46.67590361868575 -11.08810481218 -20.07047974679683 -13.879325721349744 -19.701902120712035 -43.88241395923558 20.731005687901344 -21.357835456857366 -48.45985903679077 -2.8029727520199614 14.625794717583346 -30.418575665517345 1.1393853651119983 42.02520411694596 26.105709596710852 17.285959510574912 -13.179990572194932 29.496547061602868 
82.84168722466822
20.995278302655137 -8.28294861376041 -16.143441296770654 43.2286578547081 21.697433462068915 0.8521032070154106 -33.789845051057114 -40.12183393789732 -46.280742604685656 -17.182674544658042 6.153636041658395 -27.454318447121494 39.74127298317964 -1.7105403848619147 35.371688505135324 -12.09470327511385 -15.864613127519156 38.73383367706931 
27.560400741657286
-31.86466338142028 47.3554672731008 -28.978374791474636 -2.8182220557879205 -44.54585187725143 -22.432085240335773 26.67192611370983 -26.675210360585623 5.546133571819091 34.79141932147847 28.043446371266327 44.34248319463741 39.24389107169837 -32.47792037772186 -11.961032581355504 -36.04571688665432 48.88304998500763 -7.847868142306645 
4.748914007064819
20.147063270422365 -36.57774937002553 -18.552478610365576 -2.0512394133994007 -5.521838647405396 -15.278575192189933 -10.068369203003144 -49.5218242518323 -18.721995027451253 -43.70262562661704 31.22947727754007 24.268190595732847 43.769571329446606 15.426372834258203 -24.741274794578295 18.145856286817335 -42.73358102354771 9.63932957925644 
1.6108992705855751
22.53424065419962 -21.61945002942374 29.45584902112755 29.548240430820343 4.778791044444297 -16.43405548360134 20.629257886404346 -5.251411725509229 28.06948049225035 40.34307935911569 -8.774526632403735 -41.73715050101631 16.791316019248484 10.194281898373184 21.534396675001602 14.106491085351252 31.624187608130043 33.389369381351315 
68.11324084978
8.488628246322847 -41.17376979674459 12.895459034588882 27.18703373174509 -4.11071267635171 49.873185262597914 -2.9555749764130255 37.18227554893559 35.02743470115034 -30.010446707071694 -41.22399139929556 -44.65444398454843 21.219381932484694 27.095549934727174 -16.955924893471455 39.19968864687577 -39.290704445486135 -43.692784799009445 
53.368115070198876
0.015686655574398856 -32.73957631761286 29.36530258116376 -26.468461710820478 -27.47025810430248 1.6278547840777762 43.23178146708727 21.07290599182025 -37.1899282561289 -19.509513111178865 17.581214804827113 5.485717285706279 44.47937549030809 -46.9979379434014 -2.9726332788399077 -4.063010767135111 -27.575691183475303 -19.671959489950787 
60.663855451101554
-9.16573342011857 22.674275873819155 -43.63280006908451 -11.139167898474653 24.715372556243125 47.307554000035 -23.68617977520484 -24.75202031976257 46.70462979597082 -45.956438969255345 -6.201614981307436 0.4274254870518561 9.173878429958947 -18.394147382694992 7.051732872751025 3.198427012203396 -24.733875951830942 43.99125805301473 
29.869656280936997
-5.061046260093569 39.58418373143728 -40.54372863234814 34.111923013492955 -36.722382273277674 -42.383775040860286 -36.66733680027158 47.051801263749084 2.3026316621599605 -3.63537071717748 27.710013385012445 49.09912279120388 38.29278803770009 -48.835841272970704 -24.426295153581034 45.25201184464464 -7.681262159084632 21.81988343114061 
32.162592052898894
-22.910597805217915 -15.948908577259466 4.964934814943646 2.111483736315236 1.1985135873830899 34.7251915378701 38.93261280508693 47.36922476380656 -15.361534512350197 -28.54932700065659 32.45694575882355 -32.06595538079399 8.373295294370742 -30.082831868012693 19.16030630215114 -44.876454401570754 25.564590780273093 -1.9641251241409492 
56.056257981953216
-4.602441094203357 43.19606422812083 39.16990228891703 26.190298894538856 -48.32221455360215 -17.29063179453808 -19.655340747771344 -36.93929404406457 38.65902830251959 28.162529003923964 48.19278369985483 -12.393765560141453 -11.21748816162593 -11.120661115131803 -36.62359056624145 37.31694563386361 -23.65738321594343 -12.359824886712154 
12.842875937027465
-28.581025403043427 -21.375892441404066 35.1716551290219 8.508200748363471 -43.896451051856 5.017764826959215 -32.97538205603574 -39.1740121445909 -30.58482857381496 17.73803634928167 -0.1130696305097203 46.187690354656254 -33.316692035314546 1.067180595638959 10.959688570367774 -11.78658755836156 14.276577084652416 9.976100853020178 
6.232337425681256
4.730752949048082 -18.022161318451513 43.522871689868 21.32435729677134 -5.397532244853501 -17.576767055122097 43.60576122112259 42.018130310398774 -48.4480400497697 -40.18236109233207 15.44828755814585 40.68963458086431 45.7489690185689 -40.46633853371074 2.6196636547087166 -0.44928998350999194 8.156052266001858 -44.77930904520082 
76.4447622631056
31.948564005812827 37.49973893530371 -29.304818458698488 17.33349871550878 18.925329767479752 25.218539238542306 10.152777734405227 23.860328448372428 49.82243277230471 -40.146712473536596 2.137483311403173 -15.64968144341318 42.92159519226075 29.08350160246242 -29.77741265358471 -14.720945804912802 24.946337475518803 -15.023181516028394 
16.502570509000336
2.3793104869057515
-18.31739028554096
41.95410653888629
13.318465142410673
-12.541454923709395
-28.614998115582722
48.056941865232574
37.18355220028707
37.86949324422292
13.785735769723338
13.627600551316107
35.08371555599459
43.39221806331051
29.684197287514664
-19.213771831525463
1.5440141272124137
-47.67944046033189
-22.667164366467997
