constraints 183
variables 18
21.821826458850666 43.17016135140534 13.842380443956436 17.69274625585311 -35.42783469678679 13.570497630881675 -17.869397216991153 31.35263674102309 21.367058005318512 -10.4139811165861 3.3331820949734734 -30.02108909376845 -29.666402492130484 -49.27936462569367 23.189912234551826 -39.81054315998321 -9.925942132130615 34.808916227403856 
47.81734908619595
-3.453115518126978 -12.061623221417491 -22.019727388465594 42.02549877928628 -0.7276341384004894 -48.85967468868989 32.942418541785585 -1.5283832844739678 2.8742425318862033 -14.228395948914162 35.35031246748164 -45.331664444027155 -23.438808510628473 -38.399704377666296 -14.609856022340573 8.007865943724 7.485424365276096 -1.0030087695964696 
49.69609111225102
-32.266454626103396 48.662308049561304 18.414066977413214 -32.668986749658615 -12.815468126076176 44.838416651743174 22.55049727569009 12.800369289565992 39.65898727722316 1.630970214965977 -3.333263993410732 28.9320360177676 -13.114374841498929 -44.062745431410754 -6.528869917796435 -7.057049161443388 40.36300796910625 38.91351686260633 
65.58144219265893
20.126765358025807 -17.279473829421576 -3.251506514206035 20.772024916996912 41.335017964159505 -1.2254669797422935 49.00762806574737 -46.95073218859718 12.787565421835765 -35.90237576686821 19.49973600851358 46.05493884964828 -20.263655090504063 -47.31142667856027 -29.581321497450553 -45.62089825200272 19.119788534498525 -45.275004729405445 
56.93839344609846
43.07127565990592 -19.416512018871913 40.40031648918358 -3.509590249922077 5.970605699609379 30.106019489123142 -33.50882249006367 -35.37124315887402 -10.567237962883006 -24.042909516242574 -1.4291041794700305 -12.312050900282792 -30.386608155620188 22.82846914954756 13.679212519081574 1.3655260801646136 -31.325082879536005 -43.28357787805077 
5.777977448831217
-16.088621263734318 -1.8844442978019984 10.49768777074975 39.467068579114866 -47.21807041076305 -14.123574980992885 -1.8707197504237243 36.20428884379071 34.41793283564718 -22.03533045781605 34.015694311268376 31.66754885808723 28.230536197039257 5.037539694569581 -26.674614809447228 12.917198760399273 -12.06904584711608 -30.275610251963926 
68.90165265735216
29.66083640059894 -13.985097155243679 41.42065047291548 40.901367954287124 -24.807482771514245 10.513768866595072 41.8697544388952 46.408221580737944 49.47279851754098 -32.949817177670695 -32.94386764914924 18.005513116805062 -0.6644301918132811 23.78655388219515 18.764361264728834 12.656711584950173 -21.0478428583713 42.03079872193773 
62.61660116905834
-24.769641083737792 37.45274376031719 -18.935640914653373 -11.51750950198496 -25.380847634777414 19.999655928748666 -47.816660193717475 -26.137301436643988 14.641274865487972 -36.373418036369074 23.994393765570095 41.17933726369802 6.7754241535020725 -20.19762388070592 48.68277233621177 -44.1364575895927 17.26915692824103 41.94757230906194 
37.27070766406948
33.712454537039406 17.273548477996812 38.02628798108377 -39.18987967989808 13.194963955283711 -28.60463422277537 5.855749381129549 44.004385551430616 1.217555105118464 -2.57870913632906 41.92016824135672 47.92970746471059 -30.681364700587967 17.957004222116495 -36.75476545008557 9.327391004656917 -38.65823258391767 3.3371702580893086 
56.284053030881765
15.36412896578409 23.345249414498213 -25.599280324635497 -33.21515456010871 44.808171583678046 -18.16249233199716 -6.410955154649557 20.25528745727479 -0.7549747083154017 -22.615153324793134 23.31306739429975 13.907891213271064 31.25715437127289 7.22004890533794 -28.35166747533404 -12.134657924378836 -49.582160735692625 42.687431449736366 
27.15565985539572
-34.075722071384696 2.500276114038954 -34.80804679985573 6.988076694517943 -45.6795061186595 -27.521372154505606 7.776992857636287 -44.56686125571684 0.7080679795241736 -42.301370010307906 -1.4625232566963362 33.65289103203679 -5.040470572595304 -5.978907203120386 -23.217942412212267 35.62215691938795 38.41358136631574 -5.20759919452324 
43.19004910285864
-49.87101428710796 -31.158443485024513 -19.828049949853632 11.165906022228775 -35.8105343076112 4.673210372646075 32.64718331895756 -1.8240001953452847 -30.657650260467882 -36.0829291162988 13.49272372453548 33.05956540264255 39.027228473194555 20.73002869446543 14.480818978127601 -41.86239109453117 -7.386753625476018 -14.264585730370705 
49.32616136956495
-26.599283499403725 -0.36629097824001633 34.95835690750519 10.148880789833171 4.138643537950756 6.3951060325832 -33.35829009272854 -24.334686098509717 -26.918362785896054 -13.632555821430735 35.22537798667793 -40.13308446358202 -26.544516825411346 25.626008645774277 -2.583551648377302 32.62347457629224 -29.690718446360307 -44.896982721390735 
56.54695507783032
26.947587205689857 -45.94303495735447 32.52080036739477 8.310810441729252 -28.416937063969506 32.38067927999346 -41.3834228616094 23.490748960521756 -47.8691624403644 -25.523921485690295 -15.367971566615836 -48.56912281519294 -40.89841674870137 15.076710698670666 31.02922850659361 -8.220211852673629 27.08518162995462 -15.223374252097258 
41.007802376706096
-38.57616948115922 -44.34720221414259 -42.122572282875836 36.63637255772959 -21.450399765797822 29.658283123101597 -0.6820173802053233 -19.7253008966222 -3.5807104827411464 24.281224289614244 48.202038999455425 -30.548792489044597 -4.287973099955288 -11.5450940837748 -2.9789235221882464 9.473834181698336 -13.821101340398478 49.24808985038699 
62.876666994938056
14.790426975238432 25.8788587371169 -30.679596236972028 -0.16128002880709857 -12.521758559734508 39.40728367451288 19.746866156839232 20.033016281684354 9.230295555629517 5.298414545646871 1.3078332150639227 -24.866605608919556 11.819685461506978 -12.822471913180834 -41.23349138272945 -0.3589144112760465 -39.73878542729504 3.2581632763244457 
34.706845171976454
32.66564934374928 42.75299169684547 -35.575749042704956 2.180526621823084 15.879020469505917 11.968888139535572 -37.59342937654164 48.71246316299266 11.896215915850576 -36.61391042926149 -43.54254093655193 -41.85999484238646 49.54326208689312 -31.92977296483995 -10.552775505900371 -48.68811187304235 -19.695039334203123 -0.2961742674351342 
12.450266675909983
1.8487087896423375 -26.297901231584863 8.632135636649082 10.658426571299643 38.967438538282934 -11.570184401474293 -0.6862936842467846 -47.14638479942822 -14.201603587371956 30.795757165396836 -38.19875739224238 31.691327293607884 8.673749999873223 -47.67119077740548 -7.258293425546711 22.691123839012178 -29.457537859601135 44.38613445932259 
66.87278542630293
-33.900228647589394 39.96739157917962 -40.831699680768736 -13.893774454182903 -32.31280912863057 6.086013601654429 23.75934197666612 -9.973291296792475 22.05493922485384 -10.533023930214327 16.64058199060284 -41.00163938396503 35.1814729889158 18.970572299129316 44.58412961804896 -20.940876954590195 -38.30205784180272 -34.47807929038362 
41.913931539893724
-33.603394284773785 26.78286302554295 -14.868566459776865 13.82935922778369 -31.562732882974032 -27.41653270078659 25.547979496602053 10.81827598563109 -31.555922761186427 -45.28389679882815 -6.3941197181162295 -47.85637016272252 -28.99394218885285 15.667625169071925 -36.37233138484166 12.969568879416386 36.91644071088071 -21.185864400155697 
81.17035917832429
-48.09980912914439 17.67439428345513 39.29311033342704 -19.046300591208354 -16.46399125857748 12.208619190342098 -23.890657358270918 42.98471110140571 -5.889741086532588 31.40932087660819 -26.375213510045736 -43.30643649100868 7.349243211590441 9.668433338624816 19.97678746743793 49.32163222254968 32.40786891342793 46.866166257806725 
94.98886121229278
-38.14661916957254 16.063648252691138 -0.8947138128121992 -29.217423553495514 23.45944526002637 -22.690616384703542 -38.01719671343288 -25.43127344508884 -16.28085613325525 24.066851090102574 6.302017936662551 4.990470864756482 -39.18365419538955 38.95079284110318 32.86614768017165 -49.089371477321656 -46.54652131727397 -26.15542197117081 
60.35807586343724
34.67989607946636 -5.595795927491167 11.505906298457667 48.299004976094224 -9.307733803426451 -5.573956628871123 36.50298316662624 35.69208666750697 -5.571579192227475 36.68009817442379 7.4885961206661875 45.195414406250094 27.207469363213917 33.855700016188464 38.15157565160165 -37.46800801636827 -2.4881131252473736 -47.12634000528699 
25.142178661288582
-48.66738964175988 -8.97995424612104 45.34257422656697 7.849860524964377 4.7208530160760205 -11.624713326442759 -4.131625248218199 -42.88089409563521 -33.31230584091662 -27.76003612295427 14.868144985265744 -32.179172066372615 28.6664559617075 43.32750831428265 -42.285019846280115 -26.345961123593554 19.707197206311648 -21.125039685060333 
97.8414557824805
11.634412458856467 12.262836847715654 -3.586901386887078 17.855042890383004 38.43346671586096 -40.16237852360328 30.71071139108315 -40.230391594632934 41.06405660061529 -32.38813584574986 -7.585866648970018 -6.867109586571665 40.36498327422075 -27.354927874782998 -46.827289021531335 18.130651957382184 -42.68052740335023 -23.627022268327337 
43.93535910972473
19.673979470794322 49.44934839664015 28.852150911978867 -39.37706003389958 28.026974091927897 27.35877908427092 11.569252930102017 -5.474307611282384 21.707859230566186 29.958449481522933 3.6202050447316836 43.5444907602151 -20.802653478958455 -29.016910352455216 44.67786386403033 14.789244036612288 47.41382163658865 -30.877690906605594 
77.40505473035033
-0.9327430751586405 -3.0342555501529205 39.416699210467456 -38.16689346594825 -16.561054985264448 -23.13258901312958 -45.47176290781435 -45.285669465031106 -30.712210501810045 -35.294962391729044 -18.924004762275914 37.97009968690665 30.24594674149394 32.16584886929674 -41.56472620169791 -37.905430085228275 -23.163488699137393 10.39371201881567 
65.23021064634563
42.73727123676075 42.83788470168716 44.81057252272687 12.20704277317138 11.676137712957988 -27.85468149826028 -25.156250770841403 -40.7428464144994 -22.99421387311691 -35.700856448620264 -39.575031164974995 -20.93387081273764 41.604171391792136 31.868794285147573 4.177731996343951 -19.802972737554335 -36.1959951718091 33.52625785111289 
35.88542679523711
-41.62687305781386 -30.316395380314475 -27.087927919196066 34.13338883301218 -33.692530243534506 42.505130588999265 -4.70843494862585 8.94386288209413 -20.3665391668837 21.566454336002266 -28.481451386773248 -41.226375204248754 39.322945625277654 40.09615176877908 31.968218786074857 45.41980718832551 -30.56488872808012 19.809449500450654 
51.870507328904615
1.1802084577043317 -46.87839342025442 18.356190431603736 -6.130272473273358 -5.959781080933823 -0.47960520410602925 -4.86984389762727 33.655823400649325 28.709218324873163 49.50273738515628 20.77243729283545 30.157100576035063 4.005106397854149 49.19487796360961 6.189714634754232 -46.94615113460956 -19.613601478316202 -33.222065187713625 
18.02171937468072
47.26675825796298 -14.642877546323795 40.276586058396475 -20.769699350157765 -3.4063754920840097 -0.9794960915458617 21.879136541570944 -24.154102399498655 46.81231436001376 17.233222988545478 27.788622198930995 3.8954655793859487 12.337517791877431 -14.387184996289406 11.686597924709098 -5.850833239457685 19.913360117638717 34.07654693308167 
4.598312828919882
46.56145130005234 -12.156568784611224 18.640909579515622 4.279995346839314 -8.85457844864954 -0.0956250671457326 -5.113384924667585 3.206016792025359 -32.49237703895463 9.358694548641076 5.794818403631361 15.81571758577391 31.38377825788055 0.37689684226358366 -34.41401563637727 2.8867117288498676 -46.74587675976488 41.6987875660365 
10.743715326616021
-6.266467892935864 21.480419505852865 -9.49194666034795 -30.418505343251645 -24.612502762699183 0.3949141525093651 43.26398661369541 22.51124013041421 -48.004295172279484 22.38483600714001 -15.371388354616364 -13.401800926241862 27.384118847398227 12.254282009505644 -44.35292806091393 -39.96241279979776 29.06171632893485 -47.991365039079184 
97.98364083212873
4.864142483789635 22.899675348645943 -5.3050425016667475 32.28524649310077 29.50649047354615 -35.698289579901385 27.045019580759686 45.63895011455686 -43.27590804581012 -6.111436397861084 -37.594007211389425 -4.390654238142254 -22.984773447237185 13.551775566154944 17.80705502111107 -13.513637815087655 -7.239661751155943 -27.811113294537382 
41.99846195375018
37.14349753419086 4.165761219135291 49.51420178610161 14.912884032993674 39.30103880122843 -25.501285336746605 -48.95364792459128 -16.762813034479862 0.00835363041625925 39.155158999698486 17.705836631481844 31.64596217379298 22.803889942949723 -9.222064848050458 9.412851788950348 14.736551822523495 8.28099214863498 -19.05661375934694 
93.65765379541617
-9.181515903424952 -3.317737865965107 27.860392819380422 -42.77718939291193 5.448555662618304 32.664647271889365 9.076637023878057 12.068675097347423 -30.033894238401203 5.521996107896001 48.36254233653841 -15.14953801548706 18.271233730087545 6.921380838651835 -23.255703265618866 -36.38263539054133 3.7020916271008417 -47.39602285638536 
9.082972336737383
24.951132274291595 -32.89443946026369 34.52081472200251 29.6476748503311 -19.86639338732831 -32.94099716208938 5.5183285974943175 -27.193666178881625 -40.110295393609306 13.688964853783624 49.95804045514866 18.258626978917803 -46.16558479454985 -11.35392888481094 -39.45065262752705 -5.838802900321902 32.95935382511634 -34.46641950051885 
74.19386463671952
-3.953794094677079 -38.67351051151064 -32.54963830013813 17.78431322300365 -15.390000426890282 46.59369192678935 11.29735891803584 28.670480476457286 21.2494326207825 -11.9212698889799 -7.890138142598246 43.89931012600485 -13.350791709744044 -44.22454661930685 -45.08382582170877 -2.644293121597343 4.774362114753252 -25.932136860694964 
36.486622883446614
24.575168518687818 12.29779476641314 -10.155167792533263 34.82502175882853 -48.73108701065616 -28.206473298474943 -23.699722652699627 30.368077961805128 33.49665843822433 25.952178034782563 -39.08940650754291 39.596476849670935 -25.05822517496632 29.625890688098394 -31.08679326604189 29.12464220765274 -30.111934539137806 -23.31425987816962 
92.06711814686123
-43.67550514919889 -40.733065036713754 -40.52453900651213 26.558388954057634 31.15175822566303 41.53825786876753 -39.92894870759906 23.620456655514516 13.08171013292008 -49.812227733839585 -25.39333259029667 -38.22868268906113 16.92447935977411 -4.731607411578906 14.602926391680043 -19.47345161101881 1.7783433048058086 -32.317677927038915 
62.534613156143784
12.02920880238684 8.492718946606317 21.79537503436984 -17.19957048671432 9.244730647577661 -7.249167925493246 -15.505463310069587 -46.19162725240894 -2.7991740153922464 -26.754677430717866 -13.055829516728899 -7.934039013430592 17.209650056558985 -22.59164668180119 -20.934030913331004 -15.034592719842166 -6.908736030324526 20.771035744309955 
16.16215140242998
35.37956104874151 -26.87529132426223 0.2652955645867223 2.121033117314539 48.235264469621995 -8.215170854482444 16.644542664734203 -15.711444739032231 -43.093478273406305 -48.719834361595524 -33.312130374754105 21.358943293085602 45.570662603766664 44.48915595154841 -38.03433592156726 -12.467817141416525 -27.40352219872273 28.09902295752822 
87.68294265581781
33.70547624834667 -10.415909274571213 7.58364434059358 12.47986086749966 -0.3894996380448674 -19.147944285076303 14.11382748997785 48.05723942002949 -40.422333387442464 18.96805773548833 37.5753903372445 36.10816344509092 39.00322665496964 43.34524458704274 29.5774916197102 9.275026588830485 -41.38543025549188 20.977111556630163 
55.665696048578006
32.71464596852283 -0.726462844669264 41.05958682593682 -43.08871821299907 -16.6575977600656 31.327213726956288 28.549734970078603 27.63031440104487 -35.06043078970892 19.41005287552713 35.63632940626678 28.19309307088392 39.0463428979031 -3.879129157103968 -15.351728696366926 29.716527625448336 -26.0736628371676 -3.857339800966656 
41.10265192445919
30.88912095391349 26.87658483151904 -43.85724620476188 -8.604997770575636 -3.739802372518419 -21.229634858335476 15.18538900931216 36.060104307451795 40.03207753368014 33.95850759480314 -4.591705541721602 -13.417532480215257 -30.274071756061225 -16.48200075267998 3.359359624762426 -28.588628968474715 10.049056604671101 5.325131546152463 
18.659097756749286
15.136197448425222 -1.1265798474024677 40.54360804750951 28.549025432122747 -46.29651495903692 -15.55781183061599 42.856339962484554 -25.594279734809067 -11.892036668467355 -44.24680058591913 44.13298112452364 -0.555232879983059 9.16563132008742 6.5252009583882895 18.213468030243007 25.6083802795404 46.77765058581235 -32.76520480170966 
3.1011471536704027
42.02500803568091 -41.48034041687709 39.41901489179078 -38.90261800386173 -42.55125775184687 -25.558078362091674 31.770530537382612 -33.72726948846204 -45.269065866295136 -42.35859792298958 28.509490257439168 9.158164682446078 36.64587411851625 23.46776784682008 17.09802028433313 -0.3469999419269598 -30.713009724994944 -15.849016238094102 
14.570472674654855
30.88454033549243 -38.23046237679664 -49.81093959572275 -40.41547999750888 39.117701524116654 -30.879767380431456 25.010173925829122 30.755222620867855 -42.198844242794664 -30.99609366395979 -24.775729844792615 10.916244552085672 -32.550173596670746 42.33169024473358 45.20497469383588 41.659403607674236 -12.698144096231111 -17.185148594537026 
61.79343575587711
2.8357904133326954 -10.448584514330491 -28.82713136832863 42.59151858497815 7.658714058398488 42.447058235272806 -24.02607816646466 29.612528505158295 25.63076337576649 4.658546206068635 -15.019525608915984 18.983434069580994 -17.275695063815633 0.05338560707662765 28.39212567999354 46.94334467550601 41.07676724012998 -0.6123809182001807 
78.5225437896743
22.55878033736508 -21.080895317458072 23.403631439401394 -0.7833303928343582 -31.622971769442245 -24.46215154307525 -39.55893366484759 22.70906860450529 41.66470054318876 -44.22181915061275 -39.09476590779671 -48.35626293189759 10.929364441695796 -36.07245137733581 30.80060319031712 19.620226615941377 -44.902108984351784 17.776260729560292 
47.0253513181775
-5.0995054087374 -13.974026632485845 40.23367689426695 -41.763843883037346 -21.194595111337822 -31.06096802998055 -21.91447825759375 -33.16931882643371 32.849362505664246 29.955507200686966 -4.690080775095318 9.958599685280753 16.806050880809508 -4.980695222071262 -28.173183652284862 -29.539876015090194 33.667779047922295 0.3690020528638627 
97.63742553900573
-47.755591262167876 6.85557156825498 -48.902899642957884 27.0174027565277 48.85845484821361 -39.94351996101915 -18.596503622272575 -2.2405119755614464 18.860353817679893 30.709331270267853 -12.176934660155815 26.418349937392833 7.099099023497104 24.429501465276516 -34.991968414890486 -37.90755355582995 17.11638008575555 9.557909503984177 
22.57161219148052
18.484717243848806 -3.3758731979254577 -41.4610214388525 1.0501835541468907 6.8159358805967045 45.37478202072501 -34.02326562599234 -14.783008493039809 -39.378344444970146 -7.27036006925438 11.987898808334798 33.78122793238539 27.545601638972954 20.843799978196415 -6.134780703069019 5.932075754492459 2.9495235496478927 28.624617741472946 
69.08390405607379
-32.76192473717367 45.49141236935384 41.48377101910509 38.32852974297869 0.08798771298297225 45.78117420088937 -27.60860716445064 -1.5127060377836727 27.160100432508187 15.804701348882674 30.853945928014113 12.45509512857329 30.33266103064446 29.014523738928744 -41.82414945213533 -24.893664355363608 11.998988328513882 -31.182963563539346 
89.72811004657211
2.9430022277807666 -49.073506280104276 36.64352315086987 7.935495963242531 38.6930146070238 -49.40027756982892 29.874080679125427 3.3071235681573086 41.52839194195934 -35.586790417348034 24.590672031964573 5.073510277605273 -21.407639114416366 9.130837478277684 -11.532468583811394 -22.14347437552795 44.1689771691164 45.704036972173995 
55.064173251236326
6.286908238440738 -40.90155102709914 14.842074125990834 12.368291664820589 5.597282792387546 44.93581478816829 -36.346642116459364 45.64289581250647 2.956940064012848 24.87021515124259 -10.772461914239841 27.463984729932605 -18.32213267000322 -23.433537834405136 -44.79607588707509 -33.707778722849035 -31.590145208803666 -49.13977270059774 
58.172515833046624
9.003930804315452 22.055740554768917 -25.367377857580863 32.17978677221535 42.51394634499154 -47.62385166519042 -23.79049464318326 31.66204267568527 -45.04526848038645 -43.883608344965985 7.275425535455462 25.805056015731168 47.83332068493945 8.976419913848744 -13.438465785416923 -29.370619534960362 37.16957450857157 -7.14194720376674 
7.461464796511496
-0.9733962620403958 -6.173614093726542 -30.438033166980482 34.248596274370186 -16.47750445760049 -48.92563256871304 34.47020132508641 9.71270029633886 -18.281134412858545 -49.10928512126254 -3.2617579799721454 10.803530427123398 20.166690471479882 9.573864934911967 36.1339989903758 18.263359582540474 8.848833446949392 -42.0373192155052 
30.899300581735645
11.250084180634488 -44.49849228237931 -48.11912658737746 35.872779728556765 -41.40300198311262 -33.32061793490209 -45.6155994413339 -34.39865288634438 -45.375087211247354 -19.22999258446101 -37.02831116434122 3.2806889942361153 -10.683238579959642 -22.910946981373613 -7.8765648371699655 13.10352865234308 -49.81556691049772 44.738581344659096 
74.37087860128673
-19.042334095059143 -23.697930951980773 -24.913583402106088 11.548424875826456 46.404094690913496 23.749592610406026 -37.47459996153444 41.9685187120606 17.478795929354703 -43.89522235501704 -40.40285998556604 -11.036263169165096 29.100020718469494 43.64170874915612 34.61562757975631 21.5730516184733 15.726260406173466 40.537972626031475 
72.60187878941723
-10.893709682918931 -30.601728907095126 10.662504898100124 43.641536025969884 -12.097157487238 45.41192179862773 -10.589485065124308 -13.296855685213224 -19.192354729217453 -40.39322538893073 1.5714454215618332 21.505627939431747 -32.28040282921765 -6.381262555788766 3.360469513519213 6.199216015039674 -0.9754917021841578 -12.566719609877751 
30.513532862308324
4.424908652448536 -17.193259263598378 -47.81091980725947 13.740528282578914 11.743298040377312 -38.55922034932302 -19.579815439603856 17.850646189384022 18.47441897726935 23.495900428757025 -34.2118956969541 -28.49143972508972 3.665971782863089 -27.15575292655632 -30.156518772506946 -19.150424732015736 -36.791829264099064 -1.5554106683448268 
39.47030875216716
-37.9235810424997 24.039131480322553 -24.518937396701478 -14.596065090542133 -14.320109286708117 -14.064406415378095 -18.63172775657994 29.57736256660624 -1.9298762619257204 -37.440521213459135 28.59113729958537 17.03863461227543 25.174714156924097 -35.768381628152845 0.4298667880397886 -33.204601281251286 -33.045461014143 -23.670266974887998 
75.32755944157815
5.181014083546486 11.807589927732387 39.25854201203282 40.98985406039721 -14.800187859258216 35.47569363996675 28.615669513339625 -19.736822128543384 45.79749170206817 0.3385239206604851 -32.522226962759234 -42.57988615374659 -43.884233836233435 37.87383269738581 -23.342884893604133 45.687462729190884 21.52885403125073 -20.417651812906247 
33.32960057387867
14.684602810414788 -49.377523537394985 -0.17963771956232932 -36.388979946339674 39.89678004042278 -4.735511934677696 47.752509057901776 -9.540892487081443 5.389997399275337 -20.4705716153345 -24.968207758298444 -5.2952698979608215 -4.318805360779876 27.477606312821322 10.833451488710544 24.066340073729307 13.009441457848382 -15.347359298207188 
46.513800008333284
2.6776040152189466 -37.789068818730584 3.649582412315077 -31.565346519819492 -48.04111194256123 16.982510621724728 30.219110057342775 -30.61144535854794 32.58907585673862 18.525627845950595 -16.88847571149121 -23.420499600837875 6.884967873393265 -39.605485142380026 -31.772462029023497 -42.741592323773204 1.0712930497316577 -18.17051508428871 
55.63120179862563
1.8820985020470502 -32.27484854124061 25.938289210909076 -23.406505209777773 39.059102384308474 10.10446755918261 18.795451026822548 17.073478974021953 6.565134784741936 32.12086521233229 -9.138436413569728 -6.092864882753744 38.35558790767469 20.393060033678978 -6.9184261331501915 0.46232682872479103 28.771954731214464 48.11778492626 
6.603063856130698
-0.36842932889239677 -47.966391468015715 14.420900724890359 7.262630545772787 23.772609308165286 47.62591814638132 -2.5977618292388414 -26.179550724060874 13.570063542711608 30.34014933310179 4.263419920877723 22.38015622044925 40.77969525299541 47.490230722319396 47.70875874199696 8.513227329567044 13.430122705936988 -14.77410271098124 
14.235053713503865
-36.685974312566415 6.295083735855044 20.881318229092628 16.9769068633489 19.943769608075 -5.687335493022239 28.94282516786366 -6.550001418894091 43.17867448634861 -7.883872316526563 -25.511108939714067 16.83547069299898 46.05953333506065 18.954338621825855 -30.149973263152795 38.37441711454582 -35.052890986584785 15.017990242849834 
77.75583531493778
-32.007790233278534 17.11963822333749 32.551158597252154 17.380929229286053 30.448216958793722 -16.49415789377207 13.115980643716263 18.47102822707329 5.1072104802414415 43.2289129587153 40.99154815096642 -26.87499360085467 18.854546276353176 36.34382685840126 31.92635409713732 -45.17176277867099 13.72803435663674 46.482545350532234 
26.32694905183649
9.977123315649564 3.5151047078835305 -23.921423465819245 6.453735148436849 -21.5958182205802 -33.135252170410084 33.424430327982094 -1.6919153804879414 -33.692371968236415 -1.6105712174524172 -36.97743803190471 -49.36672042831313 27.508934532274466 -46.21702669022613 28.52238930996336 5.815041800668354 7.1063220241512255 -19.843763402663438 
50.99301397004156
-9.54431122459286 15.361750448345077 18.59307187186107 14.363342461507045 -42.99073786407517 29.053432734051754 2.3549929530749765 24.56825415837382 2.1032208639746415 -37.454534484811774 -48.78638702434047 49.271590228174404 22.03559339878379 11.470714891275811 -19.93420011707523 -29.006304102506743 41.424795188056436 48.19257241127421 
48.28721846206576
-41.94669720218326 17.10250041628197 40.10579724523804 -24.79426423686959 -5.059385824406206 -23.92163641417061 -30.64387574912256 -13.373065997836754 16.570365685450057 -6.23141389235753 -44.2970844586687 37.519782959553154 9.320841745278031 -43.331391359545 23.018582094642753 -23.228752722346414 -24.15331469395724 -17.736460122928634 
54.313140170921045
-18.65553801567039 -39.63951783293861 -11.791845178439722 -49.808301550906144 -10.774149808405731 -3.5898995042046096 12.671620438560808 -8.702762901909331 3.222286039170733 -29.864218567740718 -11.769628537355835 6.5606291886593056 -29.029667812086412 -11.426983487302543 -37.194176263544186 -34.02572876352576 -29.5548229835635 4.774304684629357 
92.8819303453605
49.12533110575286 -5.1921464500970345 -20.64513201113697 6.600842294588283 -11.13090688551818 35.60496204990848 -48.4755170237163 -2.6767890012996602 -46.70759153478032 9.135987991331149 -48.250431656376335 -38.14703408732236 -41.488166351527 -42.77092843017203 12.89673692694602 41.76469338722487 -0.1294738816121992 -19.28318604223892 
77.04105138482224
-38.86500497492757 -0.25748566542903717 31.579573600341504 -48.92077938461522 -20.53252494520309 -3.5774899152727997 -1.975589575898681 -14.129967940094367 -5.28562897022892 40.473914815008385 -34.30634145160154 40.83137096541361 -11.964000501159802 22.42725986187824 27.74787013358538 48.75511518105992 -0.6974222335393776 28.865811835219787 
96.7436950661396
14.058361834644444 10.331181270348445 12.70460752815481 42.02794657613373 -38.228641030581734 -8.536031467378749 -32.136261746905625 -12.204983315637044 4.2695847384497085 36.33197657671218 18.55622629160071 -40.99452627167608 -41.910524858292604 -30.487840011770906 -30.944660391241218 -44.96048862966793 24.12429192516386 -37.72639947119548 
61.0757540970844
-35.74031397120552 -8.921307336849424 32.72207208724062 -47.20248955608323 6.58317743280309 34.26752597015482 38.390459925961736 16.08119992778242 5.714539613347036 -40.32348021088488 -8.31420512553175 46.56739309452152 -2.1342366239225896 -13.340552982120471 41.59195429152575 -4.877178490663859 -20.40881163939575 -28.271555814690576 
18.6403605409728
-41.50961834226965 33.79060967741498 -49.3987920834136 34.39926695170648 12.019536837625722 49.98472694835908 16.000740928966195 11.595571029201565 27.998247384530345 -27.357186185094974 -45.339525781324255 -3.528745087993812 49.377053023039736 -30.35667905613967 38.569495981100545 -28.91000391115719 -19.42947105595718 11.873862597161363 
52.69974003643889
40.04758838122744 -35.45921246182888 -5.472143755262728 44.288984384899095 13.403277918522186 38.512289654791644 10.830833005371588 47.21053449101298 45.63724646213295 -0.563257734981768 9.730234599331176 -30.95748996472939 -30.94714643097829 -35.27862455681103 30.508304854009253 28.156683900375313 -20.71950323802073 -16.24655955364964 
59.328430386801145
-6.521154470443804 40.40321708704356 41.39830766201976 -4.598894892810378 10.529708797994907 -22.287509971091836 -4.081957021108998 -2.2435504581250996 -6.062612859931484 17.215883984205476 10.651919942262658 7.53600406017857 -21.180475346744533 12.756593842127586 -28.680206358944538 5.267296118857544 -48.73483285625188 -26.03188480976111 
78.95387842643514
-32.239517522023185 -28.39646343886164 -28.724425144817754 -27.76610446320723 35.06708663471065 -36.771172626264516 47.76859958292127 12.39520126232285 -15.633270611433545 -35.54272483440397 12.008782677510197 -41.101054748531126 -15.301569648198232 31.224683562159868 20.69816939004957 -25.302100431054065 -25.871064766496378 34.38968718090432 
35.623433717714335
26.201079900463228 9.251202974149699 16.99003276771745 -44.59631726406516 -15.065115189113598 -14.167923418710984 -35.99379234114358 29.308144348454903 -4.582089332706616 18.978840113404218 -9.981229872594987 -42.22677116094688 -3.0887642644349853 1.3702459303293253 -31.39725251734532 -27.76319349901424 -24.524589322073133 28.898266822514856 
61.38452459545163
-34.479274686717844 27.159979495346604 -5.507280918368984 -45.60629837132079 13.230969205343449 33.170867315939915 2.9516007291981765 24.674335950389647 -13.491909353493327 -16.494505734834576 -47.72417819632183 41.07713328367318 -43.051183050962514 36.815021376640445 -39.692254187783746 49.736098379526766 35.633078445357285 -28.852333629134353 
39.398783054229256
6.940223712304537 19.92889272403204 -37.253476718617186 36.38200764705317 -0.05717653085965679 44.11091405155658 28.21992041481957 10.301634246310577 39.70813774723774 42.81667675143473 -20.828183915795506 16.15183896836386 -31.323118400511195 39.97785215613369 -32.225734900226655 -0.6966529614524006 1.3394268341714763 -29.897842422188127 
96.78360752950863
-17.653134997766685 -44.262653156406664 23.644781860878155 28.14643523952192 43.75827733275048 39.97108597636371 -16.303488252047536 0.6110073653104422 46.09130263102688 29.373544019181324 -12.670983560254648 -41.34567891386336 20.32907443128248 7.216387256157773 1.676014591896859 2.5544944059450856 -47.42311366397494 44.64795503024159 
2.1923622120881725
-7.417239753059093 -0.5458344945632447 -35.98136615482095 -21.47867708203135 -20.94118884456111 -20.655558942344598 -36.168396735849285 22.01363879815605 -15.592182989209846 48.08795421078281 -16.736059955619098 -31.81976796694205 -16.623060690429227 -30.247767945149896 49.53500836076876 -22.776286868760963 13.213718979224907 35.79183838530176 
32.35617456008644
36.28205905776545 46.87824426207074 -30.790810564967096 26.277887488934766 -41.868755916185734 -20.744488997997944 -25.745810608438536 43.957176282495396 32.83174080155244 8.85395161873732 -43.248834996588094 31.200688741237656 11.167197846898539 45.620619409373035 45.31740474427397 8.095390948673511 -38.288180227810166 39.27305353067544 
39.53833027895259
-0.37890372535211014 -3.023698137300457 1.9423902659042938 -2.4098182001078072 43.84603125097094 8.320396898896597 -6.058213756247177 2.8518293672825408 -43.86136323368898 -15.81645710168852 -47.88121802777835 16.723102542904613 33.785905047597225 11.673196976312369 -33.48021810911703 33.16784694690797 6.990500735056585 -22.336163917645745 
2.989275194416008
-0.574322009456715 29.42601647147319 -7.702120202066787 26.846059021032687 -43.11283442908349 -45.63829095701851 -44.85699598008557 -44.07680688652101 -13.697010810778643 -39.174916150970795 -27.751292031573747 -39.97206522500566 -37.701608833002176 -21.64723877553906 10.958160770190986 28.272509130608952 33.590002543899885 8.587076989896246 
98.56970212827807
45.7460015951374 -2.6470678861725574 -42.69213906078233 30.805664389119585 -43.35772681906279 28.861753823170716 -28.554062124273283 6.534398305482981 42.22829831783696 -39.17012573119963 22.206879783718065 46.30473356643682 -41.06818648727277 -19.2025549463575 -12.35944025805685 -16.009643245822602 -35.65319264007688 29.468870852772582 
15.824155502584226
43.20486151207744 -42.900213774990206 38.076658332171434 -6.716818124870791 23.136524328939487 -29.71063611057686 38.649187331622954 -47.64273428227681 22.065154658862767 -12.393754933073623 17.48575237620753 25.92432354863527 -28.938418871791193 -3.7398473496339975 -40.80701034708709 -1.7711036863383853 35.23372561108292 -48.5151552300632 
96.31259741202408
6.517376421151575 15.371398042461138 3.6618820572115496 37.87105099518547 19.76493442091666 48.95526269052452 30.998275165299432 49.10776413999113 -42.014035335281676 -33.76625586376815 28.21278664175763 -5.811038337109267 -31.54810753009558 4.434870491818124 24.830086296637916 33.890291829280244 43.597236105351215 21.168333991778013 
95.45154970326203
-8.968019223365864 -0.5231717250548087 -23.313619460363377 -21.233988534242677 -42.12384350343243 33.34416607560354 -26.089625939959827 -7.916700520193665 21.746665800741056 44.252834093254364 -45.006832399967536 13.81792383460764 -22.192408211728885 31.54003502706918 -46.32427428615748 7.619807199483809 -18.762617950010963 -17.366735166115433 
43.809672973619215
-21.256471693848667 14.96132317118608 23.828180228599066 6.155789659753616 -14.233024490613012 13.655842373604251 35.51780294842402 7.9316919295687995 -21.08504216535455 -10.086068619010916 26.810153540971143 -47.42974004907295 -49.98721934129401 -45.73822903726502 23.55350112115221 10.763627353188063 -41.510666580214526 7.142373695979153 
98.49542806209594
-11.89413060632036 -7.131215498938545 8.032866066414499 -37.366087043555176 19.510752609943026 37.83449791341495 -5.462126229880759 -7.224264285392515 6.069235102049063 43.21832232291247 32.602119054381475 -8.100556904625513 -23.875328457408905 33.162950855751276 27.911252551172097 -33.872774491420266 -40.91805240022723 -48.77548539933997 
68.10067131729258
-45.057941003204384 -42.16992849658803 10.327210116051155 -4.432179134031159 -30.25651493685909 -6.353979580431748 5.25120645811208 -18.515682148298374 -20.082549633681612 -23.93909705104069 49.72963426018832 -16.96999321855779 -14.697360293358088 19.407824972705257 20.249998573150037 17.921765259592064 29.267806035608317 -12.365910305037922 
74.29989789245467
-17.014199674498265 -12.428423045442251 -0.5513641656113677 -37.93357214327865 -23.177211972434186 14.758296510590611 -33.01105119266017 17.493205303063604 -39.45885230181055 42.050468216468474 -27.070085056767333 -2.8815048193896686 -44.91559949876963 -1.4695970662685056 13.320375798186681 33.2623922003567 28.854430456315825 -29.139299648649942 
96.42145315482315
-18.09937544585589 25.133181714364113 25.875233578097863 -8.566038563298882 -25.042986474819816 15.23115658660808 -4.9206669568329175 15.240505843286613 31.766174285305908 40.34184590148618 -39.570091731335324 30.15118003547748 -4.897418717464674 22.756968403189845 -13.276777816854192 1.130026834759775 33.441652326695674 -14.601764658511982 
67.50018835641647
27.092713449181744 43.01302580105293 17.547111320760052 -11.414082964918947 17.60415599313029 -9.274262284641075 -35.795200696311746 16.21244381658292 33.66811248584655 -37.81044148850048 -3.309502503445813 -14.869524904654533 -0.7109494141613624 17.826246150820708 42.88674393960714 -3.801914822334716 19.0998473018211 14.459031261548944 
66.9664391020561
32.64130763936133 -43.412789465294296 19.788161736913068 -9.513077892771683 -30.4864026988649 37.30993432450775 32.804902457743694 -10.58774996240485 -18.161823230596585 41.993427167653266 24.46584387446869 -15.074355754246092 3.4992960129393538 45.497223311417386 29.843989243440333 -30.180215854726256 -48.8445139872426 39.39044075623063 
5.492569328430042
-23.196511026624457 -44.72008296045452 48.233482170785464 13.90206757488938 0.239043913309267 33.889968148767224 12.652486373704654 -39.29950166012085 28.62524907752561 3.610200717969512 -34.09358841894527 -10.35851475185899 -18.432982120739393 47.41991752920181 -25.115190366664088 35.44421363066648 -27.976825728423947 48.76854393456014 
1.337714368479448
45.19391008862978 -17.700166213434606 -42.300925704234686 -35.37269721566564 5.280947248176062 -49.4424229029507 -23.79810606214756 3.4043077217316267 -47.24868646392151 13.526364095174557 37.2282891327297 40.35036880214898 -42.53938942970744 40.67296558048298 4.62498006718026 -48.509112605675256 34.56834536418701 25.241419329484174 
89.7081020355457
29.571155754946005 35.678786376533225 -31.61216764605198 -35.722991876528965 9.601856722871638 -28.67080246742786 4.05664276755121 -0.4246459523435533 -6.0817301720111985 37.54576477779753 -35.703814382734556 -23.96103516708209 23.960851218675543 -45.16788783463389 -22.612760280380773 -10.373048709733531 -3.5268959276330634 -20.775218834360675 
74.45899560934718
27.114642973850124 -37.07408299078724 11.944621968185253 -45.80734733523376 -5.066084116490224 -17.284094584108914 16.692553619733758 -30.236351327771473 -36.02151083104533 23.048479264632334 -48.217319686949565 -42.650674820544374 -13.751148720591608 11.40469688603374 38.0752891103145 21.329546067372704 48.293457183802005 -49.89574649179532 
63.06679388988673
27.733669652092715 1.1099275478004387 -3.284814221629574 -33.486788024171716 34.53795974438292 46.501924775403424 -1.07580205211638 13.608269705642407 5.093357130451778 -34.15546574780285 47.96979334685368 38.006823500658925 -40.735697661730185 48.792854696578544 -19.146363368886053 28.878733288080227 15.785074843456641 16.675716142502424 
68.28391365257418
43.697948308342646 18.890899008493705 38.1482839768926 -27.332317892570735 -48.3839976918672 22.456854097960246 3.1345132245221734 -1.5424725384134632 -48.961270543531164 25.678398279362085 -44.82769803062543 -14.228913344085662 9.419480673513767 15.753102916135774 -18.018657960118833 17.440315336299093 43.30169276873889 -24.926031645411626 
79.40560649918217
19.51063660597343 42.28817146357966 -46.87951588791468 34.83951661947434 35.698377184553905 41.883992371488006 -13.465630873065493 -27.171212572446436 47.42822700411752 -32.9455612595947 -25.207279725843257 -32.255926488781384 42.81067782398014 0.8589691460129671 -16.557951409082115 -43.74253652494278 10.28272742992182 -19.333346886087277 
2.032508819884038
-24.190998419593434 -4.376625745479188 -11.771835388608785 29.692379956537067 14.332377659053947 14.668775468808064 -20.726167530435223 47.7086218845193 -18.784011915694443 -41.709887840780226 -6.673123499407154 -34.469828964338745 49.80759432571787 -38.939375708977494 -4.934583538246137 -5.713656337308869 -22.272156440877346 30.526436150297968 
74.83642611171902
10.213561453980383 32.83992175798214 -49.890848212800435 -22.1807086031968 19.309363922583202 39.929698394527506 -24.59355178073658 -11.143781518238207 24.083440005218378 15.982666831910947 41.02017931656606 -26.88881600785631 -26.548754705561063 -19.598887972830358 -16.970191010805905 -38.51123975068745 47.61649248510027 10.586876250244181 
10.84221273358217
-25.861430307152133 41.214609129818015 -36.97778927481754 31.387248265434735 -4.60926362981823 -39.95995117037935 -4.686841840370668 -11.508278288422517 49.11219689574874 39.35612847614655 5.616991169819919 30.752659366279076 24.74326510381556 25.08678252563348 -47.54275908453894 -37.65588899262823 -28.83162351238453 33.115503510367006 
80.13689761057933
-37.0700436041344 -41.90551317629002 16.46745272499443 -47.207636454098775 -14.781523411361327 2.7551238915101806 25.326498290474802 43.58781799559536 -48.317230314083616 -26.47242149743956 40.639791949165854 34.631642013012694 25.58428760201528 11.445339535643114 -1.5118163786326022 -42.09639687163188 25.6751533531406 -44.39266771098798 
49.45163817337438
47.813531899611704 38.81812212144433 19.130076940889282 14.87452375337945 -18.03075096279607 -39.74862799670632 38.55843398517315 -39.76351206202142 -41.686484026446955 -42.66142842227998 11.545095517154571 4.760394340459129 43.99686523488319 9.382959155165324 45.12855227461053 25.939538728756958 34.185126082181895 23.447452984595046 
10.083767381322273
-2.157788155331005 27.457545958134304 -35.88889974061613 35.58934992307165 22.852402489179738 -41.4665565251142 -36.29457327391556 32.84949877912307 -22.068761282833993 28.77227675018267 -1.1874574289346782 6.328594111820351 48.53456074154879 40.224196692235296 28.670185097356054 -3.0992250882636796 -34.002262163177946 -30.035001308640076 
41.617070595091356
2.486422736593056 47.499733494314754 18.03158100307914 46.825299678088314 38.6419567119695 -38.355930406096086 24.480955935520328 30.304765009263676 34.08894308700317 7.245248058674569 -21.072091157671903 -33.472125895766304 -45.68704598295732 -1.9151269375229916 39.37345705288793 40.01108303906115 10.132265187943254 -7.797438674692749 
86.2182517386378
-15.196885096015556 -12.469103022697759 -9.287534372854388 -37.93784725971858 -5.932050868017278 30.070103749502493 -41.81294633815237 38.22316008792487 -13.186035271295104 15.836947284226483 -15.674453371560773 4.865998397301588 -5.691048725326873 -2.841936327063422 14.925198063065778 3.212620516868995 44.83388605771094 13.201346470130957 
79.09938186076717
5.513972091931528 32.166766980763214 43.10773486356862 29.237260712312946 1.2943453879736282 -49.44903272519085 40.439848078342706 40.375543311380085 -33.163276880342764 -33.109041748952585 -21.496250703880737 -13.546352237927259 28.95953258365418 -20.468560059465823 40.494651072819025 22.34938171931877 -16.157765654454415 -17.785745681476286 
58.43687616445467
-47.356998406943994 46.9892385497004 11.670747120500344 40.532964149644286 -39.266692912153054 -8.621337642483454 7.795436893002794 -22.19368076287852 5.230212768684204 -22.57555165365652 -43.53971338846505 -12.18368987625795 14.474028652316008 -9.412556164346988 16.766966834379247 35.74432726838623 24.582424867367905 -19.69699121592573 
6.897953279789926
-28.70627535984819 -38.398113193570495 37.34982098991412 35.71547069456173 33.61624656841924 -35.85879488505257 -44.13348043168575 -29.129394902442694 5.871935286407684 -20.709627390499495 0.9298945876632487 28.423223821981054 -3.950866712136559 41.678970665689434 42.94033884433061 -46.16342961253731 -18.684304528063812 -36.79600505518216 
76.01734177715707
39.69872239164063 29.44205675560211 19.257799495781015 9.189786890626337 -8.363653062205614 2.731340524558881 16.212587226424418 -43.62709649688321 10.624516072357423 -42.58878484974389 -35.5312194222339 -46.044294902745065 -42.74042004973829 -25.41325739480895 -38.449795961331716 3.279798837095349 1.5503899688673073 -2.377004410716985 
60.52998834144039
-30.62750504451651 -9.603522320421135 5.2207534975061165 -39.50328325783453 -32.99584611757351 -15.83997491786645 19.46809768103431 -42.1787691257568 30.47173980601555 23.601770352619667 33.7952902669731 39.660245764548165 44.46760630175976 -11.060712234648499 47.0298384675399 -15.566306625492828 9.974548228301039 3.8993362088101975 
56.64315359109489
-42.06145319472437 -18.664821657626508 19.37424687160761 -3.2002131393593984 -41.68740721700838 38.47575385564059 -16.344352811837183 -45.035264009570994 -31.762534423918066 -48.27843176860046 -30.792954026114117 -35.40617759756212 -31.42902371806833 -44.276924519116854 -20.449884359690795 -49.17327161133023 -45.975386675933414 -26.28103749809402 
54.07777629203788
1.121762727391193 18.552801193712227 23.694368512133863 23.470496816109673 43.41596062469014 45.796369563363314 -6.050471192273498 -6.119555820203303 40.663694045109395 48.22338500997357 -2.8238769477228445 -45.838521565913084 2.501470188718848 47.53632775454841 -0.6543342890490749 7.161189982321623 -27.693905368071636 -21.5346168001745 
22.546270371332422
23.454544282977693 21.057987704673323 28.243334316149287 39.361178685719906 3.886861803108978 -31.809094233111356 -5.141579964178646 -39.53551342693996 15.907288601192278 -45.99612095841421 -41.39277744868855 -33.18351808096168 -12.087932536856904 8.2306840586309 13.520469736666143 -46.82690677720386 5.680259998836533 -4.993245817173353 
47.910395599275105
30.58096013452169 5.472858110012901 -34.25709310262152 -3.4108637378899687 -17.88834939432371 -0.5205203744098625 18.309802852630114 -38.766666082312916 -21.704388373526317 1.0351242915585672 43.45663426892423 9.920964076730257 -13.451564975632003 39.3927756800304 37.532012639387986 22.04220748243182 -47.66089401484906 -33.17412193165855 
24.34457705810724
40.586861907885236 38.93185780751104 -35.55197542554285 -41.604599604267754 30.236691307806723 -12.759633475257374 47.37549229374703 26.733747511548444 16.74182471366622 -2.3350116192786956 -45.27855393378532 27.332349324936885 -49.263906306790126 41.740813130095134 -14.600919678231335 -21.852209584095363 -2.552967839159926 -16.993691638243426 
56.824065766365706
2.926225001969584 -47.318039380783105 23.709395650276477 20.345095466920654 47.334135643680995 25.022466360299077 -3.200205788351184 14.594500532352257 2.1383411320396704 4.33524260241488 -8.886475502253042 -24.060708991980885 -1.0709152210352286 -42.49182590133095 31.737484460665726 -46.17386678315937 -1.7255554303175273 -46.25381778353629 
87.2490427373338
-1.9478210801344389 -39.786034230402144 23.812296197024082 40.857632766196474 -5.1431386633503635 -27.35617607116032 0.275016784391525 -6.56764995093382 29.21808565626263 14.415475023673238 -30.876010019582665 -37.01840984456274 -8.150486298892567 46.8641673485498 -12.95835076581178 7.357814653430204 31.133948383803215 -39.99666580864939 
33.16936972435014
24.792525905610205 22.591054743685092 47.76529684150849 -30.617608691541665 -19.676402260796987 -8.534014992408999 -49.56161820506581 28.888585846482812 -34.740874800814915 -22.361266073812835 -18.155088504364713 39.391912003629756 -28.47100555507083 -23.707668530556127 -46.175751445108226 14.112175905347698 -46.89262326787258 22.6412604712703 
71.22944534922274
11.62852001639557 2.646449461811315 14.509796796073587 -3.0843133441319495 -26.185192570689985 -6.956415312647756 -17.336828031558973 28.09318785602389 0.06089891678225001 20.871358014600446 25.532867375754137 -17.063242320274362 -44.47546106798556 41.43172644704582 22.340488285174715 -30.51121606327528 41.33442159034742 3.6527499385552886 
76.61305655173378
-2.338087058177962 25.465716902388635 -22.871725190184854 20.69579325127458 -0.457783915383871 44.435172354655165 13.308036899455558 -18.893260793458033 43.21318660377514 38.0136537518937 -1.8223663465240492 -35.55912943415822 10.965441401266474 -28.170203412990524 34.72490780875148 -25.98038265566378 -35.97346842636474 36.03918439052438 
90.0712648312456
8.59500584759487 -17.16024153713913 -17.840694476464115 -45.64650935898445 26.155897485853046 -45.55949409927086 -25.278752840692487 36.27369025988051 -21.752907546219458 -23.376943223559078 -10.435038718001742 -36.30804563231214 -16.79965251020795 -37.63961338524801 -13.594390112398422 -33.28154928718534 10.289653733472157 -42.66592188405076 
69.72437647396322
-4.531389645305495 41.061335221881194 28.450834524811924 29.08785327533269 -35.02284613216712 -41.04706948363142 41.86679555865473 -32.32408453926172 25.72369811380092 -6.197034723554232 25.310266649215365 -13.901238574265598 -20.195240567497386 13.96712042585807 1.3880387668049963 -12.490403561252641 -0.006057677571824627 15.494478011548225 
36.08003818501415
9.57021906273988 11.764197389052967 5.1809334636787625 -30.228487686724982 -30.99747447058493 -33.19698540721207 12.304984634212182 36.941563120954584 25.259754082722566 -29.366535053249244 -7.535433898840168 35.02130355856198 -18.722929745137662 26.661045764650595 6.171703341855739 -27.045507460815475 41.3118510517661 24.298307929216804 
14.725215856065521
15.638017192140538 -11.440155447322063 29.776267813364242 36.369802293943636 41.689093865462 28.534142260663316 34.83363889025493 -3.136710000967902 48.88067392372187 -31.88034167816983 -19.31802787436804 -9.688020597745009 24.105940427466592 -35.23335111251765 2.476785019650009 38.4973849200784 42.87747094935334 -14.53745536882353 
82.98184311809776
-0.09410113012064869 27.13602850392499 -39.07786954887376 -36.804282612550864 33.28621587621214 -30.46144118576236 6.86198554513868 -17.583142323461196 -35.20237137655961 27.414485613390255 11.27571734089797 10.555373214633988 -7.324419643864957 0.22392410156988518 -45.69751826450161 -8.543185393879348 -11.17083346883603 30.620937306496344 
85.58193154415517
37.58519962189865 -27.10150023465968 11.11955417595469 32.91456522719618 3.619664453945589 41.03822413820572 35.879714836978934 5.597241299802178 19.351032779614926 29.056657685334244 10.274950313902174 -14.020607748549274 30.721740402195678 -22.471635992506744 19.67298513138691 -26.413772767444634 -18.065531522152234 45.11126525417227 
13.255160234558538
-42.41894793807367 21.26202110502355 -14.462390521391569 -21.28005703553344 45.38954518380663 28.5228089822386 -36.38852435266823 19.36042989078274 -32.01530633046388 43.14356565556949 36.0336981838289 -3.724779479109472 -34.36823298068879 18.312741449560846 -36.01153445987525 -34.63338650377157 31.81861603736435 38.935207597832544 
6.164033313802864
21.299571548868983 7.64723620075101 18.93085139521716 -36.75667286264365 -41.26055015581879 -25.861569603182577 36.876678717154576 -42.111474421339935 -25.043976715723847 -14.297917268665636 -21.925872768459286 37.85687151509718 17.27585208944909 24.451440971545097 25.830254739451348 -15.876589595586253 23.884586878442278 32.090487323826025 
35.073539252602224
-9.250513884782762 -32.87467871576955 -6.2206613858613835 27.382061635453155 -41.27581958866613 -15.291351272271484 6.6833431264583325 18.083843868978917 12.119173214581522 -23.85539821800696 -35.162641142446475 23.29617116793372 -48.36426365940194 49.226184847040955 31.507447323426845 -2.397252122806883 7.985874211594002 24.53873573894589 
0.40802794352793326
21.5245878703453 -4.462067016254444 44.7389124897626 -32.06668940428145 -7.977476782426287 -4.729773331442374 -10.258412111519775 -0.012409039526176002 -31.0237029269682 15.314576342582697 -31.02749598007577 -20.950228851785614 45.917230102048265 -12.765134341940154 47.4890358161221 -40.21669846753336 44.24843667736066 -43.32593726983141 
14.040995865544314
44.80345136992399 26.768660572302565 18.116405175980148 16.03787232345681 16.13963217408144 -11.477214609254759 25.24972572628397 18.90850042262352 22.481281831255515 10.834122371854427 -19.22379404607737 -4.516382656257832 -22.528407051659915 -42.169369132043464 -27.49193096797494 14.801373855291814 -29.88586409941484 -46.14080618107002 
26.198087040354135
-20.869687925297253 -25.216757870566465 4.889194825476615 -10.207030236622948 -46.976066494509695 -24.620253215093523 17.33858222967632 -1.3389385937812932 38.865448832796474 -14.150473411406637 23.712701671092503 -3.166004789320098 29.63087562251185 -42.4169953339372 46.028190501566726 5.415268590528008 11.493153252871444 13.139584033551102 
65.20122971752197
36.04697199307971 46.40949681153725 35.29178711089139 17.411543032983545 44.68919134722128 37.978729869194794 -29.44038721753759 -43.089517068724234 8.954885814826987 -27.375135303915453 -22.793580318275552 8.823670373428904 40.85630025152996 32.557737620661484 -40.90653570046522 -14.794418692645152 16.057299181289025 -3.018952100969031 
28.840911729936924
-47.06439994494217 -39.410751755130626 -16.33734509284112 36.41905001713259 23.002021977090138 -13.523636953636363 34.25153668102196 32.594073984741144 -22.69744178460971 8.829740450041243 13.620338737855832 10.578712456191774 11.296911374897213 8.707558340155032 -23.96801852273822 -16.21133037455928 48.6790212662583 28.402196020362837 
99.0733204620568
12.78167377640169 27.693619826195985 -1.1966709697237121 0.06836353516527538 -9.743302746295058 -32.19625319423963 2.0993444908418937 -20.921868552481026 29.416687181070515 0.12295515697712034 -32.682338545689404 -22.386269890728595 28.048940317741057 -14.642117949913654 -18.932139270973604 2.8337436651821832 -1.6469800456491583 48.96399998174263 
21.33980659452428
43.26663300281409 10.846913442421865 34.799302078784606 -11.677819791410073 -6.006731373680353 -0.3921071893160146 15.767741307799298 -37.05478134118433 16.744363424274127 15.655330531491416 2.7763096979473403 -28.785393101079592 33.51201974762684 -4.541496410918533 -38.21340535567737 -29.608125398503926 -8.955856445009147 32.35320348922262 
32.82377396402211
1.6898532585990083 -12.014902763524063 0.07673985553439877 44.51296093992498 -26.609942366358453 26.445356620287143 -20.318281965667005 -16.955109418268833 48.15212537109484 35.42758492563385 -16.235256536101375 5.429959515338744 -41.22623436867833 14.806003427334147 -44.75300082117704 -16.51834760532215 -32.227122935656936 -34.54949898666436 
91.86941152197798
27.17742539605824 -32.09814047105949 3.606435124712725 12.115898688439685 -36.12283822688457 -6.932632340784295 5.7856286458567965 -16.546006912136278 43.33631942695773 -27.882941783242522 -5.806438677230652 -20.41709258832415 47.532930486928194 11.568149423727057 -47.8876488378597 19.80487274877501 9.034679061806102 37.59093153766844 
3.678584074781055
-29.313629757451586 31.964250439526353 -37.57641265951358 3.139608251867365 -42.14829437713544 -34.42177680803276 -34.11699092181456 4.9414605833176495 44.052053704944285 2.0568084178527073 -1.250429208147466 27.89610455205039 28.578991210944523 -42.691269288432444 21.54209748910884 -15.804843692313277 12.642253609532617 46.42763195949307 
39.56251157466413
17.181902579756112 5.50723052202877 -16.106654328502977 -16.92199475784126 -19.43716901285324 16.988545670153172 22.693508944707744 -39.87822630710244 -3.8654930608782223 -6.678208102392361 -3.7521018278550144 -21.36829279164356 -2.8788801613880537 5.486300220512952 42.35001346291787 -5.490355013654792 -0.13741265350881804 -8.272388667899818 
19.29739459229467
-7.327849800402689 -2.1374242974461026 -10.670920435680195 -29.035772337658315 49.27698784802715 39.10043623596283 -35.39216889228408 9.776787910761833 -44.952213751556044 30.03043216064964 -35.33892886281809 -35.61565645867958 -48.01731271593172 7.836327115628492 -30.435462441099915 -17.724847339063196 48.72096398706539 36.27881672881611 
69.52564744625356
-13.330799137583483 -16.54498058734979 9.867856770807279 27.919693588955596 -38.27360162838449 -2.486694121455443 -3.8884847104059403 -31.811791798869827 -19.55905261700215 -32.39691973754589 6.237415877869893 40.2544021670999 45.54964081887216 20.190205386769932 -38.94755705544666 -19.588606633200957 -14.636097829693405 17.606370400055255 
60.50091806361589
-22.435371533953486 -16.357649213744054 -37.787443808085406 -26.999102136233343 -1.7391588213999256 25.452780627578335 12.310690892904994 -16.21709559334954 3.1114937715693074 9.42941530428395 41.48383636184735 -19.77520272855059 -41.98042834563558 10.913368704732562 1.6584647638122405 6.571152670665292 5.044290430823381 -19.82876520819734 
19.420687153627725
-9.555061382800133 -40.21086984439191 25.218817586187157 -35.01840600498146 29.20389560008337 44.874304893848375 -40.26602755626099 33.67509817955829 25.46347538618248 -47.644348745839196 -6.875361866320787 -29.01498831367928 28.00282301651366 -48.12238027828823 2.0250904636841085 -46.16366809357627 -33.21029799330515 25.89890816570768 
0.32555669089027184
13.249004407605938 19.004928088049937 18.504974910195386 18.297297681469132 46.44070890814501 6.71626354771324 30.122531103423796 -39.542668355674216 20.07849340751774 6.246380705498709 -23.123154753620202 36.5240155870286 -39.38261986504479 44.29895544537257 -39.616524540601475 -49.85333671001747 -37.47267337818183 -33.44848856563004 
11.441850554874588
-13.950476171444706 -29.301794615848532 -9.306813517333325 -20.601111850699105 -42.187658151204474 9.42577833880297 -2.219944550896834 -12.123394367840959 -34.2831234399773 37.11987392128425 -26.699721543036603 -32.89150301359174 16.92071328127591 3.2393211313220505 -17.51422953425712 3.3051751545553287 -21.323273900836615 -28.05361579833572 
3.1766914058392492
16.270636402720996 19.39865319287287 -44.413156184037604 43.93955945308454 -12.083796149546188 42.080184769056345 -29.65998508424208 -4.840682721551872 16.370042578923872 29.907090482510114 -13.753596854254582 -3.529781155972458 13.055904358647766 4.858836797495769 -5.691108357635443 -44.840041509923125 -6.584461993560566 46.67829561274604 
4.476652449515606
17.07593483151757 -14.12501874096418 31.7950527539778 20.059310390410857 -25.917862027607608 -1.7942592214915152 29.619984839762793 -43.51792707766673 -9.740340353313925 35.60764464028533 37.08568189063314 -14.719085882383084 -7.186677860695582 -39.3590895620961 41.38940983309155 -12.149875296983595 3.041501579439789 21.560822238095028 
25.6023069044384
-2.3071559812080125 27.74573541844522 -47.34093655696107 -27.859464567714397 -5.211548361217034 -7.8987848094335575 -32.1082891573365 25.05114468267277 -8.820976488166188 -28.72116191756452 27.374478275715134 43.647444423068094 -37.009743871919476 -29.996033546196887 -44.74822771628864 17.235717199250104 40.84066020634421 6.756640814531188 
76.99672697756077
13.507084746152785 17.955969745916093 -17.537535507660436 24.37531990707012 1.6254632956859467 -26.705878452239162 -47.70705065049526 -22.891662507813937 25.124483865161835 35.59935317910825 -26.41139142882919 -28.30919989387234 49.433343243697806 33.5422880483693 -27.062329843954625 9.879230305628624 -25.816437156825845 -13.0338525495158 
11.087732324016885
42.03290662650436 31.405640350810827 -5.252478828356033 25.637307009377295 -16.203947611433357 -12.693322910497386 -34.10661313735595 48.34863634453312 48.5336627546307 27.527015231257707 22.234372878081516 26.44278463578698 -7.515489045319782 33.60599322943372 -26.56247083207256 25.38247398419358 -25.22944230040617 -48.15601503395192 
78.05014931205962
-45.582307230087125 -19.79712451282012 14.829835764050642 -42.100514171943104 35.563641998494006 39.24991474723349 0.6099356736188213 -22.588543617057045 31.700100962592543 6.584724470850546 4.807136069673092 34.27472798666042 10.125810174256067 27.303570790332458 -43.04522410511111 33.364876227813696 44.171073987965116 28.209097085991488 
83.89310324793168
31.95654282250912 -2.633812809558563 20.47702618742997 10.282405624297866 -49.01014462960901 -7.8170147114983735 -10.42384464113524 39.11923223967494 44.520600260453094 38.511173981592435 -21.512842779909302 -26.40094748870275 -42.52802781003194 -14.199214126190107 41.06650435904558 25.750793300642755 -19.581051333683032 -32.80348249747287 
3.8276433956350053
6.975682101369898 -20.625315368500875 24.00931940636363 26.462249861255188 10.954902605884762 38.41154213326776 34.51508412590927 44.100239863124074 -19.652468594127026 3.4376847924713942 22.339843125176444 7.607986510611234 45.282332236961025 -43.436542526006704 -13.414603881298973 12.149960017812887 33.853952553211855 -17.770000684344566 
28.36885204609335
18.789766851611915 32.66614665291637 8.635907251494544 46.594039253248326 29.08240063481844 18.921643377788627 20.985943596917537 -10.457643596034451 -31.589753505036988 -5.359673865760463 46.69916747475284 -21.734927666980386 20.2412127673976 28.294431582665197 6.952062031665086 -37.22129693014171 30.53806844855106 49.48147696678626 
63.795565780152366
32.70955637450267 19.223944045059255 48.21269901813909 -32.426814594091724 -19.69689493533897 -6.0903471705922385 1.976762777844641 -24.519366921300325 5.608358812196123 -39.985685533508146 -9.054401443930828 -31.154273520361862 11.16697362754001 -39.03848317721255 -35.478814151413495 44.07056821521107 -43.31869498034114 -37.690919457984606 
40.87918213964576
-9.833682698643699 -17.094797195500952 14.471205423525959 -44.75267028171643 -5.575897026709818 -31.604145879762456 -9.882395730222726 -27.636451469983314 37.00396369069469 -47.21550121968531 -5.614980334378195 43.890717981563725 -4.9130554605852055 45.86839000688701 -11.287754707443732 22.52216285707682 -22.276216079884513 43.09591509498243 
2.410625110382081
41.09386259612539 3.6268715840845758 -15.088728982908904 30.007721776658144 27.226458731006574 15.8904988369911 29.9447016141593 -23.047322619815922 -48.14781136031805 -0.012366493799767397 -39.821250701133806 21.44753377285133 -46.561162976094174 34.379781435247835 -0.009418543918158662 5.969586996271929 38.80491106872822 -43.310222572600175 
60.36490405891318
-41.52439124307067 -13.872792904162345 -27.374416801017244 14.591601742405814 -29.670432986837824 -33.92598907017613 -30.293481045089933 22.406681102448488 25.6712638549063 -47.04581170008133 23.331583225198557 45.80467610073681 35.24405218046482 19.354440965224185 -1.1572000739102108 41.64521191304448 -23.374368215554554 -5.055914496726373 
9.974872232659637
-26.304074701778756 32.356653241260986 22.9586611248951 -8.554382884273124 -40.10151692467411 47.6376681143266 -33.66921448424438 31.429991386982053 -40.586016147143454 0.06574329348284635 -0.4813429764570145 -11.726192412424865 -41.60146847597317 -14.692157084873038 -28.210333443434344 -14.958538854239755 33.47934547427765 -25.341181783246803 
93.04855601079925
35.35535902497331 7.546241637661566 -6.892297796795091 -25.74330925252727 4.4729222890176885 -36.25708705449573 -0.16326073299924815 1.0709424841837247 -49.33959237476721 -49.56308257486075 27.003343391574234 31.537763567129815 -26.338989817319124 -7.533142665097422 47.20601548752839 -13.489940616380693 19.418025420248853 22.109718489562965 
45.210992384932545
44.91150417815446 3.202101576699434 -43.01908137776677 -34.6828069393431 -34.94506583281368 16.90493949145447 -18.52589901995335 42.16278986236675 27.92855153966285 -19.499977051984885 33.36726827425848 -0.17244232260495096 -11.304366656775585 -17.465709843022125 -42.13361723682932 21.76088870332208 28.610527120126235 30.002900668195693 
17.627062128490103
-47.63381945858585 -28.86428112380034 -5.927422695354565 39.18957327985164 -10.001974020287804 -36.74821864158733 -5.142775130398682 -16.218184703578252 -29.320477719583792 25.784069563250938 15.812889282704148 -46.41044173801727 -27.97734119623001 45.02704841317323 -23.692711336552485 -16.637304592669047 -12.3643396010973 12.02915187470439 
69.53257171754383
21.620807341768568 -16.273176270774023 15.608137093493795 -7.831902319567327 -24.259093117812526 -48.33471772519853 -39.50110036982021 2.0634284351190857 -19.145303036715 12.934803780007798 12.992769844984643 40.69991233235193 3.7522528729986746 16.2175830947063 -26.990688409506582 48.30260962017715 9.883586081807195 -9.729233470662116 
83.74871631068001
-18.78749490062154 -45.9310008716454 -19.190833228238358 17.904888339020303 13.492295036210756 3.6737765485138425 4.783484870570945 -27.1236659140214 -32.27270401350797 -33.22779981874858 1.2440989267014615 -33.505944469318514 23.59629689286183 -22.779533391153585 44.40624504306166 49.49262816926776 -2.974534409928772 -16.422424387889066 
61.58323158275846
41.282668805187186 17.601714770610997 -0.5421668625784548 -33.669896526705486 -48.460003883299066 -42.58982311936721 -0.8319218433766622 25.440907676759466 -28.291263733169647 -19.426233555579387 -15.62263182588903 27.368587308810845 -42.27727653588646 -10.488956859304707 5.086277919175885 9.187189624039235 -21.91849327341605 41.29191584029569 
41.30759718854825
29.391980088597833 19.874412070765686 -4.541045462700858 40.63968583504311 44.63373121535926 29.42800372944191 33.29542271148816 11.30828601122542 -40.09069096584179 13.959440965626072 -42.24062828910397 -9.727858612840677 23.781418457012208 45.95018112990532 43.166438993599215 41.632285465122436 32.87616720928645 -7.088440350559381 
4.192269640655278
-8.145611534292875 43.20789788724082 41.7957675725668 -5.121210908707532 -24.791877128793338 -40.193513712287356 -0.48720237513882125 -19.933220181802767 45.34696661151682 -9.326870843977275 28.84598979679764 44.04054489976913 -42.903520224009384 6.266390941465161 22.515764030845446 14.158714734859657 36.2885452568008 41.52107369582721 
77.2232503181294
-19.14149177319785 -15.12634461126963 13.828258784752265 4.212481665526482 -10.340927366603104 13.562811067882286 7.455651054989268 -46.77810796413592 -34.347223761468136 -45.10483076744393 -7.436886839076543 32.65287919265299 -43.53834487978826 -14.102934939293078 5.269100798338833 -19.63479495928332 45.74944075500089 -18.60738334678014 
64.1494600413235
-23.283920889723987 46.11791719570353 26.545609046416317 38.10083460807299 -5.708240256749505 27.57962160554696 40.356891201675765 -39.32328057960008 47.23756876893859 -24.21281397587728 0.6110907437587159 6.804969388631257 -12.825779148148918 2.8129020063666346 15.160918081557227 9.221357260470597 -7.604568493879171 -47.48964019512316 
4.456911702532018
-5.995416459748014 -37.62623866127232 -47.64668076828892 45.87500746236019 -42.726162176868385 -39.44128003120928 -35.86478512896079 31.663804044899408 -11.589089698229671 45.03317504333397 -22.973971540083404 9.22797110433968 19.094541928789113 -11.198886326915478 -31.778534095381662 4.983758399868819 41.98551256250977 19.311873361863846 
78.78277145904742
-18.832898589827064 48.076765765889135 0.2829898116243541 15.253660455681356 38.744350178189904 -22.476378993669066 37.96580581262768 41.254255327366664 -41.02983694508071 -34.80508326593528 18.70502924092962 -32.50991083726568 21.156666679527433 -10.763268603303821 -25.024485487119343 -16.522399479439187 44.862504504968896 -1.3839529801937118 
83.03646654286209
-1.522336188582372
-28.325717232192137
-45.77190585302996
-34.46796488346149
-47.910335861669274
-39.57434564121396
-24.29477640144311
-15.33944709946443
-46.98442437381698
25.350977251128853
-42.603470107498545
13.192029504543136
46.806462066058714
27.018719671942264
32.187975253735914
32.53887428895807
-33.87175840328164
32.20806479203354
