constraints 183
variables 18
-13.518280821433933 -45.487035182563496 31.57029118344539 -29.938721983919393 9.124540744546394 45.302989477922935 -4.560396556353631 -28.77829190800375 27.378026048983543 -36.36089788352969 35.7074154563779 -35.89668395029211 -1.5290224463301172 -24.695390042169972 31.289799933550427 16.444492270390384 25.577199374110364 11.174594700947836 
57.0426701004267
44.18238698621562 9.814086951778044 -12.74823870762686 23.062620680869173 42.000023794240505 -47.96121134946927 35.13291724896666 -38.404300109414315 38.92347590799028 13.075288770044992 -49.0220276929915 23.166008843575142 24.785151777862296 32.11917506151768 -12.052116231444657 -32.538151386844426 -44.423749464442395 -15.194951949754852 
99.59752196725383
-0.9320599272781394 -26.45647806190201 34.78483959214553 -10.146056389046421 3.3079754186675174 -28.65757722021305 -4.346401483727888 -11.019907978439406 -16.73743698037127 -11.359147554766245 -26.327434027588904 -45.68151496695243 35.453455729001476 -45.72531932181732 5.977651385798353 -10.3710128648857 28.73560736598438 -22.6117328693465 
93.8246929768053
-12.520740419883445 18.614540179860114 46.950248945254714 -44.08879278298548 25.416058323725935 37.507185360578234 20.616880068052907 42.92753098130608 -11.459936715682261 -49.609860345956534 -28.877750011685677 -38.771370908949145 -1.373577343861733 -45.16986740959159 11.206717139089271 -49.11891661673336 3.0777916753563233 34.56720765151101 
86.55196906722928
-48.67195956421882 -34.23387528033521 46.62194914982388 10.273096329659225 -33.471799548843435 6.214002363593551 33.32382306940535 -37.774851489173344 10.663240809340927 -46.414117263624746 2.7085472851520507 -8.286375361688435 25.371262251204357 17.604093996400692 13.408103659830651 43.155442235625245 9.952221575510947 29.77399851457811 
83.45787487410875
-29.181109125322035 47.10454727516368 -24.80275049588485 16.37107633536003 20.978159204876675 38.49040996924748 17.771592749265224 -47.61845145319059 37.650032345996564 -13.209586036368037 19.72024275065182 7.931618943845734 41.53740546691327 -26.103213185554775 -29.836712675421172 -37.71734553041218 40.88624800408836 -11.492633932533394 
16.838264700764494
-13.44838020092611 7.669764586652327 -49.379010744121885 40.096432802030805 -12.472217201842142 -7.154581085473751 -34.70178527659529 -31.054136996395886 -43.70054009691694 -39.61236122475762 13.53951023979252 15.182045215843672 20.021491819285515 -8.61905338168242 -45.753619380716785 -6.4588719922313516 -5.920052989647331 46.66536892501715 
17.96915900421959
3.3305481239693933 -28.538744878480436 -20.642055829191907 20.50850218630754 -29.863720542805627 -33.69115553235807 -42.96874041996715 -37.574145174596026 -15.024543530993242 49.451078128393476 -12.588119257626829 9.131484835906903 -17.342271976503362 -24.889916998508088 41.16865312638704 -34.5430630921325 -28.861886156206772 0.051861921563059354 
80.69284511298478
-31.51793148328439 9.288787530793485 39.113819993854946 34.72913527416894 22.875054468866395 31.78664430280763 -15.653323899623906 -44.70149713181186 -5.882898491659638 36.70811575391065 38.9334500640837 -44.43894588679967 6.721823630050594 -16.05781662449823 -18.40095531762913 -44.901064274624034 -33.077413448417914 0.677055920710913 
32.399692009666424
-47.443576361453665 -7.7106811076257245 -46.014409599109015 36.582353892077464 4.656401290049736 -15.650332884795013 29.928959034620505 -30.370119489142976 15.319369441039143 24.527568670730872 -46.38231327704627 -6.341425495472173 -21.0567543706188 8.57565789688195 -4.686350537659088 -36.98940862312325 -22.140765602548427 -39.83384082779371 
83.92620771006723
-14.815682561176637 -44.439011663688 -19.58175809013226 -8.849868960846095 -7.828273496338348 -25.48852998193295 -3.121938294814342 7.0125556063388785 -33.17753928329243 20.163783414240612 -27.169014808313495 0.7406775103569032 49.03016422403327 31.28942458076061 25.813842092445256 49.63150616033113 17.337383617827868 20.789330044772413 
32.80824603784374
22.999423187687825 -47.01886823235336 0.8701753160208625 -31.165655821334603 28.29695827421429 45.45198430681529 41.800406021201994 -14.472330715073788 -37.85142694763949 -8.684611624741954 -25.58248646314657 -13.230019971536166 10.306904205760667 -28.65541841608269 -6.8599147557836915 -0.44168204081601914 7.435380221066779 -35.05961303946262 
78.4452128416607
-29.96523574607317 -49.85932545151455 -24.636155003184147 35.60384111975209 36.96263505013242 -45.17701458035024 -5.5165008613228395 -10.076283148813673 47.92321389186684 -34.31833691050347 31.539860670888302 -12.168416900606807 37.12030486160333 47.60826414563067 -33.14455307189267 27.833331159077687 -22.081773317132146 43.71858353518395 
18.469458469092213
-14.277182972629788 8.10217466228702 37.91980671167414 27.35206841287703 4.367114816741626 1.3380658778699797 39.17843414704714 25.153945836692515 -10.02198844772316 24.42236196754854 -3.950861146786835 47.37254502579334 43.98651952420161 -23.3494020480332 -42.45572035273882 -5.632649154788169 -37.53068269086012 -45.00337303676856 
69.56832671877011
22.83218570238165 3.5329517310640597 26.782874843322375 34.910949695299905 -28.866695855396152 -42.856251302894336 20.135203203516014 19.187083611949845 -16.65204855488787 -48.401632340878955 -38.24578470747997 -44.8681733748474 48.88870033599113 -3.838028766910817 1.398163858370772 -16.69749930304227 17.274771589531227 -9.641970487960862 
12.960886586004394
-31.490186451187018 30.912236436470778 26.975800581358655 -46.85854817738685 48.19453021248913 42.67084648761386 -21.93146339104799 40.44053010305828 1.485614537384059 49.59598508466479 -18.952443015540045 -10.418272296901542 25.820350111366082 -20.72998453287662 35.434270883277534 -0.5555508936891158 -28.223548486909433 11.138099413460388 
29.914377470163032
46.208124507975654 -33.839275485335605 1.5393244325918403 44.04536973851893 -22.35412390181295 48.41836073941302 8.234776691236831 -40.6993637346425 39.36906677981936 -43.9285073770028 -22.100058742892404 -29.909632062455394 39.31235531962932 21.165152564442053 -31.650353051576708 6.981585477334249 -27.137753278132916 -18.406688350430834 
76.18951086221314
-28.45339114888038 37.770361438792904 -31.302780227023575 30.138636949704406 35.10132102483867 -34.64408270565493 5.672779712144759 40.44409589992604 -27.94842059182979 -17.509719679709576 40.09325063531509 -34.39149074366928 32.6482521894995 -2.5304103852944806 38.248051582557835 -30.922174518433497 9.658259387799475 -27.880121861906893 
39.01803573355731
-9.412844203885093 -31.20885822794198 2.342296873932625 0.6520858968929488 49.53836135955916 -6.322353898941579 -20.20562645320574 25.07943731934769 31.08377937540358 42.7788736173178 48.51652029837888 11.28665088106876 29.516346475202297 27.811556278361152 2.0512548205609136 -28.19229642164196 38.11710737065704 1.1070718617102742 
38.96592372306983
44.52019515745735 29.78689386956607 -17.221170297296474 7.677954439305587 45.710188359804164 -31.410268454150714 -32.34531827126133 -24.905002478654716 39.76273229395363 28.761321848705848 26.638075892651315 47.82051483576505 -4.145334548188195 -25.21326910069205 -42.506346637469136 -40.461227387121966 -37.3291655147423 -26.172813305170138 
96.01007421915405
13.681351077495684 -31.56568341261825 -29.923327768735597 -29.925157749945907 36.590679217906086 45.43590861470028 49.554789757343315 16.40295758427952 -46.86572823537954 -14.232467657122129 -36.606859879672925 -17.5067449437651 -5.913259863015895 -41.891183441238496 -42.151741355818594 4.843301221796139 -17.41515768934653 -45.81434198708936 
30.07490515625182
-11.464226951010978 -24.425843912245792 -12.08598478221272 -9.880669081420066 13.016257923569121 -44.59575630840165 40.26181393778508 11.642857530306053 -45.78553966827954 -23.407547238525527 28.506320603362866 -3.4380294309236064 -5.882175256147363 -26.735254151624698 -20.166124571272135 -37.9081680330641 -14.511401253950332 23.895310460740333 
56.12342303707417
-17.39405806740033 1.6224294241015542 -48.29510109111701 9.274802116765322 -16.724537726095853 28.878573798665187 11.441175200621558 -5.412716131851681 -12.372541327545541 -46.83111342734358 -23.747382705895305 33.46338473413181 16.962160947227616 -49.32528601301859 -8.019192847621134 -3.8924808419797188 25.99504217681327 17.767920037563627 
60.43421740625552
-30.091441824113097 -13.8596177753506 -34.55574667396112 48.069870527388986 -10.160065733069956 -4.471296745768235 -40.465675396315426 41.99758470843787 33.48041814102025 3.151264769032835 9.539482943484387 -8.665299336124995 -24.8467157567837 -16.549407332328855 -3.853092426998991 -21.322417697191575 -48.798968658863885 -12.773201780690925 
30.310274211054566
-36.180630449594034 -38.44256487371774 24.905211286743622 -44.76063840963326 29.831797095511376 21.54820116291212 9.011637357513855 -13.27594358426446 40.242168412427176 -17.753992230577886 -5.8726500134193245 36.92514445356193 35.274804945780545 -42.27470409124013 4.646674601932368 -17.903594638009665 -45.010339366718114 33.20666215714826 
83.33583591693674
15.659526955654428 27.639008419155786 -20.64974394665994 26.99250426064245 -25.3646688763672 2.6763766973277896 -35.14787606022455 49.43124856440575 39.64193590753102 39.5902546192486 42.01693010866937 26.570916822623644 36.502429532378656 -13.90166949635855 -21.87490448631714 33.5757112886275 10.96168409820315 -7.773724457868781 
69.18183690902013
-20.19747531677456 -42.90600022224454 10.408456305062074 2.030170506345449 -16.26711177225169 -45.309752131637225 25.986136821100445 -24.170498326824095 7.118656836104165 11.245259177789244 47.342091231829286 -45.45414102317322 35.24631684092931 10.123204171360634 -39.601206814754946 -1.630520698536678 48.52564851533809 38.06076867102088 
68.32062724148258
13.86988614925044 29.534175435786025 2.374934897960138 -6.001125340251164 -29.78181083167678 -10.800346365924781 -48.92578277439505 -29.73853136985212 -48.04914514639337 -24.021335622673355 -22.470742722303005 -19.26215868056439 7.518692004177105 -47.30991560326046 25.440666050057317 42.92241671170453 7.259409904495108 -12.911940651920652 
59.549078447443236
44.218628388313945 -5.548473578170743 4.309834988414863 32.86440005634617 -48.3914067869576 -1.2479599592973258 -7.990383898965824 12.148218843902256 16.0818800085506 -17.410251652852473 32.29038999314129 19.96548820495063 34.07003963812167 7.980623618720131 -41.52857841706541 13.828489844646732 9.871943390520542 43.75126334211498 
49.27994687759556
-49.21179907236005 35.418125755728596 -18.69915898289053 -21.768679049345696 -20.71477976668399 -33.2892731172308 -9.198375862740228 -18.237307320032603 -40.845617467693096 29.888864975562598 29.132614334064684 -3.888936213031421 -14.615713633795671 34.10751097208981 5.860367715336068 39.97733667335474 -18.435060548404493 3.2812988248126373 
74.2256533766517
-12.30622852869304 -15.086192911756058 -35.76708664484248 40.36405904785711 -14.086960111451688 -33.647470426330216 44.899035623870816 25.883261818547993 15.762850385345544 16.313635016594233 42.98505909396198 -23.560859586730786 41.96086636232805 -20.21138424796245 22.823100357934862 -17.90248692785221 20.560502827915613 42.58573296920967 
36.1761234688676
-35.96227416878074 7.79886346852917 -45.1520290320495 41.34420543006367 -13.451053973436423 23.94393722228665 27.58860217432624 -35.83263216805741 -26.710541831843514 -21.91106729415454 -46.66619952253156 4.38256278459226 -7.576140349991135 -47.48260105707941 -17.08113331554192 41.280772744450715 26.52254535192091 -21.436427777404575 
87.06655873095438
33.72339253501215 10.00239013570571 9.81817028341274 43.583129221838576 41.315419248527775 -0.5928627910152002 13.080641276547844 -31.160357956692476 15.896191215752907 39.970438413931305 -47.36536369419978 -44.33675465279345 -24.50327818812166 5.674109443109629 39.22427782892258 -11.154980843518523 -23.474029328674728 19.408620533476082 
1.5345717984761031
-15.821869566186322 -5.813342910007748 4.862437875768457 15.030074022121426 37.271994828698126 5.984504625229704 -17.588674128537043 40.68174086748368 -25.65477228789724 48.6830957700068 -2.4517563768004536 -15.587360004753258 18.782155925917223 -14.830221704128746 -37.71095401095462 -12.98102890604865 24.44473771082923 -25.563622084576178 
47.50867072375728
-6.126298234843951 29.563691424681934 -14.758283900154147 -12.69292824207897 33.895784096687905 -46.51020974080172 32.011242801097836 -4.726314913935127 -41.931175860966775 -7.3318321606029215 40.142352262458374 46.913685067333674 -0.78124290131408 -28.094374151822997 -32.877748577469724 -47.48105192400378 16.81091854232737 -27.66709247526541 
65.72852757147609
30.410991165274027 33.20269063103004 -11.57906005159419 -23.929185095939832 -8.2471173297441 -48.91138295771466 -37.007909145699855 24.345288269849263 -34.97851111371226 -34.19925122268028 11.37451594245531 -12.08803822542005 -29.24895548360884 -49.32230147203873 -26.3203112519377 -41.3319483030496 5.303540465820632 -1.1083223605167447 
77.64025780054334
-0.32103446899471777 -43.809059586078966 -49.07637625998724 -46.47261694247704 43.64172734005109 -49.131190863754966 23.302206588273876 -32.62623619632227 25.99396769330184 35.940399850893826 -18.72662818331007 29.06057308549181 30.34486163087867 -5.645141758006197 -34.257179319230545 -12.216442341254123 49.392688714033596 34.452659246893404 
43.13462983392042
48.995605632875964 -19.393032418177082 26.60598230412012 -4.265054521768697 34.13009223248463 -17.308595585455002 20.72122951907693 -40.35945932811651 -42.7586470736204 16.207160495757364 -48.98458465706417 47.6077423323986 -38.84431975318754 -20.275738315710036 23.24772822894799 -35.10193856896543 39.808252722724774 31.482197514110638 
33.98204872886511
37.64259337153476 23.148441085425603 -44.220907511031335 -8.52423444710061 25.298105692476668 16.32795953020458 -6.827913804422451 43.434774812902305 -18.556577154703557 -34.156590141498754 4.0598319614816845 -31.85597564396381 10.46558070522682 -28.11330185362044 -23.66864681541688 -47.622421078944335 41.61096758735397 -21.636056676048764 
69.50368248502706
-37.98836074146743 -43.57257202477738 49.87547515825112 10.134124005785985 9.408507140036669 -39.200861960572624 -11.593488557401287 -33.718877163172934 35.40904254118131 -11.423186643653906 -48.439741769825254 32.40111025914072 3.1656436544478126 -39.76842709008758 8.872038222985438 -49.69308005197003 46.06735272212512 -2.988398804658189 
63.07525423893041
-23.323335062439487 -27.346793563723114 8.756529655818504 -30.85310372059842 -16.909750946204262 7.679459495325489 31.825184870158594 -44.45760019349677 40.68399096582857 40.40089877224092 -7.4817704925878274 -10.763317748999214 48.25204030103376 -41.3540796491647 10.927874583759248 29.020200505398506 9.986670388322402 -29.590360414108975 
90.32278357806914
-20.044090456911245 7.037692605530857 -46.54119754913635 -42.02310685375625 -4.014949086504458 35.684598559141406 27.836794393801952 -15.22317898609787 -22.623285008932214 4.15328102157563 16.176590297105108 12.993170921575526 25.048135285419278 -10.027521903785477 42.3740261274674 -35.72304905892545 44.73975092585438 -39.74663809202702 
70.44326519617388
-16.756996662256583 -9.388941846230203 48.38898004977847 2.270913737257004 -4.071823069807266 0.030331674103976525 -37.59147474964546 -14.495271532378815 26.96275096077794 -0.836684196940574 -27.415287109299623 30.95743024290772 -25.530613950068183 -47.57698732241735 -11.119194870798708 2.675631933066967 -12.495334351977917 -12.07525473628943 
42.43710900420914
23.218436342544152 -22.715935243098695 -44.20231457887716 29.53507012633611 31.70980327714338 20.481993723811044 -33.463937485977965 11.340350668057987 42.8732924205717 -19.425690695333653 12.530340276470866 -11.785460322968888 31.527335034187516 -18.508532739890914 -2.499378677949416 -16.501503390311278 8.91372345975305 16.776323897124456 
35.76161397907608
-21.591482386892736 14.751507655045913 -33.00869316189004 36.08052155165083 37.04987524206567 22.053071735308578 28.29548693514063 3.3462298867037745 48.54050455039027 40.50863850472753 25.912887851542337 -24.649808340902368 41.85093025966569 8.64003081815796 -2.3608892186429173 -38.31350383430437 -1.7952129285772713 -15.055997341647974 
34.58414827914481
-32.88944889226569 45.7475884195826 -16.109970707243917 -40.974941906474584 -37.34706347385285 -28.32036072023538 -46.09305955706977 -47.457089896380175 14.366913934915829 28.16232699359375 -38.612654949346236 21.544279801574163 41.7952253573484 40.045262243930196 27.258280456087604 1.8182034804018272 -43.92627793764524 44.82502487225025 
10.811116330061921
-41.044534654091834 -28.953483959139458 8.234587221538526 49.25320269502279 37.257735286168625 -10.150738611499492 -37.52427064170318 -9.161659951695277 46.18987993790739 44.12431417600699 8.345055515738956 4.45266084105733 0.4796425594372238 3.3634589398145778 7.367500861579131 9.177009441337127 47.644526560999225 -22.169007309209643 
15.539525441404468
43.616508449635845 -24.973386396413456 10.10192082509468 -23.60259728730645 -13.317519187845797 -12.658217275863848 -12.542880800534682 47.86439913658671 49.03141456352054 -14.699450697855035 10.209298093839706 -15.306202437521279 27.5102534397643 -43.9663957624891 19.49065160158544 36.313121931899886 -46.27325297334822 6.855839221046068 
72.11512310647295
48.48808091453934 22.258214452592455 35.328433356354225 49.835201341018504 -23.536837340453577 -45.968502159452406 30.62943920379405 -44.35473613288157 27.09894396750188 36.05153644327636 43.918943050724536 -19.259558073568208 -1.9853910117997202 -20.07458829562121 48.68581832871945 22.322072616580385 -27.14267611865925 -41.476682373317864 
85.98873016021835
-5.352205668541174 13.558494361099207 12.63742262797276 -45.94507308346213 3.55639029232384 -37.19985219942221 -32.35590654148409 6.876091426685207 48.154528715867656 32.9029928587363 -36.05546929838174 -27.75868917313703 22.434531581880506 10.960998201313302 -15.646640564751898 -13.926986209672584 14.299407380419808 -45.714412612368925 
6.624252969188893
-33.01750234514573 -10.196654133689798 -14.91416057749587 19.946224306971743 22.637471964074976 6.372956987733922 18.799375083718672 -29.48626346996828 -12.165235579568133 20.35651528798715 -23.39810355939814 43.168289465486424 -6.902792860074534 41.455561272010286 39.36157584376025 43.62872220537729 -47.835573482658354 39.42519194486408 
47.66785480523126
18.971947499976537 -13.076931333731658 26.886433212666304 40.552422029416206 42.79542379791761 -20.877219388696965 26.176106388218713 4.133463109267119 -4.112860196778321 49.650060512386915 -22.133366692177304 -29.34746227430507 43.2484747724633 18.18280027632953 -36.079728967280275 -31.763284893371658 43.959774416346036 -11.275763801023743 
49.399248802045356
-27.79308071174872 -18.351924813389854 39.81572376397652 -6.764594559589874 49.86666379388299 -29.789125457574883 -27.84647484871622 -9.230159845420324 22.443656108627778 -28.03056368991229 -19.11432185685148 -11.3947891872645 40.22007064601533 -36.43038951181711 -24.95934721983779 -44.229683458860166 -20.124495923029052 -1.2823166711315253 
12.3404233258656
4.278605005995729 -23.32003905109992 46.23333985333605 -45.92374114567481 26.869331029270967 -1.5875321923486254 26.921303886955485 21.776377352956544 -39.94793447908466 -47.25576895063573 33.40777072885743 -44.92963917712369 36.53233710377883 -4.686529420293375 -6.642694902898938 28.456031041994677 -37.32181790404362 -28.167567145379834 
78.38036452807643
-16.399751975049917 -6.105572270374623 -15.694729707289568 -31.538833971683534 -26.644123136401255 -16.396435880105464 18.798847874337298 4.880140150546495 -6.147024947780558 49.98908745291412 10.19673838794796 3.374746066251099 -48.17701377455301 38.739217159269685 47.980003704284954 -46.32304189536366 -24.259441172440088 -40.264032448507514 
96.3166250177717
1.5852458400555847 -18.581649655627974 40.96650624908324 11.604713207316578 -4.6265574365152204 45.36599029615415 -26.109163657520917 41.10292666796013 -20.391634534411708 22.52511367047822 21.0818492996179 -22.605190592804604 -13.657345001995644 -31.08178180855048 19.16078858121095 25.172008573217596 6.168767974450596 -5.700176760712225 
87.8832575226939
9.184671997251627 -30.235360636387053 -24.925787953037936 49.68788766560216 15.19556013267676 34.331002364464894 3.544834091728333 23.10183717297332 9.387674520945225 48.714975581178294 35.98621050733311 -21.89567765476501 -24.08642931672934 -33.96604236676393 29.079954649890837 31.88139558465849 47.137683144053256 -16.741543926552005 
71.9323299099157
19.362238983187936 26.61138968173296 13.482038738255312 29.19152061714452 -5.490737926094248 20.933730860149495 38.50101539192757 -40.291397317547926 5.541333305095833 3.3890355562931944 46.84614404082535 -35.26305223707492 -9.898538528105782 29.615983892992176 35.553035891117915 49.84060488189989 -45.16262465056651 13.55086272736741 
92.72757631767962
-44.51703815346231 -12.054652866419588 -49.498854255828725 -17.642845730331977 22.692795319090934 2.934758259040663 43.44371455046608 -27.161974242838937 12.255574666742277 27.202845343181778 48.50539255283127 -13.666298378890787 38.55367716550589 29.966188748525155 6.071690307071151 -2.651258622386301 12.479959042921166 30.6774038053166 
15.082991921343346
-24.203110852260057 -38.22509476809272 41.26269407912278 39.81564282083332 -47.6379818910181 11.688341633486587 -26.652203112098537 -39.19127653934078 -17.90513154496336 -35.957494305531554 -14.902993993819692 -5.414451019055775 45.95811523021234 8.574041810412012 -48.62809808758256 10.4322196816074 -40.57319683292388 36.85825918750862 
65.62350025613034
-33.26614887641642 2.2707565002534977 6.16977028013855 22.263558179453042 -25.767652278961485 44.29006066377727 18.309441605620748 34.217770624575934 -30.94208025106576 18.04429414763507 36.72832237526278 11.945666983560464 -5.500220413655022 -18.489347515191522 -35.7949810171567 -32.580983002588255 47.21975564123305 21.125711643337866 
92.88379684359275
9.382618228301155 -9.024147219190283 -31.189938741766476 18.656403619869934 -35.321684789271224 -21.088962089075135 45.34456008792377 32.671448981946355 -5.504798849540869 -45.924146652909535 -3.1384314573611007 -35.81906139253612 24.115929424978034 17.09167849469692 -38.76605870218257 -49.01568584331479 -29.9388951191343 -40.27515073167393 
36.7891923835507
-43.59380517972906 -20.50921068162166 -36.37002899399039 27.045703202224786 35.044720244113066 -6.695865686682453 -45.36579299077056 -47.93759216752872 -26.546763646672577 6.58523540557313 -15.327515213853992 49.512942009128665 46.4688242876739 27.87528649710879 -14.153109920610419 36.73971080056975 35.076949651327354 32.20819278448269 
54.07181961554435
-31.18706422634675 -2.49771182021189 -38.07121454248904 -26.62030897240173 7.014208181111037 -28.35840397176408 -45.980146479443526 36.20034585840371 7.1836552362438155 14.005220469623808 -37.00378753591722 49.79051735610798 -1.985673349845655 48.00968357237137 4.381045107707571 44.47805369596584 45.646956447385904 2.76451326074433 
15.361866158988525
15.49883731509496 42.812771670599915 -27.57770496225743 16.43035254914693 36.94264292698598 18.291582419858827 15.711696084522558 10.642460507942694 -16.312561896269685 35.596862636726996 45.44899528391261 -24.407827757542712 35.18996432480836 38.56912675402158 28.624429007741114 -12.725699798633869 13.613601693075225 5.953380899708726 
79.08545113988535
-35.28120573061094 -21.987031383524613 -2.9439738725768407 -23.11022451328014 39.61103774308084 -43.8421752798289 6.221026063866518 41.07687011794991 36.06962496455047 46.0672405456735 -4.865218467106878 15.90734220866139 42.33517197069659 -39.56177731373071 38.86363741071682 4.545403518967106 -31.669279875777654 18.891285260815522 
54.047459510185334
-1.2895310991347202 -39.11362787155138 15.31872479200382 -24.18270255274304 7.999624080323031 -8.122288327794557 0.6096735473269703 -36.225342390888784 -11.616458807601504 43.60978947181381 24.639203367742084 46.76442004630442 -44.19579044806934 -9.514742834262655 -24.352827832757352 -38.80697965303571 47.85356555044734 16.327454680768085 
89.99562858569745
-1.7120233168187795 14.187962468072385 12.686174679599418 -19.21801405825131 -48.0355525701369 -25.365843883081485 -24.964104506136376 -0.10157257023224275 -49.141025587571406 -17.13172559633569 -49.01666938836829 4.866235604602387 15.610125949355876 -26.899974471143253 -2.566895122514431 49.13712196346435 5.610308541463205 47.37017615860643 
22.117467534692214
-47.45820566322567 -41.77751563451173 -18.12988311774032 18.977975516015405 37.179393834399065 -22.149879218804315 -7.881902194981585 6.594032932756157 33.279615205884085 2.268223084477839 -1.1224796681363003 44.18533615266686 19.432699974583628 -40.732225345348624 -20.62155348658734 30.67218477032047 -37.92932832428409 27.935536578531554 
21.704254117010457
-11.140295178336387 10.196569298673822 35.78559607994984 24.131153659752485 -0.9809138581846497 -16.90337372694991 -44.52135465189484 45.75909150412912 -26.029115184230335 -38.86631922750318 13.009482713044285 19.948289443692374 11.232585228975843 -47.29163477668404 -16.98724062033645 -12.123488799230174 16.874531095829084 -35.9121153085097 
76.2315158104741
-4.042110185574458 20.435456142810196 43.04052680828903 19.21261896638869 27.914928144807405 -9.419172857571276 2.0772578556374413 36.937698314099606 9.971114051003426 17.144272291202057 -47.40987972085494 -24.632272160627945 -14.067697659681556 46.77436046826351 -2.709659675577072 42.77395366313007 7.850853206636344 46.616079653144624 
85.0874115068673
6.247371577615823 -22.48272108153958 23.288353927653603 29.913670515426304 -47.076514061385865 4.199918939710791 42.875973638140366 -17.012862814408933 14.228627886520925 14.853965290494756 -18.263623940478624 26.61873876292961 5.84866043261998 -35.553058863328566 -12.371294066429009 26.908230476404384 -43.85961949814201 46.09847845471478 
96.00463619127167
42.53649919695536 31.350492581287185 -6.591902856019502 27.257460036300486 37.350145984220774 17.27656938593121 0.6453750299430965 37.30799722563806 -14.452452606874978 -16.1010978811967 -39.59722059238091 6.11288834370275 40.01392001658539 42.03173442147272 32.862112723578534 26.51285132601565 -43.28390305176889 -0.8131594919450151 
66.00137723646529
-0.7044139917782388 -18.943890103615036 35.61200107841708 -18.130355369013785 49.42994150345308 5.695887018829502 -49.13858502260613 -19.51677937157328 -46.86492568591159 3.6036834572714795 -23.725365450507397 -10.052710141195355 -44.21969364167898 24.93612939082891 9.385150746879653 9.082893913159374 -33.43154388568543 21.858064333589184 
52.54927730216671
47.139984104137525 -12.462580196041209 31.51563680313869 29.98049763710526 -35.89702763434366 -28.37815634626314 4.116373626234349 -35.105990791131006 -45.35393961227348 7.348700790142281 10.433247798874788 21.61070550763135 48.97136495762253 -3.802291349756217 1.0380594001339603 -43.76066299260945 24.563662828014984 22.739464108616673 
68.18267269084947
-26.049778343207475 -15.678657522048823 17.371252724784412 -19.51499399622061 -39.12674104109428 -41.42606007109183 -23.19749407501137 -29.560108438936105 44.2976996121738 31.172412582534335 38.39893985665363 -44.73675611401479 -13.879493759891673 -26.860892397846825 1.0763690421895618 -37.30877335424499 31.384765737997228 -8.709873779870492 
97.64231801191644
15.094413740128104 -33.73088486745248 -36.20643211477862 -48.68451622502147 -2.369791150155031 -11.96633785401849 39.802995620966314 42.610236603737704 -0.8549263864602494 -46.80257217963536 26.106120676494086 -28.144735541574683 18.151374898447642 49.61688625888236 -29.845407351403953 27.322613009511556 -29.55799644263348 33.15465276271652 
25.891495426827614
-40.72469244904763 -30.230894816474407 -19.72803288003978 -43.53101688524812 16.19884362768623 -21.49837299804972 34.14812492039616 36.24922595319549 21.063809352836955 41.289642538642596 -36.175507907939306 -36.592373792574385 2.674001523307865 21.501650533920937 13.390384136948818 -15.99191437227097 49.9863306743009 -42.43558980445656 
41.372493492173525
-41.404165717774255 -24.254047346976716 44.323079258016165 39.25917395583397 -26.845866324997846 -40.13797874131729 23.152744568590236 22.485366174626293 7.696964635532247 -7.343514220091862 33.79071314510911 7.223523132356199 -22.17944965719517 -46.54953666768385 40.72218570770322 21.970384630585542 -42.787589057635415 40.909623086589065 
47.44026143289197
-45.810988623142514 22.417345206863345 18.152209088649002 -46.98555669899108 -0.8400041675724808 35.08558013358153 47.830189460690804 37.140178245521994 -39.284657900182864 -8.520896291234934 -29.77381287555477 -17.794855440000845 1.6729645862902487 24.187924630503346 20.865815656715554 -46.10362338475442 -44.44063234622302 36.80886140295203 
43.22705934112686
-34.51446821270634 40.60254240596254 -11.234813345689197 26.835449583095325 45.16792183713264 -38.003333254061666 24.496249405357545 41.36568917299573 10.694191372893648 49.084749337408624 -41.07801065163738 43.32755464381485 -18.97817218767569 -49.62517824847743 -10.611964462721168 3.49582277195902 20.826952961755055 1.199916650284372 
53.22285319968957
40.45105820747479 -29.544891280067663 -13.648502163083954 -10.410818439739998 48.43011495323431 -38.74689464138022 43.16060292254342 44.48781943646458 -23.857768631632826 -45.78782981508406 -10.729521671786479 -21.42745974947956 -2.7113649407292186 -31.53397753560797 13.73900535745718 -1.139237387002602 13.230599580277556 -14.57429654205444 
90.12874854842634
37.47532239445752 -6.417046001018036 24.19633612424346 -44.112989103356405 43.22853755120832 -8.532995022116886 -15.590813108853332 3.5877803237951085 35.16046117904931 -33.261032263905875 43.71579612039173 46.501994812325464 41.0690868085548 12.716944553376983 -21.070885732692325 -46.51788093177201 8.620979471769765 9.761553268299338 
2.1599191720076405
-3.7085177148509985 -18.193382666479163 22.52234747149771 -33.71490177512927 16.27842937159471 -18.694481988777046 16.744201195146488 47.69756046967271 -3.310160489630043 13.751988124862002 -3.7651595602700496 -41.47404581981401 -28.061914645321927 -38.056881172762246 -49.07325300660877 -24.624462826009342 15.78006439019643 -24.293562327716323 
12.923714335745085
-2.87011010745136 -23.363544989009522 -8.554592244473788 39.004316040473896 -39.533570789863894 -29.826151429497838 -42.69325692414465 25.261641753906332 48.476941091227886 -3.207985282852576 30.464287501982852 12.39061717083343 -24.852325878043402 24.80300248638318 43.1899850703802 -41.408676344822005 16.441764153904103 -31.141618707813613 
55.18327841620516
41.13871098159713 37.340091003166506 -2.424603451680099 21.055996695919774 -2.623838279078761 33.43491209962018 24.332419394206738 -46.079367414584205 31.222372026135005 -34.46606537697071 -29.151487631408013 -41.29434282529431 42.23808169579367 16.220723512114773 44.43154218209983 42.122320410405834 -19.118838573735985 38.430661702724606 
86.67376088499823
-19.866868167561623 45.78565572924144 -2.160042637833911 33.89331460197067 38.323062213337224 16.732364059319437 33.228450110093874 27.764672457399584 -4.2498004923631 -39.564383036695446 -28.034730182798917 28.350509263516997 -31.346519057776067 -44.647120716269306 41.379677515876736 11.14208524675746 -33.17922202720517 -43.569083388602 
61.017698044295564
-25.265283929671256 -7.528467124289293 -38.965782875855425 -14.351566193255273 46.409458558868735 9.183783595599678 43.25844434293798 44.37223740906488 49.161645883618675 -33.30367556953444 -4.586286533350879 -12.703799962503261 35.61145906915367 -33.65756349097107 -47.33049068064658 7.980670371048426 1.7512554603792978 -8.577548141762804 
29.685088617993127
-42.776149080832894 16.62888775111125 6.9981735956124 -33.49373844406128 1.7397461440746937 42.83578998705137 -45.60701688923559 15.091473955225169 9.898050295475834 -22.936857636543994 27.10722318520321 -2.4628855527569584 15.932844835293977 10.008926329053622 16.909207483717907 32.40404666586639 23.890221191287964 -9.436711466042766 
11.53805667066935
-43.49564367390916 13.073275050255575 -19.530939581863304 8.755268592571063 -33.91063026210706 -2.1438259583856265 2.5488918266851854 35.40775380451289 -36.41298587089696 -23.52273061268314 18.10995393540749 24.715832368612254 -26.13141013437087 -24.215461823023475 17.281712887949723 10.175478254377168 -12.517848176592992 -38.1051202921164 
19.81178296692898
40.2648795509633 47.37159415611757 40.34212115186028 -36.76057374672573 4.5711411586423765 20.307688274088747 13.526831390362226 -49.614219307058335 -10.996220421777089 -15.410726913339069 -1.8556850849504087 38.74444628423943 -4.562599168704004 21.529871758533673 30.755504926710856 -19.374448194659443 -30.573248998181036 19.82700475420465 
55.77866372281015
-35.19898439786747 28.56311882558778 -10.881451293668576 -3.081850481988603 -32.081803674784325 -26.40816522269185 31.86246837917824 10.40975973237169 -2.9063314554983535 -5.413605571376102 41.13332587293043 6.450453069523995 43.86840321653442 -44.724474956216156 -23.989044996413423 3.793525297324642 -25.899810006178015 -49.954701458532234 
65.94378215216898
-48.271400681321744 -1.6114312336708352 -19.810852760214093 10.801246838123944 13.529076959643781 3.272217122101438 -11.3455478862979 24.28682849081028 -44.06204934743435 -25.291867835034875 25.83514530220866 14.96523990362489 -19.623760154290103 12.236575343369282 -7.114460460360718 11.364344543060376 -36.703555119921916 14.755218274580457 
73.58138195270377
15.444392597495366 -4.533118615990453 16.97049974316498 20.9299252819345 12.184238956970091 22.960867612057015 -30.636287781009486 -39.468424179886675 -27.8838363454326 -3.7618542821287875 -16.0961376657647 9.12145295391771 8.348038833900006 27.944108631165506 12.758911662502314 -16.22999004918968 -10.056468181224474 44.91575549574365 
37.9015094688992
-5.102408598891387 19.488124705569277 -4.62847111288108 25.774855333899325 -25.44135783899577 -45.749260911585395 38.37548550917464 -6.921117343589444 -9.622974360317613 -12.442233511242705 -0.5954378547939356 37.25647887844907 -14.93528919530425 9.828390829570388 23.21091898164144 8.40397570677247 -38.36816143410143 37.177053665379105 
43.15968015891022
38.09969286890308 -44.802991120352274 29.571006191708577 14.835649837977755 -4.961168003286588 -6.267622431029338 20.237866952364882 -19.049153860379686 7.38255268479341 -47.87109411104685 43.350184157510554 44.448020150865005 27.37363999468539 46.642978038421134 -22.02899517436794 27.183568257906302 15.04058454361487 0.08627175411596255 
72.82647940599911
-17.31346551255114 34.70659731298184 32.046623742295935 -21.321404973754888 13.228708496729134 -9.460551430932163 -7.021585765278147 42.90312277366243 13.804069409813046 -24.4773471671586 -33.823308519632654 14.334912608690061 -21.395865995856276 -28.001960312204176 7.450168504395627 -34.47527852918731 -40.81097940257035 21.324229370351915 
28.733895006428266
-35.74126757581533 7.792369991155468 -24.78485907037443 -41.06676381798064 16.524044780623058 -25.9385202317142 -48.03289577069576 -17.033420650903174 -40.93966463622284 49.02235249815959 47.05277984163342 -31.725062945176386 -48.779964386513875 -33.82740346720728 -10.54548192868635 36.992444017389545 3.0663044497930656 -23.65657706071138 
42.6293929052914
31.52246259668749 29.470173760705052 10.335240453977235 22.14266784267464 -48.560135153066476 38.425232335557254 31.319681374548594 -9.224077410015731 10.440778872040426 45.8802902419673 -42.385916569667216 -3.689292912610817 23.48691159952729 -40.902558715778 5.672835203663006 37.20799738069299 -13.65769705356967 -14.12499298061418 
13.003221400120147
-22.951627122010642 2.376197544308056 7.931890085750169 -48.79835690483026 -20.13272007494149 44.80645345549331 3.331863474596773 -19.580503538311554 5.414344067142849 16.483691660847953 15.033345886084732 28.30610947114137 35.88514481349205 -16.132758078301237 40.48232105803406 -1.160415980631747 3.8185104413651203 17.01959765494007 
10.622963350057212
29.44453010613212 4.62179125411383 -36.75300570526557 35.78271123215984 18.409036596887717 6.58121948186561 18.439444583500133 -29.404590518231387 38.8515314947351 16.233914158224934 37.21433279706014 -9.541694548215574 -9.648656287542948 17.62265572693596 40.64351041568027 -22.024367434429436 14.845221682688305 -19.775920123712144 
88.64456491996542
-10.576425461571127 -30.49480426781772 22.23547681037816 -16.95729380971509 8.478427707482972 6.051570628996785 23.42489508239143 6.860585064743816 -2.7181741223815763 -46.68197176771128 4.893814231722672 -14.430989940910955 -26.626101814766066 37.87415791057764 31.871135163743332 -23.167585932364744 -24.892713458881698 6.123993808621776 
0.051802420811808414
-43.291345872987286 -22.13804012864795 30.53740211160445 36.0129243384563 -27.686484369237952 -11.287199353567786 -7.465513707320326 27.88470019407289 -26.363903990718597 -21.841006847096935 35.031405983767755 3.7231137416033775 -29.508012669438244 4.106229172142683 -31.230664744618885 -8.074213208492118 -15.473022728531795 45.49979929805596 
48.2865354449184
30.55196534902788 30.734792793090477 -9.161286164108681 5.756803953461208 40.55213309956885 -31.871856859143165 20.257929185225336 -6.094137222979931 41.682278293128434 5.003126002177474 -21.052103021131952 42.83050040406013 19.272363938778824 30.66287722624739 -35.61241469659936 -20.216410144296248 45.038087046788405 -27.482969628620957 
90.19924788773675
-4.14864514103467 -34.23043954995872 45.14946065237275 45.39015376353859 -31.062408541895003 4.0462522235884535E-5 -33.75256567377176 -10.67139685591441 -31.417246752495885 24.652407282626754 -36.78880779028766 10.008527741551887 24.88418628563838 -8.819405131702084 -16.186316440580875 25.989046845413412 41.14697762437338 -16.132283518555504 
4.455982651161139
30.85234391282144 17.883273513215443 21.712154794024357 0.36473096036372255 -36.8947132834856 34.39107671901594 9.727448422807093 -46.49634398894945 34.15725083045662 3.3819581477802814 -34.49873303698556 26.022084498328326 12.338594585801744 -26.009735276292044 -17.496618187136562 19.739080763733796 41.88132559182371 8.984782891101005 
92.90201527851579
-24.537347546096566 22.365478421303635 3.117028786437494 -40.457496820982115 39.86925997194214 -13.658216177400853 41.27869798533 9.261723184678281 42.219603414349365 -9.32677928896073 17.503990446616598 17.856298415891573 28.362498026718043 -19.404898441957698 48.840894931910086 -29.207907494401695 -4.720627768066791 -5.424648710213489 
71.72873649743556
-46.86296008705639 5.847769403841404 -47.23634543733303 2.757622896352295 -32.781079840461814 40.55293010585707 12.150245276303316 30.54865929749552 37.154185515140725 -39.44757731522567 -22.487966843916507 -19.017882585247325 -14.336516146000534 14.799446261603151 28.80592688900154 -35.88599810103973 -39.51594041522684 22.85633707140167 
12.876122439971349
-32.14023307990368 -4.7912357642195715 4.5804765246310595 -49.82577266417414 10.887178562243939 12.525883987031627 8.04066538765096 -24.351887300523 5.148638508577619 16.603592366522676 7.82277869510434 -32.96259935686376 -42.90346452290484 -24.242678928195506 7.309266641166026 13.52052465859007 -44.13650632060888 -33.4421345890391 
30.567911627265598
42.990353814985426 6.552652807474466 36.182644903083826 32.1609837448013 -42.80760426365876 -32.7285912373005 41.08194846564521 36.486717175079264 20.541582521602848 39.65531786235708 36.926660340129985 42.190871706285506 -39.359239587851114 44.36714194510401 27.32339423947907 -8.26317820880653 -33.644049917975224 -14.580691492181373 
76.92751378893166
11.398507298905812 -37.23947460138376 -29.843654038895494 -41.645887330054556 -27.258719962359933 1.3424642696173024 5.347087565271714 -18.31852873031423 13.081495207315754 28.575888376325196 34.074789966558356 -49.63892028194516 29.466487109569556 -13.7098929960124 12.976548056269088 -2.0071320314635415 28.392315817421178 -46.77359230554886 
4.8716635855930335
-13.306240105802857 21.77748784584631 -41.245075642848185 -22.068054943530168 -10.317725628082556 8.636621448808981 -13.06914087424196 9.28514974378173 38.22132952275685 -28.551206318418497 41.90144162321002 -11.693889939240975 36.20605707470516 46.39111502280187 -35.86800025421499 2.838326613049638 34.452843260176905 -2.5911538076997545 
21.00154903957785
-29.79790073166346 -38.85956028977097 35.51913361082319 45.025363848912775 44.083583045946014 24.873468872291937 -23.203738218380053 8.293990709308353 -11.737617134363823 42.48318323376033 25.16206117040045 2.6752191667598595 8.623626451201474 -5.050097761764391 -0.5940641875661896 41.90756878494112 -23.98628296986376 -18.273973974745516 
47.784692168433054
13.920810536771256 4.237238430940934 26.25811068354264 8.103205553527495 -10.448797831065171 -30.144192031903316 -16.34900515267065 26.352689025504972 37.275996189649334 -26.5621123211477 15.186496493182702 42.78412565470683 -47.32606087486688 45.52191045434219 23.8037293594291 -9.27977397639674 -13.974567139245828 -5.206675087699232 
39.66764882371433
30.46001901452007 -8.201915336996258 -19.160549929441327 5.596915577936457 -41.694017272409525 29.7204201095295 -30.665701605046657 -11.608241271039375 -10.955572465832283 18.72853389346237 -6.381147411584273 33.99698662940244 -40.86443012296235 -17.722488376692404 3.380497686567871 -8.04512330573408 37.420572722561474 26.34145955203367 
78.49864957741505
-42.25280710782127 10.3285619746365 -40.1169506619091 24.111863431453145 20.39508217832858 29.367460331880253 1.6554664948450153 -8.424989843835476 -42.919824713293906 -29.891793138189637 16.906728897721692 -10.786622472222938 36.5697333817984 -46.07724536519638 -7.11165577312989 -43.35616572285451 -21.12683011322416 26.411994703381538 
43.02731428607668
-23.078520315132025 19.826910700059173 -30.239453162983732 26.202535483324056 -8.11649841568174 46.198956005334026 -49.818850033608186 29.773646661542713 -32.19980583669425 -0.5758397604340573 -33.837870919939476 -7.157539880733978 -19.19356417945063 -5.774312896983517 -31.592764479543746 39.68406001300406 -45.42485227732361 -37.852312636997524 
18.15793205574324
-47.63320331790827 36.307582549496075 9.418729338971168 37.01393766015373 36.28731364886862 41.35354841568382 -26.414891122197314 28.418707139793568 22.678870607726623 31.63794005236383 -26.00238939568896 18.652192119569733 -41.89178998228199 18.558293587505474 -22.495098832685578 -26.52587477791887 -47.44174038915933 -2.868738719260108 
92.60123242490234
-4.513234671963332 44.90097881484465 24.9043057763498 -37.2043478659086 -3.1631305841989956 -2.603263847368595 -43.487939979603695 3.1144691805149876 -27.947590001006063 49.31356234564791 32.745228366257166 12.418266920578603 16.610379666831435 43.84170598526974 1.613030951626662 -1.3907592831272382 48.25773239781266 -7.814041648983384 
68.11861321571511
-26.175777389309975 40.15838083490938 -45.94979620303113 29.330029426997072 12.353241657216685 -32.38511334478267 -5.314303593916634 1.817720937258649 15.293031563298783 3.414277016965883 25.256642954731518 -10.357278602866394 42.83940827451279 -29.22677770372184 45.48361080300013 -27.181957045173633 -42.35800706508079 -22.591427258469675 
35.35740197541956
18.529030678975218 20.789256312027987 9.43501301759342 -13.826981933382442 30.38670997246892 -4.238589330947505 -40.40755223702864 -29.784632018778424 -45.39849631713074 45.08323245322366 0.7313980980420922 23.135429976220692 6.202856493103312 49.42835825453356 -7.464408304754855 -46.61240646909041 -36.70626109049381 39.57119867258797 
77.13663541846168
-0.944077091809568 -47.182872372406734 7.852136492854143 -22.423575531139395 23.97916547627733 17.424981216502886 -42.283860730765866 11.998831003244227 -17.70871382289493 9.778395597675008 -42.59544550431041 -23.997159111771026 33.326419138351326 7.971003578715177 -12.975717914482473 25.765237353682863 -42.70591118339745 -16.244143473210556 
56.988140664527585
15.341601547816836 -43.78736852950419 -16.1305647983241 30.214693165118177 2.9802534485653425 24.295767360950066 3.984599509256057 -49.50458687143205 43.33448677758648 37.31929148527408 44.68762965497466 -34.91848823407419 -24.865734379495365 41.451885244512795 39.362802905630204 30.812360351217208 -2.8206618886831265 18.616116629915993 
84.98118941666614
10.00193639118013 49.44143461635491 -32.34733734522204 -11.471350890378929 -5.180784067194388 -19.38587146479519 -31.60710523919702 14.171317236503342 47.043081815545364 -11.37543716520355 -10.798077759280488 -20.75488950076202 -46.15832391532386 -33.57783112599554 -42.36369971474767 0.7690786715861222 -20.37915317316341 -28.2148238932978 
88.56756366826288
38.420728364922454 -10.994304788720925 -33.06342258399836 -45.54517701940098 14.774703733911778 26.6639029743218 41.43692346398909 38.406704228996475 19.09448313809547 -34.05104780393261 40.12215664192591 32.254887278341144 -32.91992317653049 -19.76406713155372 -33.21955658133007 29.06859178836659 -4.287076838580774 48.34214890485856 
73.81276765125196
12.37134448177288 -30.29747275985387 -21.430745600064384 -21.702203527481313 -37.221568995206944 -35.97236234178457 24.673229777167748 15.682361797212536 -13.144577589606769 -34.32197451034084 -28.537059203327864 -46.255383895644705 -27.294750777490385 6.941229966468718 -12.252315235763945 41.527777260309946 -7.876726038678505 2.4419416352106538 
29.998558730198045
-39.38191384899859 -49.8830950283947 12.629887870728197 31.358028209549047 -20.558570475732285 29.168245588852628 -2.4745149338195347 -22.473315690869743 -14.821136698699334 -12.174600994316044 -43.729295137838605 -46.42440567611449 32.45200273915148 -48.96000845383601 -29.604075433917878 43.877270742566 3.105096577680314 -26.874424835601797 
31.701845434783383
-18.88222313157948 -32.7886821257415 -36.706442874518956 39.26874157871265 -30.25297770464207 -28.143359082036067 38.43036875610129 44.34372091410242 -45.756167908761 -38.69457272396577 8.111567916584228 6.719835671286788 13.216913138389074 49.827598105460865 2.8057009237440553 1.7092488096370175 36.632368805493485 26.768137610647386 
77.8026222429325
-17.074104394589753 35.35293195497832 -27.634673881532557 -37.3918285261463 -37.16862812669903 39.69364986996892 2.375029432933438 28.379036461272918 20.36107960159815 -33.15677407572434 39.734010659128415 14.428643416315452 32.93592103098182 -24.23015539349288 32.29612693256422 -11.082926188375573 -41.22188998744532 -17.375269841815758 
47.10096004936144
18.54486796950333 14.6879782527417 -20.323672642210365 -26.314674412769435 -12.597246395617347 4.301914815049088 -13.547566884131314 11.62371650873488 36.08627680609409 -47.660157844582194 -36.962807732687864 0.7847349989860462 38.76638409742141 -8.536037886202251 32.3643990901154 -23.283870644217576 -1.8859626050120823 30.108733776599507 
40.868048937668355
-1.8779859038416618 -34.19106105326281 2.005365677948575 34.995646880598414 -1.4284967357873555 -10.180466767601082 -38.88763904002101 -5.140713814687693 -39.62114029773352 48.72341536810603 39.276939741074244 45.69406013755459 45.02096040997418 -41.95562549670603 28.190472085529834 -37.18711133551563 41.50876514242778 23.91427973719594 
32.06428183032881
-3.608608016922979 -38.1948770648876 -24.674937031718404 -37.059480180315795 -31.314062300884583 20.682171890731425 27.818127589733237 -33.33395677077765 38.18255652986575 -13.662746180680095 18.66543673369725 -25.704444066791076 32.69393846486531 -22.362872796227286 6.428707707591876 -28.946503612951236 26.566255748541423 14.035984191800537 
96.24003285608966
-37.02749606101725 25.927072822613155 -4.986397218679073 36.229393293978035 -0.06047911853956123 30.30015889027709 -2.6942698433791605 -19.768525187596666 -16.88110293023753 -41.06746142799265 30.249561322282972 27.236276000611568 -5.414861146091454 -34.17634018094612 -17.757036327987265 29.00502800246815 37.48623654377894 18.716048349360676 
74.61692825211018
3.8549501638572394 16.171732700313527 -15.798583205691187 13.146407029189433 6.82342211945236 17.45809265597954 43.61566160448524 41.97558603719045 -15.745830281770303 -23.432950140347476 -37.45923959201689 -40.09065547159753 34.30510218134171 24.261061174448486 -49.4989346509375 -45.17650900709722 3.959463770676898 15.313137168583111 
26.836101946107615
48.37209929111785 27.828995883229936 32.68670130511188 -46.24860857053443 20.22107842965015 -45.63015959505662 46.664328251241486 -41.806525182408414 -1.2871200180895528 11.088944907380203 -16.347410689056908 40.46474636633238 13.16804784790925 31.90073249970186 25.50339437483788 -40.61168773691311 1.9550476141286808 7.000922868571571 
66.93061926418099
-8.64745327078672 10.010669439696883 18.456265210864302 5.964006827103596 -16.290372485793412 -10.33101439375509 -6.833843015690398 -19.62935596041605 -38.228201909369645 39.457734154872185 38.93400560728351 -8.412389929658858 -46.95632795117803 -23.05333426874713 29.0932903035184 -23.0523814253876 -37.65157382590844 43.78327443357114 
16.46532104891415
0.8428500028417574 17.150229917078036 -16.27295530274612 -11.61731555304224 35.9603437199692 3.6448228273126304 17.794165197205686 -28.905574414683944 -3.1643143603137247 31.084672212625648 -35.44958098067814 -45.92396975963693 19.70996451075213 -5.675325543002998 18.14075976647206 32.599310253967744 -44.961722865312716 -47.28112621564438 
51.81985429433736
-39.62565541313191 1.986304045312096 7.268257163110029 -39.45134981776701 -36.842391010874934 -32.13518205643431 37.31413935993311 42.64782473451936 -11.072485745814298 -20.309796061592976 -46.90872559536348 47.54971628347326 10.560583354706111 9.922406285294002 31.0992598028688 -15.633815713248602 -47.101504529513015 3.9199652017319977 
75.52041174900333
-5.7094581576777514 37.67832773082675 12.765094644434974 -9.193190833419564 38.77757911639887 27.005287536144564 41.8500389117317 8.078670381052433 44.99637328621408 -1.1207000636277016 22.979234078091608 -18.879160224973855 30.226465251023157 6.743828833357611 5.730052322137212 -43.46633043003409 -2.3313014378793966 -40.892653282487345 
92.42823940431042
26.989052465750362 7.567806144960855 4.9949133242568635 10.332357779094295 -3.4379986232881663 -20.405377582013916 26.319310458094932 -25.515077417065946 22.75260742056257 -24.888389765116504 19.21827815468123 45.176149118131804 1.0827778815224107 41.24609106938301 -7.01363953521075 25.07947044685531 25.046698168231018 -27.378565343688145 
77.43695970916632
-27.14363506166596 36.713481781121644 -38.85281500517299 7.362171690766161 32.391240171700915 -18.57502255656811 -40.555057079431165 -3.7849320107217395 -10.194595193485881 -6.198717758102411 -20.712490269029505 20.221068173749458 24.012479189277215 -28.338994084890313 -17.145302888616897 8.832096777400963 10.815859160300732 39.482882900311125 
51.65988776489394
-22.230728811441637 25.412088543568075 -36.32017784575591 35.67726420498887 46.8568740095685 -36.34764429608451 -41.77391151634813 43.500416412443116 -43.56763582542379 -31.47244646904762 11.072753445173035 33.28876566392795 -16.67567877154341 5.080615032134503 -30.693840822392215 3.8090701929150725 -39.77790418819179 -25.686811809420405 
94.14862019970562
-34.94495695934309 -29.281893576442254 -5.358104982808207 35.67013548846852 -11.271085175784265 26.385668323694205 8.072797370003336 31.474436441839245 0.2944875298369283 31.96232113169269 -12.499094481753104 3.6421900604420827 26.36211805431398 10.040609283539311 31.404876854979165 13.858727084817744 -46.15826920767496 -12.374661624485675 
82.69533793044573
37.923206332240454 40.60083711910241 43.498364316973195 -0.41149479258347554 37.730618857583636 41.2902710667767 -22.46106164526831 -11.884863418261169 41.33764123847139 -23.44887591593582 -9.020242593924898 -21.761975296408576 39.86777866370346 -21.00780759619889 -39.96416164885773 -11.460372562778744 -26.219146786459092 -4.872022711370327 
94.42537795647918
-21.945358080190324 -39.573613222800596 8.893081585959486 -2.9912214177486476 28.060625903752282 9.819966859706753 -20.60033847582884 31.1041121136125 31.503087825936817 -13.773791027388135 -46.719719548019725 -42.00576435548431 43.21967272223171 -0.5985407377224945 20.259421439228902 28.722863333277417 -39.758553672699236 -48.75605916237723 
79.52257893353966
1.4839413580221645 8.187486212678166 21.11852664761065 -25.997298882838038 8.740626793608563 7.1322799395124505 46.26790997224798 -20.120485909870624 16.667307710903117 -21.686207474526654 42.491418602078596 9.388027847429925 -46.409962095520065 31.663181653278144 14.667301127290216 -3.5416500970203018 33.80786791501555 43.37563632002059 
76.71382015433961
-13.240361982030016 18.509514052850733 -7.3951265218901625 36.22899520146697 46.39689789815347 36.45690207146917 -23.1477014935469 -49.68156607864637 36.81001730597873 33.68911505553197 -33.265018532934135 26.01515362229223 27.350297318204312 33.70731945956986 -7.445044490863459 21.21486571728019 31.560447250666243 -32.566741405802205 
27.455609946601854
0.19470683041005543 8.359860523276595 -24.30902734671442 44.939199982079 11.5529591201756 -34.86230612255314 -3.9566129531408123 32.13283953825804 -14.198195368289277 36.18213884888529 20.522482184324033 34.42854327888992 44.86468761103308 -13.075028564672486 -48.87624746199549 -8.013735009259427 -23.625565924414627 12.156312366078971 
35.89274174052285
4.077035253619854 1.9377445646765779 -45.33471065019009 40.01340991610198 23.356724976270698 -39.57373365105984 -30.31196730580783 43.51518932416383 38.89911200936844 34.87393747187778 0.09532364870590015 -39.952446066711964 4.180310812495506 -25.295126475725517 7.427845408690146 39.62799722257694 4.194819836979136 3.785525927149166 
74.68792915882113
-47.64866421552152 -15.503187030643552 -40.81052425583347 -41.77767359028146 49.75528484209687 -15.80149713609179 -24.417368631733982 -31.918580425196875 -34.130732286422 24.82071392889307 15.781285919722563 -1.0839672831709422 0.9305005522153849 7.379128732618803 49.30482457435771 16.773736913515307 27.333353079199114 -38.79715174058277 
47.63962519132028
31.08242962264194 19.585086276747063 -30.279674327515682 -2.549971405623822 45.65964118052348 37.873057293088905 -29.189133960816715 -18.88308875306849 -12.238123955535428 -11.69446850922543 -7.691699930854369 37.753876640394225 9.989045487346402 41.97025627861629 36.85662421627991 -2.754367603348342 46.28482777145301 19.66199816047434 
24.55572950198991
-25.127385811232227 30.324610309721876 39.46227711746015 36.69861894306928 24.730484749585287 -47.741630496399836 -19.688447495926866 29.389768316199167 -23.577304000514122 38.07674075199115 36.29614890539976 1.9475991181182692 -28.601280918452186 -15.205804107939834 23.579235029926622 11.73229273753281 -27.169781294251617 -25.80590172732087 
4.7372269141215835
24.4034704486574 -3.938105143699431 18.056181534356824 13.719993554099233 -23.39949155981069 -4.556747487697763 -41.412256830775085 48.73525667093767 6.651628031337843 47.742124496623816 -40.79434806165263 -49.935322874176165 28.15603938027226 -7.639728485836969 -27.132936764634398 -4.848949260915312 -18.853150138878117 24.21594501824218 
17.8224767820378
24.253175912923453 46.03062900084505 -13.572232219063473 23.96558626267651 -43.453117191540194 46.61283338672327 -23.17105591866706 -13.119863028802193 -31.242156864245473 0.25658081673775257 -35.139839943542405 -18.76519874760977 36.24372494080458 -4.414442558677848 13.534260436295895 40.352847333795054 -20.09965852877553 -8.869938710548197 
64.93516343028982
4.58414635870048 -28.651533893194014 31.92856880330676 -22.891907475962103 -22.46709045000368 23.564998606436944 -24.66461917554441 45.217718164816276 6.245232550318747 34.454207311744966 2.1482915242058667 0.49531658099938625 -30.863622098186916 -43.188167010030796 -35.34160110198427 -43.23439992396093 13.738488578637906 39.716794543961825 
39.33754992070529
-33.76161250274703 -14.724816616124727 23.592373948412032 8.617150519406138 -46.23014389964006 26.620304434909386 -25.989311431940976 43.575341528093674 21.94258130959227 10.373838247487598 7.771367925776886 -2.6621517687218557 8.083170309124064 -15.411170172476204 -1.1326873194571476 47.611082949527244 28.730766734043883 -24.891138695954297 
1.6575315212459807
46.00436057932417 17.089297297676737 -10.473470551282361 -6.101018824884697 41.6613686237494 44.640790696753044 10.448996141076819 -26.753538290678648 47.20930858803108 19.36669428774735 49.05763740569266 37.41157273211701 -43.85257702265511 -30.081383161098195 -46.12557260296693 40.37882890011966 2.534887879178207 -42.40055359839919 
84.19863419215432
44.90902242206856 26.20134037340324 6.160348893268086 -37.14695137834916 -14.98303007060857 -30.308427874020406 3.1886604051962877 -31.32014942270489 11.19280622356569 -13.230741695057588 6.256244380471841 15.651939929346597 -34.1569702671886 -13.457222087623052 -17.9826136389351 -7.483646174274661 26.75951186204327 -27.86042759893007 
67.08985722803908
4.56219018379079 12.381747187434847 -41.656339153513954 -34.17772696447365 -32.59377862956461 -35.80037706899412 -31.27567397175387 41.945452758291154 -48.38484438903679 8.851030149576275 19.52214013403855 18.624990423924032 16.534328295027976 -44.6993310381734 -5.078093848573715 -25.423241602674118 1.8683082052828865 0.943441249037491 
56.33027601228031
12.676636414369959 16.35978429468433 4.557824445286315 6.889146199949536 -18.109735668386197 -25.661214057316574 33.74170743144471 1.6941590899870107 -46.63183085068275 -17.034863213651484 9.79511915670971 -45.948998869435506 37.19611138744385 -24.33721748099238 -46.028596134113656 38.59037564435536 -22.439939501232242 20.54545572102603 
35.60035843408988
33.17587382577533 30.97975130247748 6.558870001140704 34.793902112811 -26.722760042072558 14.784239771581198 24.615456256757966 10.27689862472213 14.844761745188677 11.147487445161197 16.173433087449567 6.342741365016039 -35.29112213712619 25.771492531312518 -42.48725123186497 42.015384545377614 41.14230073287101 29.698998449811924 
34.386276327450574
0.206519362208887 21.460278815045243 -42.242585809575495 38.77535223434478 -25.01140955375312 18.39788458415154 -2.2199942777525763 37.154585232447346 41.061462537029456 2.491496777608191 -18.979933887032942 17.971620831319413 31.072475048974667 -46.19505452948103 -23.9318089909336 24.973328704093618 43.656753366564274 -16.920953543841556 
46.102424213815006
22.56066687085537 7.896586933609342 9.74652986762159 -47.55452493343944 19.53025018500952 -1.6442143368883748 22.24269081134716 26.172793861588445 -1.6385589118573805 28.926933079962396 -25.34469350597478 -16.090174537817703 8.6335580552063 -46.563554105203906 -7.004292630893119 33.9762609567796 -14.791430933205788 -33.71553751557903 
24.236120789170922
4.679662076240646 -5.509554457887397 27.35354582124988 -38.25325344693242 27.83036118784878 -4.626910843404808 32.002238169631454 -28.120783208032364 27.444045473084785 25.414573764757037 9.166554453849415 28.181464181623326 46.11803957198785 -12.67379964118446 -41.575506533477395 32.09226553537755 -10.288292976307034 16.0406265732165 
80.33572854869266
-38.04802495592733 34.731063656862105 -47.57583372063529 13.450621299170372 45.779318583255474 22.212111164332256 36.1240745291752 16.089768035121622 -2.4976761456035135 -43.08300100212602 -42.90753351170289 21.327288626682574 41.19480123788382 41.301631770007134 -26.995738095889564 49.568148487098085 -26.64195342587181 -0.0171351612822761 
58.08735405193277
-15.308241699781746 29.40069012149651 -7.6720243421083865 -2.191036273295552 6.941222022507944 27.20798487526767 -31.691383392270247 33.41293367290267 28.56955013961708 -41.94502002552116 -4.094002960718072 -9.521493360568634 46.71123054206345 -16.893554638854802 -22.87643503783511 -3.5281292243909164 12.029589797920679 -27.64042382210212 
24.05800091753565
3.687604321208582 -38.60264228939195 -7.876140389335809 -13.501148084128722 -13.972127950557677 -21.800053329118583 6.995746900314657 -41.82832149452399 -29.25697417702281 24.807928574763764 12.774046349583735 40.009122839758476 49.558069393928136 38.347274402010996 -42.12476215107983 5.728798736759785 -12.464799365556232 -6.89709964393861 
92.54621318781831
-2.483487364642734 -37.426594690162275 10.723134961477122 7.535182779888295 -22.242237563157772 23.62193023785369 42.849760019016145 36.86982083309964 -23.469929285237313 -48.51483267334628 -40.11974795088259 3.0049522360649163 -46.03681430365306 42.522288360344845 -45.724044983046596 -23.159571406473955 41.59375277301345 12.59579409734031 
57.161888955981375
9.97303715904134 -12.514427926183473 36.298844663022905 -27.079021969546346 -27.965338784319925 6.1560868498640176 -5.207925326221471 8.06744059309564 -7.917886430978328 26.244276678496618 4.506367839055045 7.891240296860147 9.742398734504306 36.37468413531178 38.5188479475959 17.197359570998955 -10.819591943668051 -47.18318643550935 
82.5850854894529
49.92085509077626 -13.055657952397091 -28.691341942589887 -11.388624821242722 -13.519433611554874 -6.642526229864096 19.807690860486275 49.77665749389905 17.44143987696377 -13.636949325247336 -1.047871187747539 23.564451618452935 -32.61254905216671 46.592539116514615 -17.340144386228438 -28.359017286401965 -36.13589585588869 -17.08440129023154 
2.5619029516900427
-31.183578046987737 12.831596829312275 8.843500853513653 -43.13810224498721 -42.7480407643393 4.276683012109608 -8.10402700734484 16.732477621520232 -13.373777055150669 -0.5366577533589734 -29.59525757823336 -48.49587279999146 36.15031725094502 44.759415658799725 -4.784679978886494 -42.328514857259535 -39.87845129323054 16.05832476297084 
57.36186037416972
-43.86333619086263 -14.868329148105694 22.522133874237454 7.028193196480444 17.1286895306434 14.096299983603984 -11.295887486239131 3.971444725486947 -17.11736142550577 -40.052116744620136 -9.933879699637515 -34.92710723293166 34.431682681844904 40.135419583024884 38.48805783912148 -9.20596591667777 -9.240343068695957 11.999904403076215 
51.573738171960805
-40.94593279968139 -13.91859700010842 18.645244782125943 -7.610499340287049 -27.591637675926407 44.16263522959447 45.100176189433654 -15.271016078829838 32.39564674005092 -42.639433179931515 -44.63249805157783 -6.920561127957278 43.53504524245328 -17.538858853851337 -7.617258827023029 6.172062226242815 18.692293526442242 -14.591808716591402 
24.955071966679753
-21.66920764776963 17.397797861157756 2.6643676991716205 18.43920441023286 -36.208880779403785 -0.8125646902730423 38.21329529523429 39.18765245528641 25.742394980419178 15.150331574328916 -17.893167842386234 -23.24139098284882 -35.9457285591731 -7.393942550502352 18.98091624003885 -17.594582203573673 -16.520175861432072 -9.802938700532046 
43.107995817752595
-22.45056604309076 -32.414974748475124 13.670341837280944 10.323562615651191 -18.261153077805236 32.736207309208226 -13.764281087679308 -13.44115845026225 46.021773913906145 11.184239971783136 -38.37370311311186 -2.268764956914474 4.712804234697664 -47.38387955669258 -47.149976744036415 46.388611792222775 -23.792152086982497 39.50175402815552 
75.10950522817585
36.773138050193026 1.8030175252389284 -16.854290470816125 -32.519464963894066 41.86477593528562 10.398979245362106 4.560775949951349 14.678092270522967 -46.51579460023749 36.52306583778896 7.112155246020805 37.60178505401814 29.679388791567902 -0.722866990051962 16.33820349004567 -40.65892420072784 -7.610440874986814 -29.37997662298846 
46.435606918519255
-18.06615046235638 -17.225057376552677 22.81918586994641 -47.396034018428914 28.410184125222642 -48.37995931065433 46.95686421040379 -6.223274227195866 14.516467727826523 47.86285281949007 -22.948004293491266 -38.7774758435946 -34.99670375509992 -30.42807376234441 37.659753748258524 25.08292422204623 -19.526172948561126 -41.41231360648028 
6.736456944746916
13.119662023898456 42.52761462849017 -47.43603340874989 -49.8916362114993 -36.22352380035646 17.298153506649072 -43.70971691469578 -10.941397470730529 -10.882328491860235 -19.529297513521872 -42.05515467277955 8.347333384816721 -7.712424417330347 40.480221416244135 -4.677141880369717 -1.5940505002362784 8.842083068661452 -19.172500142829286 
22.104224651574768
-47.503009281555485 31.635513998142358 -22.685083551042705 34.869246088521194 7.307136478030671 34.903054178749386 -28.50854292833439 47.840470171810466 23.74147685849485 34.7610587801105 -2.290025739647639 44.22339214970265 3.6130477817880475 10.554536848760286 -32.062090375800096 -9.461815209846769 27.472366474603987 -35.68681476622309 
65.8260055564162
-26.520771600610793 28.997495573448077 14.03434426425629 -10.472203503403023 7.608695722263782 -7.834040085598971 0.5932834627326073 -38.62403803109249 -33.41497105349115 -31.144386219007746 37.78827721443204 -8.240107096598173 -39.353408664972854 -33.427681387210086 -49.64005153302179 44.41213640927789 18.71542252463138 48.67809554885248 
75.78137450129118
0.7996200183466939 -15.244544466484086 22.794205579542776 -47.80249121446295 -37.571151435077 4.9141390323828915 -33.020641334478775 27.099480042544073 -38.38738170504375 -35.504076042109844 -42.16595310937018 -0.8486162351159408 23.608920380450698 31.960626370302663 19.857817664457926 49.04418862350924 36.03117897943106 -19.09084466891273 
61.1870140899637
24.333422491820713 -14.957921968379083 -9.586304823746758 -2.7336551901599577 17.924347364771194 12.081639217289734 -30.931098922348855 41.058406756918444 20.200331608355754 29.74340535121172 8.785260027056317 -43.92893188365441 -19.25279757197468 10.900922523701617 -49.38476995329093 26.783398638456063 -12.791667618765267 31.299971058363056 
86.79735780526558
-0.02338232822018682 6.012333009133833 2.5702845704489192 30.72309220450363 -9.972684574649826 32.54715051838792 -20.026245994405134 9.675522974619575 21.395966176558716 -33.18850433156413 -32.80555766584049 -26.041182382434634 -47.655441019654496 -35.34351120930566 -30.911020890704 -29.568318163365625 -14.657049618053833 14.43749497030386 
12.554177106130027
22.123632530112076
6.037258502529653
46.76745651158035
-35.00623595189566
-15.313019648794842
37.123155400533165
16.383799302736406
47.55793056771489
-19.75157335556883
-37.01883717554588
10.131080727391286
1.9216237411852433
10.698633037316206
42.09698432482291
37.8195404895818
-25.83010836201708
-8.880892950342243
-13.648651830175098
