constraints 183
variables 18
-31.18837855172496 35.16162290843437 -29.883927002519727 20.957996534596845 38.48533156190685 7.504343543732716 -40.939279919028706 -22.01501135627546 -39.4224935132127 1.6289445716780335 9.671638917281456 -4.638663606253978 0.7542828129758163 -29.530586054094744 -18.263324343599095 -32.69598156326988 16.003337993386438 -11.334529911942717 
60.318171034632684
-8.753830669509455 -14.268473016165018 -28.472605324581536 40.7750217368891 45.374526938527964 42.83553858651726 22.075232078768437 -18.04613898664391 -13.136361620763005 -38.427657377038585 49.52695386822394 -29.051606764075355 -20.73070029719166 -45.14301533211382 11.692319977905818 46.43923325583988 -13.0616666134746 -29.958896117565857 
58.43606664661486
21.864838297952744 19.311244473009666 49.276250992209626 -6.293815482097742 34.537458002827364 -31.36107779886206 38.2419612153071 -20.41995573016928 22.306218256365952 -39.09600919365749 -14.680760709333505 -22.63684976453616 45.48286468624461 31.632028854492887 -27.784052348444497 -42.01765725123657 28.483836377453656 45.79733425530388 
6.601329225221997
16.74730803560975 43.005732065547946 4.1725025498606385 -12.517294259559861 -3.9887200647274454 -7.460560837719775 17.240591625445333 -25.141823087525506 -46.65615600510048 -13.358483012780717 -17.816834972945095 -43.395113921600505 -37.46421400120177 12.619692627740577 -31.522948080139813 7.613268746812096 0.08798016674900566 22.152618414458345 
53.27721364874889
-21.146606116137225 0.7933051249087271 -49.147717445829976 49.03258427374665 37.360380348446625 -37.39735906061207 -20.109166648706676 -17.32365085138227 2.051578496519248 43.173005385967656 30.55173888558261 18.2515867444543 34.83903719024087 18.327952909076856 -45.07140241713162 -37.02219684771697 -48.323479344246756 -33.882647221261124 
98.98312656439242
-39.466639642829584 -36.01885315453579 -0.7542821038312582 -32.21284928020519 -45.27664398205555 47.29550424014164 -6.654733271182934 -32.98827689674031 1.7220512934602823 -38.8931460381489 48.901988673316225 29.589754976168663 -30.276528321099782 11.415831048013288 -19.40009811916914 -38.033183019722436 -8.896714889104615 -44.052162177012555 
99.43086542672657
-39.53190549684518 -25.910289184642544 0.826092868115623 40.12422057518438 -44.95228785758765 38.46060533360291 27.076090936412072 39.28262538342973 35.049949690011545 12.928502099076034 15.507009501497777 -11.932520938619419 49.600137523464625 20.644870849351065 9.31635604114922 -32.64066731727429 -46.14367384642234 -16.3505902585527 
15.18998349150047
23.025743419917916 41.5910969425737 -2.890307584493115 -4.279679676237826 -45.738952369700336 -35.56389175881952 -40.15894915070075 -1.3585145616316865 -31.080438031905654 -11.38962755436387 -1.1339156838349282 1.6807241190759612 -43.654248134210015 -18.933600368348756 -7.332256550441244 25.751385637646024 40.41192725804558 48.726735082112356 
30.30941072772626
-16.23654617260479 -46.69389067264396 -23.15334561298119 41.74003794200455 -12.496620553513061 14.069634325783724 25.52702626070186 48.37178271865548 30.835815812442206 4.966223502456536 47.01474092300086 12.41226425024756 -46.094405450112966 13.471182455666565 -19.33377001347152 8.4530085374996 -29.93096059484254 48.00145794926259 
17.313048956385835
1.4601781397727365 -45.04043894141447 41.464332334470086 0.25664175384565624 -8.416743159815773 -44.60679645758637 28.284509635180996 -3.7672322586783125 -21.908118558511426 -25.254393466386748 17.776451703391203 26.42430282567703 -47.729500997175734 30.982659752701167 -10.43920164837828 -5.035529760479271 -47.75488023381429 -36.29715579675714 
55.18075318651462
-9.639241264255517 -48.51407332108651 -12.649886019660038 -35.84364793427037 -36.11688112959042 7.1240631579516105 49.18187532690858 32.42157901075474 8.198329370550454 -35.75959297816307 -47.37253247257668 36.42127158478284 19.39561184001427 -2.0712663783545295 49.34829574075363 47.10185194202562 26.036985974811614 -23.79486030592507 
36.611541607087915
-25.388079133635276 -40.02098375801005 43.73017379660919 20.515186398959443 -43.26422213774968 25.45096357852408 -41.170370506951194 -29.84715833332976 -48.08503118167887 -4.762404246285634 -35.5555023850809 -7.017331740239875 41.16999903317519 25.803222815308658 37.41009624666759 7.465447976382137 2.316386453300858 36.806753043822354 
89.85894031315384
-24.537341138012934 44.57623653294243 44.695917197464325 -8.43855897606791 -16.063827004153097 -17.981438250264404 -25.067967287938174 -7.336965520119975 33.16697725121415 -19.781367912742255 2.884965661275629 -47.45408360931207 47.01112491325057 32.10861298725763 -10.448706298022636 22.43803770346993 -30.363125748354225 6.198840447093026 
34.986846959925124
-13.088401850799933 2.7377679505599346 -36.81893634653047 -30.291815658685117 42.557749678323404 -32.607821298756164 -44.617945032387176 -7.694219462392915 -19.106187002837082 45.540650867058545 7.617982786863934 40.1250252253633 -3.0461981342009636 -32.52188198021601 27.707036166716378 49.10936948400102 -34.96740206186498 -36.19112139156707 
60.22971436473067
18.76326811585554 -41.30138506260258 -7.012013408997618 -21.916656945781344 48.68087094775903 43.459398778134414 -11.126505191630066 -47.04065793084142 -45.80039447673596 37.359063138075896 46.639765777064596 -41.92120247801441 -49.52379835433802 17.306030641261486 -20.047132773767096 34.35398249258873 16.645882008778074 47.07405942368919 
87.4848131671634
-5.3996027677339455 -35.28621054313966 16.6891175248403 -37.35577032832565 49.506067272129755 41.44095116419754 12.309108706073921 16.826777777599702 13.771734861683804 -14.274566871907048 -19.276919234397095 -36.460519304608326 41.167704978917754 48.84254362435328 13.241005061810455 28.428826767656318 43.210093689590465 -39.60374052738409 
0.014804775498444833
8.543378440780167 17.74127058574429 -11.0526510701241 -2.274225372581739 3.0873307028642856 -49.09368163356397 3.021915501818725 -38.90685396885863 -22.527737516929403 -41.15065462326818 -14.432631600715851 11.803003529173516 -47.349855661022424 3.9105854023163715 -7.088865208849995 -42.77364369399002 32.51139213181543 -45.81288287568122 
27.890694889556976
25.689653315363117 43.557563648088546 -44.97276892905929 16.061774541136685 -44.91941908599696 -36.89091358745069 46.360379043552925 -16.2451347339303 -42.783481114617075 -45.015854020910005 -9.278290139827284 37.23847828133802 31.672545421775226 14.885727636339936 -26.587738064128697 33.3608483288008 19.660429148320546 -48.34054306241926 
48.442855320491276
13.780059932960533 21.06955807084651 -4.86419442258412 31.741794073939815 47.25586542469583 45.92532379874643 26.445910760852982 36.56353357885965 -12.535238057199052 35.28994807242864 -27.498918696076835 5.117438885950023 -42.58688233103399 -33.97465704980131 -7.248174857471 15.142857644059148 15.761500340578479 48.857070741254205 
63.39304544682287
30.48873404821029 -4.763435893914291 39.82302650624054 31.85778352173766 20.713019243363348 28.79520249366591 11.460000376409354 22.742734305762312 -3.700855953531665 -4.681120877495474 -28.02421838374083 25.234462299242935 43.293935373872884 23.354407780751444 -21.825957399485997 -18.34389832626806 -5.996743479675615 -11.219304556122509 
11.04371733105971
26.930053993376035 -11.161198673883888 30.269209391292435 -28.30582262050434 -0.44699245583365865 -31.50854096191189 -14.980703953442344 -40.28801531114511 -43.89463145268038 -14.686344278905814 16.487687355725555 16.034575610171444 23.36797911399205 38.125206499870956 -34.305172211458036 48.080742953388054 14.794784778788568 15.614126059355812 
58.17896391241643
6.147299752826676 -28.609125463319963 -19.91399833983605 39.78219934455667 46.97588203915164 -39.02885613058928 35.52244020671294 46.19097841719136 2.9133202201334853 -15.674452530664752 1.7412369656536058 33.51678914959531 23.23360917945132 -8.007263231715477 -40.092134390340206 10.19113152788568 -32.04103231464731 11.144668944912809 
93.72999263237767
14.062056645196066 -36.08793958034106 18.510482622423353 25.37366390028086 -27.182078053216973 -22.249037293082818 -27.68118421053569 -14.528060096968396 -29.272780959383628 21.383004013210666 33.91344489315699 -37.446295942741195 -29.828318505044894 -18.576887715040456 -32.002063333037654 48.8024555843983 2.5630920985981973 -43.74315675864868 
59.390799407535354
36.261880642354456 -0.027443611708143578 -8.212154705737326 23.72335489049634 20.437096060653985 -13.835767429034519 30.093944755988502 -30.31160868194953 36.697410988570425 -16.28615578547805 23.98567268390576 -8.751599544063403 38.9685331572323 22.50551283124419 24.855511142527746 29.637981063618255 29.90918542651859 -45.861176694857335 
71.2257123505879
47.045814790640335 17.099076954199887 -13.358775648647047 -8.95294565056706 -3.462666558528305 0.7222675220030297 -45.63080929291827 32.0704130046755 -43.91994728920683 -5.188059177052374 29.094880057631784 -48.492370178203025 -31.540738941222056 46.329680413377474 -39.9867716883255 28.71757893799473 -6.5774084476530135 44.18433280695753 
52.76779060657355
12.797958766181836 -16.43226470456259 3.752600808604811 -39.41815908707241 -19.267155831481542 41.28838612525111 -28.454469144376393 14.194586850699281 -38.859478356966534 0.5192229855353503 19.372085554706857 -38.45941648252204 23.68571351718785 4.071601062621177 -12.316958321893935 22.973771730581163 44.86481662409771 15.027331401523497 
43.73545457470611
-6.674217809858554 -12.85771890594264 8.958725686930002 41.79999253055847 38.20146864804761 -29.689159965889367 42.668924964008596 -40.15953969984574 38.65291716646591 -28.532227193732517 -15.302799270309272 39.926860919113466 -14.263561619296617 -36.85603611226199 23.009814887676924 -21.899628880360943 14.445337498454109 -12.107974399791907 
86.0977074752581
-6.509325604368364 45.12454574890246 -27.965706381930687 25.12815016850297 -43.806936046364065 -30.28851583948976 1.2910299338092486 -43.151796783323334 -31.2551884943691 -19.989230298009943 16.653686323047637 -40.38634640891946 26.997312335682622 -14.301274100496151 40.137666817773834 48.21786775030458 32.76252488953028 10.866874705016727 
56.94348058864402
27.120787202799107 42.81932264193351 -10.348091984974808 -36.925246744298356 36.22904852243248 16.69729449982563 3.862895952327463 -14.393870608971284 -41.44597255845153 -30.887301856450357 18.504790624357312 -3.436476303370725 4.87536393921949 42.01317142340804 -25.289460847106525 -29.226162944562304 26.96332169768776 -14.105063576896583 
43.83244754097466
-16.93930812268426 -12.035925940150513 -19.611790904228055 31.306634747802462 0.807307582426418 36.22788787050999 30.06357351928635 -5.6071969338483925 4.177184159953164 -12.83917471489245 42.99411035882714 4.00475699052987 8.177749277634483 16.606468188015654 36.81511535882791 37.58538452801319 -31.728301571612505 8.814934140634342 
69.85522812725446
37.3431604163939 -25.614733907446908 -17.76784361808278 -36.630108553402394 6.155438810347114 -23.0678017250202 37.14330857141938 14.99003246890068 42.05711656466882 42.866741124341814 30.62992960325522 3.205918473675794 -18.52845192502005 9.798471954277332 -13.648873601750523 48.038172178397346 31.20381912597813 -8.15364912217479 
39.33502577723199
24.004939361746125 -30.29515997908574 -7.821118518155956 -0.7325896691333114 18.076265256182808 -10.772055896267219 -5.918173086413226 39.69025382421793 -12.486260440301798 32.23795098082961 34.91442464889727 -14.92635771464834 -49.67447821480365 47.796030927061935 15.45960572046468 -27.099594987315257 34.523869602948224 -43.36816801726242 
10.943239056390563
13.703475189158375 -28.54565371658955 -32.772226660824884 29.3919633197996 -41.57814936415383 43.172906298746895 29.47855831256794 -41.98132831575254 9.491763252412454 -15.820953878729817 47.35235396110717 48.969298536538545 29.765484592006004 -6.229635588353148 -2.531759098885047 22.03403043339901 11.650941321750771 36.865725281922195 
66.61796872425529
3.8206443082097437 17.791113196729313 -1.6485916512657326 27.99817697432094 -19.59284170733454 -5.8470428410209365 8.836571264630834 -26.717355475720773 13.635573202046892 -13.428578250427861 -21.838562279164066 5.6523584068935975 9.977942842844499 -37.405185172026336 -42.91642656892941 -22.485535747723063 35.30060556854177 -48.096337348204685 
47.274750668544726
25.879472983060353 -11.128104955476239 -29.374085594347488 -4.907143992023592 18.22936737585846 -14.396775338115177 -12.452847870512052 -14.449667247757262 -27.80248672083441 46.78290480657397 23.51526035654463 -0.5172651736432314 3.494606698417577 -33.543331004608305 49.26473898497787 9.127935806887798 -11.746884294072771 3.128330378639866 
11.436705160331817
-34.84139573022914 48.32600786253988 44.59858763592362 -28.253663843755085 -28.332421247696626 -18.936222047328776 7.529505967785674 40.05032362869143 -45.31219401981579 -41.29284530584339 -37.28330184198067 18.492685212736745 -45.46444347135857 16.771040863515154 22.070835798483145 -49.041940086101675 12.597595479658942 35.658623856582835 
33.95457692017207
-10.26258896030943 29.140139066648004 -4.767198385728442 9.790561251272898 49.611773192895015 40.299320258431734 48.18538967587544 -3.249310653527502 18.48558079778583 -0.37997216405012324 14.782844965099784 18.856341732139285 -16.748216948905082 -47.658051415564195 48.9305248418232 31.96382191354772 9.746790882618562 -40.91127717627245 
13.485757222502992
-23.12120821271645 36.4540755673566 -40.30192623930928 31.36334094280457 -30.76201745217584 3.040998205996793 -32.36206024237535 -1.7847000000557145 34.816060726097405 36.86426888921967 -49.214495971648056 -47.66994494925153 34.55995571996033 -36.74483204767856 -14.696823963978943 -2.1155774332183057 24.922621853937784 -11.30351932661123 
15.927575507831204
-31.204846118418594 15.962596077812435 29.928869940491353 18.194542082719323 2.154993600086563 22.195364283027146 26.57518500468524 -14.044675547188554 -37.39846793835814 49.32699996612139 -19.953034965003503 -39.003960709383094 -28.04460686891651 23.770120895467826 7.298251087343324 -19.345390729090262 -47.92242322949678 -48.763311406825984 
34.417493620070395
44.036331981014015 33.13409989001521 -14.278221674183236 -17.90077624527818 -12.238656827271988 14.319284976440827 0.8369012144337518 -37.287112536001864 18.134205719000363 -10.42260676551333 -18.278948871797084 16.98700307357943 18.207940569031805 -33.02443607169913 -2.3478477900387844 -32.747346504703955 35.42179293918346 17.119271337478935 
23.001099523046697
-46.25896252177678 8.32411200076487 -16.635169822728955 47.3151705421877 -49.39438270975347 9.34871277366016 -25.42824824125499 4.087054261911952 29.14017355457503 -35.304869161792375 39.75101979434935 -47.839680408492754 -2.910118500973148 -37.92975596554494 -6.796353609976578 -36.25836230869528 -4.9967476774505855 -27.619309112232237 
68.6071675253207
8.634665775140569 23.24862202764416 -7.577346344588776 30.9959597614463 -24.420051720760362 6.6196197237040835 -37.80251217153413 16.694645942354 38.47979320167839 -22.620175696206914 22.688813701860553 3.0020049347519375 7.806580549052647 -27.85236554296645 -42.23134967787296 31.78620668780961 5.637487318215626 -6.801894459351544 
57.35722254753628
24.140394166317222 16.528167800848763 -19.44066583565546 48.04313211265743 26.860943926634846 -4.167574219322475 -22.293254556723376 12.077552151184037 25.749021662419835 -37.90550502185255 -49.290633795115966 -44.01178892501555 -4.400686092701591 -39.21499677046065 38.358049664994525 -3.98412198947252 32.228132279810495 -37.07868847157634 
19.106297082000236
-0.8418031567152156 -21.993684898577914 -45.99260830630415 -20.41984569774321 -44.187349603890205 9.100664274520675 -23.75206128401497 8.964458170513765 -37.15749882528261 -0.009020041603832851 10.135996832294722 23.748426282780272 14.346626772601937 18.81791450344484 20.2828347634959 48.114432121824564 31.496151071602213 35.73028945065944 
94.75340205153555
36.67955675961568 -37.49220951751367 45.63871343656403 -22.80979442493387 28.350283206193367 49.155938306338854 16.645626428201354 -23.347054939970835 -37.273505829763074 -12.817546006976578 -24.089784246179214 41.37083559308617 23.791715690435637 4.545242903696334 35.81990801523139 -0.5009535331326447 -0.4476732606551437 43.65363511134454 
95.07839926213867
2.490193014113842 10.839224022389772 -38.4292601290123 21.683521263212256 -45.163588110802365 -32.3387560518795 -44.380154391008176 -12.243539391959168 -22.292991497089865 -42.69960864675092 -19.08593527127852 -20.202819313482156 -16.598751219863203 -45.235287174343185 -48.96458432152245 -47.82083449636792 32.555397276148796 -26.73453501082936 
53.42155996045086
26.559831149854702 -43.31241557391048 40.06096505769139 -33.02453539408072 -34.62866178389127 -45.06631728329626 -8.689689085987752 -9.004733403678358 -36.33027856076947 15.72186134203423 28.505961315749246 -18.271329860412454 -39.64143333498767 -28.34697359223236 -31.39510390882203 45.68824058073051 -32.83321087805638 -31.001098270751104 
0.153922096295811
-42.67906274733251 1.7482713695460532 21.999008591603015 28.505407391946292 -47.29264111634743 -10.115538089190693 26.532368795265185 4.645566886093469 0.6730956832715407 -28.990717609546213 27.75925276630801 -15.791855317609759 18.026700221456295 1.1390019819942552 -28.027146891631393 -44.077817019142074 -23.404232071802223 -2.2220131728961334 
74.17026748266237
12.043293190973436 -3.6853309279449533 12.48453198928717 -0.2532695871154331 7.243650127188758 30.824513976671227 48.51926030467666 41.23657297740405 -33.01326868461729 29.87794561503914 -36.63813897146182 -30.831136801786684 11.588549020393032 6.298381794575683 8.870215954833917 49.87529241052438 -42.03202920495737 44.325413145302235 
15.469229178527966
-47.517660613488346 -2.4855402883916184 -39.11500854790311 20.99498059947868 12.339298439731849 25.552357840724582 -28.344804490304 29.683100047869587 -21.22168627353822 15.556617444922026 19.75528712069155 -37.72146463372602 1.372037530202185 -10.424313463066213 -3.5321131751725474 24.357137090539567 0.7491117304124444 35.24299547004698 
70.6110527948059
-23.31215390825149 -22.45281244718417 -40.69069234005457 46.00915296419036 38.82746257226084 36.22770719087447 47.80397713584536 34.968365452335775 -4.871690435213658 39.246243501852135 23.733896893160363 -30.255212182196566 -49.04763897263409 -38.533300413956916 -45.345245389456224 -26.29995797882533 6.123708928832407 -15.272825780645391 
14.499979738754531
-20.828623754601526 22.514502991563305 -41.89007300275488 46.72851297086035 10.040287393454427 -36.85222343375716 -49.26274237687653 -40.84664002904276 43.565666842898636 -28.68611860238406 40.80981924129972 4.738621197448822 -21.745409830929685 39.93549594329255 17.123244031072204 -32.79645032500933 -37.62420026229243 -6.2204971082581935 
67.44364248691004
-24.552146198849144 31.17805325352731 -29.89774659474356 -8.10804864638557 16.613358892876334 -40.04250374216004 36.92804657431327 -41.11827409802882 4.022856421823143 -35.1747664411521 32.39898704629576 16.17442461048205 33.28774664543148 -26.64164356452796 43.49753018749112 -19.739162752868644 27.551923082655875 43.27465930612638 
17.931454819436897
-46.45321335955901 -18.85994962653239 28.85336150418813 19.084185077498915 -39.28420725291496 -40.19577233876622 -17.968876234613717 40.671707171555255 -46.83909573533306 5.313764857913817 27.93474150660475 -4.889398439142781 -46.47754749128437 22.308642080307138 -26.93111704686779 -22.410036890368502 1.1379885766085849 -3.862072687825666 
38.45929101554509
-13.546672604167775 -36.39477965482055 1.830257702492176 -40.24110587878596 49.734934004999715 -0.32172775444770707 16.394293862545837 11.656301281084382 -32.442016776407954 -5.637837232796741 39.3227357263456 -5.116797559172625 -19.409206703203473 38.33985791979978 -40.52559044145403 -29.3008014878388 15.87008140561575 -9.239115372860972 
30.434608283439058
39.93962836148677 -6.961150932682138 46.93989775300818 31.00467740776577 41.544033508275476 -3.590381172628966 30.658278412222018 42.64766869986528 -11.060164518351968 31.252104984505394 44.53119888466183 -28.482418523779916 21.73794736769716 -13.682388531646183 41.297283927517896 -20.874435573836813 24.903966428544848 18.850795641533523 
73.90740670258687
-37.25281182473997 7.900723469977301 -36.7973311243459 42.93376567925034 44.35071396275825 42.254903487115726 39.64703037971309 36.08986891411648 -14.872981063797475 27.582561635056564 6.1157472838770275 46.546642463820376 -8.372318598527137 -6.684665229935419 -47.69331994654377 -35.75068488251757 19.068450431237622 46.20120775356273 
32.981193674686516
-42.41560042999083 -42.468861894158074 42.11072066689164 -24.743377802932688 1.5154720363761172 7.597764599032928 -5.238463207368802 23.312221753974626 -37.29889456631192 13.376522053988417 33.68129293516398 3.165478307046264 -27.872239714874112 22.929954714706028 -10.939248470895777 0.038937355330489254 1.4350370754957709 -11.208479358496234 
62.106213209359595
41.32594752379819 -39.61984666064359 4.557428389035358 36.08228522868825 -30.722968848987897 49.78308756981251 -2.533468573486509 45.44301658503086 -30.733110947112618 36.81337810718968 -38.56827210731612 48.2815609371704 41.86526735496564 -32.37598110270221 20.16217967571515 40.785455877751005 -30.0767297242838 -3.8924674395530516 
5.816397514435023
11.466714228724726 -14.50008166340777 -13.056265825620258 25.05205091885918 -42.357104688610534 -14.307914048890403 46.12828864504041 11.389108663460313 -23.022582078693667 -18.705790990244363 42.81568253085243 30.47875089807252 -47.155661312201566 -12.297598034469523 12.57976412565246 13.171189560953756 -26.135080670545786 -16.40901575433419 
24.089499848453688
40.20142802269568 15.170265379373404 -30.372377672115945 48.717221898136486 -8.137340944718595 -38.2235647299766 -43.14337780406136 45.7410321591924 6.2128640105107635 -27.084644528720702 2.3681395721591585 -35.42728902788216 10.160916621387543 -29.75299876493572 -11.515574599081923 -30.163129006669998 -0.7957209980982185 -17.41474272176292 
60.932441186832385
15.146754758106226 -6.358811176335998 -4.89805993606285 1.3355058640386517 27.066494576662734 -8.244036466652716 31.930516560624085 -40.155143178800955 12.019256740952954 -26.223117932150018 47.67302045184783 14.845392242024232 15.79519259578342 -15.668137949896789 15.520776706357125 -41.59198185750121 47.83268521553869 35.67792776506559 
27.531490743459976
28.524407369197547 -19.409169566991736 29.15624493139171 -33.93760471965651 22.148198957664505 48.10073175344107 -11.874696738840854 14.441062074060227 26.679974975296744 -2.8223597245980088 32.050575081502416 49.662603344304756 -48.228373899986266 -10.204485237777327 -1.520209932444203 0.23400022989991953 28.188983536285946 15.77014342836108 
87.3087142557605
-41.75670889106073 15.959914538608317 -48.83352711280132 -39.95685097850324 6.31343232768571 30.14831321843397 -10.259698913837056 25.688583370406775 -42.6923769377918 49.33273136670431 -17.755918542856428 -15.550207461691492 -42.515001372421246 19.23166801125099 41.57105525941134 -19.40161305238467 -27.737483783178508 1.9058160499860008 
60.48149872583528
36.667116447255864 7.820983146823046 49.58083167554456 43.04938020858596 2.5555703339322235 21.500179405301907 1.3725040593156237 20.98728777688325 -44.81741278016265 39.26002284098192 11.05946501526882 11.65195169438794 -23.003413684251793 29.441809105522253 14.536846250963393 -24.197681391435655 24.95572547539321 -21.354440432716103 
86.69759662704084
-49.92344486085268 25.515618163405122 -22.253450426930733 19.226468883875597 -38.32601639987379 -4.286889369851224 -46.09388402939471 23.15488365780476 -19.12759964031292 -4.389603922748208 -22.111114966039313 23.013294204093455 -19.21913708622125 -36.83547105188795 35.08056472199739 -36.969183668798664 -46.87758297274792 -30.986798831873063 
23.307544146920613
-9.929741709758176 23.86094546668484 -44.28162280603897 30.89146703487893 12.849970340271867 23.130673927981363 -6.314784447731434 4.329086723914486 -37.50787849671538 -9.80346020800311 -5.725529776627916 36.569659574556525 45.55042796793171 36.0680714303963 -30.447685071698505 -5.930758257722744 -12.591477609431003 43.909006500282544 
67.67237141644712
-46.3668320786318 -38.69650487035761 -39.47061011631965 43.060452530547835 38.51518526358781 -13.7825931048 21.016416113005477 -8.626654139082959 27.323589195267388 -44.50714766394731 -47.04515441160322 -9.37126842862994 8.991833998145907 27.26692486118138 26.707293036669057 41.954097659088816 -27.59690572722535 -32.31875632676192 
3.8692899625425325
-3.9216692869893137 0.2152947014305795 -11.686057178300622 -12.71647960797543 -15.00960053914794 -16.98488006651764 -39.60715447640091 42.89212531348841 -47.88463298434874 -17.863388548436333 20.08730007871398 46.22558956375147 38.90872716793868 47.311924463839844 1.5394362613832442 4.4711436192192195 40.94583929547102 38.77890405549968 
97.28392055338958
18.833269930069363 42.38404739982879 12.552115053365029 49.31848554909142 -18.706680738885197 -25.899209271333945 2.2710567693010617 -31.67408736906393 44.89484463972843 17.861875881902662 -28.6287383485767 -36.58871180597638 17.325768817208072 -3.450217773796595 15.281049835161781 40.20677469479851 3.838040794959909 48.782714858154705 
14.928733186868081
-8.69071571197523 17.439939405541395 -14.819157017580878 -19.947919645448252 -40.24514876024652 -18.18422616919848 -36.912978783317726 23.633893915483426 3.5966674928855724 -24.427818682913017 -3.275022943752404 -22.75539998212668 -22.357871798413807 5.179830724088966 40.57881268520687 -8.845254121366587 -22.982579040714867 48.37382081709079 
95.20339760359768
-37.21263370888741 6.466544430402543 -20.20438743241355 -13.273965272423737 2.4121887656710186 49.15490285829776 -23.696132752377995 13.975566874604858 -24.05932295181379 9.235877397870155 0.6510782788829772 40.47583200635039 11.262986888801784 -6.447899103216869 -20.882545336031676 32.46622328002982 16.774859172434233 -20.418596837757708 
71.21298390249494
8.662831396199742 -11.425411514077219 -10.899300597634024 -22.29681433472821 -27.350544985919033 -23.73280770816931 -49.9706105734833 -3.016414648165977 44.58855880653579 36.394920587744835 -17.47295070793988 19.22245157501324 45.36799930275723 27.22035083734923 -10.341413304145462 42.71088638349396 13.35015267745645 -11.07974376405523 
17.80320015646223
7.503894396566061 1.565869233298244 9.205510571327046 -22.528164770801894 -32.29442046605254 11.496424136794424 -4.0356593814095305 31.31110936048617 -34.35387581249556 -31.487570135632726 -34.26677263781981 -37.19010457825796 -21.28218677988699 33.58948107158972 9.631822990695802 36.588137473673385 -17.218204561932247 -23.903943880065214 
66.85524254795199
49.135646880344765 -35.17311420477491 3.249966846832244 19.899189141786692 47.48198441912706 21.956206016356404 -46.734500618105734 -24.599694471287325 -37.48321754501366 3.7970049768738647 11.264070575093001 9.806276296064112 13.543152557305937 -8.926488910210217 -0.30291440137666115 40.047161224769184 -8.864908920646371 -45.64775750408757 
78.33043641086991
25.961507837574942 -33.51689922051963 3.863685038021302 -37.23414829204555 23.437817627619182 7.15050113220029 23.823800776413677 -14.974906244462048 -14.936026295598204 1.5262004140020125 -17.176620353804495 -25.101205399226036 -1.4657656249142832 7.247972957156136 25.622723730549154 36.56251125981359 -37.854500940310864 42.483587729790656 
31.08376167485233
31.388288014708124 -28.578481479697572 33.195372764556396 -34.00885014787934 -45.06906251218326 31.23577269427861 14.377111011982421 25.158489271234387 13.743855740217569 13.760801953598246 -41.25952905779644 24.48529855220319 15.980133364814137 -45.84626486175859 -27.558608256721318 5.524942355798892 -11.339609943828286 13.094896332706199 
4.175169431484271
17.643217140114913 -25.96039660662702 38.128285270093514 -38.66774625470547 -33.00818048996762 37.68095087810252 24.209853041687737 -35.104912960349296 -39.7094870792149 41.645494089943796 7.951471873369087 3.3695092660657266 -24.193751463133705 -2.367725975714116 29.755550111029066 -34.71736061781445 -36.06287313100008 16.954237569337167 
13.367271397647206
39.64234171190975 -34.546481995614656 16.911099495934437 43.32845224575247 -25.7582763003914 36.71829363038506 26.42111394451952 17.399092296675036 -27.194655209684516 -11.897446152673261 -42.300530216666424 13.219642797199384 43.71214598770189 -25.667162558137868 -24.67820219679442 36.31913327771477 -14.606647291129029 23.65029527571997 
49.187090467753066
10.031270100037702 -43.50810452989481 -43.56812205907759 23.695076584776075 26.962687405983743 32.483203898348165 23.318044146275312 21.878914306836933 6.364521166253226 -5.304568580593006 -12.088868035700408 30.284821765217316 42.09056782708862 32.530564709315584 -10.247039327677854 -21.933956691521793 -18.217743037960698 -34.82395064227841 
99.55987114928216
32.059358205301905 -0.4972581640831777 5.209898180927162 20.587807195053514 -21.46191311591873 11.24943194509914 -6.7594867504387395 47.51973112400181 -48.11365390268016 35.606311056924966 30.085754250148142 -32.5879385171282 -49.38489588616882 20.254422402520106 20.984024443284483 -23.993574605584243 -48.05868882017536 39.140962462248694 
74.94347916605349
-12.892459230330658 47.577249588421225 14.814382541444147 -28.426303162406306 32.74754704833268 -24.572064579470563 35.76502426728324 -32.39253093154663 -12.498344236335548 14.570250114799833 19.567762558448607 -34.19137234418501 -48.410450617839004 44.18824905222402 19.205223863010687 10.075102003326172 -5.708599180102169 41.064833985562515 
32.1571128552678
2.284716168098157 41.727041632071376 4.780833926673878 49.673309391871996 -41.2055333712089 -8.808772924841627 -45.051762135624294 27.105291490434297 37.492339860836765 48.007530403329596 40.605170875733194 -34.747365638366524 19.914012198345958 10.257941246287906 38.325931613509596 -32.61179575012328 27.175009846066388 -28.235278627192262 
42.65025520073631
-23.042163643334522 33.332256701553845 -25.65431177127506 -29.888341451281384 6.907208582156244 15.27715002786951 16.633503662791156 -43.554395216239215 43.17073978846355 44.375651671872035 18.644225016288203 25.48393070248882 -7.935700394492606 -18.190899788138637 48.799763498585904 47.79278568688456 44.155605549190966 -13.067230400928821 
93.25354482411792
-12.712874990335564 -4.356807703969714 -14.042507109808255 -13.861880999336464 -45.14441952191138 2.3568418638537665 -23.127106170513244 -26.25197906218516 49.45525815665391 41.199457552277025 -34.23088642610814 -44.30925417935221 19.186917444404983 19.182326772035353 39.57716571567978 31.683167168655643 17.536600164331105 1.1628031487792256 
30.736351936691765
-16.059645075500285 13.270713498109608 23.975437908350386 20.410409876942197 41.998150910312404 36.397258835070005 26.8546371571923 8.612427402885316 9.33052575981825 7.156706468250732 -44.121066692977664 -48.038251626201735 29.267186224335063 0.18181690293256025 -6.375958644552107 32.784442054130054 31.486444934742224 41.766445229531385 
74.29380348666055
-23.117850755146552 -20.2470652458142 24.60919797587343 -30.694711521699958 -18.467565197996038 36.589232038686745 -48.55144864120222 18.63621544384118 -49.852986496380446 -28.784981201715464 -13.318150185496279 39.199998792160045 5.502548560793215 -36.643062249871065 3.361364891797706 -36.90431852244494 -30.4280517211583 -2.5731995811134425 
11.886386018548956
45.787094434521194 4.7224284879786325 -0.9146242548916632 46.26110500679599 37.09757421818483 8.409824980549708 39.353521231496785 13.963805212923553 26.363653706391176 41.48698314346224 20.20187429671489 -13.726309754792098 7.173105136854893 48.85727390064953 -40.05502760213948 17.327428059498928 -43.180190398069875 0.44262887017605124 
66.78510386382364
32.22830513741184 40.939909515500815 40.29871487533542 24.495758919855433 17.20663616875906 34.75078507795722 -17.80184255724683 -34.495905873502984 -21.869129490110705 -1.1036560223697123 31.11607318296437 -26.473667027269563 -42.40539535357355 -39.89075712486327 41.79031971975479 40.42955876835293 15.355530418885536 24.732629874367703 
97.89229297066058
0.13790582355803593 32.07807286117517 -3.3989866637582224 8.332289933049573 -23.829332459648345 -7.867714580409356 -20.138025297213204 20.83676534579469 8.794360174223883 37.62736379496549 22.02736983766836 47.17310856524517 22.79037422054482 -37.091115629023435 -7.12521824567699 -20.73918453689774 -42.5157237998902 36.42469283682655 
50.77696370837155
-49.10376507884433 -43.04755478035395 -4.8348888091878734 19.619079425212476 -34.06864692240067 10.216231121755605 -44.191042244829944 36.67053982362266 -29.51466508864694 38.75329521179239 26.257600367675295 34.61030944401344 44.130840579814034 -48.199540496376315 -18.58489639141666 -10.638444076369765 22.985437388960577 28.691754423788268 
37.873276666291844
-0.5264355300365082 -3.748346073772005 41.870025921612935 23.58618802001807 -37.50415303900901 36.98756742140074 4.229920900859 40.66957741993512 -20.878555135390584 37.75303294975582 10.094611349549218 -37.86373036841306 -3.166573020366478 22.265005484475026 40.39818289412865 -13.320438958145033 1.3706109343592416 -4.691337064456313 
69.54007012170548
-0.45772279761904144 26.535598886484934 -25.110737665963235 43.897566923023064 -47.939967417677586 -19.29979284808365 22.973087672205722 -49.873156824640766 -22.357067752369776 -18.179543577115375 -45.84606879137908 -44.84747577503894 -42.23918395970999 -48.144761620464635 -44.80496762837598 -20.85960737392073 37.92288193656232 46.18991963971109 
42.63452127439571
-42.23272685242577 20.69329010015153 -16.00195445520486 20.505776317728206 -39.25325140484418 30.460182947564732 1.4314440626004412 25.712398948070884 -40.1611652172666 -47.02368821280568 -28.888990779397073 -35.28930389431028 31.466311735182146 1.615207316328629 18.597484501519673 -48.10902248302771 36.5798995141903 -48.16232176015922 
69.35359056216336
-42.58787992299504 -6.440952178256353 15.539156424122112 -21.834102350501162 -39.76774885546249 48.70460440864208 -2.2507988266176966 -22.923155241850534 -19.308409775013747 -46.72584547271293 -10.419737642491235 27.58435771926277 -13.758172163454965 -23.96960735036068 3.373574780682496 -21.801461944507206 23.77968484212198 15.917377723319376 
98.66583223927917
9.401941695418095 -17.46943285791341 30.749066981642287 -19.09888164992436 -5.358025542234515 32.54151681027638 -35.310920966307265 28.738239348827392 18.19098601808453 15.580961518375886 39.82013758313016 20.354549759021197 18.541666881861786 -12.393986133467763 -24.753828364577924 -15.6770139156405 -30.53763393978014 24.946366388345325 
60.93963370553859
-3.5601042893437267 19.919002831377355 9.96713821395683 42.941055087056085 -19.692995575015047 -11.22270798111137 6.211231976227083 21.537456400130523 46.52166283431036 -49.46903289923791 17.885158515616624 24.69069523831253 -26.994756305785796 -45.741216241404736 4.040435244547467 -4.74355609525022 -12.699584994798649 -10.404885963045949 
33.91607427165053
22.428936042573156 10.593741830293638 -49.2940959291719 26.645849371511872 -44.63377075226356 -37.22914209242275 -47.90611310970074 -34.102631052337685 -39.90480247841228 7.98726945297814 18.513924063806257 17.998279639589526 -30.434948044800958 41.0385694910003 5.3613836492073546 10.71815087604864 31.112678741478987 -23.760318907646095 
55.603506852098185
49.11289050828849 25.6226339663027 2.5734989507212873 -35.34425934890423 -45.298120094792836 18.309176090972684 11.545085966111316 -44.43794877739266 14.73621474396893 2.3172287436461048 -12.52163978414599 -36.579767380985594 -30.570254476236336 13.2336737189054 -26.082007212551872 -9.799676085096841 46.762947610781396 25.120011052857166 
44.35003289054289
18.93620304703289 26.832843025756404 -13.17821412544609 10.630511932738628 -30.272503884639235 -19.289446334356818 21.079885851099718 48.31212121874947 39.070989893949715 -17.61871279533532 -11.63678230640651 4.484782117135886 38.74771354814561 36.57989288662968 12.361866622285646 -19.20323609871655 40.82393443137305 0.19836171344601894 
24.724354720609554
-48.00128093665411 -8.71867306162273 0.42994657681600756 12.892147047226608 -11.346143488425334 -23.626398302112108 -31.07214375554421 -3.2209111486168 1.583213823663563 13.013902544754117 17.994773031965906 17.56298132879087 -34.834233327175255 -12.670637754821655 -17.81731852922492 -4.998959095235023 6.788925179167357 -16.02385822785314 
86.6708352539218
-1.5494858033653358 20.545717899138012 32.89043606067088 -17.5970734311923 -18.829734099326178 -25.299236771218304 49.85783626696562 -42.79718643824215 47.49865877523841 34.49791406763167 -37.38445686283826 -8.048533599992489 8.14760348920963 14.558210827278174 -4.841025160178837 -18.60397324390146 30.122181966268585 8.417590109879612 
79.50624890800691
-19.724778668222154 -45.33023666729326 16.679594141028304 -23.618849775031048 -32.81642009592937 39.18209031358933 9.809040773122256 -35.89281149358511 40.96024308557176 -22.88169583957358 16.768448235520253 -1.5376515065561804 27.3764003982525 -36.21353517392674 26.49982123523546 -44.673763539262644 -22.491299465029545 5.2155940625415695 
75.68006139630405
42.6582877558254 33.424227457966126 12.369848902407 -26.770787597915756 8.677784177613667 21.6659366065943 -16.399075100785346 29.726377624990988 -20.926577500845013 10.515738332959756 -45.495650991088425 18.18905898957732 -22.347759746361305 33.125672441798216 -13.76014874491299 -8.40266867378363 22.044709413427995 35.34589947462614 
20.895512766495838
22.095148469912345 -11.085138421828574 -45.55845736200737 -44.38007243996165 6.976782451320517 11.581302461189082 -27.12132398408562 26.01618358584038 7.367223338108765 7.037072736262893 19.973023571438844 43.685930942870044 -3.068864199587715 29.06326186978302 13.433242214318952 2.8313972519883635 -0.004252160340065814 9.46337049845053 
92.69393340495341
-43.53227965802873 41.148810513395404 -19.59756041561792 -3.5782132889737 -35.93252436098507 11.673599846498227 -32.58304473982221 27.691587389054234 29.353852967234133 -17.891349842855256 4.868637037213965 32.06705451554478 29.478434364957707 -45.2292572880628 -46.55280409665883 -13.815228586236252 -15.035938301380824 -44.74458365738718 
42.78417765454311
-42.57222455174703 -16.437172469816254 7.730067908352034 21.32209005929103 48.88862263500803 -49.426254936982275 25.26049278689854 20.28999666235235 -11.939958771020642 -46.81583800440548 -26.537513624937535 28.968789737943297 2.554564486608399 37.04358157045145 33.44591369679432 34.38641966954191 -48.35717807775799 19.54798869762506 
48.319430322914826
0.16536845843179293 -1.4865741200027003 6.2074029149197685 -13.550152885866275 46.4516841608187 14.895711494409298 -46.01116599618072 44.22085459889861 45.68692741310636 7.049836023300571 -21.32856888458673 41.211668706139605 17.441411885938123 40.117023903010804 -7.979959392023375 31.516895632003468 -10.390827158119052 16.43606862034372 
8.978028258506832
-33.64527986675019 42.972078081832365 32.67039727374295 -14.900316796173726 -4.838714740708959 -28.527410284114897 0.4534157053529526 -19.91293831712373 -14.9550804848828 -28.508334602279984 -34.25201637302732 -5.434308233841065 21.77466627751666 20.01033869201683 3.2292536980379793 -5.8719570470927 29.403311421738422 13.74057900711135 
43.73839288515507
17.19326348681183 -39.82407286415743 19.142984301014337 15.217879699653196 -38.623881125175615 -38.44929322592729 26.70599066023651 -9.47250082965165 -43.172274748298655 22.959663126900878 11.943219328606233 39.15330669175623 14.405073647566397 41.36252019767291 -19.727299173202073 -25.939779246228444 -18.454035785856306 21.697929920521787 
63.273661314861016
-30.197918497842778 -0.6295311693893737 46.01194254770297 39.773666566006526 3.4914137040851543 30.79954141200038 3.3443662500045903 26.800883896120865 36.34428365239761 21.37601540092072 -28.620435655497367 22.643307370603196 -39.74597885627994 -38.007378369891974 -19.5811521300431 -12.91121649844311 -18.78916920892929 45.87634555941355 
20.407590073247828
12.376728426186048 49.37255333988428 -49.05215585871579 -27.449215386691662 -27.5255655570238 -25.794802581683452 33.06926142278506 8.47673599006783 37.99796086655809 -17.64992295258247 -14.286742158385934 1.959172747634156 -40.57048869676616 -14.262307277628985 7.230631986380551 40.88398789601219 -47.7596184367842 27.95680944669064 
68.1634416880189
10.447553946472176 14.110460719144385 -31.99960396213697 -12.054968859831547 42.499280973848386 -33.357603616526234 42.248445174830195 -37.152050399969006 -9.5080166099862 41.80050071918845 17.910911392959278 35.18525310577442 44.67928634472187 26.761545730055687 14.142348301309937 -42.45981640255971 48.00015160532979 39.946602144760405 
70.65303294952737
-14.80616541552002 -40.483608973424836 35.71013343298236 -12.12027044944901 24.93983210056311 39.31974691429251 25.494550431820244 -2.357543273614951 -20.880300132425724 -3.4989954576481708 -40.784482309980916 48.70193540716585 -0.017987817472551626 -49.925751452103164 32.22525047733458 7.745681818812386 11.363058944021823 1.675331759004095 
20.408191203545467
-16.9310283583377 12.206202781434662 8.404206747761002 -1.2046457590817 -24.419807454030884 49.581683052473224 -25.643279381586126 17.540760152845635 49.74839012741671 37.63814416963746 -49.80782616352244 -6.814629919228722 45.724075915264876 3.3116824971753616 41.508705714794786 22.840954365088066 23.10266372190661 -40.36222793845784 
28.849419318575777
44.25837743274761 -13.336818518456226 43.15590595940158 -5.162105622354396 45.701816321954496 -5.096834582974694 3.166375813278542 -12.757491197794977 -23.86756047851585 -6.696039146204278 -2.5068937594740177 20.694808019184322 -31.587858984516103 45.998896648035924 31.926031959309668 34.337922271609685 -33.930116839032564 -38.1198963869893 
28.660962611098217
-22.143206632163448 -12.369644731715553 24.16805339883952 22.824515205312068 -5.857192853275308 -28.41346837205648 36.08109124766905 15.566123328494001 3.2711454039719 19.80490629650525 -10.519381048459962 -42.78125517207862 19.520002171884727 -2.515950020205281 48.23080896728406 -5.3256377772116466 -49.16343667501548 -46.25567198584679 
63.500013058394025
-6.610061946706956 -11.544555293688255 -1.4915000238410272 4.344325824618743 36.333998757323585 -6.698947701352985 8.5400734835982 43.65203481290203 9.703566363034568 25.356111614477044 38.33824087911563 -13.109020718297074 -41.614320811090735 42.35441542863407 -19.954730655135112 -30.910879197509377 32.907264692774945 14.956583232202561 
0.6043053287102085
-25.90812311455316 4.0116838803455295 -33.00655503414562 -15.887511175806793 49.378119311697134 -8.9802127632463 -48.587603747183074 -27.353624607228898 -0.4200555175455065 35.777830823058565 15.237940053151931 29.793699899523702 -7.660343452455464 -44.735829000434 -9.84173020617547 47.70746638110663 1.2506612059815652 22.82115755887537 
19.275693564628128
-19.29451254143604 -7.6327438320586865 -39.50180142672791 -4.890643667700012 16.270457679138943 33.131583097492594 -26.863531304938405 -10.885458200467191 -12.237323030171865 -34.445696268987156 18.59531308536903 -1.2163542721081768 42.23961767914034 39.09879187047211 -12.085117227124123 24.819630767846718 1.483509911311721 42.957010640676856 
14.229087971703535
17.923621122525475 44.670189793496405 12.268393775744343 39.88751262242239 2.4140099638388364 -2.930546971347958 8.321478892124205 -2.485608146162747 -7.80468941809125 30.749221645890557 -11.108813550495633 2.627392847487023 13.520673837108518 -29.537179275298918 -8.396987003121339 12.958359370581682 38.542863815310184 -49.26925906732064 
0.5786432902315952
-17.237209191686617 -36.17580014464333 -11.414730444439094 -45.39421737372859 29.17432090920107 38.776771761681374 20.528381819256822 33.688295247727524 32.055008040481496 -39.569928669100584 1.9603627614601677 30.070983098061916 -41.18822995149576 2.9738367719102072 -17.33136832615562 -30.30331435251967 41.29382263394842 43.1998495513881 
2.9232675328119684
0.5415890494020061 -16.8444567339929 -23.732943376182703 1.3077848671694738 5.387975698424221 42.96366982465885 -9.859714378077278 37.62074047152238 28.331868537442844 20.847303387373813 -18.396485546536347 12.015741402972665 -23.31362592787777 -25.36628793215694 -48.07548057731255 5.004531748173271 -27.070262735438 5.182458862009106 
66.04841772281416
-27.9702174436518 34.960465966265815 -19.9750989391832 -4.376511873207853 1.0213105160262401 -42.83988802612818 9.435663242132009 43.213390973311874 -18.318561811942345 49.62761131522973 49.707176278877625 -37.27434631551279 -8.797745251541187 -31.562632701097726 -15.332019989454537 49.38718262174305 -27.300422833236183 35.886501716678836 
78.37990025693843
-28.47680518476443 19.855420726766354 6.435037976784066 -0.5311123181872119 -44.05312658838728 -15.9071577271529 -18.593977359834646 40.68869082671178 18.94276918851891 -10.935972850697837 13.500872943999333 -3.9137934032349477 5.627731130191272 -28.68544717988749 -29.20145449555809 12.531742346447018 -38.10099748926724 -34.30623910674914 
99.14537949873551
2.397094767902054 -34.77016726793537 19.413209035036843 31.705752231003586 -10.19123143411408 -16.75122928902939 49.6122520659943 -5.068020304871048 -35.82676035584721 12.339581343013165 -44.12828527565835 -48.674846631570865 -18.43427899674265 -27.575521118290947 -38.676170897344576 1.0969074676789177 -12.906646335519198 -1.3557614600063133 
33.838439604554374
37.20538823893138 -20.51164636284196 -24.175613969140997 32.22268143021178 11.226953004899485 2.9561146249033925 7.417606086572533 -18.54673758874077 21.138458515932356 30.69781535728815 -2.9618437956047927 5.6675516306349465 26.32321043763808 -0.4533300957188544 47.75495889313217 37.97170647594572 29.97700827098896 -34.19864635712442 
1.9857319746865665
-17.918908671029797 -5.421077304858748 -21.390159641959805 -46.86460905165216 22.390285791356035 -27.795221197915055 9.151272914796863 9.047659444733682 -33.72300396670995 38.19957437888992 31.383110887687153 -23.11033965496263 5.27622019189743 14.08835500690543 23.2652794590022 -30.734998258370783 0.2180583678423318 -46.406663806960566 
96.14259788451747
2.1516914215903427 -20.495409268637054 44.238353219793254 -35.63868461094049 -33.313046986887805 -10.5917651902409 46.26000656608032 -12.784952972235452 8.871837278415008 -49.393885998906114 -49.591864761493134 -49.03997229847198 -6.055721275339074 -43.8781100424372 -13.293452702967315 9.909041949835526 -34.52996538642273 -7.571365962023933 
7.358208145234091
-27.492013932152982 -16.873276671740037 -22.326688793338256 -1.282625492990995 0.8185167369580881 37.70697723386982 -11.184552764532043 -0.3855688441741236 -10.025223210000853 -2.9575224273267864 -7.070353315799352 16.307502474516696 -42.04828074972813 32.351436460195444 7.0036103160587615 27.948130242118225 5.37710369996902 10.937877073738889 
35.27035410305174
-29.31332742192928 -49.86127505878895 18.221837647167334 -26.554658437051692 -26.593732161661876 2.183012254385609 -10.244597192165159 -24.803675436816995 -6.4374089984802865 20.170642930805414 -7.819752887157648 47.7556348219663 17.719791473261566 -16.45064208138558 -8.991835167215399 -19.20820794301087 48.11141264106236 21.123655004939664 
32.65685411157433
15.489238939832148 43.91826915104251 -39.65432840046695 48.34894064441089 29.242135337350973 23.943580713254136 0.3209600047988559 8.283117792122297 45.450075211115276 -34.02103115000664 -34.08249179647292 15.911935316903651 27.610720902970115 -42.60685167288921 -29.61418134622197 34.21166749929128 -17.763712031693643 -38.66153611479618 
49.54242735364961
-21.494630147061823 26.07791983677663 -36.541286873708316 31.83875863409679 -6.298898225675501 -30.276013268743675 -44.9050777506633 25.531734810791022 -42.266988007411676 31.84537200109233 -9.275899049775191 36.692119308177865 -32.45620398099159 26.192848973361762 29.729204145796984 -20.06891777620409 -30.87719566425603 -43.091303364484816 
85.58689162219511
7.495007073901071 38.91486790399948 16.796691839643046 -40.827134521090116 -38.22690824866511 10.340686890742603 7.901713175452173 -22.877057070174278 -48.718154035801675 -33.77960068953644 -5.917866554679726 -8.948779427431383 10.83508902436516 -14.432248232411304 -48.78468007173971 18.915021552193096 32.87759820539125 41.52305121954963 
52.258476676949385
25.929580508438804 -1.1449031641156324 -3.8811438142648953 11.594180106599872 49.17367837255374 -2.9872031235721934 27.123197905936706 -34.078046738941424 -32.609216152664246 -13.840793445575748 -47.619193072115785 -12.585725805949352 -44.52153573506279 -46.29846383606503 -12.126286875314108 8.937408123225467 41.77215773154491 20.653443140143693 
37.14826550658277
-9.155470017586154 -44.532335228224376 -33.664491543878185 -38.19349887997669 -25.819385298342734 11.390014955830928 -18.86672869265168 -24.564535921731522 46.09558255022816 29.804608782631462 6.947241966088583 36.648947613595354 39.84427963153058 30.079849591821755 -8.13616587461999 -9.158113413051375 3.958821132684456 -31.251247272006168 
18.095643773795288
24.808364974370548 -46.989079241369325 14.880298755551962 -39.61590381138043 -46.44995384963788 -44.16114661643654 -31.34041726778227 45.826986331026504 -45.59740444814131 26.195689564533765 32.68906067 15.4879521001656 -49.96657698122019 -44.51749699881206 39.76155039567965 33.16446690552138 18.914873451853424 -32.43769219423083 
75.7188358673455
47.33549698684847 29.552784271320007 -18.392554858018606 11.49807645458553 -11.420561479471338 -46.94891287031475 40.515227447165785 24.58145709586546 -23.352469033986356 7.518923502901821 -0.36634107643989466 46.80282234228508 -31.102527586663697 27.377548295597677 -26.628894539276647 22.828312774156345 4.936442872726985 30.799997708287506 
55.7207515220604
1.6163033886055587 41.09235131409321 -20.682585277360253 -35.187198337064615 11.775199010220504 22.726590616377962 -14.948447484540814 -38.68564969803665 -9.02400176748246 12.421126001324723 23.083874686862004 -44.17108408896042 -0.5602927367217703 -22.282675779608606 49.14740179890971 -48.595378791590896 48.0080706529551 43.35336945318802 
56.12822647410586
-36.157911522657805 -37.58069721758865 29.841747307340043 26.78944462945465 24.700097194276097 -12.851182585090513 32.74773199360493 4.680970368928207 -0.270876119482125 4.538198664725499 45.174359357878274 10.374558023996961 -1.080106461531372 7.9239933533479245 -10.271048131114256 -24.035951204874483 13.436094192747483 21.09113223836323 
55.64069760258905
-42.80327778740091 39.40747669135301 0.6140997249280318 31.718420928691273 9.652355748689544 38.89153500071809 -7.487773155848821 36.482115659757895 -16.9375673052664 44.26906871919195 40.13381312709163 -26.92856324985299 46.16262809585889 33.92086247219942 -43.703004197676464 -21.571203828517447 3.397613171537259 -5.760142291192416 
29.453626858405578
-6.225719632966353 -45.65213255575307 35.86513141174315 31.005661952350366 -43.46583937183598 -23.07592307958255 -49.51890603085099 -21.108138096834526 2.6542189053712733 -13.824601545812243 -21.392717126212624 -8.82410648926163 22.62376394803273 31.983705250294207 8.511244626168612 32.60517082313612 34.55558793354085 -49.033310798519295 
91.70895427805452
16.973099087452255 -26.688169703766672 -19.411543086006166 41.47428123227667 -21.39436563002597 45.93505208320221 -23.222919563131395 27.361047534182987 -32.59362707993048 -29.46146962389149 -49.72567727316074 -9.051736698976242 3.6326255102118807 -1.6708168970672972 -48.506490134647116 -14.14888752573846 -49.06171989502527 16.581139540870282 
38.83737577579787
-11.502659182945585 -20.792506262307487 44.14747997787816 -38.77160010263535 35.250719493522894 -7.68348448476479 -39.507802925133475 22.03001731212892 16.170260400885297 -9.800720616938804 -45.75604387876295 -31.412196809466597 46.02592116617508 19.45565226149651 37.91779630687648 -30.704449914560207 39.14856001836999 42.22950110944892 
1.7204011345338444
-1.6080650540046832 -13.726071692147201 19.197042442803962 -28.75087931076322 47.61921273970579 -31.252472771350615 -40.755792322496 41.41447417999953 23.42623768698904 48.28915315079014 35.775028674217864 -17.9396422595945 18.573789892827406 38.973075313068904 7.581372186633487 49.52573422684074 -32.19892455381596 2.1616922040742494 
60.81756117562534
-7.2138768788983825 -41.36206326431373 4.837654747171136 7.861783367766861 12.832720256289953 -29.50179318521977 47.11143201246169 -11.29060842539662 19.59150066459496 -42.13468287394569 -4.361694070528742 21.031548642348284 -18.045761903775414 -23.317866965234668 -43.739141418243946 36.14591064058796 -16.612164153309436 -23.017288850347295 
31.400014587549187
19.88432403479287 28.107955794376196 49.35448921382054 35.54972909731255 49.70581376919057 -9.052579446520866 17.9951993193541 35.68747353999187 -17.6085867797387 -32.180566346462484 18.929550257345 42.49468744872583 -49.72934080125675 -36.929844776608775 -11.623454142788482 2.9883608257133076 -31.832143989605132 45.034725855517095 
63.309029282844044
35.497008264299225 -11.880490516564514 11.755361239356013 -36.077082712427845 3.8712907783082358 -35.59738794897985 35.0896656411462 36.03424830679087 49.40153681224861 7.526710029253515 -6.668169607340147 -19.65193748875038 36.12154880202479 12.581005483007033 -40.0110342423187 -14.906158167129114 18.00998190509037 44.69100341272416 
39.49925821727375
8.698052591051699 -44.94227306106484 -47.67249271697476 29.448272217939078 29.965093248286124 -10.748311976246242 -42.17596596626861 -6.765822926490806 -5.336248132820884 41.232400041153866 43.69701880020857 47.15225316361709 -10.532953969422543 3.7149879185128327 13.226430646537167 1.513517153319924 -33.130899993659455 -11.280054518420599 
4.24276077262038
46.681906325678526 -21.996500642603145 32.242290960542036 -23.820463033506133 41.80891650151548 44.21335052606747 -27.8053291960751 22.188897811916803 46.56416761931271 12.774027886513103 -6.707993733983152 -19.519040729871563 -15.695089539621534 -2.6545927621069865 -23.99767532163456 32.03603467759781 38.89695593757547 -0.468857995994199 
45.770438730228136
-24.547965286301753 16.79412833747365 44.34833486047877 -6.5718407111420944 -36.072325158834595 -48.99720743942437 39.46171266171194 -21.963210968871927 -25.75466063099131 -15.797396882774926 -14.287764834756011 29.36463665479627 3.1058231101207454 44.56409969693151 24.770800198679538 38.78435923193143 -47.719623790562416 19.698349583197412 
58.673549259361444
-35.41806863316087 20.78379524497123 41.6933262601181 15.545980720312329 -19.49887888077789 -30.364431249521207 19.33630400567074 15.99895278175876 -35.19566807467294 -37.235594836691476 -7.60900577944178 15.480335506991977 11.212740710550243 16.22466854025373 37.19277703615472 -40.70804099377223 42.79567453467513 7.131638112670167 
72.8448292822974
-10.967805209312367 -24.78879659801747 3.585705929593331 2.942534570114894 -18.099656271841656 6.656949540119207 -22.656075473108896 29.02306997017382 -12.400221725460383 8.472172677668347 -47.88936223431922 -11.168388719100285 1.502530025799274 -47.460826617991955 22.05716094561909 5.015092799291246 -22.711144228576586 39.46416352194923 
97.54377599031615
-22.000965083924385 -12.54894950214723 -15.02532704045754 -1.9944080333578214 20.57247368973806 -14.148449780086878 -18.947277684338903 -34.42287231000694 11.10051316003684 12.951219852898866 -26.970086722885533 17.268664592973266 -12.696374466465485 11.374395277779925 -15.797319798946482 -11.6291733086615 13.187285741013255 -12.84686827283398 
25.48297428695452
45.25201588299777 -22.02488654969984 -39.70618927036218 49.18163220889825 -38.173311843616176 27.793194331400755 -2.7648866487978125 -6.771191453702286 -39.289322301518624 -11.627217576783245 7.317068420794847 14.967759051101439 -32.55689722093695 10.183154293086183 15.556755667252801 32.11541764027372 14.14265573345341 -43.82415569967952 
44.82692461990945
-27.434867303479237 7.579331094670813 -43.283879695231555 -48.040336306228745 -15.585947088300777 45.88098524521422 -23.703000006888008 14.34799524780017 -27.070400463497933 27.957346703392588 -27.7243259564067 -43.7059858085125 -37.87342676642898 -49.787597955969176 -22.858225595101455 37.653055090414966 25.208397904056014 26.22937311120036 
52.72136693629672
1.2490825637957812 40.333098893051684 -3.1492412700826122 47.24016301765667 -9.912682683259419 5.996611948827891 20.439205619755754 -15.686057573115853 0.5658565932677249 -6.216946655447927 46.09327928452305 26.70369688931376 -16.311109934122527 25.313608946026505 -23.794560128186127 -12.932440399830512 42.70982965665216 34.93275946785131 
68.98783192541367
2.961106201565947 -47.31652389018416 20.00255384582647 16.45479757649194 -46.01785813685687 45.082155840219045 -13.367320146315805 8.839278313041255 -24.774360808759866 -41.06851819124269 -29.743840682719203 -37.4664385026389 -36.891023751216736 -41.152762008874845 47.66744018558805 45.38308870344245 -22.852776689159604 -40.09437553768191 
9.971779249361168
-19.474626442339492 -35.597306250197725 -20.54510240095363 34.35177217909748 47.95430423375964 -27.897451451913447 -43.22278753090342 26.63896745531794 31.60341038076642 -31.68724896846412 42.93527130450187 6.3854801293496735 28.979978564155374 -39.42378122810847 -34.810844639555214 -28.5373658701067 -49.75487618995207 -11.93246724440393 
63.04449575632226
10.17056827324685 34.12325680419403 -35.91390053664053 -23.70610027238984 25.424927020985777 -0.8623357106875034 -37.39578501993675 -10.660603604797338 -2.2063558068904 30.407159127210065 -24.89403178882612 0.6343622641904574 -8.011045780919467 -25.39791103370409 12.097500672199693 -8.740778230775007 4.876752604302993 -21.35375437281177 
37.438619426757704
12.446010494526561 12.147479251333891 -38.63550152256803 3.04035662358897 -1.7074064902510528 -4.5002877145403275 -48.48573516059594 46.49251848270373 36.9582167992141 22.519709108916743 -39.497780077424096 24.829876959786603 -48.69221862616067 7.397135080697936 -16.42409638023674 -16.08484997566537 48.27300129063022 2.1993066395632823 
89.39317775274247
4.8114062596768505 45.12445783541 -44.36678313120564 -35.38920778690587 26.03619365585206 -29.600716065750234 29.056750169104163 -22.503458977731572 13.734028850169565 -32.595008287638024 -22.042566019832776 12.557847187603365 -9.426381148188014 -0.9792050037400344 -8.800843862288943 6.792813315376442 38.5705580364897 -36.056517749446044 
80.04428785575278
-12.591875307799448 11.055856882301555 -13.424257393435958 24.290704750967066 -29.28854396627577 24.655174302003118 35.430599857405085 -36.17980954956299 32.37426000837894 -46.586844241342206 -41.77362614830392 -29.56321631356802 -49.62579684072283 14.091788868360851 -4.2275926611798695 47.08063839053153 -46.33533042135134 14.191261832000407 
1.29655575388552
-20.665021320053988 31.98216190437877 32.386298786240246 47.04122261683045 7.600807876033521 -24.809407771732385 14.84051840519966 -4.2445030954255 -2.6039717324849434 14.174835756673318 0.2558404948461188 -48.86326373028184 9.94266096768758 29.534127135814785 31.53355702804808 -21.674258675967238 15.537890133472544 -20.810793200935464 
22.568168532373043
3.2354083641719242 -1.8382771832624343 -28.49461226233928 24.964647249341155 -42.206451390149134 -28.64399420661926 -23.353012264667473 31.36429092250779 37.106360156415775 -37.38334897523306 25.61687920298982 -40.41610385814497 24.099789710782204 26.372931178933896 -6.201839614974922 -15.082520276465594 17.37182163970462 14.084690381348338 
53.80324325134524
26.71934772770689 18.789501445978914 -35.92957195103506 11.048959507019639 49.78177410901783 -1.2097008938784484 -26.613823364789823 -45.28549746373314 11.040183305841047 -40.601814852333376 -20.592848243678517 -33.39760289131162 17.783135444821966 -42.35943681185231 9.721198192860214 30.910888017290475 -35.18591005453827 35.35301862433532 
5.5250578618609385
-20.960551897898704 34.90631734219947 25.28459398079164 -14.07846455805143 -14.712575987811974 -20.588053261850614 -32.032926471986386 48.34766387038884 1.6690453633222333 44.030649639786475 -21.01239319345085 -6.1789903098900325 33.05637595840062 -31.487045067931675 -47.895326204908784 24.773268463222337 7.475013251871566 -31.532202940934496 
20.07329000857342
-12.052630387793961 40.6156707554931 2.463326523273679 22.096035673030727 25.166281638538322 28.488015375778247 38.25466093874901 -5.507643272356823 -49.261172919859796 27.631435695775153 -41.75832841637143 9.47928551435615 45.84975099785295 -1.5892925008857404 -13.845471248927488 35.88257408580533 47.4883888946173 -6.337225949443628 
24.484190704700847
-14.852000424449976 -37.69772739247935 -27.6758263873918 -34.680405643091795 36.1983471453635 -45.78091786308273 5.656903202612675 26.022810601976204 3.4823955298587634 38.76232771517394 22.30379508603778 -34.43201574993175 -26.011972228388313 -33.30677363442209 7.642777117621776 -42.61061658513995 -8.957725516903317 -5.056749113672424 
82.7726525296817
30.228422433463535 -44.60295709568031 23.75885261122967 38.95131531985477 39.73908104128235 47.39986927848055 25.561901388448717 44.42062294951768 0.5056222388293534 47.974989269569946 3.236414198839391 -27.709615248202468 40.64609237639101 -49.30929839512491 -6.615821432334698 20.517260647576336 39.31957871087698 12.364791272126254 
23.548899036360428
8.002611234447421 21.224770440367095 -14.539401520924912 41.49052531604647 34.4466043355698 11.57185061264073 11.952074315340575 9.298483183639583 -14.165778702802726 0.029338009905565343 35.38694304935635 -4.535496994843605 2.292038401282184 22.791972145266854 5.552871895462374 3.9928331054044506 0.5429530960910469 48.18529054275619 
58.45236020981095
-48.79239640950106 9.299321738576396 43.11711547651021 -46.78221779048868 38.12419567712307 32.673230483840754 5.205599794461911 -12.851118574681145 -30.91658868018079 4.045923256375275 -31.441864024453402 -9.769300670899348 -14.195598025988495 30.826690359395002 29.94486809256007 21.29078106103242 20.094210459479598 -40.855226247818706 
46.505111562611944
49.380260756404084 -31.84110514528363 6.756188070049383 26.14454635313878 6.0141621438386395 -45.206779237724064 22.310562089621698 17.425511796366393 36.58212225855027 -13.317085434413002 29.61143283370781 7.022339727981652 12.541438401134272 -9.364470476236654 6.616724853660891 49.70812226359756 -10.069822790277996 -5.237017075555336 
80.66434293655627
-11.641080817400521 -35.71115957673179 38.4708833240057 -6.2287865354588945 -30.394158732290244 -22.74512768456297 -9.433229609126734 -45.15773552188035 24.535090460530498 -24.10493626227779 13.881437359082682 49.23919760984796 13.230478105903643 12.266716831720515 39.50452308978407 20.39718439715614 26.972512657175457 -2.2508290048347845 
54.06761875374588
-26.959186437321936 -47.44731293217165 -5.636874022225044 -40.53487261024358 -26.960947506904454 29.431108172794723 33.59590852376135 -14.014809416313057 35.052084207808576 -27.639858141305286 2.176714281308797 27.02996898633924 45.861333490721435 -10.383701263757203 23.796514434138587 16.436675233983436 -31.362859049470337 0.12709426538637558 
45.943186260652546
-12.132303870688233 -38.61307602062909 41.549163820525706 11.823195667732946 39.82024840910135 21.439872094865606 -34.2515700358039 8.766902184862346 -20.48698511317577 37.06256048975834 38.152671787976246 36.56535936655433 -15.76078302752164 -12.836887780373807 -6.908645887146847 31.862305804016913 -0.2673493276672332 -19.47016955710289 
98.50711063351282
18.025730508547085 41.67522694879547 -32.83648721476665 -49.68216621842792 23.849283595269284 -21.318425130015118 -13.999073609671228 -0.7721887056938641 28.98449855606181 -47.071678427516204 35.69021073493899 10.930906768989104 -0.819380679940565 38.052670272447045 -31.932742484692223 -25.581673097835477 -29.79039654507194 43.02695920772905 
57.595409246346904
2.4979980138195685 -24.220360484918857 45.42288722817281 -5.73094938148737 13.652175103065446 -8.208707444226668 -22.188871840143975 32.345028375047775 45.00436879432172 -13.033792993113245 -3.000896299819523 2.7540523227574525 -27.56373862839795 28.179052089555654 37.391694280387725 -36.842483350519586 5.789798948207114 -12.250848632799304 
36.96673293769975
16.353495267655177 34.6091269526173 39.49908723726429 27.189084858048417 -24.901050678668078 23.02167573385691 10.563288183418884 46.644259925259874 -10.596618830880331 -8.872877778540591 -23.269585062320896 -27.745570948213505 30.962584051801883 -25.3424454522446 -49.47085339125462 -38.353199770530956 48.63929492366418 24.691666231466172 
63.31774421820068
-34.42366490093373 18.760930447644 -5.149635626058192 -14.686474971053109 0.2618229199798563 14.492801887325271 -35.32932687645551 10.799237249906469 -33.92366112617225 9.658518383413394 -35.25063435129846 -40.33100941511386 11.240157261923166 14.11758662981515 1.7673069115107154 11.027295364464607 -33.003765425255935 10.173443130516624 
79.6499685962465
-10.269527064804883 -25.794607181191665 22.47347097540853 -23.110828604909806 -27.43951366913997 -19.619642864095745 7.4758595635056935 19.445578578192126 -32.852935727041015 10.88484854252659 -7.203616050510007 -16.32893681337115 -6.195268947466936 8.355972751312912 31.611505699387237 -25.665458505147644 -31.87286350730545 -9.634850291059827 
12.782477321622377
49.10442217056355 -9.518100489502466 -3.0851253275175097 -16.52159823664394 2.735368447147067 -2.525083421241767 -13.424364785648592 47.814460109120446 -18.273424655792446 20.003900585425697 -7.100658584432274 2.3848638963110815 23.363307481736612 22.69665867861572 -28.797359203142936 -42.44170716713204 1.8229552975552252 -29.669553868352118 
99.89555230214407
-27.983078671907926 -31.57854868606703 -21.745506417594374 -49.76216326054338 -2.741623270818735 -6.904654677762778 -44.11145214097827 -46.26238923544318 -11.356709712101619 49.85943618501503 45.04613356030612 -22.636296383119237 40.05934667196124 40.24933762273649 -11.868067388974502 -36.6747259347668 40.386035944137575 15.65292447378782 
85.18851998465952
-0.22421533418550865
30.979899315500006
3.9125989073877676
16.92539886475346
-14.373061205982076
18.092432871987825
-35.447168296880164
-29.278854419361544
-6.3522339772192
27.99575650178528
-4.7692515954618315
13.837305863483415
10.575324017375074
47.41794972679668
44.436149230114566
-37.43553961391404
-38.939355911432486
-18.254172186952033
