constraints 189
variables 19
42.073753482488456 -41.12147777835252 27.207240897386797 33.11508285661159 -35.26073356721808 6.724705375295116 42.82399854951477 -24.848984246263228 -41.6191311823067 22.269626223351153 42.45881667594698 -41.92608021287475 2.0096097114556954 8.441236419017038 -47.13353022030782 38.91551587007349 -46.62726163448827 32.73159880377057 -11.014458587459885 
39.048159955181205
-40.3142208761745 21.975959674118243 -16.134458608661582 43.72449447708934 24.556369157937766 8.093562249521199 31.739210435160203 -16.52969876545908 -36.31657683010896 -39.8673167285491 31.75520749772579 -24.504781779764983 8.184802616898367 46.26303007002302 41.468533015692145 19.399298524202422 -43.698817883720075 18.284470074179765 36.39297502376374 
98.19161085041165
31.7432612357631 0.7718923494274748 24.75193968045781 33.00043936501319 -19.905833133809747 -2.8483396088542747 -14.978956471783903 27.84283602471055 23.448214393047706 -4.193963765088981 -22.062107324523204 -30.565352018550985 -2.1380846799478164 -29.272379102173783 34.36149592177587 16.26035233892874 18.21251512622247 23.296727172515418 35.69576955109814 
20.985336747349038
-49.29602324903249 4.430306819318339 -15.451329930301426 -19.218413400995114 24.5297377143237 -10.348103754245827 9.880481100272135 -48.749075553073965 -18.90373086894863 -46.442208142474996 -36.89819286558147 41.36834488895943 41.73080307722779 4.705442091829902 39.41392565261536 29.231166406874337 -27.05871084778041 -2.874131436810977 2.1410833169138144 
1.3880768951034073
42.066071759176225 30.462659223069082 -3.1135806481458843 22.135391283978464 -14.454657025654583 -12.834134560683054 17.050222925198597 33.40613018043477 -42.93401520111128 32.21996455835432 22.581226025482977 20.74080970061253 -16.52411436003208 18.56077230076683 19.788727158076753 -43.682875974910075 32.63340170647194 -0.3630144366133763 -18.374707253388543 
46.128970886081824
-10.747865046698394 49.49785221403785 25.0569008863162 -34.85645400084311 42.32074341660953 30.339187019964058 -35.03065475578448 11.628537731603302 10.822035096742553 27.61580099465597 32.516797501054896 -0.1702834700633673 -26.754911306817107 -6.370874099858391 -20.099545522826666 38.79247802355998 20.7787484486075 1.9246392917158204 -6.727817099731027 
14.359243256410725
24.09431620858892 16.884485288426504 0.7901890402252079 1.2378042648647423 -10.730236458711559 25.576413883192387 -6.18933971020175 32.52408435596983 -20.322540600644203 -37.778998585210374 -24.218509205731152 -4.824011093666627 -2.448259745911706 -20.43513137533335 15.611084436907475 1.673340400986767 -48.52764187431563 -14.001609216778157 10.117409995813688 
10.46217324179871
-15.85573860875109 -27.567815228121397 -46.38062051426971 30.769917027088624 -1.3762488602836385 -1.2525586224940568 -28.18521856134891 0.9913124350850566 0.5355633106629867 -3.9390630363512287 1.7958897176325834 24.083171265189264 -31.155050730488544 -31.90363773705408 -9.613961767733144 -21.730642203760276 -21.60659642208971 42.629368310871655 38.93739003182897 
96.84567413338179
23.67616552325093 32.274517567763255 44.3122007716273 26.987613559734115 35.23417481895483 12.808124172600174 -27.02311819600103 -15.797807345002667 37.552702370352904 16.771696532372545 -42.029754281495734 -33.57159868047231 -29.4965988605408 -29.723422877811544 26.964286742133396 -20.220945553689383 -14.863961123595892 -28.268987917366573 -46.282067962952986 
56.53014031644322
29.020731499459885 22.636837235970432 -25.068806545378266 15.201991334675853 -43.63899173716167 -27.34643305069575 29.83921961336722 -27.560024012311512 33.742570136649306 33.803609264706196 -39.15726268768519 16.890575231683385 -36.3478430029594 -48.00698072212869 -39.9465791682199 -3.6179119292275317 14.795439800557276 -2.0520039643202708 -41.160213053975355 
51.45742840379759
30.762409673639752 -45.7818348557043 35.2911826395064 -49.330203484451616 -13.266757522206305 30.073382078531836 -42.02547533328161 -3.9597404747524365 -22.31281332797702 31.921658744980576 -6.559550841766438 20.68958532076053 -49.02849333487765 -46.69847262990759 -20.3574408678602 -5.105091599310931 41.10708171449953 25.55299885237166 7.765516530443719 
91.68517968516261
25.351774694657053 -12.05301045492363 -39.0852910438792 38.57748874037024 -5.187773806420282 -5.646076088822284 29.702315902803562 48.169800314875005 27.789233324052702 -27.54200670796305 -38.028440923528194 27.043770897126493 -40.43853547086819 -8.925705552266294 6.733028038885394 9.79470718024863 -34.04328647116527 -28.698104171179384 -19.156076637692877 
52.99393641624616
16.829486050334125 -1.9533478938488997 21.0431781295012 -47.49782033929721 9.958221569326106 49.87334259000164 -16.337646725345024 -33.20920063112508 -34.1050018248919 -32.80247719209284 19.664328449022108 -11.208970275414664 49.945057978915514 21.50325382490192 -16.38121491698483 9.279656867380893 -11.27689797183131 31.57361982090518 31.805485388468796 
55.92280774850966
-34.372278436144875 -3.3532183127844704 26.843491528746114 -26.162131051245417 12.094988797990716 -19.038935846452798 -5.923650310384119 -14.103212062537985 -40.36333525291394 -10.671668423813848 -31.599570307113854 -16.017706283379006 -18.561942375875407 19.175754963051446 29.305552487927955 -43.978107794924505 31.685078719828567 -39.07821194458546 46.6041204119104 
47.86271890613125
-14.190388686879032 45.60298876710468 49.656966500493326 -6.086343388300207 -4.51322750173906 6.344084557786154 -11.138809512894674 -24.03060137402435 -1.5127596397471876 28.56449218557799 -20.25274193642732 35.74437463274694 -34.61766745533753 12.740219204634954 7.239700365075066 -26.617170263737076 22.619018047681422 -36.90903970412606 20.467762650406414 
11.574528060464617
-35.37335283308739 45.73784477176238 -33.03062562104123 -7.106109227389176 -43.613368747641644 30.678236271369073 -0.7861377601151602 -43.406337091582635 32.29092498625073 43.3495790888534 36.07586740374386 -39.67754522160705 17.13458687064491 3.60527132517754 -22.77508338065547 -27.901204955205195 30.73235948747198 22.601130377295775 49.352185760312324 
58.36263695344795
-11.081403113742596 -38.60804183960951 9.737960519707556 35.03849919853725 -19.415469056497116 28.96338455800243 44.870402927127756 -19.717248026648882 -17.07371279607338 11.975001535932897 -20.341795489876002 -20.049212328918596 -24.778311957222755 -16.33342190849254 -43.76323669271595 -10.191848426690733 25.223334020437278 35.17991542390217 -49.550455155188146 
52.12293314277443
-48.34996745114757 8.974668364206927 -31.20665782302804 -1.484950711724487 11.278173600494156 -8.932700808340712 8.948137325590025 -44.19868864062093 19.779136654699954 36.49802741818911 -27.030654622670703 -2.9365648569386806 -8.281590654351369 -39.26850355935996 -6.197790174581975 46.27944565486584 -22.97340226534145 28.622609036486324 -27.014800260604165 
51.59724902386148
-21.227992365506676 12.129782229634515 30.241216965212203 -10.307673139259009 -39.790912276367884 -31.866318546419603 34.11255580209979 1.639910309563085 -12.153539288402662 8.520189020024937 16.877466140710297 39.34517491188714 11.672890650649691 -3.887725042064197 -23.30668269484817 20.813328535828276 -46.30100605271322 2.086086523349614 35.24332658729263 
52.40474028608099
-38.38292561950101 3.1824448520312743 -49.87916831723943 -23.291476782297394 -14.349018410360529 -19.67432280231083 -22.232811322506752 -4.218720450331347 -46.437586812649364 4.187507232302359 44.98635529498746 -48.76400824015812 -48.700346453794666 -42.21550201367329 14.891232239986678 15.02933220382728 -35.08081439259942 -48.626654180708215 26.593944758990602 
57.78392899319314
3.1802655124598758 30.709060987914143 47.034192701467376 15.095423418138651 -0.39303059014539343 -33.84308175684425 -1.9531290193605102 16.512435032048842 -12.168184270439696 37.19976313967315 12.102215877704346 26.740808670032607 -45.32041876991792 -5.441893046519489 26.10868564206706 -25.888164893122923 1.7194590817280115 -9.558803142195082 44.25092390502054 
7.467391582348604
-12.091756783814404 16.373014101293364 -11.95792376628205 29.35323540086013 -16.533263166444264 -22.41202839993012 4.601843488182233 -49.22503996516262 38.27614881972988 -36.833164123532555 22.628638641401096 -49.2405592192815 -43.149260810049604 41.88417456942091 29.616285428335487 2.5778129822644686 -23.662483212600982 25.164450666133305 -6.427333130938791 
47.72436366515878
-35.98665792419 -9.405393399316573 -32.17016072703812 -41.39102553605626 -13.605722082822972 -47.88316955973533 -1.5078924657719526 -18.590968704928756 -46.65838032807401 -3.6740941970532006 0.6505757767808475 41.64003668998187 7.443509712853228 -21.77859250512313 -18.300193715993185 26.742340765383148 11.470594220777329 -15.684308725630181 -32.075899100996736 
32.34485029574614
-15.151246185307613 26.17452160522498 33.97814384967833 -28.145325701900028 -46.13861037902116 23.267846167587464 43.96857265231495 -47.36489858533791 9.688332085129268 -29.565915065153547 -12.449768643918425 -33.72751090128827 13.407986831894839 -37.68792534240405 34.782828254285334 25.295952682659888 47.73378803168893 -35.229454205590514 39.45072758611889 
4.202041214154439
-8.474348667528773 -18.334159085568004 -7.869285729871834 8.749858604892069 -14.988419378136797 -35.815658504665414 -38.50051865583133 -45.769672812876536 -38.825834164254516 49.576838788626915 -34.79521864638727 30.776676518686713 41.90116387766733 -3.732086803488322 -19.91895551758929 -28.228617191638993 36.269019714416515 3.124093606228726 35.57243254976234 
20.018199229578038
32.722548757226704 -37.90956947922933 33.93324755797805 5.586093542230408 46.9336622619016 -4.544167884614303 6.107677080383489 -40.90475081916995 -27.233488741501922 -28.316660182378516 43.14790529162421 34.70358514668362 -14.95407718451144 -22.95774151087031 39.611597202514076 8.165423725450218 -40.2794470617699 44.2048845939792 47.586843050761686 
47.07237812019902
9.531774156409924 3.5213239975788184 -32.17532366445612 22.749660418373097 -18.556287038783793 27.861679951893933 -2.0837145494715585 -3.7306143273333348 25.85952060676337 -12.284335237957414 16.534078910760215 14.655714132985182 27.04341163369274 19.665515632033106 7.462819902422012 -2.40509765504666 -20.812449269739464 38.398789988842694 17.47903684459439 
79.82669331298725
3.207413360064379 -9.896517832077343 -1.9060096397390112 -0.11829455756600993 25.618778525037683 -46.61133843228008 2.757457676238083 41.94275684951981 -17.2559773333576 42.799541850572936 -1.6733113555279644 -5.653605199462156 -28.985087729547754 -40.45318774730848 2.4368653124795827 -14.395883340625737 37.28368542313876 -35.75430660226616 -23.133551486647765 
96.81109081242194
-8.176361591745959 17.261079980294568 -8.927166131029317 27.923469060898938 31.09507090764025 43.68083340095343 19.780770374227373 -35.37638152800555 -22.628105362216388 31.99012565964702 -46.16200350649009 2.355965005693662 -22.031207310297308 -31.8045447509536 -15.490380198882534 34.60430555803917 -41.92168113947119 40.44783657617812 -32.035217044969734 
3.5948638693858337
-11.878123985213875 23.1402938165525 -11.083820676943922 43.34751153679261 9.038017606311435 -35.99424482368823 20.205008862070443 -32.639024355824574 -42.92390088270975 -47.082944129266565 18.58104060810011 16.20602648459598 43.43276218311864 46.8916465508251 6.009420375527711 -16.085964508616435 -26.536654797324534 -37.7706413582084 -39.457087218113465 
86.286448412335
35.21977480930276 21.76232277748241 -18.86964770279964 19.114125182447026 47.711079859942046 -37.128014037521424 -3.3110099526528316 29.783677548231566 35.55217348208683 -29.771123071256255 -38.64940330660488 41.86126825025795 -11.438932451847485 -3.863380560494342 14.998099792979446 28.98263670575824 -27.615743532448988 -29.087570741070977 -8.958384651808394 
31.74131561446506
-20.625514123304477 -14.087870523991889 21.83977361122645 49.25537640980744 47.71470932214039 -47.391492170743355 26.254228223368173 -34.29372691044789 31.176520775595847 2.557582862417796 -36.467668133016375 41.381632929692884 -28.079110746162783 -4.861795916901691 3.0449015338260494 7.617156991928965 14.39360500085904 42.626077832027605 -9.63685713576308 
55.521026949379404
-0.3627146207427572 45.46422637492732 -13.259262931863859 -0.5224565890457598 -3.7635953221608958 -45.48246277842971 21.27415395637223 -21.835019290726486 -43.36869553059294 41.64995545745697 22.84633777205117 -21.81410040470062 35.68167236919213 -34.861431602078774 -7.584161488174402 28.39650782235833 -27.870500633186758 -37.760343032057094 35.295616206878805 
16.6348488634697
13.00611383871393 -12.35244588113995 -2.227334233630998 24.785981166153178 -43.95266323236186 43.63795268297197 42.751715685152234 12.985483566924302 -4.174615237549936 15.363044991039729 -44.9367528405444 -40.74898557316984 -14.424304687758806 33.06669440684037 -11.341860247242174 -23.055158993234226 -31.40868089016512 31.913624398620783 -44.881756910880355 
89.20858281353557
-9.422868181786512 -30.322661462446487 5.7442411935050615 36.8747007908668 -22.499440164513672 -7.292651396784535 -22.06080216104198 -15.652494146738626 -47.75486434339086 11.396982311885651 -39.31182706917902 16.559783514675857 -32.23232502203851 -42.201103619245075 -16.358605192672663 -10.65059786190443 -45.520599090237546 -49.91384693199087 49.64042890575422 
5.463507017395209
15.215903729067776 -18.76746537878563 11.483873715251306 38.88628140350576 -47.56968082492109 -17.41349815862324 40.31112126439656 -28.700578925033803 -20.861338981423838 -13.060939666158788 45.18973843101726 -13.777146737895407 47.6657785325436 30.236499337889384 -18.67590414312491 -11.253565686754051 28.384911650318685 -13.735196122862192 27.759856109763575 
81.75169785498358
-15.586603710528877 24.43329528578711 24.541007794106704 33.135963888565385 17.621546259807104 17.21084715072095 33.98310981364905 -37.210567865697676 6.331323919362632 0.8188190937287061 31.058511963590362 12.939141835619829 15.72589322615471 10.460570625574114 33.84628519433875 40.961982021491195 38.26073616217499 -30.33169557681883 -43.418341787067604 
89.88219000343096
13.261471241289769 12.2736538925504 5.0467750100810065 48.50709191957969 -17.5868640026549 -44.94069855351894 36.876646847438096 -39.481909226191135 -39.00987513511854 19.324651801280638 -22.188848488270494 29.822195980112156 43.445601612977384 20.399352693166904 19.00603191529096 -1.9173114201474277 16.373661924069992 5.564290985912493 20.222801645856322 
39.58577142729215
21.877094416550804 22.890419352744175 9.049558474033063 28.463339733163238 0.01811645997005229 46.18157532222202 -2.7382883828455107 33.78031249591993 40.29895942595935 -35.491775749272676 32.01366692262961 39.108222480508374 -10.986235724322 -31.255134770908676 -38.24047502223961 -35.054970360454504 -8.167266639047497 32.07458271990127 24.632902001837536 
94.7044657768048
-0.8759814869577127 -13.399973935583667 -39.52697439425421 -32.013580729076 25.28840592989249 44.00089875951758 6.766243900941383 -41.54680099059648 32.77631517659229 -5.3962200189423015 -36.52085335639003 47.87481390660233 6.476228025211192 46.280920801167525 2.091564055848096 42.769622300958034 -5.19185640096709 32.27040343155684 -49.90536931801044 
55.55504680185294
20.125226478586697 25.310884555157415 3.8012878966549124 -11.763702771535336 2.921314630364982 44.40985476833997 9.52347876726153 -36.6006463862294 1.8615168540479985 30.115188665134568 6.002415720675735 -5.36230276394636 44.79761334940021 -5.6644878739068005 39.43531575343118 -23.4693749378193 14.699573184970035 21.55569562706019 46.52399512491128 
2.9041974625522493
-41.1710493135857 9.71958293623176 -49.322222460515995 -8.655827385748303 9.499545388109333 -8.897192574431877 31.83520585970311 -48.206381487737694 40.41513914902335 -33.825625054098786 11.326054418115547 37.55606528310604 33.84377506500381 16.746440381302236 39.77716618377606 -41.86156540042586 0.7824301368268749 38.637499777188296 -11.727267415136488 
15.106237564283308
-21.214372008964787 48.625006193961894 20.811565703054626 44.48678071242672 30.275913449986774 -24.360828668168622 -30.4389714545212 -37.75555030285055 -22.07623952513479 41.950545281332225 43.48928965281246 -37.03460618784783 43.078939574085396 -23.470303845859974 -24.33543333380177 16.127220553893665 -1.745047955353499 -20.19187985591365 -45.157865609865986 
39.19258769698545
5.312642249631985 -23.25469609868952 -7.083192729256908 2.2538836336063 -12.74137463098959 -46.59239780935032 -48.599269372526386 -14.930584826771018 -26.531263935336014 -28.80957081005009 -12.706737137281145 14.069884228905323 -34.333813385709675 -7.634012680938525 -18.45816696612228 -45.7228776232406 -4.871314794735952 30.81458030200909 -18.250374476540397 
19.065427264411127
-19.63169955953995 -37.401667288069795 24.868054736694674 -10.690969737585185 48.92235924285225 -7.538111117399104 5.318916986960495 -47.302388989127245 -43.08677088804404 -25.604514840852765 19.323234407601888 33.86495480947195 25.67934138347404 27.071530502142807 47.17080604862542 -13.535810298141868 16.04936706219739 -31.733317811415816 31.746477957929912 
59.43632107731973
-22.274035920249734 16.307060296410754 -26.16378699488817 31.45703841699222 43.765074310942296 -28.874814856432508 -7.431914376086667 -20.089946397726187 -11.718761824232317 -7.307148678231734 -7.199699666541633 -36.27647341140915 29.278978071253405 40.395044113807344 40.35042807353145 -46.98059055449026 37.904784013189015 23.335731248164393 -29.33297034351996 
32.763823576784134
10.433806457134786 38.6171411925871 46.876926436214205 42.46984159846589 -30.0501341511901 42.30995510827441 39.098346204655485 39.492368747009365 -9.053071155979396 6.132606751484296 18.492251296082713 39.56806129086756 -18.025280776829934 -38.216379098752384 46.73116560608473 -5.008463799510309 18.970713731833683 24.421787242925788 -5.603137977613173 
18.18236828127221
-4.934786229140379 16.964675455191013 40.275265192935194 46.385684123269215 41.41581682297654 -12.323184736577474 -12.400972445158622 21.86243034127419 -21.977947712001466 24.944624052375815 -17.004805693748402 -18.836322235992476 -26.50945928764684 25.185977524121967 39.22743735153655 6.946599639720489 28.365561213517125 -37.48193485573669 43.77937358783085 
96.27804247849147
47.90937070614551 42.10796796936852 -18.092476499443823 40.48490774999837 37.11127408477401 -6.943810262630748 14.99943739133488 43.348821694964215 33.22384679289439 -28.785858031302226 32.90464964163753 -23.194146936221006 -10.730642091267406 -2.487653339504334 42.36302580918728 -13.699665763809719 35.728859147273326 -46.82305847560071 -37.262748808838886 
11.55511860898727
-22.97894206779947 -10.362172549547708 -25.036929238328042 -17.241121714791362 24.39750856365383 -12.017435048235548 9.963083261862273 37.03433480044008 27.525266631707908 20.485968341506435 -31.273224060742756 25.53958760656316 43.29766166815965 25.046035327934888 37.8416764167725 47.66802139563309 -27.69165900247781 2.2827223506251357 1.4673506907828084 
55.55048805502072
0.94332516997342 -15.393204444293637 -46.423836645695516 19.426820948943742 10.19030149952411 6.741795218458371 -17.25832842849924 -17.558063113233537 -48.96605707643883 27.982932929197403 35.83753866602791 12.035154311440756 40.70053308415214 17.902498943185137 -33.28303482877904 -25.670460156255903 4.034775080306517 19.262179674189113 41.27454978177903 
17.791446977412296
-30.063894056079633 44.56842486280979 1.2496598595198805 -47.08131692241074 34.051457885814116 46.007803525916486 -14.287710560710678 5.828989024519835 15.815859505517494 22.425084807624003 -28.620487265749983 -44.641194568795825 -29.548122675658206 -8.442485299450297 20.742634893854202 35.6456377983929 -35.316648268227524 -39.085381446868304 20.442143764089877 
99.1555161069251
-11.31151428599857 -23.50647805040238 -48.590330974721596 -11.269586577415737 -43.78818058133152 14.945719820442264 -42.99689051159622 11.46871676694358 39.77418476843333 11.861840956671863 -34.30681689092291 -7.884846183608154 -1.4357387315543235 -13.483126160976923 -19.1833688711839 9.124829369642327 -17.135112907741345 31.719012352759606 -28.50659390507563 
82.67934859186623
40.76177526387137 -13.668921164615355 -13.987892759405248 -9.328750700569856 10.401904212930624 -2.415669625730473 -38.17991525375596 -13.963738856960703 -45.78673564010788 10.480110934975983 24.711533953887525 26.80118246320697 -19.732726138652655 -7.624286637033137 -46.11097106344619 8.828482885609134 0.3596591540817897 12.276526447547873 39.280953247151245 
10.476943442733921
-5.594861903998236 46.40734022886167 -27.17074832813563 18.261031195290826 -13.614241113887026 -25.688521840403112 -3.580924600383014 -46.92011842832156 -11.637672548658905 -36.97281816000768 -24.296172179500708 7.700126807429527 35.952819311098466 10.816485214909136 -18.713834482248835 37.91503959375734 21.20125152924045 36.47255369534241 36.547610805391756 
22.165762971143465
26.905026794990945 -44.592703463247965 34.87634549796192 17.398672282670915 -19.761773372653114 -20.47819531127002 38.12490665330827 42.54620435576764 -27.09702995944767 14.287944904423682 42.83643633823954 -34.74324722294952 40.060371370579134 3.5202735353136205 41.11024689122954 -47.63746678172777 -49.06275493320936 -10.00686761723425 8.93444522232253 
70.06258432535806
40.27419572413275 18.358646295005812 26.395391721835168 -14.088636306909116 1.6752921843888018 5.747082215311082 -28.619145673425262 -18.55833915982047 -28.56100427217538 44.98182048740618 31.2256625000131 -18.386133700050955 -45.40535843178341 -14.483035647941009 45.20579416648131 45.27187384028257 -16.361805023654533 -41.99357959158432 24.86875505890775 
39.39920639479233
-45.1443688482789 -30.160981453321767 -1.1047318812964306 39.20721886563531 -42.85825555980336 1.0250713783186782 -5.480843995772098 5.950533443998253 -6.1332302810030015 -27.50448427825599 -1.5104689478314697 44.8531056492798 -0.38728207341065257 42.17557976666811 37.141253175625465 36.641650924003585 -29.5041560629395 8.120685262098668 -22.65324780371214 
67.92140352457221
-40.68877851939503 -37.44688614222632 -22.045668315734414 -42.00752533073337 34.87990569628339 45.81369007535601 14.775071885304698 42.693358389180474 -31.251270561020927 -4.956456422000798 -38.737500213258535 -20.528577863316897 -8.212741381921177 -31.163161080542213 31.73621732459202 -17.88152082326112 -41.75398911465107 -43.843969576621355 -15.66726176037141 
78.4728486050141
-34.51542660772744 45.477118581360415 36.82375498040426 9.877556234582173 3.8477167510181403 38.433033804395706 -29.97583864674265 7.297655641109245 -46.93774398134223 41.14917505705759 -19.280864946848897 35.737890932007105 -0.9531975140511619 -43.98419646024722 -1.1283784508204135 -4.034796502297347 18.171193399760696 26.81787325567437 2.328643633656391 
10.528916033819513
-35.22812780974559 -39.05644920699373 46.32678810821761 -0.31536287165422294 2.1239906735605842 -36.18141848582559 -25.19561105479354 22.066274987744094 37.09061540561295 -27.23565144255763 -4.140182242531921 -35.186225379410075 -45.68614173919631 -29.846739473474816 -15.347560493974896 18.35253146481594 -2.9176051102740246 -10.964036331174633 23.624747038091115 
62.13365804722798
8.904222037461686 -1.6594739293368406 2.1312547710829577 19.382607848711814 32.33318712062335 -30.705330783781793 -24.608257271291368 -38.73308967869854 -40.25776527645826 -20.102228157373712 26.143517892239288 3.8820800547145 44.50592863853238 10.070234115100995 -18.550699221834854 45.06800774043734 10.449274564785682 16.533534447182547 11.824501469869475 
32.30647133269373
42.439455816008845 -46.47485458149018 -19.820446880725285 37.813617021627195 1.641581831317339 23.128141405780482 14.030097541660098 -7.570356622467209 -14.77088871938443 -2.7037421047528483 46.00980038445557 46.021080434980945 42.234128895530105 -47.41915714239799 4.9276210750408325 -21.15056142274484 -35.25782000606949 -1.883065353474855 42.44337997598623 
85.72323136518051
-3.2190980195778494 -42.39847034563798 48.89252938480615 -7.2613320030100255 42.021255778317894 -13.202160237519813 45.8730120987004 -4.972394717285866 5.80463297120081 -30.474872489015368 42.91417642815078 -26.83040181602735 -22.971318821323173 37.144507139623045 10.879730972680399 -44.21177974202198 41.06921973106611 -0.7731488758711009 -44.28628763882466 
46.34004256759026
16.185162195659274 -43.61021835938846 -27.279446480478832 23.218015097125857 22.747839786382656 -9.783606235409472 23.777283816931032 4.029191913216593 27.155714933674517 -10.28070081428033 7.7079845440859245 -12.729897903582376 -49.56001982406969 -21.010797272059868 -12.492371847275521 47.611302269833516 -4.663959515234119 -43.5318987876679 -2.815521332170988 
64.61592919947064
24.990460600074655 42.71296606831413 -24.302786598538837 8.955380085589937 21.492461994876862 -39.43349535670395 -34.204966713529046 45.04850035852567 -36.936429408406156 39.327424491874254 -28.473985060425488 -15.461041655621045 -14.9914313376337 42.81338762051092 -10.239037972414366 41.13876155011812 31.425467134401984 -29.864369890438713 18.28711264381566 
94.10413394496516
-37.80835228383229 -32.445027343489514 -4.141956902547747 -35.02669800867501 -47.112035372223325 19.96479796315559 48.043151120676896 0.18394899987146118 14.092078180716399 -38.65273775498854 -3.1978744796554253 -19.198543599705797 -39.1332071581847 -45.025136171368594 41.416868387407646 49.8272587084096 -16.711219858973223 46.180242110796115 33.745330290139634 
57.419974983562106
4.50751362131431 -16.80714676737587 -48.28123088399121 -25.149775639582238 -35.90614766314994 34.841970632057695 21.58598233654064 -30.87664779072785 31.332171238737985 7.8512295752361325 -48.38492296135162 11.942524206199643 35.629526817023645 -18.99930132715936 17.795375308067236 19.047972853162094 -0.6401708444900152 28.608303198200176 -14.460897024412688 
78.95644533614464
-27.769437692928555 1.5831137717885682 -39.53548524013697 33.73816414125851 -4.345899870209344 -29.2711344336642 36.049147437839 -31.29306038023185 -29.374798704123883 14.026864100702753 46.27395441446015 2.7622983200425537 -36.7491872557813 47.30312369579546 37.336049678735336 46.610813553174694 -41.65218079999484 -44.01452225419232 44.08985990768002 
12.207090357380611
-36.58107647304574 -15.41788088639705 -5.916468796112326 13.493138789972939 -27.163616094011 -19.936208252966548 -35.11059648806054 45.87816283435177 25.207809543863434 -34.49228234214805 -11.11554768076266 19.88903010784543 25.66785628430756 41.16202358454687 33.718641385476104 -46.96494225100542 -40.765945639528425 -28.484707436751368 -13.583923172437792 
93.16890664306656
-8.615338848745978 19.006610723711503 34.38598950574982 -43.511211101211124 37.66087640762851 27.687251961416848 -32.42247321693078 -36.184632501047645 -14.634663824367344 43.44595612311562 22.594405877108414 -0.10992790541458675 -32.67670150659012 -18.664482405569217 -48.20750217247699 2.1798087364062866 20.192503852678513 15.089171789235195 28.215434659051184 
8.036341028902761
7.952188868746269 -30.908920206038403 -9.319607569375222 -47.95311918495165 -45.02872223255376 38.86596945824169 -7.59179733115635 -40.97428936178029 12.450323998310452 -47.42123839846509 41.29898551651711 -27.665035097902358 -22.948752475002188 13.085834446947764 10.286539551036178 -7.914039235546113 -8.826446474735626 27.755311866879296 -47.83825521860008 
73.26072911953469
-19.394879957976443 41.57457140369735 -25.162722950089222 49.90672505205501 27.17024663866053 37.98895051410783 20.23293434023654 -41.704057598344455 31.517218946697128 -38.53362039212285 42.79294561606676 -20.697051799851707 -5.667924254816434 45.958501458932105 2.1036381636381236 8.24463758092454 33.03488774390189 4.229568155539795 -31.838111234559218 
89.0377868204019
-44.59065726894149 44.450220720431545 -12.448207545171798 18.768767846624954 31.63597688594608 32.50403515220293 -25.880979872505684 -11.366944981985007 41.843911911450434 11.130463406216087 -31.31059410391479 27.690471291014276 27.565513305026116 20.328647327346573 -41.03973777268426 -43.004661462505936 42.37288566278227 37.3722963694469 -37.0999646921192 
43.39907055114806
-20.50531886145076 -30.66336698419786 -43.17613711889442 -35.314086391657106 -47.64381407198258 -13.785796058156293 -27.23030211471401 10.690940887530395 17.755256162000805 -21.50289221577989 -1.118342692943429 -1.337416843536957 -39.21889468029762 -40.47101465449552 -8.785719150659354 -24.629650879160714 5.602583172389878 9.98089258646744 45.70343979360048 
13.321574712028827
-23.10299036273278 -20.51900955739172 -14.993354675822623 -16.060571194618888 12.96026491399045 18.72869529736792 -13.502440034308904 -43.33240594681794 23.43327713006296 14.34980807204596 14.906499433698414 -20.294636486857563 -7.900353425994041 38.299831154855696 25.930844161160167 45.44019009218168 48.3536272653694 3.798537985830528 -24.403840802499342 
31.632953292847922
-30.29274375576455 40.579577546871235 4.2310128371703115 38.02454665003705 32.0999340186073 -36.335246071190696 -36.374616766502065 -42.72934668577211 -5.206709408224562 11.923294714644449 21.274674402234112 -21.02519180251382 -7.721306418676363 -24.647677597857964 6.568326086187938 26.078233684872416 6.894315820590769 13.315441336306733 -39.63594478204776 
63.97809022607658
12.743203506222855 -10.097850363661173 11.595811834232215 4.484172546675168 14.023257520769192 17.121609856954407 32.39555436157876 -0.912708987035252 49.02467161358689 1.8200235494958292 16.66597056112228 29.00090387209582 -5.180158708345637 38.01170233346642 -13.876702950330532 -46.94918106465297 -12.934730789952788 -27.260338785516335 -47.463539050715795 
68.72606708497288
-35.64539830590269 0.6323738953731208 -44.77924480264611 -23.432629275410754 -42.79363740972888 9.999080181952777 48.80130295494304 -36.44215807184508 -31.96041956017195 11.606862354904678 37.84361273877701 -12.706112518044947 30.384958979209273 30.20842578959433 42.155529667996475 49.45255370064291 -6.9011812927997624 28.440354164315835 29.396959829470532 
94.43481118001338
48.49154947646032 -37.11261601960828 -29.909278197703948 -42.94738633993983 12.051826331129455 42.908970235886855 -45.79003401094827 -38.25924568447845 -34.157551509665 -25.749706866150113 -41.775408547723835 -4.987049344121409 -2.3369246129924193 21.510530018335885 -33.178854637726005 32.744724064316216 3.719766774633783 16.217091138459935 34.46771655929011 
4.3540636092684215
-26.18928343736705 -29.444781676764066 18.577350000723754 17.0640277601116 44.932115320546174 30.72821195444446 28.2305666465611 -4.830196033657295 -8.272412555377514 18.474242514656012 10.24959316731723 -38.40403098975919 20.349213724530898 -35.55843583024932 37.87392052104998 2.0180169956057554 46.06766715492007 32.924664905322516 -23.63113386696011 
5.435464995529937
-35.636515361634366 -26.110278555444076 -25.394163382285452 -30.677830317172084 -29.748893186429747 15.268474875720443 -28.01497709906624 42.342720344372694 41.231771414380574 26.175431270220884 16.028266998707934 3.112100799678771 -24.459074556679983 40.00407587367576 -42.448085046773045 39.589070991860126 -30.74967611800028 25.283584603941662 27.536463017003783 
0.4319933321929148
23.30454326052751 31.728268947174058 2.6418482214364403 37.0091281986265 -5.283856079937479 19.087775901836196 34.774282283446794 -7.256291429309627 44.91324718334674 -2.7931032079142497 -45.80747872146137 -24.91265715421128 -7.372148592731186 -32.87046125775447 -44.651461758805375 -35.34637101411607 48.732709092660784 -44.86775289611169 39.989562401580315 
75.90712241581437
-3.9208504507671336 -25.75155010807959 23.0054997513748 -15.708927548184846 -21.342284993331972 31.145347177559245 3.087777565166796 25.790623010869794 -18.701923758478433 20.141162419957837 -37.52732471159956 6.66648678017031 13.644181746168101 10.701279092110973 -12.12574839888422 33.45733466238053 -39.71489517905683 39.92751973396459 -1.8309952050123854 
86.33746850016648
22.691651288948748 -32.644362261813775 23.47641532977191 12.529593459226142 -41.996739252105876 35.80188788429281 4.9865930502601685 -39.28920526800853 14.729302882475295 9.05025729989486 -24.78178282701983 -37.78685901652411 -23.92663995966018 24.847812562282712 34.34708748441713 -9.691452894283373 47.85869024961946 9.976318763556336 -40.17249763154166 
94.98087277672627
-30.072497525375997 -46.90587899797768 -26.264145590083963 17.326490496634108 -12.593712084945409 20.593003552605282 45.09774947143748 -14.91215359294349 -8.626058980097959 30.890620660100893 22.917049897125125 28.81278925422791 27.238950423983724 -26.62025150814573 -20.292733481747216 36.74576462041108 -26.473549164362087 -30.31850821393405 -4.9672748917057845 
85.79523785183346
13.79548098459469 26.900308178564387 23.898997282811578 45.784967638580525 -39.94867101528499 25.25451160195776 -24.210895213893313 4.685077458324102 37.28734103527677 15.756683688807982 -23.2759652147853 -46.36788642025543 5.685141486078059 -22.455765229220937 -1.0668652477628697 2.285568653356677 -20.478285595671363 -0.9889172816191305 20.55198726805132 
67.43166525530951
-0.023645925137614654 2.0672596766353593 21.222430406654297 -9.266588095917605 32.799989600688434 24.65400808470943 28.5513139162111 45.13928706814012 -8.796041921478079 13.067685079836032 5.091786903145056 33.70115398735838 29.344806103132527 -47.303361056048 5.8427554191664655 -30.584705147166236 12.426228521969897 -16.549081292811948 42.21931966186415 
50.18872487448833
45.70880492745371 4.465568122126982 -39.971019623141245 9.146286970052827 36.61272512518552 -28.41608969672398 -23.80460485067284 -22.7678126168266 -28.381825050172793 30.678100892660638 21.803594254824887 -7.576932541932955 12.812684482171697 10.040002740456877 7.4974839165869085 27.857853799456365 -42.295846107673185 15.876151032038592 -38.657398657681966 
89.80299029857946
-39.68709262080557 36.36645210667933 -11.025974954505536 -44.39009532653765 -18.42441486544605 -38.20305976898774 -28.818540286463733 31.68486167701981 22.73826048392459 -29.04719633666637 45.04046305104974 -38.020399338215626 -3.314333839457575 17.25857022065675 11.280882975647636 8.624503217347169 9.047959693347906 -27.921790390029155 -27.20943051345722 
58.06423230607145
-46.553987098298435 47.138623771841395 36.984456533094075 -21.580866811887123 -26.619305977639087 23.215830099555347 8.226161870716417 16.783947049441636 7.041166099205476 -41.97610701532586 -44.42875475133764 28.78865152349057 10.70178190783465 32.67243994893464 -34.19163726896779 -23.015456008960822 -48.603353189744126 23.109400712235313 -17.893512202047425 
19.481977460385657
-29.794556603020027 -49.35863166791263 -15.46648042209118 35.754385366113155 43.75372666970348 -26.075217012218243 -9.706486380460767 -47.36341848531486 13.425310804396574 33.7468857051945 38.73689954675045 -9.716445259986216 9.303990974190967 -48.53378456392781 -20.969993185280188 45.21928385678049 -30.993657482031843 12.158173446733613 -3.1727003607977764 
65.59336098459379
40.33685349477989 34.311967184214126 0.3717372529264509 -47.623492251918066 -38.908778440207456 39.351015048557144 36.15569002574024 -10.535657387672906 29.353125672140763 -13.700269765045803 19.606897392798857 15.522053393134385 13.274377505277037 29.595282501335333 47.22100377388506 0.8908678113417565 0.5977894145137128 -8.656167595271683 3.1441449584264305 
83.99056671295027
-44.92322330347699 13.246412589679444 -14.583765577428068 -46.60951300814629 29.465066466764128 -32.02951448531606 -45.082503313719656 -15.91519509798561 -17.105423115179427 -35.08105251461585 -46.48208770134295 -0.5038630875114478 -35.77105674350428 -18.850850630157666 47.01120680995608 34.3448054742927 -47.625216957261514 -15.379727485714625 23.122132171964083 
17.75933606064246
-10.44774761881618 -6.00181219847061 15.20771365842846 -19.132865578552185 4.1710429489398635 36.92270520638503 28.23024412304342 -31.407521448991826 -3.7725549446245736 26.942908484113687 15.161834973597138 -48.497716319251396 -49.96732318210072 -21.74797694380256 -10.81269503081539 -9.72160919666679 46.602177288602675 16.904109902057982 -40.09570691234941 
2.758380869889354
-28.81989881566456 27.370568456749467 -49.82353901755907 21.475223245807257 -49.8571685529309 -5.904705021393539 -15.62229190228274 -41.76067902571702 5.919740569477163 -40.86691992599195 38.47234806933564 -38.45516242014434 -11.410882423560906 19.00662482322376 7.708203508266664 -37.55456697484586 28.451574472989705 26.593328775464514 -21.34333848044241 
55.03281326174226
-44.84715440859043 47.153786265211366 -11.0842889302767 48.76484435311859 45.82243333424691 41.53972451598462 19.999007570347686 11.62817338705544 -2.7859820751992856 14.169865257068793 -3.233859109560285 45.48363533900712 -35.021826129559265 -31.461997157965914 -39.79385357442563 -2.0690024080939224 -23.0326282601945 -41.181632222471436 39.468507275781974 
18.642891367266202
6.867857120968225 12.559103028150354 -26.257209614794007 12.355985649066717 -10.527531110870747 26.505503414632443 24.9201637054868 -24.4291470628882 -30.446960510979604 5.270396425660287 -22.072944451692898 -20.49983156985529 2.560488801690731 20.869874003835733 47.20324261845005 -22.081801633862796 -32.724658911994084 20.0683494703663 -4.996316193391067 
75.30282916696049
8.050829186138444 -3.972339105176573 20.03545565128006 -11.975360075016397 -2.5646273735302287 -29.06921336527687 -6.601816489328968 19.32580709630801 -1.2693474044813442 7.051470358360682 2.878355215181827 -2.555047970665335 12.436160552224209 -24.833158503481823 16.355006270742336 -4.517739422628466 10.550480017058163 -38.7390625876165 -9.593799608481376 
61.462531116515805
-1.6557775301328093 -14.857255926757858 31.162874746726118 37.542071451730536 -5.510999921221085 37.90323193243306 -38.961468244092735 -11.581354678963685 -12.678633757761034 19.061572082240048 -42.82960397430776 40.741964009936666 7.540173430223781 -31.198430439186097 5.239603326600125 -42.31452865881915 -44.219618073673004 45.87506286682334 -44.20491785313615 
35.82849425756244
37.275780772442985 -2.4501235050144885 -20.71222598816419 15.111062454885428 -14.78225608740459 4.405653136510281 -9.271094333000548 -13.137973196868955 -0.5634574767058496 -40.16828560514194 -44.78198803268193 19.764362213339666 -12.323590283195287 -38.2431708945279 -8.456487428844675 -0.8901844272500199 -26.995085365219595 -47.55839668636924 -37.359405878062624 
90.808387653983
22.791909534277934 41.08994449159745 -21.101774362844104 -1.643669739226361 -37.78728835472101 -16.413144402633684 43.13918185004266 28.329727108716867 -41.625219031817466 -26.154392413295803 34.55393448172477 -32.04106645455333 -0.06333479132495512 22.04806238323016 -37.04866208795745 6.952441431271815 -48.517480055015795 -43.51220588474721 24.3960478649135 
4.977060664608346
31.935041616105124 -12.22366255405084 -45.36533808364687 16.064526385538628 -48.06583742165507 16.848756544709943 7.6695798938649205 -18.297012246042144 46.37845411947313 -48.49454519298776 -16.578368968844593 45.485043645253924 -44.779394335313796 20.152927543110323 -9.370466963439185 23.922356189180107 38.12799431750142 35.957013913431936 -41.03370287805268 
90.4000610105139
-43.23618590069748 -30.202133359719106 7.809690564784411 -7.767443529232423 22.213789356215145 36.216739743324865 38.18594865003719 -25.6045048645966 -15.521968908115333 -17.02955891724676 39.11292396747663 -22.252924437097466 35.96713379153877 1.8600449396076542 -10.099130118487786 14.415030899826888 11.586105942725354 46.176318996093 -4.073817657045041 
98.5139939266796
-5.740684468109947 48.40499634679516 16.97531691769936 26.471189113144774 -23.355911213920756 -19.23907364340568 34.46325515507081 7.9766832599111765 -12.699763720323965 -9.329207064370081 -43.33714870770875 -4.062290022821003 -37.27282050519821 -26.50001909620261 -20.46156114607073 -48.195117011843315 35.450000278815125 15.619881844310314 4.859127549354568 
11.251348583107223
12.730206229770992 -47.66227009113895 -33.02576772614009 -15.57573313107887 40.49653825957691 37.2618560288913 34.96529119361253 -15.148765776409398 -17.264291837770465 12.351017596235337 37.84621440606213 -18.427393026851668 -2.1475588670780397 1.1972267240127223 7.0650856623933365 10.183884579247781 -39.5972163035517 22.017317329304888 42.7681795397239 
60.210684403915174
-40.87589912698636 31.37922985274804 -11.88118050477015 -21.397965243541194 0.3298062879966892 -35.13517469981642 39.420690074560085 42.116060721974875 -40.49370932822528 36.6717603317867 28.877285644979608 4.985378941134201 -46.655846461198166 -3.4172171281721333 -8.47383255288959 22.487825910443064 49.45530788119311 19.78158521510437 -31.78120918802688 
85.9113764497942
-8.327946100543883 22.67010270596556 2.4736285746214364 -20.10952366364843 -4.9061874276926645 -43.85705026109835 -39.38759909883743 39.20420429637417 -43.05832196649643 26.700475510762274 41.79622476669729 -11.134992006016553 36.80047852105369 35.33268176242407 47.41053142651481 -1.3099584162862357 -17.027361966248613 4.282033286780276 47.704664431511475 
71.53538519323668
20.43757231357023 -17.406028002620957 17.67401205942025 12.986747721578418 -29.695053705526988 -17.21025782013841 13.879696643332217 49.53848860438143 40.66961686921675 3.0468885819046747 29.232735518910275 22.15611605488037 14.420636717626252 31.948600074432434 -6.2732757678335105 -17.394318784225305 -39.17377398335846 16.163810097328692 -14.314955412629182 
61.04677756993474
14.611118683404271 -4.654187219081649 -19.704278772898853 -44.87589419834798 -1.2377283634394516 -26.912142809643736 -9.961040746094241 -36.844079383801386 15.443413564120974 -2.049970833826201 45.069558331875044 -2.9941587193108887 -6.831533718710581 -25.627526628687892 20.69835232049651 -36.16207410175516 -42.221608849594105 9.715796414628798 43.82383899362878 
0.19305316913669213
-10.214461569086772 30.720285069965726 0.4972656251363574 -23.311946381846138 41.29413863237514 -29.648656663796004 22.761420523881583 17.127245392654203 11.975070630147378 34.299335640210685 -45.51460003377776 41.92930362975925 25.46757577946316 5.327807460155697 -16.87529579376941 -47.48924165360005 5.100170960252129 33.21484351169441 -22.83201794174705 
20.630569838710855
20.967446726407417 -11.791937740324165 -12.511161697558457 34.68862866314237 -30.830919872449513 26.714611217166023 -45.09690847799308 33.58423131647504 48.41182063552263 29.373220758331158 15.938952909154807 -22.02108390912748 19.194828743557665 23.706193025329085 14.159581948848825 -31.328726204912126 -33.55679592439186 -3.7749960993364553 5.334547480076125 
22.27967179926954
37.724111898323045 32.16395014314122 -8.661278489352632 -44.45790034300051 -3.925566104529807 -5.057962727951839 29.86417455279195 -38.71938448146209 8.988442702870344 -27.995853334111043 44.86269088024426 31.44113722316149 -6.7415875457908285 -31.131764507132342 6.0935173982786495 -4.392309385438367 49.130783939833876 29.00615190904476 -44.766965123308125 
97.0033590249214
46.63486516212481 -6.388601778198435 30.710013327884354 22.228609952436514 -28.03929167769452 -7.642044800643241 -16.23777577334848 -14.14913766881466 2.4072276429308346 -26.069874315717133 -15.832874408740786 -3.55251955900372 -45.30872616599709 43.40401927110099 -14.318567948191763 -3.1823761484126223 43.30277318073237 -27.512799242278764 -41.56860004620672 
77.81671522288399
-6.889295861148291 -11.826289617556554 -1.6723520539185373 12.6305394188171 -26.430880200045426 25.547538824021885 -7.964562055697691 -3.7057434172667456 -39.35799832649561 -48.73168285826181 -49.88671433850639 -46.12508951026592 -13.03975224175705 25.698856146290154 20.639893804256417 -0.02567922681543422 10.743637800127338 -26.315120977626215 -39.01864414253042 
92.07245325069174
19.665134763027623 -23.326848725272043 -23.692364675069612 20.719737750191527 -12.895573973704252 -17.845123955928507 30.04938898969388 -29.299999637661877 15.132144907178272 -49.65284007563269 -6.306820670938983 19.024030707174916 31.085710003339685 22.57595962105387 31.145183518588567 7.977000186580305 -47.25769826875832 0.9998800648210135 6.350547198796505 
44.43135533813719
0.8639864660848886 -24.885190417399762 -38.06247050419023 30.249924671393245 17.28454937019255 16.90529860743132 41.36264748123327 -27.157567456575805 41.72710749131846 -6.440734671088968 17.365038588180454 9.801745125398284 11.186155288988772 14.338458898306456 45.49531532710567 7.0345788620278284 -28.022846819341407 36.497852635642204 -16.93382081154865 
55.91456843144043
36.451357819804144 4.072969855244821 1.0791388907240176 1.723986970567701 -26.10687265920276 -17.0951734971163 -30.486333701240977 33.01358175521881 -1.738611091570185 -14.551888396743507 14.822188290623174 -0.501634251748186 4.206602284523676 49.70884485642068 32.55632048239214 4.7204124543026325 7.188998379517152 48.08363472139125 -12.243211565112055 
38.94804977964525
-36.456587573624475 -46.076568504987605 -48.92847752706484 -22.35595844216778 -18.019380186091773 -13.679613651100922 -0.47656731583358436 21.3237466541334 -10.7154600673393 -13.082690436085386 -42.568609597612316 43.737393168456535 -20.140739610698944 -43.53509726825804 -34.8049967567472 47.049002876644266 -38.70067586280662 -6.597224875748218 41.48579357134146 
95.04771356989113
6.3012972458051735 31.916072400218226 47.8443751376839 8.415530671484547 35.00410892522294 -27.27981162682579 -26.234648670502956 9.688885488447497 -18.759742487771824 36.252013284008896 35.058570411288486 49.789533863324635 41.199436700099454 44.99675133934839 18.607518323615153 32.86378309627929 -36.349274933428006 -40.64472682918641 12.602566968282126 
81.65712817852908
17.138960504625075 49.757672705515816 32.908892015197694 -48.23518903047786 -38.53448550348592 -13.345514360985547 -6.564119732927324 -40.16298275233204 -41.71685210609402 -30.432153885641245 -28.793137648555025 -11.819277096682491 -21.220793095421232 -3.4393979535933283 -14.714927791741005 -33.81149301358148 5.1909324854352406 -3.7178179025143194 42.79374321707438 
7.6378824233494065
-22.70881272128411 6.175847351653353 4.975277856840151 2.1430337917956024 5.002430741646634 -17.517315033953984 -8.433514566020584 -31.09592792824527 -46.05867498835049 -29.646517647457948 -27.276109814985837 31.38727507481714 11.9658508534054 45.68045578098 -5.684874907582497 -37.317042572318236 -38.3086141192921 -35.81347019654427 44.59954339447383 
83.02601682148513
16.461701593921376 17.86067772368473 -1.8469352544686757 -36.672628200055556 25.40533867818121 4.0035924446770395 -33.650516404427634 -48.44712274943096 16.977461539162917 -42.051226819259334 42.7923256046728 42.39951786629199 29.78164852920844 -13.050145904228813 -43.201508010817335 -45.04298716870223 -25.51419763184588 -30.224192510068626 38.36691222575995 
67.90620823831605
-18.70928959851482 -45.76857015637235 -45.97754843620333 -12.706063723172079 13.679490131388874 -6.878701886179918 -5.492619114521865 38.037292635521055 -28.92947845068361 8.101164673044401 -17.500293192530258 27.048575011768577 -39.48386952862424 -39.588462284271344 21.36975090238154 23.23538098159291 -9.266251368520116 37.664001121893335 24.44332160325962 
37.618691533991566
30.52581984372864 36.6515519064216 48.3219119415256 -34.57501299040807 -21.96072889091071 33.58007714856964 3.517385552822681 21.246782993136705 7.3348813888039075 -14.831157395350147 30.990591306821898 8.229215845208252 -5.61861278969721 -3.256370654778074 14.140458250598158 12.728597052260135 -24.141210029391434 26.747001272012355 42.372069277475276 
7.002141761489289
-38.95027243977873 -28.984139550708143 -45.42068111042185 -25.77361939002284 -0.38259382660654495 -15.272638408258608 -31.290267430273232 -7.495030973202887 6.213087349738288 -44.91010230413378 47.03610401557154 -22.48499931527802 -43.3743561107766 33.656781067276256 -44.158407859557094 -12.945878705652824 -0.4197637022113625 -26.434071307261785 -47.06800440444635 
34.98903988237257
-26.68728263602933 -5.9403094371492955 -23.279091687102326 46.96938449258296 -23.309140088712766 12.314709160964597 16.590550412647858 -34.240997976427266 20.923066257991422 40.912542240152135 15.813020384022778 30.15021960747346 -20.21024388274363 48.20747483357681 -4.476170771959211 8.16476387961226 -36.14790062647477 18.398777776942566 -8.928459170191601 
62.608371061046356
-32.7625927561797 28.290479422381154 -39.475579552331865 -34.96561897395086 -25.630122788239184 -21.477578755332992 -40.80299692750883 2.784902723462821 -31.589940379796044 -21.51778893792631 -26.233489971550426 -6.98361102165893 -46.81414610495923 -13.841536020518632 -25.118879308962693 27.479789498121093 -13.957589344152943 46.871448791902 -21.880908383148068 
22.31369495268324
20.307826184296545 -41.88187280272617 -0.2602477460356596 38.22216447959829 -27.033920372803998 11.694264383221977 -44.12551867945367 18.147234943932204 -34.35183085100707 28.807137649614873 -18.36227704951351 11.909384641646248 35.19692254420758 9.068116917078228 40.09522440041569 20.277471347245438 -26.169464723061974 -39.94483161862209 -49.89138715475332 
94.5430098396445
38.324368070185045 -39.43884936443688 -13.217455872424864 -28.088124732064344 -37.349890752775316 37.694516557030184 -1.4273631444120625 -38.110172462654276 19.15588776610261 5.674812923702412 41.06944169934569 -25.673460473314545 -0.3594532751144044 22.466199473600085 49.05575384377548 -4.103932038793168 29.56968450078179 -30.682069487229512 -44.35841520714347 
78.53001360549902
-13.799263660814134 47.83155339330807 20.113120237367497 0.6828921732509485 -35.471200530131576 19.35037640800286 44.589106316203214 -49.70250463433481 23.73450202826423 -17.732515723629625 43.660002473345955 6.951331293366181 -48.79030143182626 -5.725567896004101 -19.107575141194634 -30.096480788116743 1.2563543646662225 -1.3765263265858607 1.4132972068182639 
88.62475116634772
1.1984737382776132 6.151979825935783 -29.25475658138039 2.8812598876058715 -31.083545016861414 18.11849407341994 -23.35322716515713 40.55700803860228 -47.292162985927646 48.82564947651419 -37.08219561976121 3.136555067905732 -13.102124841920336 21.55592579075909 41.963149238693305 -8.86560438314661 -45.23205621057666 -33.47794422826922 -23.636421071782898 
84.74480393288167
-35.860701504088134 45.33462596195163 28.786152391913475 -1.4004859439622592 -29.655752382459145 -37.08477434147585 -45.72752442482563 23.758848613200698 26.33630615924207 4.834264832512069 49.27566148253668 4.925191796111619 0.33548193082607725 -44.27162987611738 -22.226294989173844 -23.64403485658836 -22.3256821529047 12.753050847244474 -33.63091256800456 
96.06657961908671
-44.595123635587875 6.952095272970148 -2.508564129617241 -25.34791353915422 45.746381337326156 -15.024030589891069 32.652077362294946 42.41954412072401 27.597763422865782 -16.24279097890698 -33.843635527639314 -13.488597287808211 24.108875619854885 -48.44832156629548 43.76171295124111 18.313486673727596 38.6986854084451 30.180222002332897 -19.52371381440813 
0.6794263878317608
-48.07170714031606 15.356156487226528 -22.974716928806828 -25.633299079236117 -32.71887468711813 -45.3403136263153 -34.53112582308112 23.567683192244473 -4.827787352883902 26.021254858581727 11.037794925841702 -38.467574578471265 -18.597009782464248 -36.49851770660408 -40.54030715034139 -0.9818607326371307 18.79756746396258 -38.29374544507402 46.8813137662363 
80.66366947445904
28.900971648946978 -4.64881095317665 -17.0513400800388 37.37547873853397 -35.61061788643819 36.29058179248182 -23.310702364261605 -43.57501412635351 -37.763083349959125 36.75166177437461 -0.4519924620532976 -34.80462129218675 -27.296950464447733 -25.4342222155057 -29.741005871676652 -40.62072765315936 -0.15069802348526196 23.86393512863131 2.194924363249541 
81.91689640929951
15.563308616884825 23.00486371219553 -24.58491278340883 -24.92223425065592 -49.037006392566184 -39.57041549902417 -17.158021079256713 34.82707467304937 26.573033358675715 -11.312766804519072 -47.17231576929021 43.981315975093324 -44.189646567813156 7.052666889876846 -31.171564634439687 48.64593480151542 45.08495952230818 23.957170679858578 -9.012247186446032 
71.04110142455386
18.21686561707294 21.879363855516843 34.13562084276532 21.05993841813134 12.889488661764823 -0.6058428863611951 -27.95681936529162 28.766882676477906 32.50438102151523 -42.246538701096426 18.729439924578074 20.53206429518829 -11.928339352130521 32.67304419559008 -15.80145689831798 2.6109345964697823 31.665120129676467 45.925775844162004 14.193176684053128 
97.71661971858653
-34.509551252476065 -34.10773025710077 1.3817123629253487 2.495767685510053 8.759551493923546 21.395670757787087 -1.1462955249724942 46.80692420096847 18.33351530227617 8.94820067506835 -24.119552769764475 -10.686206942513152 -11.508736940883743 -30.03723701208454 30.604231311257195 -21.85603799598318 0.2004889370478793 -8.466245443097009 14.652077198573735 
40.227012791621284
-49.08802459833623 2.0669828838477997 30.626686758450475 38.41416139799185 -27.83202787612651 -8.660605608137587 35.009391133615495 1.5949027148221546 34.20979413575667 -16.504940878384524 16.21692815100866 39.76439935446547 44.289345246885105 31.034670705726313 20.385902664644647 3.358587986308322 -31.466153204572432 -21.968387997492776 -34.08418681240421 
34.1623739541071
45.982503722763724 -38.39162493553143 21.883552934222067 -16.290571379355846 17.808424541648108 -17.867064154011935 25.149335343799194 -5.669530717488961 -35.241330426244915 -25.354515718301364 -23.693969062121724 -2.1298153880741424 31.489730044689708 -43.29838584415122 -14.419095826268716 -12.418794822969978 17.745396871135185 11.11898553659335 36.380810103222174 
59.81682191590962
33.21841224065895 -13.959907760555957 -3.6210874504036923 3.882459927540282 45.45688189884338 -40.7252778303975 33.8730239722444 -9.230856891077423 -1.6790546459907532 19.061323391709124 -9.39729058108297 24.480526256605856 42.26471012115512 -40.812617585652404 21.294317634168593 -26.721681863549563 -2.886973820582938 -27.165365069503068 34.91011640315513 
92.40917154563203
-36.97782162873943 -43.43424332310594 -37.09020297242893 -15.260507735279326 5.958099913946789 3.5449115684740775 35.789577760155694 -28.787211290491744 -29.70469875217905 -26.614618104474186 -29.25380437721332 9.157539942652114 13.034129673305841 -25.056773238101837 -39.47987102719257 3.2118109215038544 11.653634920962766 -12.073285761578092 6.30438581872793 
0.9941349819675871
-29.238253939854154 -20.63291714854978 -43.93776004126363 -46.36153905530186 41.474032550188255 41.7969300459127 -6.320641709574701 -0.07576219966303199 -28.15310435649788 -8.591681635187264 -25.91728705198184 -48.02899396346581 26.71046824095204 16.51350298023756 14.790813757751351 20.330133627502207 -49.10886559691798 -40.69311572563964 35.31673051180391 
16.794613769693235
1.0830578984860253 47.2276863467461 -17.57254609620852 14.361144025935772 38.52264103906862 -35.85146210610086 -8.52981762016136 -24.483050811500963 -42.86061813187448 -33.834022231050724 11.808122618846575 32.387137430344964 20.001135689227795 1.9446480121824408 -32.134582061226695 15.266627270500521 -9.358737692365217 -6.632237018354395 36.362934217420346 
79.6739647828641
-24.750212850376386 -31.327815465944433 -4.966489419059897 -23.697336652383793 36.730083044449685 17.297210709122595 38.43748392482219 -6.891063717507521 2.2672501823045508 -46.647953261119824 -37.543811008869234 24.263016830037145 -37.67618098056139 32.90755504295572 -9.376733895132652 -13.195513067696751 -49.12704748588952 -30.756148144135942 -47.339443441223885 
12.580392493955749
4.198877226202555 29.735911047152996 28.41747375640159 -9.591876193818308 18.738763424208273 -21.76471185294233 38.86971451498975 -28.606615009437554 -32.7901366516067 47.60671455662579 -0.08476752049956104 28.946812404372906 -13.339838710668559 -11.495807804396144 -45.58758480271974 -15.718878848377358 22.10043188342506 42.521949033069276 -36.762547875175315 
68.03390023500337
-4.9799777014228255 30.53143149320246 -32.90511884203736 -10.85049562447248 -32.64169510220584 30.316243738710753 27.397390305175833 -26.733280655362467 -11.60182323599944 41.54277661129208 16.737899382737822 -35.402791036391335 44.56762986836921 0.655014287647802 -42.690931485576435 -42.35700649781814 -19.720172328289244 13.45781648276244 -0.9176714293547619 
38.08952198508738
21.71175355922756 18.953717169247454 -11.35935677151231 -34.175846238763356 14.815972684302949 -15.575892215777564 4.26613842761212 -22.731827655189907 -16.12042580723803 -41.203598030684596 23.21589732046249 -30.926285817760068 27.588962237291696 -20.985364957563178 43.076109239049515 -49.27471438966595 -4.171420587986233 32.43162766810012 0.6669280875339112 
19.698824105490885
32.33630588311509 27.166738927344156 19.1773084385448 19.569555843740645 25.8576987653434 11.923917055085866 -32.95880203316432 38.823115228784516 -14.414154630727737 16.940615432300987 30.52348063373921 46.11279609154066 45.44308938626597 -41.46115083274755 -13.933952665305561 36.318959135686626 6.155444602124845 -38.82447224225443 8.15147898231087 
81.00496250333897
44.09000818647853 2.9399079114010718 -36.22619955131881 36.727298976722835 -48.5297036435267 -16.878161185667338 25.562825950378283 15.145795106171406 23.853837825900357 43.77523818623014 -17.809392114655033 9.993140402130066 -22.349007842851755 -48.872988622861 36.89560063664423 7.701194792097297 -37.016542224285686 -42.76758202099411 -37.20788891549597 
80.84484086152825
35.32544550697338 17.453675611352367 27.089687795472614 -23.44753908049081 -36.85995363531814 35.13935379408598 5.429096939886534 15.645321857237889 -21.88214562458316 41.307908765869726 -17.751400101678527 -37.49348420873457 19.64443732443641 -5.8105243115756835 -26.573757796900676 10.5433335808464 -14.232249346021575 1.1558483619009152 13.400930463524574 
53.595238174933
-20.79382441638552 23.86929829312207 20.557073172407172 -20.24709677472839 28.832330688268172 26.4067456750425 -8.135390984348447 -19.207958185998596 -25.412609388877506 -34.33349602041446 -19.401720078621675 -32.210941596036065 26.925146630320143 3.5406203259954907 -20.58295801852905 21.473799488670778 -49.345405939561836 41.13668383975528 -34.83350659745664 
84.48799645757302
-22.555683786747803 36.758604151939736 -38.52568341073127 21.956264221294546 21.271560993437248 -28.593164730503375 40.540663936065215 -13.360214135685908 -43.25667154335876 -31.765883452712607 16.48253643232745 -24.568888718120263 21.48638578942534 -44.3062608413709 -20.826843875910328 -44.938236171163226 20.697645373034206 -11.956998085862104 -20.275549882900645 
66.63268627855766
44.465859351878834 1.4153877473164016 6.592693485368031 -9.059297890271026 -43.37986230411288 -11.149253175759576 -15.255502463767122 19.562650788711764 -22.369715204393703 23.47351984212726 -10.597728423888576 -19.728077703206182 -36.521446045705616 45.434890396451166 -9.40462814294888 9.600587718875452 -22.55814337984897 -44.71455735287228 35.07516469602983 
50.223449734567374
-37.63190406747054 24.120781999336444 28.10925231302197 -23.67126822794553 47.29972874778467 39.14325129255303 -0.7478394082654347 -33.74666410579059 -35.80773666808578 -47.791220333659 23.39681259434083 -1.6010747914521204 7.994900157202743 -11.521454404792166 21.24312963000567 43.80830023005366 46.50505482914119 2.4710396078824957 -18.222851250704842 
66.76995012281893
-24.82196470436654 39.61080803226473 33.436075519090195 23.43176395347912 16.46769058374018 -27.204003086685912 40.34172021666056 17.643336677431847 -16.7066438038906 35.55754171755187 15.316777775823027 -16.890536731765806 -38.127039474851145 -33.9413054673615 22.355476958062013 11.425776909922192 20.43171528697458 9.484298834387126 -12.19785306029599 
36.680713754816665
17.190297161911587 0.29505243527678715 -48.30176125659816 19.046293472506676 -36.444011944449194 -39.62726517810566 -31.40955629008353 -7.856505178409876 -3.415232604508965 4.258221369788451 10.54951073415883 1.9562519423068636 28.551899768442212 38.48479418194323 34.231450968924335 -31.318568874353737 -29.13696634755668 -21.56485335054149 48.51980961329886 
47.14036531693465
-25.442567884075583 -16.798828600713 -40.380253856657454 46.24085552731269 -9.700547259591097 26.6014543501517 -23.568332729734042 43.46681584095876 27.023894925632916 -19.18783747220575 30.6142083142596 46.48600887463208 -19.704566477814378 -12.00720645901179 2.953400445897344 10.70460478013915 8.961831909796935 34.839038269362035 -49.51315431211189 
18.960578318047826
-38.17483555613429 25.170774501389147 -2.711196340023413 -32.46373502529658 -5.175140252663589 -33.53595260711594 -14.095888633665176 31.283621255983093 -26.37916426340674 47.661577685459406 -13.874140958325157 49.894068395235706 26.484571467107514 -12.352794093222819 23.143817616281794 -12.791933074206241 -1.9494946741148027 -23.554570733389124 18.04762560100079 
65.94783000483955
-44.2503764498181 14.50796071587213 30.25075920589981 -28.63011777114052 17.64170421080769 -20.624984211780806 -46.39161259459406 -0.927536752054877 2.882150383431906 13.549880940997824 45.83418059470172 44.556024513893476 -45.796076358571234 32.600970423281964 -35.721768604695185 -4.876616745984265 45.56460238550726 -1.6935023304384345 40.21023405450141 
88.3193386877513
-32.49689704636128 -11.91742138026408 48.4591439884112 45.34790488088552 -22.22983142618903 18.9863894360999 19.5925106070641 22.76848934032232 15.441241763307715 -47.73819193274767 -2.2242244000336058 1.2607562728990587 2.9898627572243512 12.695688590341234 -30.966196477399233 46.36107258679739 2.694274005323585 5.978793625833134 -28.1560206349039 
32.81181408039154
-48.73054874047579 6.816081264838537 -45.17778318792749 21.528019920580036 -30.23869706743678 20.70690673894282 -35.27973649538318 -33.82578843693905 34.50929912306833 -6.883536566273648 32.03473300891632 -45.0425604748073 -0.6216438329755576 -48.8144816351851 -28.764722223368132 -37.519067570707044 -20.519708908991873 15.176362282505522 27.95140557228018 
96.36598573176175
42.249747252184605 9.528603575119618 -13.585545171213823 -26.16199189362233 3.008942315565889 36.69924738244866 -2.9667656719755158 4.585928147464799 -10.949783045083997 -49.11270240031047 -3.8110604404929873 37.94246333117546 18.78481560255834 -16.706140484018647 -31.83308613350626 -45.20400599481147 40.65091319887601 25.74453433015435 42.599916127228965 
47.63311061983531
-9.756610803032018 -24.69831611819385 29.879539390347418 35.72415004437441 -46.477580614452826 -21.080119213527947 -28.300514167502055 -43.29765925870238 -31.022520746242655 -5.751306709049686 24.226420443377094 10.650432491029363 -37.7321405625354 0.36270973507862436 -2.648819074963484 8.297017948823168 -16.869644216679077 -49.500524583482594 45.05509669935327 
91.03794301810436
6.239303475908919 -42.1881693318344 39.13328320688461 47.23661591840933 -34.77632068743025 44.69188833477486 -38.65128109218395 -3.379848708284804 12.190512153357126 -33.60030921457239 17.548036208988165 2.576714324206243 33.87336203331476 40.53035320495162 11.351888430795107 0.7726108085371663 9.919202574776143 -24.7207092252947 14.73989522543377 
1.745979333807024
-31.153491753907936 -8.484090301073742 38.18209537057325 34.99724427606721 -17.148056881548968 -23.648084143005743 33.92594198066318 2.5847561491633115 43.91253563592184 -10.808824934323901 -37.370119240024565 -48.652717855714464 -19.475221120895792 -34.82615150107031 15.741568725788241 -45.38660088882568 6.941610581460601 25.478313815216666 13.850839718497795 
16.620997874423026
44.91276880474537 9.120129730604546 -5.2954243243245855 -24.141534741473247 21.703538522115622 -13.311855249201422 -36.34740522895093 37.152394333882384 27.56148335088649 2.8835481378177263 4.000817130301492 -43.43510984668897 10.820186705226597 21.778533312284296 35.079874859069974 38.02690816203895 -0.5263287092904108 16.386951033758564 -38.20551866753766 
76.12227111893317
-35.67536825311044 -47.55984650883707 -18.999198326344946 -4.449690407230925 -19.29585624023652 -34.812994529782195 -2.7338285571670298 44.53340277987985 3.2800981526573096 17.58778590657664 -46.602475944150925 46.79888320488355 41.616056606629485 -41.5524449976624 -0.41812061001637346 4.753150560778884 12.91184670407872 -30.16474954107987 9.064340091703102 
75.07904547963015
-47.248319893674996 4.560663359145778 -2.0039852390565613 7.225839071809183 -15.294875694147393 -33.46789337722609 22.41638580744376 -4.8754863062928635 -14.729185988914608 -20.506502360590705 6.291569314045439 -7.050780568781391 31.92229918182983 22.94024289253298 1.112071070533979 -13.14086491170594 -11.090065239881056 -12.060830247799458 -10.239427425877743 
96.39320213775872
-32.007677928096285 20.12849961836224 25.192346817385157 1.5535198998059627 -0.5847664319668553 -27.650352256481913 37.92796752055986 4.601429229549517 -37.77438726889355 -14.836592742236931 -44.56005527457827 -10.79638822020663 -47.59735661060173 49.928877335039104 -48.777998521424124 33.80384775526714 12.307520578590157 -13.825773251307815 -18.33828259131616 
70.95928331033964
5.598012734088243 -17.335756057203334 -25.205714188853932 -40.131605197987255 -1.9765240658543348 9.870341992020151 6.597194177636922 5.431125160106923 -3.589491315354543 10.474468563201498 37.69263218793212 -36.08010424394742 5.668942691976696 14.089211265838614 -13.843512852103757 22.70352478302084 -13.207580243703177 2.5520983415816545 -19.410192147236273 
29.45435682130291
37.59732984757575 -27.04707020542234 -28.309338006522523 -25.11783032286742 -27.661570225003484 6.978706817343486 -19.728689039494384 -47.72327409539794 46.35894665038734 -42.78842621240252 24.997710364455315 -22.995895366738793 -42.42244050884509 3.690899840876206 4.085312130152438 49.59025595398525 -42.11583449637273 17.351437029802483 1.7672390096992956 
87.13845042380647
24.410822517513367 -9.124690043413167 -47.44212106879818 29.565633520913437 -26.83611293030137 -37.95371510959974 24.167011879510767 -0.4940590715166522 45.64777964283698 -40.12935231996031 -26.623392156535385 7.717932871924162 -37.11954543376247 49.52973608729576 -11.72555241715667 49.44536305056877 20.59509100900756 38.65496042609038 -45.0542203376955 
31.419591948268167
-5.557880093131864 34.46694699213283 -22.943772899618132 4.0550631259340335 34.65018836336972 8.996229355807785 32.71619939731109 -1.1225317361742597 -44.125787603009755 37.90364399342229 -25.400877676198586 37.33760939386002 -30.146789167661993 27.344418391228885 -33.50721626272383 -16.097852056933462 -33.979886616263045 32.87070925014939 2.2951548739392393 
63.67577646708289
18.35030631155047 4.5430989602172644 -28.076916793490312 -47.20237962141473 -14.494826585677231 -36.777607079552276 22.684245687091348 28.46792870408011 -24.278554356133498 24.438786327154048 14.369835612977496 -15.300574600190266 -32.08330607162926 38.286292377681434 -18.342555294400753 -20.249030833897063 16.125844974972168 6.466093935396714 -1.6293432980309035 
81.6894219402584
15.653095882336402 -29.09677113200666 -15.276112994164961 19.638960119229225 -23.781825994728756 42.28686769426656 10.888042846873645 -19.98471415999772 29.895408507487602 -48.564855014674556 28.044601207595605 -40.59446815494729 -0.21139992071660174 -38.43863136146073 1.5527566730435893 -1.25712540516286 -30.845804615848383 -24.680868188714268 29.93627402970435 
77.03822818859227
20.07986594779547 6.929687499883052 8.103768211150175 37.16957935480795 -44.154969082878736 -33.254266317216384 33.54812440297988 1.0928974113984395 -18.26552277898068 23.281467813857446 -39.77216932835134 -42.673222603324334 -4.654302705946613 -33.96035087943713 -23.585009739688324 -30.32374780847531 29.32515338957674 -8.607894544301885 20.001862691699586 
62.89954188081318
-3.0118363972545765 -26.679059136174576 47.58976278855077 -11.61526956485919 14.42164599871299 -38.99649504620907 42.141222851686294 10.891685609275484 11.43852240452987 -33.975115280054126 -21.941702661012407 36.02778446674604 -1.8529407738919517 -36.5724313303007 -37.74298223470516 17.36431422198244 23.917992378330027 32.85860519219888 35.13990225351223 
41.963708656075504
-48.82319151381617 8.750480567196547 46.32558541965068 -6.424014335673036 -32.28190993801486 -8.227422324390808 16.57657876165497 -16.123839384193914 -21.86668121633656 -2.2840102835681364 -40.426759319759896 -26.147414947020607 47.46314859578777 -15.47482724900511 -34.985930752823435 -20.180544519225585 18.32960365468739 3.3657247083007675 37.9794343228657 
71.51509894499414
-13.426755973467728 -34.581672417280195 48.57791460655456 23.360801068800555 -0.1851489948411782 2.5147508306714528 -29.39854353421104 24.193342257634768 38.380707822075095 26.7824849324969 -21.7524316877198 35.647583981210246 48.6751261372421 -37.859553369920405 25.92379031576793 14.853818118733201 25.35331819220241 28.788936203764976 -42.26822837139738 
83.22781111321424
-19.457660119629384 10.762821558517544 -19.564759604379447 29.86979146214766 -4.122695092619686 26.167676991483532 -13.45176017219103 35.45187400170833 26.26458243193335 49.89443999083976 32.63699108591142 40.461751432728505 13.053305659724657 9.408886964952359 -37.989165202587174 -39.716285596379706 -31.309043332107056 -14.36198107682791 10.684666749270342 
68.83634416041446
14.95837364003711 3.0262178093648586 -49.172658313376836 32.3495607675418 -7.475941532837425 -14.49011524558577 6.8675887580178525 25.351909989675292 10.827176610418476 -11.540071216930379 26.01094377113739 -47.94768228293849 -25.806818069360126 -9.432626402441578 -2.8717164427296424 28.038778994555443 2.605519183802521 44.198069262468564 -10.1914354063628 
49.57977001289907
-36.298576884242685 37.91829570286242 28.825408026935932 -9.197595523704173 46.32929804254097 20.693797750416422 28.349167833740182 -27.365302731641005 35.39977581366662 -26.30936140837472 -15.056781454594706 -8.362497570108353 -7.217984898139676 -7.343040020930623 -31.284840622129874 -18.284944330201945 9.641354991955339 -38.45942788686692 -42.04930884123793 
7.181283382086201
-28.116003651717847 -43.701933007946096 34.14000364948262 -48.22769117947801 -27.73113100283835 16.776917357536234 -8.486585957089524 24.93393639151958 10.266410811447116 -35.897203418038124 18.035194944818514 4.076081096140271 43.88848284550792 21.18019851658015 -26.738591908781295 -30.525526779783917 -3.5167663258559543 14.715115009616966 22.54969359944795 
67.11321637485302
-24.116833871029165 -1.4055983730104558 -13.18403522242081 -45.999958941876955 33.3142829967133 40.50719677035731 32.364952084557956 -9.650592664939836 -24.88132840960099 -43.63044890721021 -43.721346597806075 -6.483124860179856 41.61241967138713 -39.585788233368945 19.42867587597516 -40.31853597233629 -15.704718146778603 22.733261448978055 41.38560251620535 
91.01095418657012
5.148100432439087 -9.387855013837552 -0.6695818821552422 38.40842342329816 -30.101587010013198 35.16934471544744 -33.469803543390185 32.92655310962974 -29.095667440487716 30.616751572598233 -14.977847821100987 -17.45045296482374 -5.298780879199661 -40.11835802055261 -8.14269852667082 -44.71924632718195 44.275222335172444 -32.61821964960474 8.586932299107374 
54.33739267156571
-23.227648454051643 47.42118116216771 -40.36785177622563 16.742075512763876 43.62118750073914 -35.02540821234123 6.758784189467363 -17.285962034035244 -38.05806758778311 -45.445217330928436 -25.912994766656073 40.00135303488091 3.6340086351060776 32.40729377293768 -9.103061982097614 44.65862460265666 -38.32106260461151 -12.546747122474443 -2.0512544897245633 
57.76295874367345
41.96480087647467 -12.798481045487776 47.117521057109826 16.174309081349705 33.33305857429339 46.27727747559793 -26.149528539326493 24.68452162222104 28.56806675560854 -42.73503372687814 37.285867875866984 -33.23722670763652 4.694201000706499 -23.760849119717562 3.830266764519287 -18.406743234335966 22.214915285823366 -11.342155407227729 -3.4274666878581357 
46.21439937251965
10.969418753862861
16.70486012214191
-23.993210088680684
42.76478443732702
9.869026516630456
6.237207541701274
-21.992381918810842
-11.395786974032049
-35.88204811339864
-9.463322804386877
-24.527313418826825
35.76412266952515
-48.832903328085884
32.247441225623746
-45.532969423521706
13.630018509716535
28.88335098059504
8.697388322909504
-31.087814991088546
