constraints 189
variables 19
38.15887117554176 -41.79499053875561 -30.472568971380433 -36.8006306172687 0.22781401929083955 -34.19772478726111 26.318527529816265 25.09377877456444 13.304302159483562 -2.4301203189864253 48.11204613981728 -22.139216271725036 -42.29344285827037 -18.70317996039905 -26.358137466776398 41.76176150928093 9.39474291785222 20.98328625696091 39.57627309461601 
69.58645903554238
49.428167838741174 44.02275399034198 14.559247035059059 -39.65847052681909 -12.348225444740926 -30.53771357852294 6.668286300902807 -21.783220715850394 1.5305205629373688 45.35435303598686 -0.25148806679360547 26.649125343464632 10.288477451734579 -26.767013549329455 -23.86668470301041 -7.36383707587337 14.372825601338178 23.391663695800275 25.937777320759352 
57.408425971814246
30.751141265751627 45.90979516369747 26.411733292231474 -33.84865975342602 45.66369270598646 -0.7307361295265906 -1.234721530337481 11.674944827573178 -11.809275205619386 -49.07802158303159 14.430144778735368 -35.23850853580204 0.3580067353584937 -47.68608661017139 27.896272084653447 -22.621935454498598 42.49217220964361 -45.359322030456774 -40.93636827451932 
94.02334936652275
26.150717541554442 11.00418631204375 34.47513186114452 31.184799158821235 11.189713424290161 5.6594631011222205 23.84725267359454 -24.78561580184828 38.39568545380054 -38.314740659686635 -24.00920509272334 -45.11180210827409 -5.403723287254138 4.681594005163447 -33.48504948118707 -33.50277098588525 23.27769278888529 1.9919163564517959 18.63364794721545 
66.52356236269752
0.47513761516621145 -45.53290858443321 47.943952123999 -0.21155546577755757 -6.934235025763705 -9.067036446077026 12.222000709818836 49.41553170333579 4.5819389558691554 4.292750511261424 18.08284609513092 29.034748222851164 -7.7240979714951905 -27.40988259502374 47.776261496779114 -12.640759028342998 8.405176946814507 28.378209203356263 21.441395786597994 
60.59984610415714
-21.428624838764478 -24.61544825126557 2.818946688148884 -10.861376989215998 -19.566682735331874 2.7312185349451354 -10.279735816537162 -38.535019136727385 27.228679550734284 13.864162509622723 4.4786414145280204 10.584968979960983 -7.723361692706966 -30.134781407296597 14.158748704721603 -34.05367047192429 32.997297316652634 44.96473260769493 -34.52396057146895 
57.378943623626476
-14.028065029174762 5.842359464729327 15.17865563656217 -23.367633482738547 8.181387823434541 -44.30190792190981 -26.92980643908488 -23.200907725618258 33.79821815113702 29.09508181963784 -48.09754529203809 -19.755666455055987 0.7715109023698332 -15.779596937945549 36.0430891477685 -28.379968069702354 -23.06848723653465 15.479386955604951 39.1238129702443 
74.12291354106627
-18.54546038352285 1.2337026847211519 19.800681499894907 44.363408850939095 -45.73309785000489 9.012928030706249 -35.69134480154139 24.04426572406598 -26.67013556932932 3.673811875401242 24.668504585386913 5.104778504704996 -42.264073115418846 42.75103667702798 22.204856681724465 -0.9314832500995607 23.16002231463331 -2.3622382279710266 -12.540011728766522 
51.039511918546545
-24.55252682158797 9.253808514256022 9.638717855579735 4.123871779401526 37.983874247534544 -27.496171370822232 11.395603960942104 -48.989144794602424 8.98028050248282 45.09738486202069 48.07631844783474 -43.9705901593176 35.920460926725326 -6.802661442952363 -45.54902179080559 -6.796721642123629 -23.84483883762918 18.88255044141249 26.52789388544889 
23.65975936606466
-15.008349536206488 -37.44466028363899 31.21205466243883 29.204240828650555 35.615115830419825 37.19376722861165 -17.626637818686866 -22.045276504346788 28.791711595402106 30.743272749187724 8.315507236374195 -27.362535462517123 -5.458600227134546 7.961764996104094 -37.31289990997131 22.47701600929912 22.831941838513572 -46.323220461054234 -1.4475635495459827 
85.57089770470425
-14.166263557005323 25.682843722156008 33.64013027917825 -49.778802404354636 30.388461020622486 27.401753512450213 -16.286448914692976 10.902432583983249 26.0827279624652 -32.05204300498671 30.5578205403542 -2.6230169942497525 -48.318692189761734 -49.61422469745291 21.253924452674596 33.926553788616076 -9.337334132599416 17.734772570691206 -33.78878270163686 
39.74999464388059
-14.787037655772728 -9.325959290504969 14.855446232432172 31.285003381006135 -32.72719867285835 -49.084233455166206 39.92015393094806 2.543129417678877 45.09441842115325 -40.137075965426476 -46.034884954350645 -9.495379206894384 -25.74477170662024 -46.56447877952383 15.046255412389556 -20.79835952267125 -16.813088779110345 20.844293409835117 -47.61272441807909 
58.32544151231404
-44.98246957030594 -42.389659498340315 -42.54604628370452 30.025062667961933 -10.112523081234883 -18.72630934989987 41.00794917521338 1.0222342072899622 -15.11175381350371 12.003292545030497 -47.48235780353727 -43.75089059803694 -27.613592313793646 49.71553471942063 -5.27063909859843 -15.077452437816227 -48.26664273935638 24.327830007216335 43.25311839884948 
20.300666050125173
34.22476727026873 -43.581569209268366 -1.3072095149442404 -39.675579583284424 -3.3381280589414573 41.83308495412493 -42.848616826161305 7.929006813254226 4.9800835431412125 -34.326258244257716 -16.13210297268818 -42.98311018945863 26.148640779332624 -41.3760015442862 14.29300142118585 -47.083648022462995 -6.091672665338891 31.710543651862082 -12.913397625924247 
74.60638421916408
31.902545377052903 -35.63063073361221 34.321060299334846 20.070899220792995 -33.62966806311327 -24.919942956836415 15.599697292497567 -24.147837343135347 -20.19183281855257 -26.14902509094854 -15.14906306298218 -32.79455040178498 -33.129256032688346 -18.51725637753975 21.234266450837296 16.213918971406486 -45.730929624434225 1.8068920312822172 38.8949256349259 
81.80475665931283
37.537666685291356 49.9911176031915 14.230073272858306 17.81465165628559 -30.719193500350627 -27.47788652770321 33.87990157763774 13.084715599374164 5.871081232859446 42.621463403367585 -28.166979221562315 21.02195650324066 -17.438184131899213 -21.38038352367495 49.83612543283142 45.14652611256376 40.58821061979461 12.207527816717977 21.72383171670377 
21.85084763620201
-25.929731401344547 28.50499364716707 49.335298057682834 31.928957025845875 -0.6060769000137185 10.529369977657375 5.360027595545361 28.39122923166451 -24.7649461542222 46.91776904205075 46.75603897987595 39.6618247741669 17.504304741231465 3.650436570154703 -48.69059718707531 -5.536831084794571 -39.77100939773436 18.042534096365756 -0.5451460852975742 
17.52381156090963
10.751549244516859 46.41602696066779 13.653047416807098 -36.29694434894489 35.61240086080136 -14.366980928131326 38.42075679003736 42.20776581143623 -7.901755103971567 -6.93374033634521 -44.46390690754464 -17.716189749223666 -10.32483158167625 49.602235464992944 -19.00833705032521 7.096601077976295 25.389232784975206 45.91665937128319 -17.055726098137214 
13.472254414760766
-12.194590041143961 23.531793891987817 -6.789336872544972 1.752900985948834 -34.83086818331187 -30.94049498688818 -41.215542252378434 12.226734161966199 25.212886913070136 42.55355151397147 -5.599662669022756 -47.57462605287762 -43.60634079446062 19.03905137184431 -47.65275022824467 43.03819520374425 -26.664732406112623 36.05669873402853 21.533171288671298 
69.27528981661804
-7.137123005128068 -30.546253905522214 4.229799074896249 -0.7822467819396977 -18.744613267152577 4.673384840199027 -4.023709521623161 -28.973992798568872 -41.79551490715422 31.43858219209352 11.796947964296734 6.833951364548632 18.45761713195178 -34.003921991833806 -39.811450195712354 -17.261293538859505 -1.76470639343502 -3.0193003280253734 -34.7411918226015 
71.50277556385288
-29.74853744224729 -41.52030399244548 -23.05184703778398 -22.582509992396183 -1.4710072717822626 -42.978637760805626 -10.557046791661186 -48.76640023487276 22.19053055081943 17.98169930035546 8.688911830667024 -42.85305368214394 -33.98165971039325 -28.70255866218816 -28.660710422567035 -36.46585113851637 -5.1850258392151645 -33.60674783420832 19.523286400064407 
44.46529530858415
38.45990684548552 -8.12448366751709 -21.504228415902958 9.9776283804607 15.045567985627144 -23.185448102003882 -32.46970751918137 -20.323717733089342 -29.410515754025056 -32.668256782808925 -1.6569366385568927 26.435136176448026 35.55749038905431 4.727498020983731 -20.11354280934442 44.80288806696939 -29.203695736001656 -20.46942095477775 -46.473719264485666 
42.17647917510911
38.46199441098092 -0.38122003939143667 28.417881894748348 9.886035532993077 -12.855823036700365 -10.044466906460428 -26.678052745227287 -43.95747395704404 -15.375948089047306 36.506542451997205 48.151609735406126 22.331366383918052 -33.432329213933386 -2.4549777300722724 26.218275286123188 -37.1077848931714 -5.05589347914983 31.823737669531454 -33.555640339963475 
35.007267875168516
36.07147757333696 34.98648911007554 43.73689536721572 38.52735212172237 -25.067928644266914 33.111282379678215 35.26678161582626 -6.202787603245795 -20.238932639126507 -44.578099148840245 -9.425826231426328 16.298306035845727 18.901680982124844 -3.0258254477193347 -15.778629929279688 30.309601809331056 10.532775418628134 -13.482260499674922 -38.85975928976798 
63.593751507454385
-44.88666268211114 -5.246354737700045 36.87212570909338 -19.551820967699374 -39.74856989822837 -46.14736955811271 7.573823737891814 -8.582449323874783 18.19355970805441 10.368532355117566 -42.03588040197086 -25.453822941085846 37.24366025611785 0.5757083257840279 29.31107501344208 -44.74406290088092 -39.84082934489533 19.77894798209718 24.11107574963323 
19.76730293018587
24.934995961326507 -44.7111180627971 -20.713562894034677 -19.5618959587495 36.37435352511733 -33.47461151844416 35.529091357566614 20.476706726013788 20.45890060965479 25.106076673344077 -33.15625129593505 -29.80669436032465 27.76868167077339 -27.20358987915149 11.394626279444509 7.285030870138343 37.06584437835154 15.842615582188984 -37.56434206756934 
29.6076558334587
-14.355732041388535 -49.522002431967294 36.404889238926245 20.46868906227914 19.160557838522593 6.287861547657471 34.189499244938276 -36.31633720118138 10.400157238343652 1.637747863758996 -48.88126481719433 18.469484290183274 43.795577993734895 28.51421824609048 -28.582248503909547 32.70571581740457 0.5020593326036575 22.896981115634702 3.6562094625665154 
57.17671299975143
7.4492217658980096 31.17564300582069 -24.848803344750593 23.114573494376927 33.025590533484774 -46.85606578668043 5.334862961466733 10.694841779175093 21.916113377793494 27.74878484098734 20.772915391919682 17.094026295221042 -37.89888701139964 29.04112867003289 -42.179059690996425 29.299922261702676 -31.861629897589573 -43.330117835093375 22.831226330545377 
19.07283968753265
46.588315376107886 37.78006367332448 44.37362267329438 5.2878432689553065 -18.19439215381351 5.320520788166547 -42.890280640817366 22.345102427934364 43.30865032846144 -18.46366486345622 2.760374374102085 42.41756578284182 -30.448147590138962 -25.18459466679093 20.032483084989423 24.012110867276093 27.163769769159686 -6.921659970501757 22.421575552098872 
99.65243306247154
-20.42249030159875 -12.45474266344435 30.482668625254732 -28.5510943813598 24.468054995802575 -33.01735333683257 33.46255346703198 4.902715650217537 -24.47549766960846 -35.57203290659321 4.1125024928963185 48.498599656943085 -29.17660466028915 -4.0908001072809554 -19.948880590479266 -40.52749331987137 -12.567279297059422 23.82110879048149 -44.77710997990913 
84.5976149397121
29.864324901408665 26.389448619215614 -4.201253104050764 28.914072843604686 38.60587137558035 -20.951023470792386 6.29071090309499 -4.965057969086629 34.20164660530739 -26.419445131496634 23.703533148912086 40.992808463029746 -27.785094153059532 36.49724109937418 10.221953527327308 -14.451434105558356 34.892658288297156 -40.561230407502066 48.23303408413618 
86.46591814484543
26.467090980988345 21.228339656815166 15.408797851408593 29.46217457432182 -29.2338653474993 -36.234843921958046 32.12513343278735 43.37792852410131 32.16891086214086 -17.929223603668 28.668795744404562 -49.43472767845034 -6.06985075048506 2.576712580936679 -24.514961544740853 -29.423813390538946 31.510860590980386 -46.864599075117454 -43.85577646276072 
19.93983102095658
12.790898522033913 -26.743906303225796 39.756553189597795 -8.850556994472726 41.90231211412561 -26.28818365078803 27.239799640949514 -0.0634007571480808 38.91062473616563 30.933005182971954 4.14575372815689 11.492660385128126 13.684546127603085 -6.501951396995786 31.67683677734145 -6.495818833856049 49.03279014458124 -14.449590096182561 47.07515164558508 
96.70116858522853
-44.44991679138788 15.116588049536333 24.741974736062332 32.074050146234384 -1.3974045114808717 34.068688903324414 -29.753466598324827 47.99728807265777 26.49643131182839 -49.13007629095654 -19.191368996068057 -39.79543180380536 48.11099592384036 -32.739154641181734 7.890543215726375 -47.10745014116136 18.14239992147482 -4.311277875030115 0.2092697320047776 
50.18718286004107
-11.409670914158255 15.55192000696779 -11.218830331200046 -46.211364155115774 -23.764931061959473 43.22574514128213 -0.46337584896622985 4.817898823649472 -22.41032663970598 23.355702069891066 43.593254939526176 5.720168421305395 35.175564826050504 -2.951349590619266 40.45201238888339 31.537154763932733 21.958066721631 -33.63810243247005 -24.818871929743892 
68.94245914759209
-35.60823735085281 -46.115213966878244 -22.921153217165624 46.14124226989932 -31.236277167791627 -48.773157230789025 34.3565191671771 7.067374393175896 -49.61395806802889 -39.12887012399234 27.05947589526967 -10.73162278035138 -9.322657273938425 -37.87907309423828 -31.256128422595243 -13.549605762576043 -36.713808121698676 -26.237547098438117 -3.6465190676323047 
13.862553741398376
-22.85232409258322 43.58580816980994 37.29116051789657 47.53204560697189 -18.2723532159346 -31.94910642120854 12.85556204900223 26.818311259167956 -32.302562616977 34.154593831157 8.014355315767354 43.83677924252328 -25.10487145177188 -20.049998882931398 48.91110867232669 -6.9904664246584005 -11.332287148124152 -9.811944171133888 -18.446347638696725 
19.332469238248695
-34.44816683825702 -20.80357363330335 37.80762136473879 -15.094608135715937 -20.261031742844626 -35.61993168682406 8.119600287035432 19.853605490970608 22.88431034820779 0.6223650881492873 14.320078613645208 -14.023401041993388 21.556804119587497 28.385331793357622 -9.5927518005401 -40.70864145267523 -41.008881152830256 -13.548138354267223 34.38838701145799 
31.09504432974629
0.7905760724577391 -45.97745124205791 -9.943575679337776 36.253587931142306 27.84342215994066 16.274130727781937 -45.994977630654546 -7.870013157788549 -26.047020450822767 -7.493836147790425 -19.763711467579814 21.897978654650103 -49.45436965433239 26.647004404082196 -27.608966244218045 41.94387690153039 16.308771452636236 16.159796971523264 11.932283316378275 
14.641358369281765
15.724208729094201 47.283615183970156 -30.461533405586948 4.990991789178601 -32.799285908742334 12.064478630108667 -13.486409924977217 -17.55159555338718 28.87278667490574 5.775484225624204 -6.802619462428872 27.72195059751546 8.12087919325721 42.09483608042828 -47.84076008603333 38.40278524957387 9.4817029363129 -22.19492306877625 -24.61441245964291 
76.99729924672786
34.855450183145095 8.796341777927317 -33.27901487478453 -29.736085662925237 -40.21991726519376 -15.19897288401507 -16.50081026086633 -0.2867940682201322 10.031116573549973 -8.443250430499738 -5.398935194296094 -30.287574807871252 -46.08140425527713 -34.01093856162868 36.10209545846844 1.8424835541979618 7.391233674129204 42.52483690597646 30.22298351676136 
81.98748784713904
21.421019196822215 -23.208144173132418 38.47261008670699 -19.90600784672224 -15.870195037198819 -43.27039099564499 -34.32655389544907 21.619092132771897 23.73271429631876 -9.469146644559466 17.98522575497637 -35.60640755699957 42.6114878882117 -44.146957718106115 45.09354300022409 24.958445001111073 47.69415432567193 5.38322091383732 -35.59425395212374 
4.389744447437749
-32.19431135569097 -49.89046434622938 -26.60265821417728 -14.790444759488551 -35.23236576573524 -16.45293125278137 5.1778659553677 -41.81310820644637 -48.23709876260188 -32.31483435712917 -28.104013949806983 40.66520593196893 29.845268047774624 -25.431966529703566 -29.220663411405624 -33.490233367625535 41.46140034497388 -33.810119634190706 -1.5945538549277174 
61.85035443681176
18.46641805547138 -0.2196312529580382 30.225816242694563 -29.498295661570218 -28.647561928702427 -34.42422769783441 -25.5839704288644 8.276169951285205 26.272668813768163 -0.18434309287969342 1.8005768174162213 -43.63985606337104 -33.067968997783424 -33.025480537503014 -13.09821110135939 -49.49224636675906 -20.471527212074836 -27.86771207470836 -30.911851447858353 
85.01239223060476
30.667491389481754 46.907165409491185 -42.65205834201963 28.248731219935735 30.535606747263685 -49.48120406186462 -42.60994803043344 -9.965205945923586 46.60683580572041 41.319306141138185 -4.425553189695243 40.14580412034398 36.76953220817791 3.5242123903245357 -49.39927393832782 -47.98153961998888 -35.00085611100935 -41.105127083265124 -19.066176823743962 
36.01640345244685
47.565829587682344 -46.23147178001936 -46.37819913282289 32.584619968156574 -46.745930191525396 -11.89840233894661 38.46139392105644 7.202554615586642 47.18477477486633 45.08644280178798 30.392812298236706 -23.747215716315683 24.568558953668727 -12.578729693725556 2.5560163969610556 -4.245908347057615 28.08225236990951 9.45744511873989 -27.38349188936532 
63.364804033503674
-19.4510640292162 -26.782035140958193 -14.230526754324536 18.144353581131526 -6.784945818537899 10.675429468111552 -20.743160850055496 22.26796160444428 29.156491899576693 44.69731598509101 -4.717367509475011 24.22145947368412 11.208754996869708 -33.28906784927446 -48.11218915506272 33.960227668757 -35.69533871653727 10.409978940382878 -35.35351378919202 
87.0983145919621
-26.78374480576039 -22.28090019303671 35.97126598391392 37.40078973328646 18.43594755351097 5.7524224414784015 -6.633780513454667 44.68445403602479 25.295108450080562 11.646567490729765 -36.85825084167765 -31.31099600543532 24.4067076757388 15.918144835776161 11.906415480768494 38.56287099360675 -24.868209578319643 24.390313186399283 -25.423408290379225 
42.31486710030816
48.00792828527646 43.752459439058626 14.69553270133882 -29.08507362604542 -3.0589860080339832 16.461648233498153 30.529311684393562 7.684150983929314 -22.549899428472962 -13.036033031883555 28.707769995195193 25.19648615963024 -16.63179551229844 -46.89153971695803 36.10447880955148 39.12132344957662 -18.85965821588783 14.145855720491 10.200450101616653 
71.26840039936343
18.22328739742592 -0.15116527732912743 38.35214420802927 -7.446628402717636 -29.920122670748416 -45.939881628160215 -12.814947036383963 0.6844634695378318 -31.12609725495582 -49.630831040673954 -25.2400009770844 -12.922332097932262 26.21000375921821 37.63785510022922 -9.78999943321309 -37.16005058917414 22.126148726584432 48.73992859341078 -21.778653975791173 
44.616977410132506
-16.965328788566822 -42.85125032731463 39.03335505210043 47.683899965518165 12.42102464538808 32.90213975661193 -31.442979201014353 45.86477194301125 -30.152210046376936 31.992875537320202 -22.236480794012536 -14.301786326479146 16.17464967621393 -48.622228137268785 -14.330582620308284 -14.276073323976448 -44.10658625229298 -4.4320762282299455 -23.953919042365346 
10.846754630759737
11.090419297884814 30.157111749224825 44.40669307152221 -13.558029802693504 -44.21310350680272 42.6650106763222 38.874936435371836 -42.80247892767398 24.27121392291859 -8.283729207186006 16.215319999588544 -48.35401497955948 -17.474833332857912 1.8461650581047664 -7.394212236462458 -15.07895306443887 17.95976121406919 -46.88205539668389 -32.340911315780296 
19.48028569853164
-40.58576535215388 22.256640328728977 39.750179208964326 6.36815628662746 -13.264678994542088 -44.851456217740534 10.882673795623646 -1.9499785683490742 27.242069243758664 -10.674850773415315 0.12815519248400165 7.930172985247175 -35.00521834776635 -0.5551645330012391 46.097942647121414 -8.626215133047353 8.024947338893831 8.805180442281113 -19.042295480348027 
38.384743469116586
-31.453701271518643 -4.4367985190927115 1.171053248244391 -0.9515835483185455 11.655425642160033 23.61049570349239 43.45908254172997 -40.56963912342458 19.143629717368384 44.94465504553742 -1.611463366989895 -2.1709445089905444 -3.2199533523983277 -47.10205500898444 -41.447841535209236 -20.88724639555517 25.78924420424194 13.728737521544176 3.4804423221640874 
88.32761460492658
22.234903206014195 -32.149285911480064 -30.775092914867773 -36.153768264980236 21.63436545184169 -28.630596393348817 36.97869618616127 15.032802496873018 -49.632813519077224 43.61514437297002 2.151157151135905 49.73313431256207 -19.695928702885666 -2.993942564353155 -47.01121243436462 -7.145228854500921 -11.42913968416314 -48.15575722650915 -3.8642508426302697 
48.88449996054421
-39.52444563056011 -19.457189987271008 15.452914799562436 48.397583112756834 -19.635448231957653 -16.698999801025813 39.96519465450264 -28.554926727390427 -47.46231180379205 -29.610865422710763 26.98269633211197 9.162559433489811 -17.66018649816941 14.97464902818183 37.2419861555405 9.02579852576347 26.160019312121307 44.81502684129981 -9.660392904227564 
48.88566578176382
-11.692126126542078 -38.83701086148509 40.7806728187508 0.24688409149664636 2.5992954303201827 8.873771448530412 7.64123616587343 22.21207262996944 -13.027006107109827 -27.026087677852328 24.14383683168252 24.094619640735687 0.5716877896655177 43.845483433576646 47.37148738613057 46.91098525612017 -35.53943000857439 -24.300786412498788 -17.103935930035398 
41.79500791163849
29.51880059993944 -38.845492595523844 34.272888250734795 -33.16612291979736 -11.971924296781253 -41.48612492588981 -16.845910596168466 32.907390900954994 29.09559068157209 37.713836521371434 42.19906690279302 -46.1807323664556 32.28701769764322 -44.04611052782573 0.0111826589110251 -3.6588431651127564 -21.291625586785912 34.649643680750216 -4.994400957512923 
81.74716150572046
34.26398362429721 -14.374211441720483 13.413945918467299 -38.00133021779182 25.93095791197068 26.359066861154858 5.557279389351223 30.946251575003174 -11.37106141886207 31.600972795846175 -45.930391709797 -16.252441815537097 7.627118968622824 -8.145613511566893 7.929981494074269 6.1570438450695235 19.418864803883906 -12.052008034431495 16.961988079754903 
59.42545573723799
-37.39253451321929 45.34668238718366 -37.114765695025696 26.25402731053829 -10.41508445672504 1.8558899107385827 -14.945798211536044 48.58035399412273 -40.35112861885361 8.022131273268265 41.695612974385014 -31.070027586696657 34.69115612164482 -19.198274635241297 30.756275721451843 -16.35034359794266 -10.295416025769235 47.96405843107625 18.399095406901253 
28.545537391589715
32.093044508944715 -46.784578566188614 -12.2642253586869 45.28110431556276 -3.866881834975267 40.173851631290844 25.5604872501293 -29.652727210778473 41.923792209956204 -2.904949513414593 10.649565255494167 -2.50135839825235 41.77408281797584 23.643897871500926 -46.3819294448202 -10.742840531397292 -18.783314467799894 -23.974317562889404 -34.62513749971884 
53.41641297050291
36.69905092047986 -42.56437061127612 -1.106433858438173 -43.563188626907134 17.491538573660037 47.054917328703155 17.317650332435406 -32.79605449455616 -24.53438327793529 2.715826860196117 -9.65644479203872 -38.17055365521709 -6.866635294650138 29.878247341409576 10.376639147501777 -26.994301155744193 -42.297265732859636 -17.295697250657994 -49.86951922905769 
35.8827867907329
16.8914356526696 -48.212661416429626 -45.85915814992584 -33.48191361687442 -9.144515740217251 -2.513908893406203 -31.908635212699476 -41.34402810300676 -16.173209636336964 7.834393436111256 -38.10105663896995 49.92707472281792 -1.082595349381279 -4.358754824710168 -4.817664534925527 -10.486356071470269 10.036388845153574 0.6656934959371483 7.038546332076621 
35.9095211005503
-14.021529955539322 29.64541158063281 -14.022873304023896 25.610308940824822 -6.518012689025113 49.47746377046974 -9.586559714527809 31.401349319702632 28.416893316719268 46.994256374903415 45.29765081976926 22.368112834592267 37.251866493337786 -17.452836614889968 36.2570074966456 46.83570082471519 -5.43716173746688 -5.995075617101918 -40.94522836437161 
84.15113829478369
-3.4164293271219037 -47.20663642776594 -40.78009684817696 -48.44582739091753 15.662177178566694 34.247589984450784 14.377421339315646 -41.66062676892112 35.975731908956845 40.817284675890974 -29.88987168620897 21.094282329086397 -43.031557448882005 8.560288973646394 39.108159243944144 -8.994538523554752 7.717140751047502 34.879180507959504 12.91361460145346 
97.05628497716367
-37.20895061898315 -11.399893232079329 15.743315218107881 -22.60265014688717 -11.838809188096121 2.262630614061223 -49.32654076712068 5.252441999473511 -25.672035113896385 0.8838880197386771 49.89583581571337 -34.570024109836865 33.07378621271171 -8.52007494030368 42.80591071104736 2.84190818975393 44.11091328763976 23.271548119452973 -1.641026203880692 
45.38912147794931
38.38288025911069 29.771614960887476 -18.568722670403037 0.15432159781337873 -4.108736635823881 -19.1548342018635 -13.151094518692986 -15.949468704996065 17.65773808358057 5.353397723578027 -20.702176239937153 27.905250608875193 3.794709576029895 -6.863070876647029 -27.495539392887057 -13.582539219270693 32.64606702616163 48.8634243721732 26.87682268249617 
95.50660354868916
-10.427124182555147 49.65909547020803 31.22203197891099 43.27974131365566 38.19713207591954 -46.536814734516184 -38.79312336016007 11.17513932440847 -38.22003175419505 15.689069798140736 -25.096177978372257 47.7975072519944 27.898977048324966 -1.9549242634357284 14.065627159071141 -40.45779989763453 45.702611460382315 -4.737246379840286 28.697561334761474 
39.31271198434907
-8.242102121777926 -37.00022067174763 32.046983455812864 7.467784416177139 -22.129028616810043 3.329241427835761 23.305776621075978 -42.408452900069314 22.248250705595453 -47.003406742296804 -13.87800850928069 33.76208841183599 -36.020697160289586 24.020048996251347 -17.55721592216677 15.700894061314244 30.060779131770573 -33.77018633484327 13.261482399859247 
53.51765522990111
24.04405871968339 -43.014056373303575 10.517519146848507 -25.278063354813618 -44.1224797735425 -25.415686524130056 -42.30141395032796 32.75523713464533 -26.372345242701943 -21.245451914675783 10.620294520671479 28.504055338482075 -10.498524101552931 4.173437135975803 4.40929716749595 14.08649772428609 14.956046927540825 -28.938199038457036 -12.1083259578432 
81.66213270041857
32.66911740600794 30.70232344451614 22.389156701442687 49.09669683011694 36.758229654147115 -6.889562991280897 18.351510436302306 29.020388642650175 -33.12609559561261 29.109809799675162 -39.695785746065695 -41.849537658132334 46.65577978841165 -0.29141565292937344 -11.733648352046146 -30.29412908723803 12.528895992218914 41.94200896489275 -37.90561881866581 
13.32378337147121
-15.069428309359012 32.24161452417805 34.13327788035767 -35.905260150106464 -9.203399863489238 -44.08928609194112 -4.89270822478575 -34.83464046005449 -6.501200450626108 34.430371370256125 38.358333129966354 -33.18555486943761 24.414194817373 1.0897329953388208 8.340832036580302 -41.00959570827591 38.91942109428203 -30.171098022373478 -39.29235614014036 
44.00495518016238
38.84222182361549 12.202298426843619 -36.62760540098928 -38.58994286228933 13.265146171889953 43.01481052612844 10.609390842360277 8.042124302219378 -49.93509334305806 16.452650940753713 5.553075191385048 42.79950794679824 -38.31590448410235 -48.5746275599897 -9.615282872548626 27.92636192616989 -49.629798249417625 37.35495633909687 -31.95515539075837 
36.40797403102465
10.48027478792811 19.79251842216857 -35.51427747864363 48.539695731267514 28.43769528421805 29.012638235337064 26.278889978757135 19.813645810092254 -5.459044307129133 -5.8701748937808915 34.818671490313335 -23.0256255790686 -14.93748963181065 -19.69869879657309 45.41321218150938 -10.573278316143963 7.939112969933916 -2.775378872791258 27.230513464898763 
69.1361279821736
30.843310801808727 -46.591666056113354 -11.632388615802661 -26.25632155411184 26.539035140607368 -27.411636022096165 19.2368789677776 -25.17478742203194 -22.837456605824237 46.18230629685942 -22.98578912858519 -43.94413566088933 -23.566772732729348 -31.1816177046391 -35.930369576333234 24.498361632488482 -43.21294981134861 -7.254657150036479 24.101599716645467 
52.31558865375254
47.03875564114304 41.32411435779967 -8.87784731892718 15.914766531787421 35.417147051775956 41.82152662118823 -21.50925178513394 14.862792733448657 -27.318880874303108 -26.629009664394086 -12.129566952673152 -16.130775853936832 0.5123414558654247 -22.7654792199395 -48.71916601860368 -42.28456170822417 31.493809740220286 43.39505256863971 -6.651868487303879 
11.21556043998353
38.721752388457375 -29.972517996103278 15.40306334998246 -25.873250685950534 35.46165689540322 -9.458543801730123 -41.74629189856876 -35.61653187772872 38.24743576522181 -23.34157860512982 -3.7393598691440246 42.1124278004569 10.43612159092423 -44.62002502630927 -48.232229972432684 -38.40813165392159 -22.531355248104347 22.72414094394688 -4.006979249006648 
88.65094758785439
-10.049388109888028 -2.2493655556256726 20.158737630834082 -43.038058883123675 -13.844751511576405 36.66583813748521 18.942526625989558 8.260096425193687 -28.336019233747855 18.692587672459652 27.25497314404248 48.73293069409908 -9.401647223032796 22.909546180629334 -9.098485374410124 -43.3471644778235 10.260337985316895 38.40937877373145 31.86148542340557 
94.78386691797633
-21.01369475122816 -11.105504272230803 -10.2818451243906 15.175650471392998 45.63326037870728 7.223704205584049 -17.800656482709833 43.66431396319945 48.35417252997864 -34.55744409155771 29.83900111206536 46.732482880110354 -9.81742834113708 -48.52519555536413 32.44591145979939 14.337274784870715 19.43482647282964 -15.078149775295138 -31.63356066190335 
38.897399475631865
24.051785817084138 -18.688401792436093 11.454057281249838 32.837387345294815 30.73979328252038 6.657704363289618 25.20915604106999 -45.080914214781075 -27.865649761307964 12.334701543578774 -1.2715878859011696 -40.952477739388996 48.197927355284364 4.044017773287258 34.90376163933735 38.32033233036685 -38.32318240739948 -21.959544872019364 -12.263134086001983 
11.796918700883463
-48.3199117551206 -47.19179214296968 -27.314343973194454 -8.204400308631158 -15.692940466374083 35.020053656442485 41.63537641958689 25.483973398054403 -15.262054097004722 -15.11715976839956 22.387320313556543 -23.890185264259856 11.31566096036304 -12.133034510487526 -28.515772048187394 -3.573185620028916 -21.11501691278168 -2.662926207930262 -21.257910406817114 
49.70150597312004
36.018608612011235 -14.254314962024452 -7.966114033211177 -47.855216029353755 -11.252097216483449 30.821051170232906 1.671596050483025 -5.306588296227567 42.02940753157294 -32.42496788440182 35.1585459650195 1.77395894967254 -0.583515050034741 -43.02365530651071 -34.865023271741634 0.013684569521913659 21.26873247328581 -42.22096297539376 26.01551596547735 
0.8198167647313737
-7.679922668123282 39.26559663327001 -31.882048924704065 47.33082095883955 -9.460217200560308 39.558611444316554 -47.99144575583711 -11.549799722967258 -19.04118095570767 -43.325529446807884 0.3399452957230338 -29.49456932072323 -19.50259750410218 -42.36293003469569 -20.366715590701425 -19.468319752128384 -47.18228761839867 4.739053291392828 -19.74265745521415 
34.261968643438976
-4.160853482539487 27.43266881191424 -0.7171822915776858 -23.38754909019787 -21.208301080285107 13.351798310193693 7.941000973509546 2.7835849598904048 -29.453614360228574 -47.388723485612296 3.0917083648253154 -35.94510417142391 -23.550160275659515 45.79918943562505 0.4061715664139385 -6.066822822778896 -32.99640994928899 -22.02772621698609 25.896354702263338 
77.5209154409217
38.46671922294057 -31.515808866955496 1.972933187826385 -10.196205632855147 -7.176087084758251 29.620853224932176 4.389996442301914 -2.986812998078449 -37.4507626260284 5.786650185276585 -12.764741845485496 -0.6984881874124085 34.20918359926944 19.379807960354498 34.5503918759606 -7.324561358688953 44.18686275232943 19.514770798862173 -0.7831437024390908 
43.46389692937108
29.672475744910443 15.39395072157123 32.418358821629354 -0.4451058936467831 18.553510439539394 -22.599244265787398 -9.708080973159085 -40.782791715748914 32.95132635511662 5.880294959818414 28.305236993890034 30.5299914972948 -37.11084615453808 0.09378689426340259 -41.55114004798036 42.275425241114974 38.93975543382855 7.977088134363456 49.50745047980976 
10.606516926840204
-4.310706628141517 1.1034312619000133 -3.5247914088419847 24.88425531350434 -28.532766879875602 -1.355122862338355 -28.39372213377103 40.78526758551931 34.03041712162121 -40.85338790686234 -3.358211261426959 9.113244322416001 -43.2473403290256 -30.42732706585968 43.43093048351494 24.704375458630807 -4.640425671163392 -12.64872776547876 -21.535750638867224 
51.3990865186568
31.361553659842116 33.04239064117283 15.763117089818863 -33.740590098072765 -44.92382489319729 -11.230144684376107 32.12015931584355 19.04331117771156 -41.505491469664015 30.70464926613448 28.861154483114348 -28.595599992521457 -3.765839714029582 12.655716038891228 -4.9002938092381 -35.63259666167724 -48.564899793834634 22.219081251070733 38.88181354092623 
62.33686888984784
12.692657174102386 -49.044390095374325 4.668185975172634 37.228556799424865 27.98532005270779 -44.28772745328571 -11.722021198521219 37.27005137139689 -47.9567551059477 39.47135198667414 -6.281621749696043 -18.400880718194067 44.71670620568666 47.00644387930478 -49.74973585248518 33.995376020984054 9.641951836980788 -46.85618478681886 22.59093772716652 
36.91289583164309
-15.134757653140106 19.572015538630936 2.3307126254046295 30.43835992807216 10.074120062281722 9.91234510198371 -35.55907561006446 -10.118570768128954 -1.3017829412137587 -17.842822473380018 9.176701354112481 40.41104559528323 37.38025992709291 22.60275767971966 -13.27137979220172 47.48336016859524 20.18109719235052 46.047581317862324 19.653171361001 
37.76408139275972
0.37100071940078294 -36.70299427013583 -3.587293755087906 -23.169985024226857 8.772601673592064 8.909280286802144 8.281321925492577 -32.85839598536671 44.35929559534205 29.637686804289302 41.42398761947253 -17.38964723736047 -9.823946229566559 -42.83194036010147 16.13187064111689 24.542001284160946 45.63797988918904 27.520458026993296 -14.002250172708543 
67.8183564171643
-5.124821870713646 -36.12174465966087 -28.758962596585235 -34.112257194905624 -49.96919392110685 9.627549751045642 2.4428705509496638 48.46604324844404 18.28242432742175 -15.96579639133089 -6.372663602107579 26.807338179390115 41.84510886491145 34.25544384245339 46.92585019113619 17.985181996490283 -48.67201451374448 -25.722550455818094 14.987345471367192 
11.832597622839858
-45.445800941725246 33.889875124381746 11.847832342116682 32.02086440516727 -44.68240854373741 -11.047177077178297 -31.85145782369507 36.214288226341125 -40.462395282106456 7.981270184208036 -27.60721137618598 9.320041183541996 -20.112740725226274 29.46651940219887 26.357340853761713 28.559340577819796 -5.79267545677267 -20.626246980422003 -30.175042281105224 
19.41815341506422
47.88305433033598 48.89931083568767 -2.5195225859995887 -22.507307712997516 15.848170984120557 -21.15915858830155 -0.886321990383955 -47.17300319301279 -44.00594686947028 38.828008770104276 3.197832221969321 30.546928343456344 -7.499641611824245 47.18095679651243 -6.536249398515949 -5.57308964863028 -35.03340387534818 -49.69170336670427 -1.735164488460775 
28.48282347654617
-32.78754388422331 -30.67413667364779 23.3294266799374 -4.2335486230138955 -21.77203887154472 25.97207182247338 9.922591184227812 -16.756070688609313 -43.00718052517749 -20.084809069786857 -47.50982389632612 -33.02732833971517 32.74759125089656 45.1924139446792 2.533817967765927 32.748300313597056 -27.212364458378747 4.7901275178629845 18.766339376472402 
83.97509026455494
-49.03601075637093 9.269300303651207 -2.477256954823247 -19.279477076460626 -28.186289123893214 27.859450782149096 31.9528102153743 31.746536635027425 27.605420368833137 18.589205001044007 3.6970881079157323 -45.23286781279475 -21.425889369320817 -2.209039842197903 6.548836700972295 29.263952913548806 -49.767466529053486 18.71169306051563 38.03025090624547 
90.8985869898989
35.884793197168236 13.98152334952394 -28.137876754599745 -43.107710487523754 -22.668973298333462 17.336143707462625 41.98182150533563 -22.299119995813943 -27.759655324186493 -43.74123553995376 27.06529379662382 31.894631340205677 22.782495150936214 -0.8982641804014335 23.434551966481166 18.359939302266127 -3.153034493600714 47.76760291554058 33.782893299218586 
52.77165668048573
20.541574167298222 -9.82621278715181 -20.67409847440631 43.74194468281456 -41.34919465020066 -34.50529178297263 -36.21298013226757 -41.86641525561971 -31.652489595077004 49.5696202658295 -20.947696444492603 34.73267319417154 30.689791854547124 37.88403277650755 44.37973116520615 -29.192301749186623 -25.701736795176455 -10.822956687777818 13.724230935712612 
87.03899168851346
6.097057592325015 -6.00347115534322 -30.959656480018992 -27.115400710267057 -44.88468322366257 49.41857783598505 41.350259015180896 -23.344349623039484 17.0841324036721 -46.33282471903865 -34.08426029378102 -17.593689099139944 -40.07275754354663 -17.485423221924755 -16.971830735718072 9.200475103689286 13.231958499146245 -26.88754182890284 41.73183744887726 
77.39934611421462
18.40023547148816 20.29833791259999 -49.77872135464718 11.321095172668116 -39.58207687561196 -14.558598014834224 43.70430105094995 37.95586657113893 37.043655792937074 28.536334504253773 8.198098147623298 47.37632158141979 46.7069877410063 0.5232900661830229 7.02666384993784 2.0660800391586136 -7.481219624332226 -25.293281386022226 5.713439205889706 
19.59532367129998
6.535055632610479 -46.3347848991403 -19.486030021608812 5.904962431557216 -4.221177552687216 -38.81081575303437 26.009107956486318 34.91770191236073 -0.4872976635489792 17.55254993329565 47.98004129566755 4.276469291223286 25.86839905999895 0.8193404945460756 39.21229487407629 46.71759961688086 5.177396653890234 16.90549203961413 -12.073473605476536 
41.918318624355734
-42.78946836946695 36.76070645098228 -38.79018908131889 -45.38503603438008 20.02232099394527 10.30480257153792 39.12183978485602 -28.629471329961863 29.20932566245287 33.647462410499344 49.076254639671475 -29.42289415360031 -31.8700610803066 28.639847838392512 -35.3518853693992 38.11077237469992 31.99645833448899 -8.0489226787816 -11.865717027178 
34.51365324285081
-38.261577622928456 -15.36791276766214 31.994301729017778 28.659709060675212 7.149571720072288 -37.476064174562175 -49.27492311732473 -12.43195158201327 -26.9309455616364 -7.112868887466895 -48.22646412680231 2.359424348277038 -12.789273600535381 -36.72689800072446 31.767127647659805 36.308696296429275 3.742766978565406 -35.07152832515759 42.642888130917484 
2.5280725104302126
22.8330318555993 24.91730661326767 -8.818498749625256 16.02289417338072 -36.886110371156455 -31.333953169368556 15.003649767593075 -32.30611564322287 -28.616434053100804 17.780359846989057 -41.738343248403886 -13.68331929845327 -8.150726849431678 -33.24727254472448 -8.939756750341886 -11.388374859454807 45.83072592519147 36.57401294935575 -21.934006753247548 
67.22370671695735
-7.91910885871485 -26.718112715129127 3.8159127616398507 31.76466782026401 47.74412105681222 45.12348493377786 4.911212459295768 49.026271070296374 -49.53992795976614 -6.720854923287959 42.58329488866704 -24.944233085320523 33.23515155019446 7.988726228597123 -26.955367918361606 33.99163520055734 -34.558562222367925 34.44142117569146 37.58802860320333 
76.38969753789449
-14.33363179818636 -39.06544136900274 -0.42640124209926 43.226751421997974 15.124728602480104 5.576455471654803 1.243473170244954 20.850854538838476 -6.042225399880998 -2.797179145708064 -0.2699081392850786 46.854513445804656 26.982604589206886 41.19586108958481 -31.325265912031053 17.178941314366412 -39.68183593584883 -28.460361099788944 19.548654290342157 
50.71468571412257
35.80256088960499 16.714891345027496 5.0700500318517925 -10.754100900555798 -13.77036099962887 48.93094980103196 16.03578987712301 -2.207410479517314 41.17106734694153 43.71200101215611 -27.562292608368022 33.237163835411664 10.513421990736163 49.999403178582696 39.908931578021594 -32.421283349615514 0.8280971058416995 -40.29863471921645 -26.65338788988357 
86.24039620437331
-1.6948989198582893 -29.98423754055848 0.9831207933410298 31.562371612865007 21.220107896173687 -48.12854839417832 14.228599731527439 -23.055179640517466 4.7674088905097705 -26.522067571466145 21.283514660358193 48.06247072850435 31.579660741099275 -20.757219741649756 -44.17933671271986 -45.84573894018561 -37.63131079448627 -8.789258334026698 5.961843023503533 
54.59861926126521
-47.140240115913336 -17.301991730129274 43.32518812252583 -36.182947262445964 -34.44484115114103 -28.060398666058173 -12.905041985133757 41.00560603548789 -2.148936332679071 -2.662550517891802 33.86633082304155 -29.72409947955895 -48.354910557155094 -34.70883486683489 20.443571867618274 11.494428529799606 -36.18992525677534 6.613149747717195 -36.17933661670186 
92.44083917004843
1.7730384768111591 38.17411115072028 40.2493460127052 18.86297224304009 3.926445195420989 2.694665011983396 23.600219030228743 -49.411577142041 10.712257997484222 -48.50681095481648 2.148409945062035 -20.940527029818146 -11.042486853509729 42.519647164774156 32.46603476649827 44.49024182152759 -0.5965963546953645 49.1496287039387 -30.72051293419481 
49.301901429566165
-4.641785375508775 13.982369746610182 30.950372496337195 -41.4260616906307 -30.98234478758448 36.28106499452548 21.664699281135967 -22.04364805922454 -18.765538811434148 -48.286682975436754 33.465663878850165 14.819788800997785 20.3824064641216 48.694073999789964 -6.05877616088334 -40.62237548664693 36.44814571205022 -33.09703371332229 8.678382378546722 
69.09602565581166
-12.402395147881272 40.44247312354223 -28.478105698377732 1.9150619291236168 18.201875019049254 -19.377119834901656 -19.774083284731315 -28.36400725699848 -40.32908549247733 41.50450504339965 0.2628751742032165 42.286814041989416 8.431570166213817 -24.902754457875197 -34.64540818620869 37.36028809100789 -11.000219093177257 -37.4880099027629 -10.283437559135002 
14.52561397475607
-45.66495575845091 2.377963183388168 -5.943044586302214 46.7469769322317 10.528559422918228 48.48465276159962 15.047791097726375 6.699240672036922 -21.63529482248481 14.876444768937588 -23.713548147111485 22.953058729008163 20.408813721511436 8.522662850073168 47.691513108432744 -36.391257196965334 -30.987517725621938 7.205211780677544 9.827633222821355 
5.890239519048857
-12.009088802713642 -26.58942898706299 -30.16995002791366 -31.332424623550104 -11.284884264567175 -16.217568689739913 46.39998396030245 -31.041783736837004 -0.02496294363363205 -41.914261974319835 -47.23195169115907 -36.835226019794966 -39.792054091981186 -8.347468325353468 -41.42646186881181 49.13852825875293 -39.45022713406906 30.92440093986029 4.283270221070879 
36.11528895096892
17.655290122942418 -17.024005094518124 -24.92562186319497 36.152138343469105 -3.6536663896629875 16.798483779526194 15.031334169275482 42.900596190531985 33.885577353839395 -3.35853472579403 -22.941854330326137 -8.616137717545058 40.03660683945074 -14.143716809304493 -40.917455173849405 35.90271214942369 -39.940661725152225 -26.54670151380679 -27.07028749106787 
42.276763615024926
-8.596872563387869 4.980162804140498 28.668907531421112 -34.665239757797536 39.09817101923292 44.3476780398575 -5.712901976384856 22.899652470774242 -20.290919817067376 -46.125630417361506 8.219508279175678 33.47117821684897 -20.797168373658014 -43.9095848116243 -19.432204869707192 -43.60920554490785 -23.80350133692347 32.73610814811376 17.762300471058765 
60.480714487750866
-1.211441696341467 23.909574646185618 44.9756131799069 49.980971839367754 30.540741513355727 13.46298263453717 -19.22947518439686 45.06533201197419 -20.834252056046044 25.516020871227965 39.26614364095077 -1.7009841781524173 30.08941083199825 11.349947277417186 -3.4682135292774063 28.10814909185831 -13.705864997500129 -24.034951328227972 -40.03097812611237 
65.6629319778656
5.713809398639128 -20.771115028497377 22.11800165354471 42.53353046822271 47.93855764672536 47.81219222373649 -36.37493819331499 43.05974288081205 33.10107395574626 -48.99607106950079 -5.965734618248256 -42.41752179620951 -2.4455066792201308 26.01635017031306 -16.383583310205864 0.5171931093611946 3.3151057859455406 -13.464319791967036 44.6248264935775 
0.7063977231558605
21.231421070237417 12.043348456952508 -33.83212224181963 30.570395173782543 -38.5455693774486 -5.172604764531208 -6.68574486175941 -34.717557101861516 -30.977804995423053 16.623073358114368 -31.902556137834072 3.52660106493353 37.235100931628594 37.466335623895006 17.761933004607783 37.353474566659045 16.986519770287472 5.613291133433464 -16.105720889902543 
30.23118019393167
16.326770367717145 39.27335215070768 35.008020770267464 49.59583711903683 -8.723340486889683 -11.576721425934053 -5.2978017098778025 -46.96205851255335 26.27008249881044 -41.8861621913652 47.68898610014884 -4.281981912775954 -9.406483349191141 -36.54960347691279 -43.21321704201769 10.686933305732829 35.80345666406089 -9.176798441153068 35.40083550099604 
13.493358863032967
-31.658817122286166 -40.01726862423772 -27.93573129683109 -2.207171599038226 -8.572542981771534 17.19995668780082 -3.7118033092317617 -30.37008499151701 -39.19187520053353 41.02091801710981 8.270332557377671 -35.3529508103406 40.034794098733954 9.01956274347556 -31.062665560428382 4.680593306130717 -27.296922438056516 -43.52771664131669 -38.65311545023749 
78.03671000942667
11.434169556248087 -43.97784705139102 -10.348736322470117 -28.803281598251562 -43.62617995134316 -38.82958128341577 -22.374983040154728 -11.216439308987269 -40.40399332084399 -14.172754911599483 -34.814957918858795 23.328106268323893 46.03693704810895 37.173343289430434 -21.61779292306075 -23.294000079719 -13.551742763739384 -20.27140019221524 -33.98056798943987 
91.07281895043073
33.34666820464844 -15.206676980130716 -45.64808266881045 18.707331545266 -2.949640694439495 11.32232208056783 -29.749023988608535 -2.6203184567672153 -4.368968144248406 -28.18847874553817 22.76372362281714 -49.30665503115152 -40.0264835031011 -40.078666722314196 13.176683949073343 1.3067291596487536 13.123275140500809 -44.6694031054665 -35.507928243755956 
69.02238011625961
-28.28461856804233 -24.2906419743488 22.651408026932955 25.438667075114935 36.51682730631431 15.718349711837703 -16.108200488791226 42.19099462578694 48.9773012234058 -1.4124742847014176 45.29605234698603 -49.23349639216613 -8.8281320515988 -32.90443795075967 -41.10142731367621 28.458325951609126 -2.3677675964075107 -42.33326542281435 -6.365256816546349 
37.23245308004953
29.301616328480506 33.821161167187626 -26.027684722286835 -29.88767362316498 32.21145100709768 3.358884889283189 -30.760937330358075 -46.856730836704855 -33.53349955410391 7.427814948320375 -46.53820967617908 -39.919044569964214 44.738191334562146 49.0201165673235 41.95751304635131 21.655078386005854 -36.29570512866943 23.461087456171242 37.96845851768627 
51.59146821526816
46.73633239658747 24.099179310124313 -9.69171339468707 -32.46709534617702 41.624383781075935 22.675293137340063 -28.712286251694906 6.580926617186918 33.242257369489664 -34.25595999712279 33.11350922087685 -27.612047674192052 37.79425086805138 -13.960837993019041 -9.494363171522458 3.561059225257843 42.64801474745093 0.8198860980982872 7.453040799088193 
21.595818580324732
43.746336921306266 -41.99555507875875 36.829413509418714 0.6405857627982599 11.203896837099059 -4.708381498641089 -26.983977855940132 -48.90128621032003 -17.066620583813986 -2.5094205278752924 29.729493219480787 -25.59186142962111 46.00857098458147 -27.07602892518922 47.92819718153919 27.294867342802235 15.960366711260335 21.038549333709383 -28.02834525616834 
30.378909595301216
-34.68510815285006 30.252386793467963 6.13323505730645 -31.78179863966033 -15.578775080518483 27.58705386990232 -21.882915660297563 5.708144260813306 -20.020506408521264 -0.22222350861079576 -8.593886912201157 39.21140429291604 29.668372284846697 19.324127538183788 44.06859748632016 9.874589060094273 14.884332799041147 38.33826117545901 28.076708339617838 
31.295560607672247
47.843249446276886 -41.932688256579624 0.24114031151858484 24.037059697212086 -5.841751076729281 42.611060351755484 33.54171320455178 -44.560573914476144 -32.50402542391019 21.62551942125765 15.934654955485556 4.767210543053146 39.02672872505143 18.697622126797114 -37.356983958750845 10.931475876997567 -38.87777791097532 49.595716611855124 47.48749185229762 
12.861662542672892
-47.882054743446524 -42.25486705825933 38.990658524884196 -38.94211736063955 26.945471674021647 -6.952449872396102 47.78845393475848 12.936588968517995 -12.946759316376586 -5.442471221145709 -46.691507850501445 -25.71048758517236 2.2727360304688915 7.549010557860413 -20.274406096627075 14.507909450446533 27.15013767284843 -48.85086249730073 33.88067309150914 
64.18107992634339
-5.248088174054132 -46.01366354468301 1.1499352466496617 0.26020434298372663 22.066040437865126 -7.8059384906422835 19.177105213078576 -13.814400620505332 42.85885108130488 -3.368823323588984 13.932177803862068 12.207455902314244 -43.78926375193575 44.32445046270722 -12.264025860871108 -25.4127774718376 41.942308675990276 12.908226406147847 -5.309427286436772 
41.44878421280295
47.75580112479156 -43.7692274539785 25.381466540475714 -22.244366379917768 -2.845139055736709 -45.68356792916407 49.76804467531959 -7.777729820557745 2.069076407550405 1.5172019704017075 34.85484214377918 -25.074919686067098 -10.40204372936168 22.956850283948455 -37.96328268930449 15.959991057708152 -31.597698711145085 -48.73471891279269 17.936945895266632 
32.701206458833674
-32.99081852067236 -46.87963891820336 22.107960529146155 -13.952587753770473 -26.33993274481864 -31.74107060255029 -14.859695297876605 -15.501221506143992 -4.6801002894059565 12.388294517196897 -38.473932743922916 8.990243677417453 32.07816537656318 -0.1760146275345562 -26.95106880376459 41.11345571221186 32.41137263607267 -38.30086414991205 30.52370152552804 
42.691902296284546
-45.360490481387096 -28.76465183657393 -25.61604713285195 15.630710303826518 10.397495138813248 38.834416832054316 -12.082742667764379 17.544673316382216 7.055722065735637 6.644893938130494 10.873200184795664 -29.12495779444766 37.76226946620737 -45.223093085293996 -4.27980053498316 -18.962260689766065 -9.857492140153447 29.483251058972044 4.002877274272699 
72.60258051662794
-42.31986717455138 17.394270738457323 36.05258755604714 -38.4148219811689 41.4169856448019 19.288591704191106 23.72942566640107 -43.35974996374817 23.847267664864447 21.90127369415849 -7.075168528824975 -27.72296539236573 -18.254979980588637 26.91553681229223 20.229732253512793 43.17456711372721 -19.847948920922786 -27.446330123373862 -33.52613488025632 
50.256638544046254
-44.13322391163668 -24.922673263669637 -31.232210260971605 6.39322623171109 -44.487304159647266 25.026922022809714 12.229823316906831 -47.57274184218729 40.62853012817624 -3.8256432768808395 -17.24407430747864 32.68261080342418 10.210298353680848 -36.06714577397241 22.991369288831905 -46.80877642876069 19.748942811288387 -15.637777101456493 -24.911247542725402 
75.5843143534909
-4.954659177460208 -45.0726390580227 -4.112217959306243 -35.07535839193792 48.94784842196684 -36.18761095009977 -27.172067584664607 40.7138361106459 9.645814494114916 35.862312566031264 -47.79405105732219 26.890844543730324 -39.73426096000039 0.1186131809263955 15.315913092249176 -41.15545015203583 -28.744911988096177 36.43478184258032 2.560358597792778 
83.29566873879092
-20.597966366303122 6.802238915032852 -9.203269668231265 -19.63991607818174 30.32762441454331 40.78669636820757 -25.01575096753327 -3.812276355415314 -45.0997120586347 23.869503388389518 -8.377980133383915 49.278246362948934 -5.73930758452601 32.508067526487096 48.5200204298295 -36.09327289362384 23.008435827839463 -29.626039997142616 -6.879633937025851 
90.04958305196308
45.59018071768428 -13.503108569564915 -40.11295863037674 -9.216907959956721 -42.95778573005595 -2.062837534992667 -13.791908343059568 -34.66625767927859 -34.02133974690835 -2.871106182908065 -24.19503102948467 -21.20815437714525 -24.920121696309838 -2.8192863033726923 18.819641847535863 -12.043263752895072 2.3238038458609935 -42.80981458700182 48.55070966358055 
86.86401019510733
4.816361812369642 34.022828278131925 26.235665819442985 45.252233986661295 36.315277641837284 27.025993009520604 -2.6728403808210075 28.558599283782343 29.404949510157394 17.79252318614708 -44.61306956638494 18.990031797858137 43.76827266297934 -41.64141731431885 -16.97817005068741 3.798313986568239 -36.88533557084024 28.114548978838698 13.212184805149604 
59.09476730416141
-44.93825759980217 -37.77250205086425 -31.066524408881314 35.37210430327934 30.631423598531583 -47.48179773270984 -5.8518842780257 -5.6419080599347 -46.99047700087681 35.50522699778149 -14.955099206132246 5.90768735854035 48.831131205871344 11.723144292484776 -33.17051196317718 -11.652667383553286 -30.50756899052932 -14.558549070096703 38.419993804955794 
66.01716102573438
34.8528163187556 -25.444650690137717 25.0776479840097 23.713834945687253 -32.8205227454327 16.688965498655264 37.30318528394248 9.318853324858146 -10.70005056110719 -10.553711025445686 33.25544108517214 23.10409282268354 17.6663029675788 -29.735575486502764 21.499400176460924 35.03850065574031 28.398050182164624 -15.531482592538893 21.066744202171705 
89.87676207981534
12.35900133791732 28.897025051529965 16.612675970366226 -6.107095074978474 -36.063275917675156 12.86073109777778 7.8786820277755325 -23.171258756911495 -32.56859993301255 28.21825203396908 -45.278476228528376 37.95918125480371 -45.17574652238889 45.9954824782357 -38.35531042565145 16.133374639212633 9.183976272390048 38.24581797692048 29.069199905832605 
70.23274111596032
-20.917157519921393 40.742625053957454 22.506508087511932 18.693973546817986 -48.8675035239231 4.614904295826406 -24.653013907388377 14.577095006867452 0.11268941568464186 33.181641354042725 46.15328563075424 -23.88428712325488 -0.8454849823856563 -35.99013246010687 -2.851377202315966 -48.231351422188574 26.052956187552894 35.6159889562542 47.01586455254359 
73.49909385920571
46.02186907659092 -26.75052106209175 -21.826006933040254 42.339588987820036 -13.932200245192384 38.842539112940884 46.37440845547623 46.25802500734177 41.64727756829481 16.478876277978003 48.76021262545217 -18.07801303460097 -27.614417881935648 46.62930208815432 -44.54252006372599 39.16573791201316 -49.626820138477925 -20.078677420375346 -0.6817667731764274 
9.79624339741757
21.919371104845112 -5.645489991195149 48.61069861936626 0.8315536294964545 31.630934248628435 8.642897681651952 -41.74690656724507 16.347017093495296 36.29685654164338 28.760207381388213 6.613110869436326 -28.18826813685603 5.298500940814634 -15.216731386774896 -23.0540799184211 20.129739453334707 -35.87215597520328 -49.22653298421298 35.21937462863589 
99.55744775795014
-11.91525781525469 -8.294359715343013 -10.62415333697939 -39.749152531054754 -5.6626169233908925 48.34835543064537 -10.994080178887899 38.403065179139276 12.268450117388184 -46.48098626110419 38.95993472214954 -25.235122702952495 34.392731386957735 -28.718212911494845 -44.400829365785235 17.797811643424623 -36.879752378839584 -35.574093600671965 -9.810767528109245 
10.791502894946403
-27.74778434788322 24.956360987821498 -19.636019566725814 36.983993226672396 -3.6645368894856887 47.348602695305146 -32.360878442750405 37.05570442347103 45.86416314388484 -15.036654962921922 36.63040063704571 -30.67513718774082 21.806120786758925 6.287137929781871 -10.067966748523794 -45.445876656878255 -30.956018342916337 -40.44110794763465 -28.463103687249724 
34.485267337869395
-34.93982365048599 -38.13795273737044 -8.769305286921245 -23.949217798500122 -12.442435796310939 -48.09334645130009 -17.43185155574126 21.668222422750333 42.69610021351551 -15.504895719303889 47.84001862140799 -29.894722552833365 -35.76090017304779 -0.9401211082614509 4.865556377407266 -27.88951286595133 13.140955355504893 -35.31892269711431 -47.50424266835488 
40.33655695783903
16.9714467872043 -10.363851156169815 14.388576670701255 4.040332722788129 -10.939915494091842 -15.19628924500553 3.918047532902577 35.625422655566496 -41.64283933142627 -12.862139871676895 -22.99498888966299 -11.699428617410568 22.74652773300471 -18.051002239463465 4.207974745908359 11.95888107266645 10.908340363831485 10.87158396903871 -1.4116280778400068 
57.839999373614845
0.8183201520209877 16.168913284335133 -18.33471710107468 41.61946361461112 -3.416608807883783 -48.58056614471914 -43.79953102301457 -40.72362504592265 9.551752808887827 -16.351310378667172 -18.39465285749472 -9.577358381181725 24.49883159890993 22.615548352956566 15.437303063474658 -20.26594955593267 -42.82124831349714 39.23079686187293 -7.2464611329802295 
58.70545721047969
25.6442806909767 -23.019154181139236 -35.983571348555685 -42.84060101939509 -35.52349070775686 17.748728752357508 1.7951182199023918 6.769516661064145 8.428744859996627 36.569129271552754 16.68390672764673 7.317130701754614 -40.02254700594643 -31.376262043917237 -6.341250441067935 10.481427762551434 33.88631318045955 16.177712431980268 -28.4810715745458 
75.67065903527796
41.127719581585026 43.17762187821509 40.111808666104864 -32.26613705923714 34.36943124455651 40.87567424454295 22.71431124181379 47.34961257471923 -12.27777307476947 -0.885284274304297 44.24556300232048 1.4703154647418657 24.557817671091826 -15.197153418416043 -40.08908198447515 -26.592351997006958 38.94448613250111 11.62617980993386 33.428376691095764 
79.97672526014364
-21.388798853207124 -16.807300188527876 9.164168422709572 46.57364390014993 -29.660709476868718 5.56974595871548 18.305062489724506 0.14305136934208207 -27.70603019581189 -5.427783222839935 -4.379239036188039 -15.300546007811342 32.046358512188675 48.17801377047729 -39.57950705198113 4.397968311271214 13.899868326121222 15.091905709277768 32.98371335817677 
55.1073034028813
34.62312111181595 -33.251561519426545 16.045610149386974 -22.980250772393806 12.804885990078361 -28.060950673830508 -30.15613311230809 -1.9600255720164128 -6.215275564643051 -19.231856359005704 48.783951449788475 -9.473469795363656 -40.523583346842614 47.78733989987532 47.95596186048773 32.41689892140924 -29.61059710323335 -37.07333612468091 28.536817943335606 
47.84902387284183
15.766870398701528 13.23602212738141 -47.462566538532805 2.0992792258245103 -33.00267149321449 -31.53024685446326 -40.594794694744394 -9.011177715711916 39.31980815967144 -30.808345901937052 -40.33198495590747 45.86737485380962 -32.668901335699914 -2.6526205612643494 4.106639387201504 -28.134554168241486 -9.083230645976826 26.145617882398668 10.868327187466718 
49.31307610698513
29.965913455132693 -21.39095347429725 -2.514980920708375 -43.94478213996298 -1.407104115337333 -27.699480909854735 -30.06449246436086 -38.14913764882735 -27.422331813383337 -8.500457907250372 -33.3084038521223 -44.87489093272623 -22.650537810458392 7.49857488555412 42.1140858202054 -12.949673515309115 8.076984603051748 -37.29174635613648 0.6152474625444526 
58.264696166896755
28.291482494748493 44.90514098368929 -39.319838681694975 29.493332770475988 18.957387883945003 4.2251760614171445 36.14011195186961 -41.08067846146781 -33.981536022033524 7.400477860487463 -28.98295830145451 6.35896647232731 -18.814297210978637 -18.74326491380017 -46.19124261279768 -2.872393465965054 48.09648370067451 -29.367091064206964 -32.73952424217978 
6.939395365089718
-26.03719174837378 24.65454389948124 0.4689918022981914 13.266437204588513 5.43966472198575 29.68646723671847 -38.40842879873448 8.28975611053211 36.682900525483944 27.310234204205813 -18.517559310356834 33.906543077479114 -2.5707700024420816 -8.6838234049591 -8.744448424992022 -19.784791334467144 -40.58066808419692 -11.030539638422752 -9.926985532940321 
85.4817929639101
40.598195320366386 18.704081022320125 -6.615525948672463 -12.201736481306568 18.265225118582194 -1.0817559428362742 -33.60661189951492 -43.52464698662306 -15.29010891735453 -19.310842859421605 2.7020152372302064 24.669525667048887 -8.14308097676382 -29.005276964945846 3.8876464337801195 -46.17421445257255 35.05839721258883 -17.57578488341167 -47.81152870702849 
85.22496385428668
20.408408004435785 -29.62050105865576 45.528162722219164 -25.74372215324685 44.81902220552752 -20.58705243547474 -18.21591078272067 8.992851217316797 -6.415091210623366 -3.3823424987622275 37.504895958016505 36.23006377821689 26.27695605171813 1.8802072781146109 -14.791159431911403 -44.646531273730794 -21.456355344261212 12.325595721338736 32.94520354180483 
93.23520880931144
-45.23776680413353 41.42867847243676 49.97678502291676 41.81473917144551 24.46999222242367 32.03581055274837 -36.757723342676215 -25.898145175733255 -35.88088776628129 -23.064951526447764 -29.316853776436393 4.046876376777966 4.937126036871376 10.6327308074205 19.570370154098825 21.055067722152245 -42.46200567525723 41.63879312710354 40.642203350838614 
10.879203237219926
-15.582731776915956 -4.167251001436597 12.164903747987886 -28.793598652472564 -17.42196156476202 -41.623271687401875 -48.04585900943289 -7.537752153463309 20.272668708403387 34.16156991527029 -0.05440930184327186 -47.81268299130318 44.20855292258608 -5.08356289076162 -40.92101318638946 -35.20174582341457 36.554462781245476 44.88199162397355 8.06071025843761 
37.62755052743854
-45.30267917007613 16.341687002042406 -14.0042524063444 8.843217319611284 30.937489029531363 1.3252498630079046 -24.069356446212588 33.18160109299171 44.17398087025968 36.442990632546554 -17.97512467931852 -12.616422480525927 1.1192539000935753 -15.920933890206612 3.3688018457867273 -11.193572841350594 -19.30343590015632 -4.933595633733802 -43.60780594957219 
57.890709080364935
2.011090911068756 -4.514513671501909 -12.641926456581487 7.993491616245343 -26.35064778176046 13.373717436147636 46.61239764108895 -35.44369365856941 -29.950274655527977 49.90168718553636 -32.93908629233834 49.658272034262 -40.69986411177635 3.967120718780947 0.77026168354368 17.711800570690457 -24.042715744675323 -20.823178905456942 19.641209111660302 
93.39038043002238
-7.654960241982337 37.831532489522985 -21.22231947859531 43.834949454741476 -7.722053021688012 17.79806719242501 -25.523984962143807 -36.23261622522314 -7.730984324219634 -4.952345432919259 2.684662981441619 14.346690569326427 -12.980680073232229 -42.841011334605675 38.335336361922245 34.43548832859929 18.350134271019584 -48.77108690309522 11.122395475488048 
36.4014250941767
-20.273323524275767 -16.596662550447206 49.108024517968275 7.660187199542058 -27.864206470814313 -23.364610578560786 -2.0434618681170704 13.873809001101947 21.318171800856092 38.29741194033846 0.6519681102636596 -9.950003773996528 -48.7810068394412 49.91790944268122 40.228812698666545 11.745227664492539 -15.990810888723551 -32.41588455907396 6.346653981354436 
60.15642898576322
3.142765822542991 13.445341045742111 45.4650873646589 32.09303633861366 -27.346089988321822 46.27182172895037 -6.073740634515943 48.65330101291036 -46.73908227822994 22.168305986823896 -26.572001385811085 34.885719354056846 -6.167762135369912 -4.688821664690813 49.17138099445968 -23.20149118928665 5.383185301345208 -37.02762555924508 12.392317496776819 
11.787069104179782
44.01022872834052 29.112990422259372 -48.96246578227507 -26.118592730730818 39.03294787365044 46.473891242027946 15.021119053989224 46.17254139919008 3.1021192526206036 -1.639731084094798 -34.2014563499995 19.358910959413492 -47.85439039043974 -1.7884495567419805 23.920918326344093 17.560881553181304 44.76208748190814 17.567616327673036 -7.217051277501504 
30.38343173585776
23.03578552907932 1.1868530689004828 41.95388756183938 -16.33583935455816 -0.2661081725609975 -8.158971295535189 -20.718443173057143 40.42579078702272 -9.538604781498293 -33.293431586563315 27.3852681300925 -1.7406576016231412 33.5864727484208 -17.708701682044335 47.20426519322773 39.696230230520854 -24.38716308293757 35.480309174951856 18.94412380116124 
98.08452234853803
25.163694441792302 -25.44594693558181 -0.9357374167378723 23.066652706002372 -5.144701240476557 35.926374300925374 20.875549638091 16.962929205720897 -42.92370605591201 39.869670084661536 -4.132233040438159 16.197174576240513 37.05239844411577 -48.36104431894539 3.062443674182056 10.357856153656776 -45.43578878029915 3.1760720083192524 24.487391584685213 
25.570190478570055
4.299223758499572 -25.030142651473597 -3.7049884966239404 48.56159783115564 34.05739669632729 -42.33236784379674 -2.9027124855647983 -16.86498676912904 39.892942136364056 48.67783748066029 -12.233927043205497 -38.278422116437525 47.76323629427448 -9.726751486035958 -49.75183239308861 -18.733775005607566 -7.630929696219994 22.59869429318941 46.870341738886495 
94.90673760797719
35.60870605663318 7.506727129097449 36.16036373562447 -31.261100189901235 -10.568455379220744 -22.710749922471184 36.38578072383105 -43.582659965280044 20.8653927017062 -23.857375103436386 23.81301711335078 3.4237700808971496 20.60472415546677 -8.401689483128614 -10.884838682658035 -32.45870203354703 10.785497420102011 18.170630545239206 -47.592469681860784 
32.40551574288054
-47.56456643147303 -43.88223082331957 -44.934048808795744 -3.0398174473847845 -11.423048957755242 24.48166284773302 4.783424886573826 -4.77275949769308 25.073174120140024 -40.533038127432484 49.246661030864416 -11.992005156451377 8.045773544929624 -23.26123587927198 -6.6352885409793245 -29.035667492100416 4.056656815827033 -0.6366105978817345 -44.84223210211927 
61.98584423598529
27.233785906107272 -8.11406399911683 -23.785103774605474 -35.16923734068112 -13.865265405765925 -4.567047168268012 -35.944654897501934 5.735678094093423 42.37980504135186 28.748046972464437 45.77876418378682 -44.97900219517757 -17.050110191452063 5.712807159050762 -44.934475616208005 -23.323844951254934 8.532460378577099 21.174925104125506 -42.11094970549662 
95.49062598738988
31.412412764140484 -26.200029163478643 46.227909116775706 33.503802533913344 -41.857254331880746 27.182760255601295 -6.3838691537854615 -4.621164025399715 4.593349333038063 -41.40118290676675 -28.45393044067903 25.762592041055484 -46.03557702193216 8.545956778882825 -28.46115164805948 20.77585642717669 21.96439736623836 23.62055101296336 -35.87675741642307 
50.48503018207987
37.59042152922754 -19.707460632047034 -46.98537908197375 39.53849470631225 -17.187155919425535 -12.212163696468117 -49.53863682055213 9.107934059482147 -40.04665689581478 -5.44374319305809 8.02692779714446 -45.143093248275804 -28.34033471843841 -35.30234440116785 -13.99844908012853 22.86596295721678 5.118206999111138 48.23849297630426 34.188321323423324 
48.27569258200837
9.50894788932596 42.29555556265193 -13.015828030063673 39.866065165134074 43.69555444840681 28.933126141586584 46.47708152765372 -22.12751911326262 49.75671267062563 -20.085607326854273 38.70661398568345 -7.954017268935154 -22.796953764113603 38.567445139328896 -19.71436989694071 2.2971039673975397 42.587299389120915 24.63071084050773 -14.743121161588881 
35.21987237054458
-40.296346693962924 -40.78774322085332 -24.64115241326732 -23.625515971701848 16.685421824284603 -26.10814443916579 30.8011491367795 30.41424716807842 8.048601656192822 -49.48569276736006 33.20040372169879 -11.025622476909916 -47.907977166386914 36.366984815989284 7.503419326430993 49.697298044996685 37.05317951880609 -6.7958505069983275 -34.474770781511026 
88.85108589204017
43.03204659428337 -32.024928263291976 -9.844669796912541 -35.29522346899742 -19.06649074493495 18.132565519869175 -23.66374845282577 -30.843740720869405 -25.457726154863824 -14.95696832839721 -37.40564948203723 1.0655045199841169 -12.667537250443573 -14.711318141186922 45.20353713484404 6.327923170813733 -38.27268285143721 -18.45289332273241 -34.0116039173224 
16.929690312017875
-4.737222721319824 2.2529029962268368 4.323936522447404 24.05885380043354 25.471919758001476 2.390624425927193 -15.934963241962393 -11.196848360134418 33.29556777885108 -3.4622203676722663 26.93937113069198 -21.952580405843193 3.4376782074210155 49.67126082053561 45.36341079112614 12.890555691491166 -0.6776993171675372 -18.730055671329136 -30.30809338230821 
32.23401524748341
20.172324012858496 23.890928529176875 47.58696186734409 5.150832706254185 8.218382781927694 -21.333769032170892 36.49369559870529 22.22623029509512 -34.84034743510755 27.06141700338256 34.13513994853149 8.267866450784425 18.736501062890028 -9.24288281283696 -43.51004517277863 26.615843745382975 -47.36171547899166 -20.341091572606818 -22.107828421951393 
88.73959505539393
-24.042190392193817 31.810605479275708 -6.30692474604534 41.890814209561185 -37.9826783002945 28.38049888826815 -47.64895406064199 32.288644143482685 30.62910174098836 -38.09034544607188 30.86600249585956 -18.35466898032455 -17.282926900452303 46.65584399846493 -4.849170945492595 -29.202383950960797 21.714105979439296 -13.863680877680295 -4.766986301127794 
95.7911307831423
12.262939122038517 -45.13294546449802 -5.894578138325478 48.97216674044755 33.487004482848064 8.815700012754803 18.596003739574186 30.4731143207472 -18.53939049504382 12.229981446893653 -49.19808595374901 -36.065010969704815 -36.50367030398345 -42.72718266994222 49.43442239570642 -25.607535289552462 5.480665280203013 -42.710025193221846 1.846635208523331 
85.95382400363832
-37.2726792566611 14.555570407576923 -40.43302531433134 12.240352792914202 -15.319245581092389 -1.0146895383346646 2.8370291653958546 -6.493360639012671 34.29092432549831 25.576871187107514 12.953217811294735 30.945360080642573 3.99342328219592 -14.76867500670005 5.1375058683359 -19.112913077286496 1.9675045416679495 -33.87089938052908 -10.786836821251413 
99.43775087510804
4.707745973221321 0.9784609317055484 -19.462659144368267 -28.446634674846948 -15.066576709419458 -10.775990261190614 -20.556959971369082 -32.366292112422514 27.47289256845653 -27.302694685285857 -26.1311897512438 -4.576378238206658 39.99862049380475 -11.788839385905412 -3.094687986193719 -44.65731820549617 -49.648267124704226 -18.756265134862172 -11.336362083551009 
63.3210031535978
-42.31672541673588 41.128084710264076 -29.828903449482137 -23.199065994614397 -29.247385541204107 10.057345504261015 35.92590481834954 -3.2284952420421433 23.46173582627216 25.73524715696162 11.293084986822386 -28.465549358832664 5.067452562798195 -19.35376150538397 1.0995321695222344 -3.6422890458909905 -19.498204206216453 19.688941558172758 -23.41286795963633 
87.2543151967014
4.844225219717856 -47.688689616659495 9.308477261835222 6.8315859002540975 -44.77255543305799 25.30525673985416 -37.39941501763071 -14.51232458296279 13.322032780926648 -11.936823591450164 -6.052242691175522 -37.81060237563993 32.03325572860494 -16.631768126790583 4.845526235295253 -34.3525641805154 11.156820377422164 13.684839522294176 -1.2965784764469177 
68.91195932090336
-11.521505144429113 -34.56467278539347 -28.12497853231334 -21.75620425500253 25.165909876722026 21.89323990793997 -31.92038414663808 10.573248318730357 27.28908187243502 -40.906664904571386 -27.71948816404919 22.940754685070004 -1.0805564290329528 -1.447193168700089 6.510838974337609 -17.9794276637951 -33.50443666749824 -14.382152773017978 17.188483434803686 
2.1607129633303357
-30.177259980179226
-44.781549976271286
45.12025898493678
33.30702284604213
-36.371377765576796
-48.1726745856499
48.276156423761506
37.5422568977915
8.10364441681444
-26.99020008839249
5.429074237507912
26.388254160688092
39.69561299550709
-36.11186412883855
-18.383701347054114
-25.112001312768285
3.477600639881416
-17.71915703251816
45.920826713718355
