constraints 189
variables 19
12.727274195945107 -28.750419829023286 -11.575251160147651 30.71587242522446 28.300166020488845 1.3242687595540161 -27.30152892649752 -36.3229835561345 31.506048664468295 -8.094827217719327 26.96762444867028 13.68095538145041 -15.766044695820291 -30.410822378129254 -14.27074246503205 -0.9934881229477242 -9.249678862173639 -34.69487371828769 26.398662944699765 
80.46782338432176
-17.94629672054763 -36.59277152585423 -3.017874398271225 3.0662733716695456 -37.978007211430544 27.69841291062174 -37.93165838858482 6.8529546052821715 49.620239454685105 29.105931357434898 -47.958562897381974 23.374334123261292 0.3631623146355807 -13.061500035562702 7.156825743583049 31.593356814457536 -20.223015771773444 -11.513611369037783 5.48443177678142 
70.32268606917133
-8.218798593920717 -29.817214884731115 -48.28793358704642 -7.023581107119995 35.71159013912394 27.626874022848895 -17.584955163142247 -45.158985083760186 -22.868495641534746 -28.52390884772519 12.636392910601792 -6.914168837225041 -30.370617298450508 -38.45300244066758 8.485298871338053 -4.621913626789841 -42.52389084405439 32.421305191874694 20.949717560856996 
54.236693953796234
22.31665379094484 -29.564398784532166 -42.767646305364494 -28.846138531255562 10.996240198072641 14.140305896948306 -2.342524555363511 -42.96705984391159 -3.8280004967689365 28.1455081510898 -11.440633328730875 23.63550265497807 -23.46305012320179 43.72829430448304 -45.44857805747158 -25.499805096648267 19.28379494318122 -31.341778053746904 -22.811741701435718 
83.19037763477606
-16.13804090339842 43.404666585403845 -18.728581168921586 -8.252795157688794 43.131928572903476 -38.778264792224306 -45.08744132892705 22.869184614660313 35.69682998577133 -24.436462369474498 4.956334077799205 25.608951936126502 41.49193998553791 -10.135437412446834 15.478385652691244 -33.727654590352174 -28.361417932345933 -38.0729544092775 33.812182343067434 
33.72458947355087
3.119668088895658 -42.01089829508605 -44.0782420531749 -48.54724640587591 -30.990087292956225 -39.99542318736307 20.925605257394807 27.503304055504728 35.79454387838888 -36.25251455754129 -46.809680032385906 -22.191960228789164 -39.263904897436575 5.061010750639042 9.650868401127845 28.43125240674287 24.29965192031551 16.903019421897966 -0.12239801864826205 
37.9154672317846
-24.677271203684082 -49.202871978348654 46.89844648791505 -17.82730905961565 9.916686529208583 -7.119663908165194 47.89797810278891 -38.73743580374931 29.012434598107404 -33.05469273941709 -24.34664494745551 -30.081592565093295 -15.986087395788964 44.70740617266482 33.930401657033585 21.826639437841678 25.198624937094507 -23.016382564860262 43.05134559303187 
31.43459584817332
13.305292125914484 18.55251281350776 -14.540917273092624 36.45630908722892 41.174489966932484 44.17146033502236 -14.658931921675887 39.265312685360044 39.35885573124254 43.5593195205884 31.239197082227108 6.00814043902281 7.2953133009403075 39.10985126782495 -23.9396159183342 -11.458404404352919 19.932478132643055 -8.316835220870779 -34.98421837488293 
26.19154726547267
8.632225665863388 47.029500872285695 48.75486665070969 41.85040720145811 4.715168836665974 28.231704742417705 36.323924174271355 20.075065554742082 -35.804430789663655 -1.9902042330423058 30.566705192147865 -6.383463755881202 -36.947986168608004 -1.186986186689019 -32.80162633499192 -30.79286401656812 -36.19406618203106 28.33181635803396 48.02206563804778 
93.45053038780753
6.230861071336847 23.394293549104944 18.62071211564748 -4.695499565957327 -32.308952153087546 6.1685066607311185 -8.65491829663975 -7.084151354974736 -28.091070612278312 -6.825702520143594 -44.46781909055745 -30.538636546034724 -1.1133892771385234 -20.184864796976242 48.62657295032521 5.168305530282737 -36.7425894440648 -9.02739784548232 -15.75968161118594 
0.8324207512844461
-16.480788190612508 31.66315814084345 46.17562449104936 41.92097478866454 -39.597775968490254 -19.161155329040604 -38.95247857231405 -18.257098101306003 19.04945502005583 46.120619928244096 -43.617839448173825 17.187633001606997 46.73904847567567 37.5850666899956 -4.070345548939947 -8.821278854830005 -24.446596951158195 24.682210867286415 -40.58138679714038 
82.2579206023041
17.70071880130054 11.944266563035391 0.09282974349760309 33.60990064303557 -39.87950429897354 6.352104215156139 -29.891147995425005 -18.64270312221198 -35.444825299903655 -47.941692230886204 -48.763516739296065 15.100357754889828 -0.553974346292641 -23.377293670628074 -33.707551692970014 42.44494190318254 -49.18797818524705 26.998284545868273 -24.649116058012666 
33.65719616111834
20.696343264440145 -26.78756268680903 -19.98755781121673 -7.397278526746753 23.815880341010484 23.020507066316583 -31.122807457850378 -14.227371059697177 35.72486705162373 21.76567191677823 37.85472525981129 12.468346370068907 29.104618731173332 8.261172028273315 10.058175943083015 16.11164726621513 -41.28293226014532 -40.282035138230356 -38.23286197556924 
19.16583234614311
20.110607796001517 -13.427080993777672 33.307742882520714 12.298571089352038 12.342527080779476 31.529674698576144 -33.313549091828044 -7.813577290748896 -19.2168944575308 -13.793674233504802 -34.57261454646803 -28.244400828013738 2.4921953842447806 -36.508865049025374 16.30131944892196 -18.32695065908947 3.709934121358046 -45.96049063203995 47.49769156715135 
42.54648664905122
-33.32101005153234 -48.697526008654236 23.279359659482708 13.561502230359409 -8.683478775785822 -48.941039990181004 -8.72699993425448 -34.821530280990416 26.179836717342198 18.63122122523403 5.2864422575019745 31.031406452820207 -27.279520030376613 -30.205294841680974 43.90738528619123 -32.68441424640953 -3.002692960640907 29.850818164924974 33.12637486672189 
86.72013718580598
-46.180177284866474 19.41294059972911 -40.15995500435806 38.35646298200372 39.71893770015163 -34.83682728422666 32.3290448084708 25.152797769289563 43.19294036646886 49.169281830743145 3.6682464614603703 35.82977199694173 -46.647589309939285 -8.691643371474413 24.51518786205324 19.84139810901449 21.38847763809443 5.925709103726227 32.83594257605513 
50.56040057199005
43.214654801700064 -13.935399912410517 19.86589361092456 4.506336822084535 46.18323360160099 46.43437667429927 33.966194171747446 -17.440470118345587 17.95305669478519 -0.25831735656356614 -2.9750386557013115 -37.126680791295584 11.386185938471847 -49.90862180486897 11.66550374088358 4.591690749960584 -4.2231438108057375 -38.129129266201055 31.762252148804876 
16.498859897750307
1.7668002711989317 2.863618686864868 -46.37179361792629 -34.628039117500855 24.97688436626045 -33.705502723441604 -39.27384660498433 -24.922553629312116 11.685723734367372 48.09190514661695 20.869035853759925 9.346410765136326 48.81175127675996 -7.14165971549177 -8.386732274150567 38.68353977866482 20.00599659252765 24.873383128173415 36.91197653826514 
65.00892416653394
-30.16139169201717 48.90989822006189 -3.9165222306015153 16.40151235409563 38.86291310397142 39.72643358949729 -25.236430883584248 -21.292478955732864 -6.23336701345584 38.805704883987374 46.74849048754736 -49.20337145883407 -21.12936660026691 42.2411849088209 -34.50128108392913 -4.1066859929104425 -42.088675238522185 -5.369204287659045 -15.43801667433182 
12.680251848018608
-1.6562859152214315 0.4187267977865403 -22.71276938599457 -33.23479845378141 -25.67223375020736 26.333472000972293 27.939513444228098 -44.377674314537515 29.111628783322658 -3.5978212222633417 38.68909217744772 -21.736541754545414 42.70096009571718 -25.52154816502651 -40.063745171874885 44.66432882141727 -3.4955484493571873 -11.69726205442241 5.046723529080232 
89.3653095367876
13.071377299361444 -26.178427131104097 -45.189255328844965 48.68577085227082 -23.912204019985207 8.823801325847512 -8.197753650582982 -28.364355494217087 3.4738249308472575 -39.090854579137954 30.302740339270684 10.877388832285462 -45.27484762024299 -3.613678936974921 23.567937601244125 -18.014025570033652 2.56778175162318 -16.094915481448638 36.953291569056006 
86.77416187123512
-11.454255093726054 -20.54148170190979 -27.222009009680303 -30.40522807195054 12.33730742384104 -2.1510337011547733 20.795208926288538 -35.698752528060055 -24.603981009411548 -40.20696573783907 -13.250317363146848 43.94230659885416 10.938646262361814 -46.45191251978042 20.741980281890676 5.286004846653746 -15.647082547901533 -34.72528031791842 26.982103169921018 
5.913115753066956
40.77368708962277 13.30672471867689 -12.996668023637405 22.889187377287115 9.87702210943523 -31.917899947406536 -30.479448225719384 -31.080776118491706 -48.13264828084074 -48.30436543165505 31.855500586099993 34.40846871336376 43.18374535919055 -11.134278404746901 40.21473875552017 21.997238287176614 -44.37292562692864 24.56499458282417 49.094382905425675 
3.9073928683314163
-21.589374564409535 32.64646090727099 -16.301095181006595 -38.16756174995764 -30.937504031765016 14.503858315907664 -36.50033492453329 14.122892691557226 -3.841070061549715 27.136907007946476 -10.078007547393753 45.66300526841944 -45.45653222373607 -14.05072367101824 -3.3619350539067057 32.10450507459011 -8.012379402569401 -40.81100361152286 27.055984314426453 
92.01750951071543
-14.825472119900105 8.1481984320409 -39.666192771496895 8.038392251291093 42.43785331254841 30.07097475508978 -45.389444808945555 -18.76125585796702 -9.136051342472854 29.175287658940547 14.134470740073041 -28.290695744063253 26.1661089072727 -24.72317043657368 15.582136781507089 32.747091949823755 -34.83450736254321 9.209758968647932 48.100299731914376 
66.05361201546435
42.76410404724248 19.571328873950705 31.465527716449415 10.996504757196355 37.97099209561263 46.274382858869174 -22.754844891401948 -17.743482917300646 -3.1564155335408586 -37.02622588153473 48.95619053583553 37.076242050118324 44.131902401450716 -47.36022492054881 -41.04281513550107 -14.153410906582167 39.96414175835251 18.383591131631576 12.171334507181044 
57.91147240391372
43.08790797509954 -34.90291493521126 -30.27264845173503 -1.759262300857678 -12.017832950556517 46.550910996009904 -40.78206728694931 -49.98410319871663 -30.419247527163307 -2.6977741206814088 2.5139564295628105 23.19274547160785 -43.600925382636234 -40.90477443356484 -33.06422547484223 -40.250515238737876 20.53139813692117 -32.60524393984278 -28.92872044684577 
82.59849609794475
-18.713071112476754 -14.724716621653535 -7.356286930470205 -42.96553923534333 8.158631539058646 -40.90544459409416 32.570437356493926 -48.88899128370421 18.369566891992406 23.21330708059797 -13.282809826314178 4.48268181426814 34.4172526908155 -0.5206135307723656 -35.1593790056712 4.018428357133544 37.83738315250277 21.276713743587365 -25.174806815126992 
18.88750412736586
-33.16602109363795 -38.35347372946938 -40.44119412938201 -32.161945717268935 -42.526127203576706 -39.67960242345404 33.654771598849806 27.03328203389077 20.819160902783665 25.46151156158679 17.71608732561532 -11.920411772451502 -18.327930679764883 32.492757149884795 8.951198597863844 42.775618684538514 -21.467534379859977 -45.40279623689513 -41.311266276508434 
3.6306731561177474
38.918994416046246 37.3085586939372 49.70197174747875 -32.65451443483137 -0.6193566369211752 -26.933754037648093 -20.757876935790996 42.21787995427174 35.32626894165577 40.69176765110235 -42.70729855694634 39.830363949302594 2.2254853174101896 49.45004880444091 23.79564914961911 -23.603735920693236 -33.215037038367896 -32.30851449872808 -26.53693429068995 
39.785488777312175
24.38012257106101 22.027452914244392 -47.72325668907153 -45.47939884384955 -42.67713998305349 24.574093490163733 -44.10906268673979 -31.071636259719916 -12.528214641197657 23.00615029331223 16.892135725464797 46.15145260238798 16.242239627658932 -29.005239602987775 15.232808894809963 -36.13035927687854 25.24911629069844 -14.939963084330124 -15.855523747144183 
16.349145682303366
31.616282405681574 -12.048598184863266 12.448637721529074 -33.1664877316195 -46.58777740616203 38.37557971193341 -36.577555966040464 -31.691159320527774 42.72226362193608 12.224247336778838 40.239246947772784 6.32071841092948 -13.456464949736088 31.41035153916583 28.492457587019985 18.78978225404957 -41.01037306105704 33.004123232297815 37.42439231866102 
14.667315799926396
32.217629603398265 33.56685979422062 43.220136251070514 45.791859245515326 18.041089997055778 -28.587410121219968 10.089633434272962 34.45232163412929 17.368133705116435 2.984749997365057 27.849615025304246 -27.067390524901636 0.4048668598563552 -11.382972627952107 -41.669870309565816 -9.292648730340638 26.989826437109727 27.654579294329082 27.16884651809805 
29.977779652538416
43.47618806418777 -6.75615044468222 32.41947840477046 -19.118599975728223 -39.74592540474158 -26.94376699206674 -33.11098484879021 -46.02140592225775 22.306189124238273 43.792909351112 -32.76826761925922 -40.48614549038642 34.11573239710532 -5.474884142493288 9.566183176731855 20.468817655077302 -10.203661450601857 -33.243732565964464 -31.255283346501983 
69.5689026419794
-10.51039546715721 -2.450738242235687 46.39330780842403 -30.825233834198794 -6.12352153952321 36.14441916851921 -48.54723099569755 -2.615570101781863 -19.92536923271623 -45.79952034074929 -13.809266621210568 13.691384334099233 14.244671960801838 -14.876860816846992 -49.482981228069555 -46.8114476591499 48.9038851077071 8.90265028475622 27.923307509271027 
99.57750961449916
-13.753098710476543 45.46400944844693 -42.51864239493226 -45.863107394500815 22.698539549409062 31.740305379915398 28.072217009294476 0.32345043177441113 4.474820599400253 35.51183567818455 -46.617801942321954 11.823742669177065 -20.89608552888421 2.5106229588446425 -0.810300802943317 -34.35599649337274 23.6596260128414 42.37199929475544 38.0801505745368 
1.2202233178141952
-33.114288697149945 33.721947066229816 0.9647370237730541 11.550042723553624 -0.5597956698278992 -30.979071828052295 -20.35823233195736 12.992568485355413 -15.835394582238358 -34.25802924787318 10.127864637018767 -33.34822190285118 36.58367445290315 42.042774373780105 32.59944038495526 16.153664499382643 44.76726134290206 -7.701298043243156 -19.476805999949185 
64.14685976156521
37.23643744742999 0.695448575242473 -1.0823869994927549 33.00096570005968 -12.22803760344403 -0.46266166442776324 29.675836141404105 -6.053613948695727 -33.21611418021314 13.009110559394486 30.493403273712715 -46.70608129746394 10.3269131218197 26.83617295704893 13.182777732758446 -45.60798779526256 -20.103139640266555 -10.379724837553397 -2.9802139943179284 
89.62399665303714
28.819401408633 -17.41534831192503 -26.744618646036844 18.01721801348023 -25.65698369932956 -8.955382584946172 -31.960551158550963 0.930501825809614 -1.5261146205232876 -26.87326376311242 -27.2583724873133 -49.19409661813406 -34.85880465070005 49.091641466852465 -16.98256739142228 36.11523865620755 46.45718671553628 28.072645239654435 -49.04379804247305 
99.4014274891139
-3.3630488245758414 48.12430821834157 8.260715051946057 24.709190970172344 -1.4311214046564515 30.18215343768381 -37.35341117964097 -14.280795360915818 35.077331621320724 36.866767620687696 4.512833121637826 -33.4556803385053 4.594995533458267 -16.977467492770074 -13.576738049114866 -26.58400888333492 9.263058515565717 -33.536699746690715 -45.948323403692385 
47.38361979251838
-7.596784868978922 -25.39570950792148 13.982110392247534 45.66898731155632 -8.143771532689811 -24.508382134890105 21.11858619691182 32.4625541147322 5.857604008010185 20.197797126169164 -43.55275525009247 -41.282118767144325 38.92165093896524 -32.36636878549335 44.50687481706707 14.894984848574197 6.631080164208001 -7.4660263968768135 29.16225707271623 
10.62295842026979
30.279955168940504 -47.29320310383781 -13.862104660825672 -29.103265125002054 44.99370117504503 -27.407894977330894 1.2581309172703286 -10.307614251094321 -21.749414032319294 46.759211839269284 -15.54721516155896 -1.2201080175138301 29.65490290217936 -20.82203177306208 21.325852607794644 -7.968166378459372 -2.637164395134974 -48.06846338208401 -13.551999551699282 
93.67101488920973
-48.26217132764068 -39.50465407739283 -44.478092303342244 -27.330477561356638 -47.38701512764402 -38.2111083285355 -42.81720617430216 34.9063047651274 42.963854977976126 -44.08591819609538 -0.5652528346246299 19.70982878277991 28.84574598930398 -37.174149956219004 -9.413282116946142 -11.94305804808257 -26.874551562552117 -38.86220250865898 -49.95961572559266 
15.968602027727997
-11.161926271527953 27.84765658314653 -29.6046805690956 -1.4623595703343284 16.925478695292966 -45.0256134868947 49.07520734666164 -22.45672609018844 12.6635098630384 21.93077858523462 -44.957877426105284 -21.24839144766958 45.26111827474408 -29.087581190021183 34.15416566772073 -16.22908450293089 35.91515637020595 -33.33405014151755 -14.664959142096137 
65.72498126689551
21.030435436309375 21.706579186340647 -41.037564605612964 -11.972636418155147 29.365434295237492 33.386782646860624 38.745335676971976 -48.81608095624544 4.539820740886924 10.175260522133343 -31.151291501539724 23.820526973990923 -12.3592889537411 -38.912874964412346 -20.862744787489362 11.027409675973473 -1.4096175718971296 -15.586550675535328 43.148206421936735 
95.63101930718537
19.48896866966814 19.73024349020072 -24.23354274263232 36.14899574212241 -11.6786075511068 20.624005807262876 40.56355178478843 -31.046786810664894 -42.78139741798501 -35.34699706087763 -9.624628196089937 -8.43953238438553 -44.111025857646126 41.77049172388038 8.931639309589478 -1.0101145936316698 27.886486800344542 -47.231896066432974 -43.78639548647803 
5.770702346933055
-24.941911191036994 5.254639945424891 45.70461769746389 12.453517463005227 -46.186562384821514 16.267581332423504 -2.1884831698856217 17.372747161271747 15.785992053632668 17.82162869546748 20.473087111777104 -18.072552753156636 -24.994809858556234 14.530620320667396 -34.664904969086194 30.792288409891597 13.875271539931958 -39.10376419254476 -4.1403111759031646 
7.239927903708043
11.057024906928866 9.938854720861997 -17.649732926073447 8.150605462777818 -14.225415870183113 34.55306050239383 8.111152190768102 43.30427555450102 5.120146247590419 38.302254815307876 30.824735576920688 49.19517049746793 -6.394771362875261 -46.67613057332372 -6.283023740313574 38.87818652841361 17.507974256206225 -30.401251968283727 22.195514844586114 
86.25099292657585
-9.508340496818803 -47.954749277667005 -26.617170197934637 25.69538860640229 -38.47956210240558 -20.26932550544047 28.330248474353965 46.14582993080671 1.274103699810226 -15.050339563272686 29.686825462098412 22.422713655315462 -0.9355816290922832 -20.998791871012813 -28.789548500890028 -43.937577810310756 18.681366051527334 26.20301747682376 39.74677193587968 
92.89575093116281
38.64845491913846 -31.986107741881497 -4.83518009254967 45.27083231839555 20.041966655754578 5.091939610691611 49.226544226263414 23.086175137438772 3.329852480588734 16.698380892522735 -29.519320770916934 19.694051808397546 34.61173806114756 34.06377299608083 -0.990317409450256 6.253895851004387 -38.80770630331365 -12.834475033056535 2.2217738856099345 
61.25998005736166
16.595999805840435 12.822535305881267 40.868360972734735 0.7371499685871683 35.932108827004186 46.09494166173586 43.080442917260044 28.992898817721965 3.9444342504091026 16.683869050947393 3.4558318119216196 49.83365323902291 40.131294909992704 37.35816955622823 34.09236813959072 -36.202410392241156 -32.00319261560935 2.392187009918757 -5.049502295613671 
28.225942220053845
-1.2045511038457164 10.580547006418904 22.041987279384614 -26.11081909322175 -15.942380946918192 -10.396928651210558 -46.320301815557464 4.404033900678087 -44.26530508370211 26.3449276700903 27.386714185333275 2.821888324438092 -22.022138698816242 1.234095673869696 -16.9486222521814 33.53851719152907 -19.634219902642215 -16.25960931168072 -38.471940592206096 
57.069762132964996
28.821959594260818 -29.112825930797403 32.121733068446474 -29.742783809732753 17.51341238289224 40.95901995838828 17.257831241170834 -4.887462447975565 32.69805847824517 -49.45442418530184 8.126960083833254 15.778543149752949 47.78900955533932 24.64391671259861 -18.792506613127024 4.979762524690344 -42.17024450478035 -23.251286438661623 32.3072592496184 
88.85466242953109
-48.875043986054 48.691559326068116 42.12881835220536 -27.79371429170966 45.947414368329916 -21.552149634762095 -24.648819849590186 34.9775870836871 -8.957495532049478 -11.788372370643671 -6.1660283972669845 -34.847746658459535 40.077187351090515 34.74582963162362 33.78847643348922 13.301362893217252 -37.768547373452606 -20.65257125420056 -43.37685304297641 
39.64073719982256
43.805869558297246 15.723971135343845 33.659542566725165 -24.266591403149274 -30.980307442862333 40.660039494223966 -33.97213485549274 -10.133898678174702 42.099696547358946 -35.44075910573969 -27.210386926961583 -22.351793383456354 27.310805261703152 36.77929418128268 2.698085072624366 -2.4737427134501075 38.75523702452536 4.134849238004932 37.99581287909419 
34.67639887547912
7.567776536123695 30.024746980185085 -37.738771451871074 6.131923919540171 -9.43951774093047 -23.65265016927458 -41.44481048832455 -34.97752619084472 -38.579016434523936 -9.30027196568912 -11.01874615738513 -27.554004241203334 43.244259492985464 47.31342900803077 -17.738137281930456 -18.235871775340694 -0.5214143103955493 -38.238376772463035 22.045909394513757 
22.006186078123978
-0.7078761716185511 36.679460421934834 -14.59859191218046 -25.413549379367627 12.917417382994877 -1.4285144161043846 28.31028441117948 -39.31596982808004 -27.293199999224417 -45.76302662418448 -47.02939645335037 45.404037190171906 -43.56745852984065 29.426140275890674 20.324780957785904 19.233403523284935 10.791345656809206 -47.952853648967 -9.529333524212788 
37.3241774334209
35.12354199411078 7.575868107289807 -16.524367507708206 -17.218349754785834 -11.966848496989698 25.277476342398487 -46.39791425942522 21.40423177796201 -37.10425022313666 -49.56918321626757 -38.93389390081408 -17.783515387609363 2.166876183374569 19.95371389745337 7.189209909207015 30.656312056733853 -15.04555641830597 -13.340747595880252 -28.83350971553309 
99.42174989747035
27.494482661402458 30.830210751459802 49.66268774984766 5.752417788967712 -18.029771888260903 -43.11921366997671 -45.9389802593263 -36.68481086626143 5.540459808256649 -2.418187578627929 -35.57211124065136 41.883126447874986 -1.5063466386552449 38.657702532065414 -25.880161800636635 38.64135001599023 -21.879604772379647 32.52038528121926 -15.552548779167616 
1.2229660736678305
-36.8027569728669 -8.512505506523873 24.924142584213342 -15.527280298073642 -7.099019216253424 38.0391604010583 -18.63394798425305 -19.544377195118447 -6.476961036488085 42.49975092588254 11.472616287667293 -15.62774133542274 36.529616118220645 -3.0120573062650706 15.50553898213245 47.81207368861996 2.313780960815812 -41.43947752566433 8.297307450288784 
25.170428612986452
-24.588291241738258 44.18239819899206 8.05856549325 39.074778716241184 49.00585937818745 -24.512732311562736 17.317025048013306 26.30983520289216 9.213808534937343 -47.74953567612747 21.808807698608874 27.00108577503991 2.9621517137476943 -19.92246795674495 -25.743563766389286 46.71065282527212 -32.829312419896766 -9.980934678424525 -38.294047469683115 
53.61891615227624
11.522899270615184 -34.345529047123705 -22.54105555692856 -28.890108155214357 2.2745118160820255 36.64422327625513 31.62351232987389 39.84792228006833 -9.647305976869447 6.832335542559278 37.92150712631242 2.8276882419658165 -36.57578106781734 -40.31229708250464 8.627657923623467 11.899186102557024 -21.338236120657307 24.20506415982888 -25.62051621121293 
64.91371849950507
-49.386793706235196 -9.656668059045039 21.08513717785381 -41.09337334294037 26.8796286792861 34.66109168495366 2.2696754385693865 36.62686231701646 -16.766498852578906 -45.9839222105531 41.93844776496293 -38.7568005932756 9.359286067842632 8.02749652435061 -9.600347168980981 -22.798760908586214 36.574494961297304 39.45705311832633 33.476354268479 
3.975056661460885
-20.309968380786703 -24.253367634916334 -15.848488491202303 -36.148246586720305 26.59437924639475 14.657545055553939 4.927916123176971 14.906761310412293 11.197052235225591 -37.71165852279741 19.048166675562868 -4.027729699041181 48.042426537693814 22.705199502116386 -30.7919050886019 -8.329313305099582 -9.794084179046322 35.00090185749451 -26.489652492207195 
92.4795278555966
-3.9897885873663057 15.805508482292325 10.143132098730192 -42.68625821623328 -45.34993428750362 -6.896192763431017 34.63235700441135 34.25593860624137 25.989926401657854 10.671677400207571 -3.4962439556001996 8.834531383240588 -4.400531062577585 41.525531497790695 -24.195219924533816 28.644395423869113 32.517882452954126 -26.51395520091615 4.174404154127956 
98.12407340692266
-35.71147396233022 20.28937429480669 -29.987770933671143 47.94819080513891 -48.51863405756562 -32.363843933459364 32.78653316690401 9.763213485394907 -47.77861964046222 -14.849462818991995 -12.36573453975511 18.88920638293186 16.16692177451469 22.428613763464455 28.144177366396775 25.129856705871163 36.932735285616744 -39.81245284576003 -47.4223705759886 
14.977453897333348
22.128244250496053 5.983849978230957 46.769868686651066 37.26913068436758 10.98232550893249 8.051140422256509 -44.43213248916304 28.745155031491677 -19.048248044370876 10.51491581664554 23.899040504827582 5.9796198773744536 36.76113517793135 -11.426253610967748 48.428544574399425 25.798403348052076 -32.00199028478876 -16.8065568848572 31.251037286273075 
17.568778629986237
-5.312454479572139 1.4427077642277766 -31.823895868875884 -42.36037968248484 -5.802919423677935 -39.194124277215145 35.90487348136229 38.730674043342276 17.371456346366912 33.64031048575457 -35.24146732268204 35.21385985008939 -43.02401050800256 -8.596878285691623 -3.3921562771688087 -21.000839057071687 27.324584154089976 -42.646168371633586 31.265951057768575 
40.132127873845256
-49.60362355095865 -48.85326494436863 -41.15488345282803 -48.770386046440386 20.79500731698964 49.05863502979889 -39.558745135168905 -24.475175730136954 39.58046334680509 -10.445255443543402 34.998454667002605 44.56236292102106 -34.69588139306761 25.477523552441298 -23.68106931009777 -16.521564290779388 29.50351593120375 -38.64971293984295 -19.07784547009561 
99.32093060915291
3.4640816083659445 17.119423160604285 14.820162010665499 31.008615759777385 -16.769156120029358 28.116127687851133 5.264357876394833 -1.701777362351919 -19.346061386495794 25.10053248050393 -47.86763132765728 -8.477254210127597 -30.322469970825473 37.95822632202717 -27.138159301483388 13.88376188382697 39.1324821987254 31.95108082330846 4.701287040812893 
23.725151034853653
45.96898771635482 16.381460713773492 -11.463571413580553 25.48513743022329 46.1660298769376 -37.889203699127826 49.66373553089187 -25.08195774324371 4.480467939899988 26.580627401012208 -27.37886880157141 46.69675059549219 48.74919092924759 12.816218818863845 39.549165882111296 -39.34865083259125 39.633647347520935 -17.650146081407016 -35.45584994261664 
76.66899907320983
-27.503191230887257 1.0830020452236937 10.078144140232048 47.67455404324542 14.528418008386524 21.813547212935262 15.798862094494083 15.131045046010712 7.285140375163444 -2.5137152505821234 4.885889283979218 -7.856355236553391 32.48802115764386 -24.818006884376366 -41.37207356202168 5.520244969696883 47.22045242058573 42.44230168745659 -34.00103944388886 
60.036336677878296
43.595615320510234 -15.265251075019648 -38.25037493663652 45.67141744214574 -22.486876797600253 -34.3056714157521 -36.1067256625679 -18.271352481276537 41.300447081691146 -39.76506573573534 9.454551275103952 30.519038027521475 25.8353815697498 -45.29388723819814 -34.03847402335805 17.685991898612613 29.17170373144073 -22.02243698941877 -34.59919940517467 
66.26550392300418
20.740832304244478 42.6658787494508 -32.781837603096776 -12.778094313822344 -37.12178320092329 -43.32497779179467 7.4357713203214715 20.468578945225417 24.723844762224147 11.804076070819256 32.07003528125763 37.277500491669386 -2.527893118862565 -31.617146573606046 44.77268984253968 -2.4988315708532127 34.49700266076846 32.72795630853558 20.980842659811245 
3.174820393381572
-4.945485811922957 -32.331077641176805 -46.14999103712696 3.836524830815492 -33.93535512133684 -14.52387198503287 0.8575073272719251 38.29718251107043 -27.09846870628183 47.22913286977875 -5.7982138976433575 -7.387989470066394 -32.82928621940976 32.99620711735126 -37.01340530164825 14.64965642077739 -2.8715241941638894 -46.84720561895988 -9.332824511016547 
51.92456258210062
24.698975953489963 42.748688288804544 -2.651092646252849 -28.747212885956706 -48.02940514482245 18.04077719790125 -6.732840158811904 26.31096729021442 -40.396225506112295 -22.859839851011298 -2.859626959687276 12.322699359586863 39.75838158959735 -4.82042713609281 -48.92336597296924 -14.133926301329012 26.949405302282685 -1.5110079989103085 -7.6726314064523535 
32.19070381665502
-8.33442901629956 1.9743904174590625 -38.58001813665163 32.45206505571893 -36.36372422166657 -40.77338577616929 36.064586860256114 -31.084474378217976 -5.692027946127453 5.844397444228065 -19.281728799607343 -42.54805657535871 -48.6080444907279 -26.96247475941841 -7.196431027066964 13.541297404849097 -37.72873139086202 10.783268836027815 8.316163007680352 
40.52028762953383
-12.394765123026332 -12.358859521236795 1.9200455615811975 -23.04559309119899 11.64587782744455 27.78813054340162 -20.383290474534842 3.78449708582297 -18.418666786391825 4.918605065738134 15.688201058872636 41.2923732064078 14.64703678577537 37.3600202543809 29.852120061221626 -39.050435435042786 18.796379136824726 19.087719201999036 35.42998456779283 
97.85782753232492
40.39819207758403 -22.720956071187402 14.818635967937482 -24.24044755454583 -39.27073032333311 -31.370931099418176 -5.332404396216518 -1.5092384520307505 11.955879782288335 13.857276359964033 -0.09633583587949346 -30.73110626916675 -27.15094160768411 22.66650581810812 -36.89274299534843 -27.647857845735945 34.65415229386791 -20.1274026412101 -46.26675259761859 
90.37660074447476
-1.6640112233834898 47.50510239399749 -29.71755719166217 35.0720325729702 -24.153274882802577 -12.61345026946912 7.768028842137241 -10.92341600673582 20.114274717707985 24.029702926453695 -27.31538546777462 42.2153433985732 1.12495750863134 48.64935475967438 -31.824163928045166 -43.12289027917628 -21.225192354350252 11.66718264566213 13.20966867181054 
14.01832726441098
-2.910220280230689 -36.704781688395805 -8.691006291695203 -26.157378261010088 38.965839234242424 -20.384425099119742 46.74814512712639 -16.65103607818834 35.75570679795007 -44.96897026064269 -40.885505068348124 26.710958293513656 21.829849833314114 -48.956855005754576 30.747406080263488 43.84432627912682 -39.33495202288736 -33.97838423892121 15.80516865380062 
37.53916496572529
46.06465224673039 30.960581953852568 4.5738104454622786 -49.82190121365486 -0.20953870167244304 42.17463883060587 -47.88005488972619 -32.669014224852766 45.186897072972755 13.469389014100464 6.503115021805549 47.411330516533255 35.30394684741756 -32.471725400375774 48.50137519809411 -15.900837295718738 -46.42388807501153 -10.910362609663352 2.1671237446951537 
81.37956527252473
-14.709566535622962 30.944807912717295 13.518487726294971 -40.1843153298604 -21.12264642563657 -2.129811297284512 23.284810950734624 -32.930517520890255 -22.5159394923519 33.3132618171842 -21.13683700366904 -14.296905442936925 3.340650785062863 -1.0155022628227854 40.50594675772477 16.938157661533708 20.10529686197586 -31.535827048085064 37.24808527303 
70.31999161010538
-18.324663001641063 -47.48485067276354 19.19543184794236 6.12808744642863 -0.12298409076407779 35.99966728527558 34.53445628854787 9.893843018932898 27.99738730425507 34.13025371047506 31.986410734601975 -23.468935210814667 -37.70236487665607 -30.758075020623743 -47.5824356225361 45.35423081564849 9.447910270032132 28.354774422215172 26.930317900549326 
56.654091832199704
-45.750512562585655 -13.496797493222331 42.99832209507903 -4.480318555898776 -10.939091683831712 -28.860010178752184 -24.928033132720927 -0.7596144493791783 34.02049355620093 -1.119519319558691 1.5689466382672066 -19.10883685410292 -14.541582277819522 37.434157094686284 46.27782391733845 -36.40133864514009 -21.182683481910836 32.77793130989535 -11.05914952760034 
27.505403736079348
41.95118144071644 -5.542477532651034 -12.854439118009275 44.59377886375209 44.848071404963676 -49.63973556110156 39.6429053078224 -34.69883914764888 22.622954626574497 -33.615191697439826 -0.17694520576836226 -24.74810447044692 -39.94723520130199 -23.859880179690695 17.31818482736739 -39.548452668081126 -22.023418097123326 -18.861709727607224 45.56492211351039 
4.933242876042964
-45.44045790200353 -37.09737655696888 3.647335152274323 -3.884468866157512 47.71996489752392 -5.005400990468225 21.854727755100186 -19.974337164719447 -41.05510282223219 -44.82978609284836 32.12665684132023 41.061781751370134 -6.729947633363267 15.708364634188897 -13.07900388145309 -20.887990741474137 25.37597689399847 33.41087808859986 3.0290675271011267 
20.617928142904983
-22.447038247645267 -30.14416515704299 30.47515168215405 29.56456177262885 -48.28693139386164 47.19293739728472 40.87604612059836 29.39839342055997 34.678384608266384 -14.898414301907245 14.499491771016594 -42.48043325684322 13.650424826650266 -29.51052882908536 -19.25131030998719 -49.73608173639506 -2.9336338866089875 -16.908547921174403 32.91334812282591 
98.18501451759725
34.97356159850973 37.33553415468279 -5.2340078593616965 18.965898807685377 -27.39537622602911 3.6748125794010633 -36.054454925634694 18.434816138683146 -48.98890544171848 41.04127323546797 -4.9414936508620855 -1.0713408272441711 -10.585514151758716 6.15933271865655 14.041272994956856 28.642467094492943 45.35933347712012 5.164099635678241 -25.434515277108815 
5.622797046593986
-49.19638913185428 18.301315401940556 -22.868474232027513 35.70734117880487 -35.042338760640746 -40.557013282341615 -28.016382630533332 44.98270684061961 -32.01639916933935 28.734760264999608 -41.906811090826366 14.22674002631939 43.59289495423812 -21.101919848831397 -27.8044738231771 -44.67856998924522 -36.86937452572825 43.54228009558557 34.2279561802565 
47.766810848848195
-11.089285979983842 -30.70130567985411 -21.493884637159333 17.195939295224136 -39.63280967016658 -47.3290188221859 -46.4118573400842 17.18547805365172 13.012305897366005 7.202858624455857 18.014892836364183 20.675983365231673 7.243177137224421 -23.103555420843904 -6.022436064834565 37.96049605461681 11.714318136586932 -32.228486370121814 -33.54757523182704 
54.469623227328555
-5.705727819303831 -8.962087010081497 31.45558141272552 23.475745860657 22.550302433257315 -1.4395113154628945 3.809017597494389 6.358595069047425 -34.74408961073162 44.12785217259312 -7.827551604514639 -23.781071799431597 16.591696788558835 22.493395972748942 37.08375187451793 -10.603411581691958 35.510875341984544 22.23895214285264 -13.635918489232147 
83.84373628064661
4.166553155574661 -21.781450472301856 -48.517981956125034 -16.676390674101263 -38.65135795381115 24.671743845094824 48.33438244965001 22.049669129936305 -40.44594409726344 31.05304342885583 -23.610343037137948 5.649527127293119 27.614637646365452 49.20593146204304 31.253217467729797 -8.767399333084505 -5.2669697199157355 12.717117822119882 -22.54816634731245 
1.8599335149133034
46.327504696527924 7.118563222181898 30.59823101560019 -11.140790436868421 37.26250931631182 -26.93806418728024 11.08477017331915 -30.802558465636498 -16.157483923332514 13.672184802961532 35.068539109601474 44.51842750590053 -7.627488606393108 -48.006123227934886 2.7484877268962506 -46.52845495989357 -40.86075369718455 24.77608254733022 28.79850637826091 
19.602998269599624
-5.656845702272207 4.7985115768908955 35.308614589885124 33.350180380209665 -19.188355414061597 15.523744945309474 -6.3003155675122855 -1.425686606696722 -22.749791928565333 39.06733775472969 -41.18451328007924 31.58609221918283 15.338622584859749 21.309674185087246 -14.2409627361642 23.763587817028366 20.155251956796633 46.43044526947064 -41.97144334067988 
67.63113707289406
4.213289542439725 -12.771331970295009 -15.87838299942085 0.6625807624157218 46.81851167745896 37.29819613644176 39.01433236580458 -8.908345968265131 -27.491060445431557 -3.539310332289233 36.78576133667417 25.65690658366256 -14.987453928317109 11.815071464439896 21.145895120028527 -39.52196151880386 -3.5400443012993748 -26.655523658765368 -48.261014350891514 
63.15511777773287
15.514871993228724 25.228805621989977 45.83216822156206 6.7015998672502874 22.635705224106445 -18.157035088218322 7.362656764929611 24.06666373924699 -34.142305744279255 30.877917166832262 38.30505342320845 45.77189072470861 -43.714398293562205 -34.89627385460824 -19.06639127253362 22.58183666856202 28.91280346053277 9.00078678329973 -16.20746396521183 
80.14757982031011
-38.56658641580925 -3.182543179802778 19.050786777978132 -36.793129941737014 11.389842011445253 14.569374730248896 4.405919604695981 -46.80597540878571 40.2989823136768 40.07771622262128 -1.1849163724651532 35.00726018838333 42.32599892093852 2.350746670657742 48.06927993449209 46.200652238499146 -15.3745488332328 34.445001583789775 -46.409533098649334 
65.01248872156152
-3.354698326123085 12.399484739334653 25.819294119427013 -17.588718440463083 16.490128419945677 -43.08170387672293 -37.82547318735546 7.73523396478771 13.865596300828521 24.184141543981468 -41.19644998361912 27.520516485532625 -38.82286859252414 27.51720138809381 25.20657498574751 -27.24178910901356 17.031374241020387 12.550854934247369 21.305468735316666 
51.08931584094978
19.68992103111526 -44.82218189858206 -22.358572789179387 -32.65823302483396 -38.04946061765146 -36.27275527382775 -8.876041778284758 38.33289040767586 33.481847122150086 44.66542983950626 11.116963051941454 -43.99464915841864 -28.186725396499767 34.56970400124956 43.6359357414981 -33.265970424522294 -41.01716414513341 10.207206650409795 5.0436360691172055 
14.035985992046573
37.27108704950507 -36.74274987406717 -49.13016787950081 36.93499897584469 -5.499640276199244 -33.45203569352101 -9.755991050469518 -23.123126682632687 -12.945788417660232 -35.36498839702888 -28.08178966541458 -27.63887595324306 27.072774345224275 -6.867838713446659 -6.029523867295296 12.349233055345131 -40.79455655773554 -31.589492295241296 46.01761502777741 
77.02918974960548
-8.146800896946402 -7.884754079198764 40.12928920308889 17.66054491505247 28.008566895528702 -16.594169472302823 24.623787789644354 -34.006218928443865 -38.397971865185994 -14.092533496294656 3.5389813245812007 -31.847730536317254 -33.31050662756596 -3.931130718580299 3.810374455079291 7.884681868597589 8.866201739187964 24.95327245437865 42.05137826112285 
19.740207260499687
-49.031791928891856 36.446684216701414 43.319227220232094 -6.011529161332 8.423388030714726 1.449446896854326 -44.63675319065986 -7.999389128312963 33.539697390563944 -30.175833719384404 -16.409543105029236 -26.67257005507333 -27.430834564906938 -10.294912436336013 44.34677042254039 -16.14483025722219 44.56193009136676 -2.7688899806728386 -2.8996537187129334 
68.18888396199763
36.82535659571249 -41.153461602613596 -30.273074051160677 48.80799721856751 -1.7709227865301287 -26.979185789600855 35.33524050993988 9.558119992864079 38.64762887178054 28.570437182254935 33.93392518569375 -18.31225360728732 10.508020552741549 -27.276664490170198 -42.270442637751096 -43.09201895767518 -43.289512588244364 -36.35202363490051 34.95882870122952 
43.84797439116491
-41.88364664780427 -30.623459856923574 -46.10396733572598 41.79828323974945 3.347784178091864 27.883507379982476 -33.959554294251106 -21.22110705248783 33.81994014578453 1.5380513581351067 -4.523679316507021 -0.26182312592423074 -12.273133328169337 43.230625123881595 -39.988330107883456 -4.916393752073823 -21.871813488357528 41.18123394464244 -21.059910797871073 
29.76454942477994
-7.665496110850732 24.768826389934162 2.133367263582386 -31.22800746976061 -7.534856957888458 -5.321660385899584 45.66071951148551 46.18964663111727 30.35269612206541 -12.75607713597875 -39.756079580800844 41.82531625874685 -36.10543924017606 -4.9260715318416 -9.404248253500882 11.970997117377124 -23.497494609650172 43.87526151301296 6.052592254050396 
68.98474300547609
-43.52297994800246 -31.148291023495123 -4.099829841353284 18.156762227211843 -11.065975707282561 43.132948616672664 26.40479640811145 -10.28316135588652 49.337280899601595 -14.602100974683992 -49.199288785271555 -1.1403311445855806 -35.25937621036144 14.18815187822483 48.347429225320624 27.309194439950232 26.519945926166926 22.364257163336106 44.059245161237754 
46.21262979386971
-3.3244179403779555 16.739623966462474 26.822366202902202 -7.950681498377065 48.71159521876919 5.133890331827281 40.35341170666389 14.759168401860876 23.649228235789195 15.919579293869177 -31.183731993236307 -9.560111760646151 -38.09251480898248 3.5929670888960246 -23.097370248160452 29.73179160553248 -7.4152498967520515 27.982030875786734 -7.2052061823972835 
17.403513981221185
23.10095926470629 -5.58852832830199 41.66755676749156 -11.328578668830232 -25.789254825152142 7.476740681787433 47.24937974953285 33.43013297907996 48.07369467745876 22.03611524104207 19.451204920900736 -29.15897832842701 0.36867242146412593 -28.388138732982714 37.18468532127025 -46.37986000276151 11.364895195059347 16.598519535326858 17.22975155286761 
43.886531145128195
15.413323562468278 -17.491541397485534 32.37483368419373 -49.42358828652787 -46.50243180809365 -48.058181664404245 5.041245891483747 -17.801747006927627 -40.715553394382155 33.04998122628217 -43.783411924602575 -1.9016770701594794 -24.45999592607927 -48.03119834560208 33.760272700705315 36.42577934694212 24.827612974874356 7.029823165810512 -20.992444817680166 
57.63089766678689
26.08059278205232 -21.485304848880983 16.08675165342852 -31.400361280451637 -43.05750257677312 9.300132925620062 -35.52240709520282 34.42219537315994 10.694085664964135 -41.05226976614979 -17.923042286020163 -7.687264054056278 -13.86332824521459 -13.375060750458722 43.40148861420889 -44.65789561709899 -21.02255434532474 36.700648759464414 45.544903321759435 
32.41473602976422
14.063030144215048 -15.059238402478506 13.121075709808473 -4.684398127156044 -30.766603731083265 -47.063804280984996 42.662223540305206 43.67251541065008 -6.381001513218543 13.72781702486752 -13.195102959783242 4.323668098589536 15.879802688226263 -7.450198810404032 29.08464163358083 -47.15019843925295 -28.814376039605417 13.194947445289387 41.273547972442245 
61.92493874981776
49.66301554810396 -47.28745408202779 46.93320615264514 -36.34087035860077 -16.415310962717044 44.98138269094406 37.218795010418404 11.251237753458497 45.75327716664195 17.157514214513327 -2.041634181364671 -10.960769577487603 27.331961772904364 -47.9215105721234 10.644654154428622 49.43011385416064 -0.19964562443687583 44.412700793370945 -15.784967692971705 
50.21099533203424
42.76472288443503 -41.32539579627805 -40.64151756490043 26.38750169379678 37.02748649921055 3.1835625714464513 2.5767694897439597 6.965109741230513 -19.37832972942759 5.626093980542848 -26.659727971260182 28.9836359348497 -15.558214917725145 13.08836343563722 4.417201870584563 8.634538351164679 43.65336309167711 42.25775807588576 -17.181776515495528 
2.4353428747083683
-38.760767229612114 -26.050576892523946 -43.2132080535553 30.20489939682156 20.841285945421717 20.19570070882743 22.878753942549906 -14.022171590035391 -32.51762601405579 -8.15661094261236 -33.58689022283362 -16.984048977640057 -43.196305488086125 -40.06419180933831 38.439047421039845 -35.28089457581031 -23.87117084294028 35.11369102645044 -47.14730244218379 
64.50723324945699
23.966353750841847 -14.149070590381562 -21.58971557528463 14.640159341714735 -41.51122046873298 -21.451749830769796 -17.877309525780028 36.46104642392004 -9.923719894280083 -49.660080273703464 -47.120332361355096 42.694000136300104 -1.810474725407154 18.925619511908792 -2.859720500803519 46.19585650118654 -1.3633512833281927 -7.178353815855367 -47.86063021600424 
98.95671071308878
-26.274759209182907 -29.867356614506146 6.298179645499914 -19.836732922305732 4.840940588984587 4.277086584523417 -48.60946842468567 -37.21637420337407 14.6700769002165 -28.943219509163576 16.504190077970748 -35.59832092387691 34.58451381567126 -6.957338691123546 49.950438091330625 29.923759438978152 -38.367298224903855 -35.54378374679703 22.013008855846408 
1.2997832068967985
-40.86833886471286 -27.442106070301662 18.79098734267106 2.5456175159086953 -14.969564513181957 30.01086367458747 -14.62160607686188 -42.87704231482752 3.0163386682965125 16.770555139046422 -44.76341245586607 9.127494698690754 42.761075277036554 -20.242577700064512 -28.146179547961868 39.75575581378301 27.75463034840888 -46.097598317495695 -31.35040536026278 
56.16542430701186
-18.14943731744052 49.1115803493625 23.56974478371521 -18.886409070910982 -41.05285444183182 -5.721377640966239 45.93143776406417 38.65185147328688 14.15460229253162 41.68049759504224 -15.184392064872767 -36.323303223096694 49.34939138841446 12.924151203397173 -29.332465497638616 -38.72179378052867 21.192358680443817 11.068711404317796 14.754692641499162 
5.599569908166069
-4.511683714156568 32.62993681478754 -5.255876483652635 -2.6855315166235414 -31.80963710365229 -12.119440430714626 48.899984039430436 43.84895204496631 -49.59688208271059 -21.807695148452066 -13.73483666315606 37.11886071738434 32.41473941556018 -14.877726479725197 -4.320884077216334 -20.176486441953976 0.08843080362850486 -2.471442955143935 2.5973913625758627 
53.23078915382874
-24.130097934426797 40.20684075888296 -20.58342273676549 26.908338474692087 -3.7819590588339196 -29.628103187402022 -37.628314839271546 34.00017010499822 17.44181716146575 -23.235200206261187 -33.93873385695891 24.417363962513733 -37.27275629153661 -49.75115952747421 15.268849165872865 -37.29374580361154 -15.436021353756693 -5.535964132723933 32.987538224764606 
57.37687396295244
18.831961729086714 10.442221272259019 33.41794875628143 -5.880926274710696 49.48421358296936 20.041763853491716 -30.80214148781679 46.60318427380285 -13.937228974269253 -10.35709872320141 -26.764681470467323 5.456653610481979 -19.789558811569417 -22.24821773881405 17.255192351260092 -1.4723521881439297 -28.10808139141303 -42.00665622034503 -18.467628028165016 
73.69107759751894
-38.78649549974186 -37.569880097389614 -6.726736948140996 -20.7779087220885 47.53151485113702 49.22615904308526 44.720325186865566 -43.84341479690903 -36.03477456560494 23.382259744858132 46.292794942732925 2.077820150907648 -37.51903483020913 29.600729094882865 4.9399864654693815 -23.587233523962205 -27.61022673243223 -7.705039078915199 43.37184763379565 
93.59131291917258
-36.598188305437304 -0.6589376148241826 -8.055297244668878 -7.683964726086842 -6.693507913754679 13.375922278480381 -8.281570411398832 26.709730299673367 9.898081484700448 47.27800265712847 44.56461406690681 48.25245781841576 6.9423107643571385 -41.07568932474457 34.19342302029274 36.189362588440105 4.780291859894838 4.398889935880931 20.580332951760155 
88.48509711202907
37.59186238480119 38.53534897478771 -20.487968689253243 5.420146108449288 -18.608797304538914 -32.99216252230228 18.834162091629196 33.56897754632966 49.50341953067817 35.14204580877927 -46.52817954575003 39.16935625192362 15.571484878570416 -14.800293062559241 -37.59299635778657 46.78680569739133 -1.9311956012198053 26.097219589260703 -17.464490153918888 
11.697634160364977
-45.15662087229427 37.350956772209415 16.689048783090797 -7.441438675500848 -8.604641445414373 -27.501073591559 46.09660552401891 4.700432932593458 -17.60946998136258 36.33043049304317 41.172400372696686 13.778099783007278 42.33813053623078 -15.037580280676465 -41.24396211132986 -25.471952890367643 -41.587944737009195 38.13327244851661 -1.206250802728917 
30.02987465214829
16.0703996543226 -0.9582314275780348 -31.062102244301904 -36.86268792823034 6.429029867294624 48.64103104659998 -28.344793206184193 -16.36108938724319 3.270627884895802 18.504264536670988 -14.827576919910221 -7.7718591780736475 37.121478746194796 49.21114231402136 -43.048534745141964 -14.492838547252504 -25.995973997337874 9.660728433646305 -33.62567053951551 
55.01797808513962
27.27401345929738 -13.201150025786767 41.93134750698495 -12.31063390102539 -7.623200225177193 -45.04514330105651 37.44463899887637 45.107331002652444 -3.5917657875268816 -0.685245801978354 -18.278068863067297 34.661524887326266 -2.9587637144398684 -0.9852777748794921 16.524120740280978 -13.110514592317855 48.6800320480294 -28.078949576332924 28.84333980457488 
20.23513951706113
-22.37024939928258 45.369559814298825 -34.77354073028266 6.957540884327159 -27.38010179152105 44.96963475391598 -11.757670562760694 2.0703202747889975 2.1959910029643126 -12.965037729301443 -1.8207092318719873 10.961883282439565 16.294383793949876 19.28517830514531 -3.327204717805145 -49.259096770954926 -24.25881962357265 -20.83039838501637 13.201225339762438 
5.371212243703194
-19.533179576743688 29.496283686324063 -49.748660322275754 -14.695315293850221 34.90376440393446 -12.99337694262411 28.442979266426946 28.59027891958975 -2.6645497659189203 -18.88212707874818 29.01600948328897 -27.668082016522156 8.890519568937414 -32.73719539526955 37.8207427066494 -19.112586561527976 -12.57296206567171 -27.912070322166937 -7.6836800675975425 
40.345180255886646
1.7272460144993076 -33.77136186582985 21.0699057501035 17.585015929017786 12.224170609568098 44.46168029767614 43.8627178071434 -13.376254874326989 -24.092830805853392 42.74243300410953 -30.25271153809146 -5.03391306814671 -34.89570509816833 36.9664177011242 -9.736410477945803 -21.674421642437025 42.51515078005697 49.25159878032467 15.50994790825969 
33.349976222026356
-31.83135563444389 34.11999678165229 41.87793795909211 24.880083953464947 -12.09411582761144 29.164176110402792 -28.001239302873415 -13.209585301612826 -32.460788330875936 32.61621654060899 29.8118626986426 23.604742875407155 -7.985852491926394 13.693811812304766 26.654839869372424 33.84901506793922 44.701831276004754 -29.319854856614914 37.88696674320428 
55.49872900308009
18.375272376546917 26.401244975200484 43.79694518595403 -21.102687313199098 -13.526440688562445 -8.903446770902626 -26.591204678509385 33.16667222155303 -19.06606384153937 28.635456179884656 -34.711989533393705 -21.59948634062102 -18.82758151616085 33.614569024340895 25.563482768679947 27.82566291134033 17.719420548636677 -35.92239450348011 20.118900087013856 
81.63604912454261
33.56767465030788 -22.568329325792302 -14.729344298911428 -22.6513598307617 26.465430023205272 -14.409126630946801 -20.762467554023743 0.30006483243786164 16.188768774760575 -20.53984160161034 25.32079306791441 2.297269207979056 42.25264335956115 -27.42067070100496 16.95148176451167 46.4549888991571 -0.42901630371736843 -20.920787800191288 -35.37488113452606 
31.897467399457714
-37.74793410794604 -27.941021054248104 -34.767801736420545 -46.728726684709464 29.016037256510046 -34.924314070769256 -34.59382182230975 -33.08933719710427 47.647362317567 21.64406910765969 -27.751026271414048 18.016460291212894 40.445665557404894 25.476727787087157 37.15719989540291 31.353931976709305 -42.18575109022861 37.651813866896376 1.4607351378831765 
81.74468466135171
32.926370761907606 25.977389241831332 46.19839305296725 40.022155304684475 -3.1648936702411277 -23.471339149502192 32.59386861428872 -14.860253706045022 40.443426266091905 -12.333686808888054 -45.341708689415306 33.76527777564077 -22.57308948170872 2.801197560720439 -49.16588311124036 -35.035147447266425 -29.497731793236092 -40.24734038019977 37.70826346356739 
9.473841014333406
32.36063466173155 21.754856215051944 35.560747319841894 30.572205735089582 2.135419032253793 7.997364796559417 -47.12166047529247 -3.2741232620498337 28.45020705090724 -39.95647773548021 -15.048961126565239 -15.074497994306604 -39.106958447039055 -35.44813083380637 -39.71756773700646 -41.95168523003435 -36.81080503869334 2.433171502986241 37.78330373294328 
29.58851600506225
13.395266964226714 9.907462878586813 17.58114323292091 -35.25399750876821 49.113313529961985 17.882671483460115 -21.233522211745214 18.132853298122768 49.02441090431502 -17.34168666904697 -1.4897884290441255 25.251497055706054 15.966887289109664 33.16486395847514 38.72448002739358 47.41803962700348 41.335218804900904 37.78138401391192 8.802780437296654 
17.948717564941163
-14.24861506133329 37.231055864926844 25.963408606902448 -48.80296416143744 6.761230009931133 -0.8637200191539378 -1.666425602780727 5.423607352867009 0.7341781144125505 24.52203780559165 -49.850259902807736 -14.499680116251582 3.195438428101724 -23.111770023887978 -6.686856006298811 32.09491667178868 9.495606735954368 10.428777664287779 25.027628736172787 
70.25165977702729
36.023323548597745 45.55725171743302 -2.639738880144904 -17.82175524474013 41.092517337584596 -22.894129691059128 -38.696546439045534 -23.431302693708243 -35.81359053122789 3.3966932317094916 35.280631128620584 -0.06354174572147286 22.4163800629085 32.84092454712628 -13.974287513891618 -25.79851797229652 23.85446376137 -41.19577569327654 38.38001646411722 
49.169601925664196
18.824094846996047 -6.8170369270553195 49.78841790379687 28.56205223908438 12.284464772711381 14.468434450128456 -4.860073423764291 13.897450606560028 3.1196483462901696 17.03298453230653 8.086090639087573 -38.20177890723924 -0.5555411348070578 44.95414792604555 16.083950276419273 -32.81219878241596 -17.035287976541333 -44.100182165280046 -11.8515028499911 
67.36467273711372
-40.0195570989556 -11.5704108361425 -13.33706776513047 10.083647123049865 41.79632581108572 -0.47562164941917473 -22.416747117308432 -7.455512840337299 43.104376344365065 -1.7614901454203604 6.987022838471432 7.582358177697387 -26.670214671461157 26.075447926420907 -3.8456057971552298 28.374251520058067 22.98147690482756 25.020413264573506 42.232817265774585 
23.61997228050893
14.724859939572113 -9.879866194345723 37.02507981187294 21.425835667616226 -2.805108565913109 25.082017629362696 32.5536480160542 -17.986235766639602 8.493470800871847 6.572093369549215 -11.207470715712184 46.89800080764391 25.865896743340272 15.72303380761366 36.32118490897034 5.316165687586775 48.2269301120739 13.82067457055934 -25.356703695213202 
57.4709421079853
29.007745149875745 23.219435565886045 5.526444789809467 -41.46679578861452 -11.779083833999728 24.24408355965724 -30.04292858655471 47.376894721961136 -15.30873751760302 -5.832673268520338 17.16837315246576 49.66056282828508 22.07624890179916 -4.690272855369983 -15.312951492541075 -3.8600773544149263 -4.399645668844144 -34.109485706416805 9.458081288694629 
13.990390061641932
-39.64636167543782 -20.535187476284257 21.8450730046833 31.438038511678073 16.55551858692526 16.614938628709226 -3.3331174506554646 34.141992382772656 -37.63949150793621 36.020373538224135 48.419611132813316 -24.459250848150017 -39.41648516056271 41.11307365591114 -38.553731304429974 -27.230476548534142 2.1480210034227056 13.23183196555231 40.05473664276636 
14.775166833330411
26.111281973796878 22.521413080037902 48.44791404637763 -30.100198698577252 -26.203558331476206 33.77920274653606 -14.181789082043984 -43.52618547076923 12.86226273113462 -3.9658064735171052 8.071868517075174 -18.146617984526692 -33.93305774449637 41.850095626973356 -35.61319267052095 -37.14275200711569 19.033243708344145 25.176449118999358 -35.82895262845632 
13.702002416666303
-38.5019914377137 -4.971387578494472 27.976989336515146 26.304610328858914 37.32983305532288 36.359540108399926 4.5401318442448755 22.215532986066563 40.02452510278887 9.193296104982927 -44.65091501367677 -24.534752953304164 -7.561292558638463 -17.577713388442348 18.017039863889366 -8.748450191932356 -7.802284150577954 -10.372784706718363 -39.7869274714595 
76.6645323076981
-12.485242745376354 30.860807600216646 27.02505197741411 -43.459332500888614 -27.915983462088345 6.543354474801021 -33.63591968990922 20.056975491234937 -47.738761490439586 -2.54978368440257 -10.616250528979599 -18.179260314551748 44.92104829031156 -1.771611660797781 -14.12421653430841 4.9798087097759876 10.181082032886302 -29.038710615359776 -31.783139037208297 
63.273065260539695
9.608780728220935 10.0080127997916 -38.32024040792649 13.960095341857418 7.5774542468572506 -0.324786124786101 -6.21482032095124 -35.78626991546376 1.1140357056249286 2.236923722096151 -39.14103419566647 -10.171436062516335 -28.11828062458107 35.399577994907446 -33.9273694473738 6.993179888123144 2.86643547959077 -14.483428003390365 29.98345226165803 
5.39323364219948
-8.113076531001006 -44.311307465603775 -28.046346919481437 24.057195021360712 24.22394123283206 -33.6561641128538 48.81643805299245 40.12598855567799 37.46490909531754 9.971385663200294 15.770006646227586 -4.877649856176127 23.086092471895867 11.393731097141611 43.71886825518342 3.3152230504138274 -38.6547928309782 -39.71060531332819 -12.854887164747034 
72.41910043940402
-21.266923921350156 -36.36073702250593 47.080580289344525 18.137655116664476 -49.46618299730665 12.34948470604185 14.86408391736795 20.955637801780455 44.96874522457881 -31.488420683754338 14.106225955119882 6.102479678118556 19.95000838604696 -42.40760232620418 -19.352459151749347 25.755598224221558 38.64573257178749 -6.696484532290533 33.28402436947428 
86.32094031798313
-34.140743969188726 -28.01821362687573 -8.352632271061381 -6.977207103012653 43.650757853650916 48.019688026169106 -8.134469812354737 29.054481674213577 21.680457324445797 42.216243519240265 35.49250384050325 -2.8139475583676585 35.42825861279003 40.87623550727844 -17.315506922056187 27.994582550261967 -16.254473406150936 15.067536552884931 -33.287089493343274 
0.7773321985643511
-43.87950440167966 26.65334510595271 -36.357036229225244 30.727401452687175 -0.41047945249727036 -9.451791757297691 -1.630161511395734 -0.9038118862744824 -4.597770437445739 31.103690070910886 6.192756181176371 -8.16363038026865 36.349393312612804 4.611632060121181 -2.2794750307845746 -33.386240035119265 -42.9119140586236 -40.38009888155861 -5.859599191317642 
88.09584164552227
-28.150470969829723 -27.91232724232944 9.745431674724259 -42.93062778156249 16.590777919220216 23.364186739796125 -40.89629885101979 -39.79106347116805 -24.04783094905595 -14.442932808601697 -42.63384159356144 34.212900433153365 -0.6917276746310677 41.06325041170096 -36.0519560326118 -29.457299142265082 -25.249160772981284 -9.132359199409045 -7.81784082311291 
85.14600232578404
35.018026394199524 -0.32839310159958757 -29.469456868871514 41.31369790183207 15.184947241012352 -15.00449019680714 -5.445626383798633 -6.7846408201456825 -31.64355981420458 -17.893565521145824 -46.91980011208493 -37.32282556004884 -27.34638402048999 6.954370364019724 46.86392095972853 -27.588962111524374 30.46164301379241 -4.742916086045689 43.54215109219555 
35.17290387958345
-30.793062951049034 17.455998717132502 28.77395512656871 40.22311260686983 1.857723659154118 -43.52763018848993 20.21416665988174 35.980864201490135 -5.1072694429269845 -11.974871680482046 8.322824474743108 30.909649600000677 21.658544323425346 21.72877935997235 -23.996497229363467 23.439824698822022 49.83693937879741 45.271757236926064 27.676651879021662 
26.129215867656008
23.169266726611454 -36.31730496861978 27.632249001752697 -30.717969408433543 49.63580586947684 41.024082386391186 7.36947350170999 4.8909905454664795 0.9636982657352036 32.80980422246273 -47.88073079283176 33.037051290026625 -38.36206683264216 44.02514140343527 17.859033275972905 39.77564785984238 39.515596324974055 -40.165242583350434 -38.13309810719795 
68.0579538209987
-35.30563659803939 -26.103698610990556 -7.773600960857252 41.38010032106895 -41.53793824977075 -17.34573800797299 -45.31949425434828 -26.377076930293477 49.954805497608405 23.070719262597834 -21.15252278097809 -22.060737263096584 -45.422879909047396 5.956703805372975 0.048997441385381535 32.56542851134043 5.288115831544992 37.39989584020445 -42.13539830361746 
72.07792349573974
45.533653659578604 26.74140991655986 48.014496445134014 48.8860955931047 -49.09480948709562 -48.863541950597956 -29.71372550826883 1.6458844467424285 45.531762894820474 -16.05927867556082 -28.04078575553868 24.799385165910763 18.76236136610042 -3.003725736172015 33.54322570390231 -43.41053597834579 27.87173572539696 15.347948100303228 -18.362302486189098 
91.66821006935596
-6.676559771202619 37.003051325409544 42.32887258372298 -21.187484760076213 -45.450295834493744 30.054379515328193 -32.217442565998255 34.27962728685414 -43.741474745286965 -15.181478038006134 -21.44764216370052 36.98005547703299 -22.045871159346795 29.598437194313277 -35.38817925689622 -27.08529577282286 2.657714576473026 15.261358502677822 -20.767771591283513 
63.217672303656514
44.74125996554558 36.030114834855596 41.56599674430326 42.66570723502856 21.337816431852332 -18.282079146544806 36.15894901280315 3.6597672578044467 -43.03235232761801 10.093834992585258 -39.396966154948984 34.45373696394074 -43.17978324515816 -12.852014188652916 26.15430046388542 -40.200149713644876 -29.442111790791415 -32.26717599670924 -39.620764733812734 
37.19991177545838
-4.4419954892533795 -20.61143059507653 -4.244136209298269 -27.40407935890393 36.1856722011442 28.11816459982323 -46.35570219041877 45.60325583539691 43.99051205146385 -33.5410277969537 49.154651373272145 26.28411492818408 12.646308828164386 -48.59439580218965 49.17859622210149 22.978386365615805 -8.996667227814406 -27.429841465315974 13.214052536285273 
23.85374079758695
7.798824149740469 49.42330448509996 34.60081073428809 -16.393835082265987 -27.62797673543529 -19.458380321804324 -21.601808637361508 11.13679874032151 27.155757511133913 -22.50640386713857 -18.625947650961184 -15.949623420152662 -20.232454457933624 31.328835688224473 39.4378455282437 -48.5348619528013 35.198795239835675 40.591907126929456 -41.66140387533231 
87.89363700040333
-18.098388915998143 -23.63556549040695 -15.437967881627003 27.848356102412893 -40.5016411385719 -27.95403346472095 -34.90064606915182 -6.654411094880373 -49.60995290598167 3.416229356507806 7.123387619973066 -25.37440473867504 -7.284728602860149 -32.02157535693145 21.596200647089702 38.17654552279201 7.912298290767396 -18.334802011264685 38.44548008771875 
15.544314448279495
-27.437368361641546 -14.30399755298982 -24.814702051753336 -28.57030152476763 41.24519133204862 -3.293424822696359 25.720166522131777 10.21920537002515 44.8060072943839 39.2282913239373 11.559522941186131 6.3650169998023785 46.74911169799573 -28.822835540298897 3.7831312223608933 35.92435953784275 39.38010745606839 -49.780647626827154 -19.163872829337937 
44.08795531472512
0.8846731959440746 -8.28801987257777 34.59570548596231 6.671807565176181 14.700007273664568 37.375204210071686 -24.860227253400748 -17.683889358140107 -26.661946990653295 -12.066615594579723 13.261127515076574 -43.47044145944528 -49.75490651283408 -47.32963415332351 19.00903758322208 48.73693007067055 25.33307468855189 34.17579872881947 -35.59665188325292 
89.13227360858835
-7.506158294577006 -2.483461778546449 -41.04545232189771 -26.59037408559183 -39.2918006601775 -30.35085113896 -22.263498431300523 20.33768591260599 -15.712463297151835 -22.903417181590324 -36.50317083338097 39.664386566367725 22.33651858628096 -42.255852654395255 -43.346813273595956 -34.018101203456276 32.701087608186086 -23.933107886572834 -29.987962665152956 
27.95203878194882
-48.53308969778185 30.182557389561637 -21.34033194301439 1.6866885757558876 -4.500966392056647 -36.1686785360109 39.713660541772896 -7.90272999893579 -47.435556011072556 -13.284462054499699 -8.513885891345083 46.671929618253614 -8.745108706103736 -37.41025485736472 7.0983465481002455 32.40854502994249 31.228187107747644 46.07322079561932 -6.299969960116236 
98.52627475156554
-36.788051036974814 36.36442028642432 35.183952927834326 5.0978279320424065 -2.2354746844920896 -31.131367929189956 -26.349021379802007 -29.110786047867975 -48.03635068646048 -15.792747989877512 12.867963844500387 32.46325164276446 -46.005869218276864 -1.840921539167482 5.574720249778387 10.997627196092239 -42.96832893925192 45.79108459580824 -44.26560054489798 
53.28785137308315
5.870693767907063 -11.63186635465054 26.684908878053207 49.049976035059146 -7.58016472978008 -47.41184105472925 -3.362674794054641 -22.092521760246342 -30.51045654728709 18.271344456835863 44.080458722253084 -43.6587658704777 -33.778013579932555 -17.161141027282923 -22.610891109881027 37.40104420494524 -36.935700739699094 8.748787089723656 45.29671643093778 
64.12171098922865
39.36192705113888 3.5138446558571985 -22.118473974767227 -8.64381280419343 2.449645148029788 -8.992418309071923 11.328537947246133 20.13285499707777 43.5435835841004 7.472741361538958 43.967871106960445 -16.336482827429464 42.78839567802001 -4.022481257084998 -44.04655281481155 -15.22678693731828 -36.51052156309525 -20.97752503163641 0.43415220018903256 
10.792538721225831
33.86092472200163 -39.417107091530866 40.182928835074804 43.84761137544234 13.545674845755393 46.078397815538096 -39.612450479879946 -7.997595766159428 -18.284860219901766 -28.406305976968326 35.67005848843017 39.85273087800549 -36.26870290978832 2.1313076663819572 -32.60977633923578 -44.05942090353789 34.15509287952716 -7.240749841290572 35.90152612378074 
98.752184398255
-4.689251432881804 6.223524832312052 31.66659973393604 33.08260647529087 32.666335783003305 45.92749703274008 39.0022211259333 -45.80577489772024 -9.03322860780279 -5.862900901657028 46.71228683693808 -31.533965505398964 -1.6438008652637421 41.85293217667042 -49.01950178993309 -3.8748239298582092 -10.347553122812357 -41.00267722820266 -2.3672922969648837 
44.171662849725216
44.487074216543206 -18.603554724632144 -16.757772396792106 45.751785907742544 -38.79970379241154 -15.505358388168922 -2.4603878909887484 26.00524689944021 33.18083596377447 -27.179899771542747 43.20178089190374 -16.194454192623162 -19.2334349773291 38.92809749315866 13.333558579664697 -26.167263440141397 18.872537322580115 35.88002234534228 41.81805514360886 
34.06214987347197
8.18884898764314 -36.726561479990984 -32.799479172801924 30.022233492704643 46.09149199153066 -11.579501736099765 -33.116318504808476 29.06921086708158 2.3351760971284534 11.478993935852046 25.150725072042817 25.445740184789173 -5.852116175240894 36.17243082813816 -4.104475458634816 10.035343895232174 25.522666291995392 26.192484562655224 8.927844135694798 
17.493864294994378
-13.696986765885335 11.45926322042206 47.3346164812791 -12.166242234159974 18.08388785399157 -41.87816145193782 -7.383312020287413 -0.4434235475011121 6.001298750928086 31.51348552630276 -5.8163832901474635 17.07347323981908 48.15906319771584 -37.76681461057329 -29.72250204499588 46.42316625610282 -12.257795565418697 -27.8931165239084 -11.490024170183887 
10.19128033394927
-33.20779000323184 28.989122600010276 5.934976239914192 35.05450583425397 -24.829859492033968 -22.802386516054685 -29.057125345523062 43.51760233489969 23.409373988901933 33.830395948779795 2.250189768735403 5.18075453976391 -36.03945111478275 -49.70273850656084 -36.12789846904806 32.26933024920224 21.757061003701807 13.104109245797403 49.20343468061321 
99.17763723561498
-27.919775302903748 -1.7390101330448076 -27.803032388849836 26.422799074860535 21.37900593116045 -0.3584095514640566 39.11624752912553 45.674391747886105 5.000047481448597 23.203914181645473 40.4534003034489 4.420019538279554 14.709392880199772 -23.81094982232026 -40.65938573522134 -23.65344704007295 8.438232003697891 -16.753192536225328 40.147349550073 
16.66127037203361
34.86064561905857 29.89414228140849 -1.056425593429097 40.34666241828636 26.2122001041692 -32.20570466911458 -13.877416166812836 -44.262780833603586 -25.816054985098724 16.051551360853395 30.71528557096893 5.826046337607039 5.77724686713816 -41.95136117146699 5.791073884645705 -44.64635814757797 18.680553076493055 -35.68924957666422 -45.171277322351955 
13.000784402607547
19.030080901715664 -31.53776509658006 10.054019395725952 -5.0980904054413685 28.34211149316647 -14.450963560257776 15.479088176212713 -31.78501084243751 -9.044599146406703 -10.168033682594178 39.741699565454155 11.628355618893153 18.498008430028207 -37.387027183456965 26.831106868190233 -6.545465972380271 -46.30641727764677 -20.26147725141556 -13.59977411934996 
97.35563040530586
22.247952415366797 33.13136220502737 -30.397710135847444 20.764332626033024 -31.392330839368142 -28.96619225243192 11.25335486949919 -18.29080423240581 39.057880607822455 -2.397111655983011 44.61032560403996 46.02231260705331 -16.07226392510114 -5.920411687100213 11.167475729624044 28.802071465251146 -0.40268728786828945 10.96153322229599 -5.387315284284313 
31.523212795589707
20.550768844554597 33.44046673600485 5.447894064617884 49.33093942241591 1.896302417924133 40.82289857126415 30.766616756393006 -28.17468965446135 3.574200220087299 -35.2656618148753 42.2945363157675 -44.96321598226666 -1.0999239763001114 0.6145700115477339 25.037601025047593 -37.68679110693374 -17.85880621178061 42.343432305095945 48.7452072987996 
57.48312658198205
42.49950490505893 -9.206368742608518 -45.11556231390442 -15.070173505761119 5.1758466714678875 33.6890926166631 -27.065475312681407 38.10502735180144 14.11554097738808 6.354470427856064 11.549051078204897 -49.46930580328059 45.58637374336455 20.773377836084435 -7.503361734144839 41.481961445151285 -3.0842702254199494 -6.170016366529332 8.279172822068602 
12.313691368937342
-9.4855209357425 14.690657525171119 -12.060104207846138 18.787710069337592 -30.25907790164829 -34.010675407112785 49.81199522745953 -10.222652737098478 40.208950741907586 -46.187707101958416 4.821535724471268 -26.62965553002603 27.82031599607147 7.435294272315204 49.446954417756146 -32.33917177145898 -16.898315823256738 -18.6524717439265 -46.44944103224206 
35.41549971106684
-39.64702837165325 29.304534948503004 5.035731437084856 9.31875421184639 39.66419448290344 22.98375018750258 20.646917263966415 17.646003128606722 40.03387490492665 -43.726381037245986 -29.78237147690559 48.983930427083806 -7.377203032100397 10.309199024957415 -9.714900400157013 29.01101654989263 4.602736408596442 -45.92582653005607 -17.77158299385362 
2.3711654025028395
46.11052912801395 20.721284481973072 -0.049718175406788134 -1.682210841531365 35.49360521090949 30.720161997407942 32.61081774322753 -39.92473349478346 -18.66600770279324 29.5236190190369 -20.964850091956233 -15.24081617781006 -36.336565819456936 -30.349544077974866 -7.8452991383865935 -46.78364640270583 1.3331901319399009 -5.085100746474183 44.205518073264855 
27.290062588426412
-42.3222602819415 -22.010197475733662 26.395144113905175 -44.21438752387403 -17.587486987574508 21.572758649842925 -49.63712764915685 9.805681497934003 -25.868551440572872 -41.86865566578409 -37.003501540711994 13.144610124648295 -25.178992617474492 -26.46429235199005 21.031963023944172 44.07521692924709 -24.516905301330215 35.843768861185765 -2.6494571968375595 
61.13130460035996
20.260009818411888 32.086307563822956 7.001569805831224 47.383532646928614 45.38045385656467 3.106276949544828 47.71688470563558 25.2258648831953 -21.203681624174507 19.33868324295699 47.046568434385904 16.834337332679453 -43.44422815975068 -41.12557573453396 -3.76627599124739 14.229428295778249 -17.240992916924384 33.23349919544353 29.559415819775637 
77.26782463630843
-28.63131758369025 -44.0199780779598 -22.872900314889723 -2.091070557425276 -39.80200869043272 -35.35645184866836 -21.080801923968295 4.745967132248232 -19.92503119299157 -12.631817215044919 -1.5532504762799348 -16.938888854867898 -4.517494243647633 -7.706953783423451 15.426326535186789 -47.44146389794912 6.899277098231401 -30.12535045270065 8.656703700820579 
77.44886100567788
-42.41383133364353
-5.383610994929036
42.64151063761675
-38.031855938659696
-26.435488650379334
38.53575695662266
12.13611480510773
0.9475425152240433
-8.91052149844176
48.51488052138073
-7.877620038377927
-4.833192426749989
-17.32469065176049
43.831495142174006
20.489709302203835
16.746081848045833
4.112470363464894
4.4238634516071045
-7.865533649609432
