constraints 189
variables 19
-41.249288755940995 49.88238282112816 3.9396413684861145 -7.560368657511404 13.914489053262237 -18.232574459145766 46.85537996016288 42.85743188448336 -35.34398019416906 39.07658756996402 -4.794153532229608 49.22784267344407 -13.464515884372595 32.16423524478738 37.556319446233076 36.644243429378236 -6.409282202710642 -49.91993507461392 38.4734021535117 
81.35221959534276
20.289084154181452 -43.943298243878985 -43.30917803291572 -33.6593899634795 -34.57483541422207 -31.392809292629508 13.693020673515178 -49.617867245313505 29.131873714846208 -10.10682508410352 38.65955936079047 38.6003576020654 17.629633308118244 -43.98720017231991 29.482832556492056 38.4406163467564 -0.5797512424322591 -12.529323038526229 -1.0338295363323766 
71.34815047046355
-28.6607609679846 12.330515238155257 20.328888093476777 -12.492324089953279 33.21227032675445 19.414300131726776 46.78944525723632 48.674226508954845 -24.18147312945258 -25.599779433685654 -43.73268328264034 -47.574013678868454 -41.554240788971484 -2.215235521593449 -35.86121847629169 -29.904413740893453 -10.471152802399075 -39.5872487076357 -45.49866142324483 
60.187095915390344
26.695736574676246 -0.3577130800406323 3.5459937535403583 -0.7382387822176284 -18.99837537698047 -2.80004132959548 7.406182902040058 -6.923709715550231 44.214315915711495 -11.605142187680926 -18.75335170155612 42.18328816257484 -42.279317106944006 -8.401752675043397 -33.62490818643768 38.25421304931599 6.956220623337408 -43.24091722151725 -32.19599623166428 
60.0610108487972
-43.78329221202134 32.2137355101966 45.95950663816464 21.35338002371978 35.29299151152735 40.161688306563434 3.128723960095769 46.79434567882201 -48.422996523099336 32.91714268831264 37.75656397501706 -33.332288366203024 29.119065307032912 -25.590171258438687 -12.152545017395845 26.246605103714558 -30.42634058058875 -45.60345031092555 48.497042535328234 
1.5132133031036998
-10.947195885241015 -3.54168521276911 27.97340182842683 -0.6544406836263974 9.613239315652343 -34.90386314790443 1.7868619198977456 47.33791749321816 -25.564361787637825 12.101904868575929 34.83204299528022 -3.9026975710204965 11.711136761567452 27.869025297307132 -32.04472191563084 -34.8407881064778 -6.167586627116194 -20.57926299696 7.195087860263307 
62.59157761693014
25.693714326373012 23.672379624246332 11.462901243062504 -2.0932960417408992 48.73609687163483 -18.192892649024138 47.5758161550457 38.07669522234801 -34.168652387820885 48.63285024702063 -29.677376408225175 -22.751288733267884 -23.82005991833347 -10.598376825428524 -10.361081598896448 2.1821379496362 -40.894496321203334 45.81049950944771 6.986650400711305 
37.4805286497982
-39.03973701008475 32.76694159122225 38.677958026739915 47.36701173308256 20.312977628832357 -42.01063645201971 -4.847302728980495 4.052575714624716 13.172914579929397 37.62716878918502 -47.886402878218426 -43.32755390525557 12.210411520701825 12.822726246631987 31.942501657547567 49.31658390650206 31.766639233318344 -5.498950119824997 11.965684945005286 
41.85606457465234
-26.097778360163247 -23.338740513312118 -10.094220748417683 -16.932096357119732 -0.18365278352315784 -37.94290367262704 -33.74764215429238 21.98668046057118 25.675066491354812 38.392167875234904 48.30275618985283 -29.53791157675164 -17.780457498475535 28.018755046471526 41.26926685080704 47.57730487174443 -16.518043042447687 9.617412434083064 -31.881645215566955 
44.88387742821758
21.51892163423301 -23.552248037874833 -48.29795194872034 -49.66538428166247 41.279161100056 -47.50079566776494 0.2612479313899385 8.346685082653657 -47.44564259019599 35.23373572411627 -39.474817413302354 23.603012588966905 4.419022186329315 -28.39916654227941 41.40079507275945 37.000737722670664 -18.35267795253712 2.6183431897307443 -34.35965577466351 
13.581368090069857
-17.69820749852051 31.050999815152778 -23.104910974200234 -15.67202298279765 1.020927116886682 -23.418179427705375 15.207389534258624 26.3906148456048 -26.51035749674585 -16.64024945721564 -24.736835447934503 -0.3981349314426694 34.158672905393175 35.9203047260295 -21.378913598334435 -18.929716103756466 1.4859456459995783 21.214148067111566 23.654531670084737 
54.19018774587394
32.805053931527624 46.84191709362979 25.08672622017116 13.582122530674269 -15.617033606027384 -11.418189813235792 18.769152384466068 -6.72098125697044 -28.688881490618524 -6.090222978106077 -13.252259919795826 -38.10107408537174 46.5810957082042 12.450430467394767 -47.319035024369114 -44.404059830137996 9.028141735266594 -40.83994208545215 8.318433734812317 
37.25669043368151
5.7827294898096255 41.53140856343404 -41.9818740679959 -21.28933943842599 16.452510546136764 -1.7767765250261576 10.174984781875793 11.648216409921687 -6.536062010766045 3.255718964993612 1.9530341807813656 32.491158152675254 -14.175050325999848 -12.723433237075355 16.857808629363888 -23.363690913275057 -7.9729552388724585 15.390145550608807 43.45532036509324 
98.29344336167487
-28.11276740574411 39.65616026067154 27.938427003887668 3.5646690338879594 -3.1627658829242336 13.601985857186051 -6.739118530096768 36.4631137814206 33.49947425470184 15.956367239814838 33.203971645214736 -39.755384348046405 36.34631832186487 -18.699600613493704 41.010127898241166 9.726791896007455 -28.178851061911192 -23.554981101085016 -0.8875676399170729 
14.195775906168373
8.506793171262807 -6.917552019705873 39.00851361435409 5.05157188049408 -14.24103791753528 49.622394897185615 -21.52822313742756 -22.48116496974717 16.679290100197306 8.112037600932567 -42.937460447824314 21.55062903428467 -9.615324546241496 15.752130380858418 20.296092552566734 -26.52148812219679 13.236576556109647 -25.24017182371502 47.84429718040654 
67.0130757361055
-30.97395495777232 29.19215658008072 -18.20817225932837 -20.12515551436541 -15.93280136973673 32.83224559484009 -12.762294085238999 30.63621970660806 -45.266029667838595 28.353837561032577 -30.572691451845145 29.280950762058268 32.1819214070763 24.71775415178267 -20.88042391127587 24.538352424952933 -38.171008780337125 7.117390094557017 -38.96137387338885 
21.22535507980978
43.6260662396632 -48.221527876799975 39.02860125448491 -38.36985623580533 13.230260285167518 46.53173059953838 -14.074991413903938 26.397024079936628 43.90089221601599 37.31527610303961 -3.824584749321083 -37.577148096850024 34.27009912837242 30.626872630167526 -35.113149492470306 -12.048766986257334 -21.90287674081536 -17.56548224177881 -21.753157604476968 
58.35138211125995
8.69728956903326 -4.832995290774193 37.159473449920426 -0.005609717121082269 -27.056231129054964 26.14449342111274 -31.54253493389558 -15.809603241393589 17.572200225665753 -16.827657080738014 26.19575978082952 -31.674065200844915 -36.02465780251176 46.00973578553477 49.30161690583843 -22.85845781491066 6.756886609620608 6.037945423264702 21.250809981606437 
33.51544350991659
-3.979368377741899 -39.30865960386565 -27.54103757129687 -24.83003427633842 -46.29671016651486 34.077539368279304 -23.278294593886827 -38.606929583916326 30.216103487438943 20.701361179564515 19.306739224768037 32.16820415784653 29.24265493494508 -34.67945489160272 -43.80446665000992 31.03143282201377 15.747106305323513 -1.3005309191411172 41.49184216207648 
42.52560871279671
-24.92070832011435 46.390384708412114 -26.841208573090036 25.297092221315893 9.519984608443224 15.659962442675678 -3.9841779358910188 -7.318611394823094 42.691808531620126 44.29222911718924 5.321279680099408 -45.95028051925408 -48.03179500059237 -35.76273864901817 14.285977512828737 -17.760537161954446 -35.655056604917064 -7.061723812549516 -15.49235861600068 
15.06711035276308
32.19567631008296 15.658024503741458 -30.414401899566336 32.22315234712839 -48.0848908431113 -36.761279363456765 -10.930360642339963 22.77414470416707 0.660309061586041 21.46798133810212 32.416560876615875 23.047931241922186 44.23279476642959 30.58651334030094 -9.227689881708287 -40.146173565868516 12.601025191987858 46.46165150025604 28.167336079278897 
79.79030128551899
48.64493466350595 38.564033056604245 33.107128145106586 -18.181464532986013 10.411268458609399 -5.876969762633536 36.559582288829745 47.33094204642171 47.50035824039797 -17.300159758618705 42.98529054437746 29.61959973599491 -21.83780704580852 10.905396149516875 -2.6735942795523613 22.950246314782973 -34.73851495700387 -36.89643472685942 2.7642610913716865 
80.37333269902767
26.47862857259487 -19.321651061662138 11.575458579040088 -11.04562391999746 16.945348341633576 -20.192876154425132 34.560677234562135 -8.718360912253942 -9.029047565461248 45.670211983585645 -46.710045083421605 12.909965798450898 -16.402907340329563 -30.359653137941557 -26.19722382588996 16.82534113633463 -47.574008813934256 15.233924520662086 30.420770720884732 
58.06558664157036
-14.500920700520545 8.469151281408685 33.97543242415031 -45.6916861650959 11.960097336344809 48.764535153550725 -39.97728512879859 -28.461896331472236 48.818682123947966 27.624401088553412 -10.489036284067957 -2.169399919170715 -20.662516430693046 24.096440102609904 46.888130984091916 42.842058240121574 -13.602032017151544 18.34954833162989 28.778792435938698 
55.76858756706902
-42.34301274701081 27.70848462722013 -19.869069058892354 0.3401860114338433 38.38832243550871 23.095219045376354 -45.872867877972524 11.840392203893522 32.610360256952816 28.065040475346464 -12.825814895959034 38.19319462429114 43.433174180940796 37.48883027705138 30.929783976538232 34.834585792393256 -0.4847891468902432 18.421199406696374 9.59441992808847 
41.38696433614697
36.10194366691087 -28.192614101593005 12.591194292960054 17.08036133718842 -13.674261741135396 40.42021277786988 -9.724282568635125 1.415221945702129 -8.721653807690458 45.781575417911554 -6.537117657978364 46.73728936293233 -44.175627558197036 24.811279238220664 -13.6732484151281 40.195895210300975 -38.793854082959896 15.559297399716272 -33.37562156207705 
93.9827697978991
-4.8025573915014945 10.61582021058021 47.21390302002035 34.79921674187139 -24.104478358835244 -43.34327947230942 -11.518221994716257 16.175336514538756 26.198011583585128 29.070377243060236 22.56354762973291 -39.43427577325621 2.5931489631652695 -48.27496553159924 -22.86293596648642 12.071875131864843 -5.901014654436423 -36.32577007210816 -10.913328363903688 
45.19227587500685
-14.980876828787174 -43.039012074862505 -3.5187163773887065 30.176973009376695 18.63964014089545 22.669896040665108 11.078921366577688 -48.63579068171615 8.07386100491636 45.989348900531596 2.9647496335500136 -38.69757596057971 15.168671227447248 -14.715410500872203 -26.050790235606758 30.511779997922588 -41.28190553442683 -44.9545714817108 -43.00264908791844 
20.415104932515572
19.186910884244043 8.06082089170657 -44.76997114676266 -34.73103371571035 -21.270919343711935 -21.71423904672416 25.932129433129234 47.85128360051549 -27.50717802623035 2.6042079792705337 22.522562614812003 43.21281834735508 30.03616541690087 -12.9449050234156 30.58522199070599 -15.024498918739646 -45.86609648209834 21.076669744430262 -27.170255716041712 
79.46143727420034
18.33881355921737 -28.062194688964816 12.245315094772216 -45.63780882733687 -35.632869780062194 10.763084057878395 -47.26961246244142 30.70871600509389 45.71023080149665 31.42184577613051 22.125709954912182 -0.4219109321358303 -5.168456232649554 24.03957732065895 23.84748417300507 -31.72601106652998 -12.110283715277738 -43.99660958412671 -39.787833671189276 
14.643631157351756
43.13613498406083 -4.928461182141511 -36.93616871998382 -47.25531774662165 16.966856613506593 -18.43973850832803 15.45959007791295 18.251408465558214 -44.93386309795567 19.569494614993403 11.93810955886024 -22.209873944157533 15.160678697472392 10.82228233810261 -15.709243694951816 -47.180163600249415 2.6108313132133034 -1.0690178386396525 14.774499047788538 
25.72460759170835
-49.60307774514917 26.766691961711672 -30.64986931877325 -36.53983786168771 31.016040280394847 35.09651945343097 9.799005321742825 2.3978423486401255 9.386506785830584 46.766710951856425 -14.534040770292656 36.93491049641597 33.064385051782494 -12.552184862035645 -37.10440490887361 43.99095204559872 8.908371013732733 -8.678564928156597 24.77373462308489 
55.685918653448205
33.78645182018268 28.076352895995157 -41.64474161665047 -36.70391329561636 30.999752896023224 -33.80488444801828 -42.04584214750926 47.010080696753874 -6.19400032944295 -43.24956535244754 -13.908846394591087 28.057801508257313 -47.24290360112315 -18.205968489924018 -26.461275068661305 32.460914368099864 -35.477680390198806 -38.09112671226248 -10.227057015542961 
38.95435764472882
-33.549343137405806 -41.391003615360134 -17.76391941049131 -42.4459208369355 -46.667117742565 39.009381496054374 -34.666585665081655 -0.20299803683834483 10.655956133857003 -7.448311839863649 38.23223360267279 6.854993187481227 -17.900613183564687 2.5598495647959325 24.30057935055288 -2.474574808336783 -41.89478035817361 -20.987103321468638 -45.582226522518894 
84.52663396271744
47.060351138060625 -46.839398743311264 -38.59169213782092 -15.422544220905344 30.961895185062858 19.470820446996555 13.495231566086062 -34.58432122044445 13.393356244956266 -14.114242692336084 -9.061330366994866 -18.788826539560578 39.221402742608234 -40.522470667152355 1.9196719414845589 46.755103320070006 2.6300679900545276 -48.66815747638462 41.2490796401254 
90.35752121805302
-37.05878268861752 31.851738221540913 18.625676713839994 5.561351678957834 -43.87282023706128 5.661744480329013 21.937387866750953 42.58157366000023 24.0034407887581 3.905993872711619 35.493825275366646 -8.195777419251534 -17.203622685498296 10.972170951314808 3.0980311604143083 13.730554644105311 18.11295670682655 -47.46357324440097 11.509791175745633 
62.427569278131415
24.29647035662613 -27.68729561302917 -28.877620013921202 32.84677483490846 2.734300740419279 16.00314998227428 -12.430777574178386 -13.70102046548893 -4.10920128676068 22.68460876544978 -49.50361056624578 22.923558925354584 -38.32960481536368 -3.7705168029519527 13.88145517080197 -24.833495881237166 -13.826947535936362 -7.652518076749416 6.048701465652037 
92.08232650488446
-8.013762144364293 10.448093226228927 -13.074733981215125 -29.299379668132396 23.864622053054035 23.76190645073143 -34.89770192327292 17.74895963568983 -16.019305644505458 16.022163036442038 -2.0902654274788546 42.69950569892134 44.88661109732102 18.496200456205514 23.982863529510084 -8.592477973919287 -10.090494238421158 -42.73022904229579 19.693352159837374 
28.535771838351785
17.909630103704856 27.425425009106235 28.336936710626304 -33.49046635675839 2.1626495053620474 8.119538820342939 -15.885470478046535 -31.077213459038855 11.58449563316065 20.5507219987348 41.713022945775535 -22.883132110500327 -13.400832263696486 9.425719786084407 26.686579105419142 20.078691602317733 11.656962805874905 -2.232833213774967 41.85876196678811 
69.85642079514271
41.74258230927535 24.770821030243013 0.6103522840509612 -2.6337563039428815 21.169626863144046 26.908214601645213 9.187283369570942 16.764678211496957 -20.459951310890034 -36.416080610649594 -12.94240401927663 30.48664171097009 1.9540881513229067 20.39489898683925 -3.134118725712817 1.6002894791093638 48.38834034360862 45.40275842563409 -46.321778318617625 
85.3053896083422
40.61654381102184 -13.182127588202079 -3.019874629519535 47.202798141660026 44.12980623282827 4.107781297393174 38.28454907596132 32.38840069073099 47.21990277203453 18.780440659640362 42.22654080354505 -23.524378955885737 -20.27856456570325 -44.04379795721543 -40.33431173869727 -32.67358456455395 19.86556275025933 3.33072655653757 7.5869658896146035 
74.57144352207547
9.28012308319942 -19.755740019687607 -17.51482137987952 -37.074124546017316 33.37796447354768 -33.68896507955381 1.4377417219543531 44.858109354861014 27.207303704683994 -13.574230480711257 -11.785010548480557 -41.65561391962294 35.29506555803263 -13.047383855196813 -39.45316851994143 -23.75682606567967 -11.90396654866013 -33.48491003300924 29.059035484835476 
65.24886619130838
-42.632163404115865 44.04388017448187 -11.588007042842285 14.435201557092142 18.123688068056268 -43.397352257650056 -33.18068392239645 -3.925451691703877 -24.22807737889795 -19.999743945014046 1.3931728978527005 -45.28001651204209 13.633364802838408 -43.68886218192706 23.657803662268464 44.46292385952796 -21.765419290067623 -5.836237031714951 -27.907830079399297 
48.8297495063503
47.607143909915195 -19.97948927600275 -3.2927851706381333 22.956770574633765 21.28003017699494 1.6604484481912962 -15.56721099399185 43.48353244733828 29.73430913958812 38.68989503038141 13.483775455657032 -11.969625973722884 -14.203659720188824 19.143827488963865 39.89451122885551 -6.8232035528915205 -9.222322354251197 -23.89543165054475 30.055116990315412 
57.5331033886796
-35.87303120397934 -36.24759403059089 -20.647112441293693 -35.20152873207063 -13.058872470356043 8.376090266085193 -1.0835720264767446 -49.37557712043152 36.89008607172943 -23.39053095517889 9.979734796263706 -23.346521174298328 44.941503998195415 40.523748233840934 -41.47202221593513 5.278480329211909 22.72880461080146 7.193208243275549 -48.3437372508859 
89.46892782269438
-6.512041172158476 -41.03457983843618 21.467144885969518 3.436422143315511 9.195452528826756 19.90534929216996 42.35228596488547 -8.037938136488357 -48.12807428110869 23.74598162992352 -36.85193417437984 -41.11548722649056 -2.027007684874313 9.166383468787899 -33.07540079342994 48.54810044904502 -28.629224944513464 9.331403931372492 38.062046935216216 
97.93623254911586
22.636728441929662 34.36553544351564 -1.212300954696886 -48.23390079535027 -49.83164859877858 -32.20337010520815 -24.508154691776497 -12.00355982043564 22.159425380665283 10.993603937101526 -31.09009234145241 47.000963521892814 -32.50455008849788 13.235384864108632 31.652951316948844 -5.914259746467188 -21.63704651255015 19.286768672509567 1.5880983453118276 
72.07970844249925
7.693417856360128 -48.779965620905585 0.21501127536905074 18.4031934531871 -49.48040450640351 16.709526019789465 -18.545921898707718 -20.67986899865948 -30.096045428862684 2.139622830825239 8.156471108345556 3.005468831404116 -34.69385925100838 -34.39514200961452 41.16580813911651 32.60998562191736 -15.911738988972104 -7.75580802597424 48.90563848994152 
50.68057959564163
45.31388281780721 12.339742590067992 -15.763445795576438 47.094813134962166 -20.9213229530538 11.223544116158244 29.72121227447549 44.09433378383598 -15.682356150879386 -20.72580860176114 -17.544899365700637 -35.947470340168174 -26.634113101810176 -39.851457840043594 35.26545358622907 -31.71240268243405 2.5069718692849463 -44.118145417489345 12.350155026532725 
28.532917723677887
-15.675125202207298 38.60309120269751 34.32311668184208 16.602523914663053 39.8826172822871 0.3503859218336842 20.15206480022283 -37.65988829803825 -23.41730734041394 44.834905044783355 -18.380765769899753 -14.884129046809093 -28.978601782908374 -12.010322662529703 29.70498518219074 49.936262423611026 -4.768759530686694 -12.246785023089338 -8.311073467844906 
35.657499889619324
49.41263327883938 -32.22395401844429 32.78259531280973 29.84443949677221 -45.41190639833138 34.60151451264673 -13.247668437944895 32.492227261773124 14.569199933893046 13.360575024686142 26.260510201345852 9.128933101656031 -21.791400607710877 43.13348327958772 45.54777394162193 -17.25688331625691 20.116397830656368 -20.1303423353393 -14.401484228196217 
93.53108309682993
10.852279401744383 -47.87979614751692 5.076328589137248 -14.36563480264791 -33.93828373564737 2.8259134603214804 -10.914276679636735 -49.16126018401643 48.10673064328887 29.016811016213055 -7.789121470577385 20.63187513242154 43.44861579728962 0.5176047437143723 32.30181607394297 -49.93250591272322 -45.627893830153134 -1.3833105228228675 -12.877199001905758 
79.55968197676667
24.597502964008882 -33.85536495727787 -2.7525448862873105 -5.968187110207964 -35.09068311701107 1.5213319438320951 45.479402934258644 -27.229695178749957 -42.86304482627544 -38.93068536313719 -34.40297445127073 -12.115828759456669 -7.344903200811359 -43.74598840710148 31.365230308676388 -35.552791492726996 45.02837101415899 45.49996698276652 -9.473195640379572 
61.20033684313133
-14.492991183932489 23.845372646335832 37.88039696857598 -32.882546272210554 24.78715596830277 7.935523134062365 -33.4282937894242 -13.811066890774939 4.781580152574513 -1.2809344915436043 -2.630983532048468 -49.547325709668456 -29.896450542193065 -20.300757287760074 -38.03630017455958 -40.3966262459748 20.54862885958883 -25.294434793992192 8.230899700861883 
94.436524103299
-16.93374089611075 45.88965714421097 2.9050668723890922 -9.065662954801304 44.544951948440655 -39.98771755574167 30.26963384406143 41.9766906256924 -44.80802093780173 -10.923128512038502 24.22956987594472 -35.53914572001193 46.37048496261299 39.97809186581135 25.530143586661026 31.039619576715907 6.463959067574862 27.072364520445348 25.90470929645781 
17.738203666785136
23.670049150880388 11.440427803377403 46.578906032503994 -38.6139277676536 35.582724141954884 31.100398822193625 -0.17184507773816193 4.100653638492034 22.00382363429597 37.543032625152364 -0.8201088043086529 -24.014376402550973 39.632078073740075 35.699149985410585 16.37149520677646 31.75727136087515 25.10966841103763 -3.1874778798666767 31.319403200231207 
12.188266738961683
-13.636484791203415 -23.32027446038303 -14.875564855684885 47.05882630713185 -38.739597936088146 25.331856747311264 25.532900809769373 2.7311935707678217 47.302168446002156 18.471140253302167 29.29254086832728 -45.486006513995335 -3.5808064578611933 -24.16111456875386 -3.513035797262688 31.65892408130216 24.877411271978517 -42.82057041848319 38.20169211321239 
41.13293760366885
9.896169647042882 42.57803657186024 20.769506735441894 25.234892292469908 31.78124545322038 10.688976113506143 -12.637665982086723 -2.3235761128585466 -26.790640404688403 25.733320715781545 -49.158645349992 -17.077412819823614 5.75759445543185 32.134219614444774 40.546679726671016 -45.61145197469156 -22.14688520270849 34.27077096607873 -9.897658101528009 
28.514439546491943
-31.974365046660335 8.0698322208955 -26.668026108399047 23.791265973047103 -17.322871050725354 -48.981598613841015 31.02502739371789 -13.513502805605391 -41.45972020472833 27.6675182081822 -17.437060524792855 -31.88120851237577 -23.420816088742836 8.811863863908762 -16.690836767897274 13.657086100638239 6.2929500011759885 34.26755192679582 -28.813451495124443 
83.97002500651163
-22.785287058489324 -48.46610513228081 44.01003833479861 -8.772463554466746 17.85575586389217 -4.386836592866274 22.91222651147639 21.757112283180362 11.426373069615714 -21.12430990783296 -13.406176182476592 7.283116805949319 -7.627801344682318 -45.904075282231716 6.150618638128478 -17.471713295739733 48.09668912203317 -1.3516799683230616 -29.126945778557577 
34.83229634852049
-3.802444524409765 43.34023689079028 -28.315939321130724 9.743092959568088 -20.873082776562356 35.472322244761116 0.775347818113417 35.462471623839704 -44.607988191728325 -17.544934715983132 33.52184056497353 18.57813034217149 -30.754727010666638 -30.326395046153642 -18.101484232523745 43.690257682055304 49.2697378472666 -15.718979041564886 47.39341963569662 
80.34143942702447
20.347607413125274 5.213752294742868 -44.194841873646695 -37.91549828265968 13.206981354100058 38.96094115607744 26.33270740682417 4.573657739354431 21.07369875996578 -9.517100611622851 13.009904682100412 22.24010927589258 -16.087687238415313 -40.83792534766134 -42.19346839334448 -13.585937054070115 -22.677755784392104 40.78326233343739 11.612396373700498 
41.68084347011014
45.362161592668954 -1.7219920684044965 11.840417309370658 -38.19035368327545 44.40772183775944 36.33149054749546 -46.47085484162802 31.769184998426354 -41.395231265373965 -22.061556824455163 -45.405188279998555 38.14530891307464 6.562201342762549 -5.392092071197695 -4.722599876519432 36.701418628855464 -16.36434734081852 -13.84502630112383 6.844869186014982 
42.873341876296735
-25.514738390893797 40.880849754397985 -4.735871355437652 -41.33397126967394 26.54775063658434 32.43097452721712 11.816921813858926 -42.279704061150284 -3.3548715516751955 25.734122298656388 24.533275406975463 49.24356429444765 -29.840666220722024 -28.836297657038546 1.8347763425088814 31.049357573583137 5.0341555070617545 -36.574193755991516 -7.075638846669328 
22.126079128587072
-28.677161663276372 29.666791784317937 -21.771058954316302 35.956388312161266 41.08177302672195 -10.093543055003451 -32.40437802782105 -32.76572288448047 33.117718782555485 2.14121326592511 43.961915119130325 -33.32229185963982 32.42804148059504 -35.67514816311251 -14.135258695648155 -28.68951315301723 -14.869528178857117 -4.077145280545622 -46.577320657627105 
40.887790677198424
16.26091916865454 -37.15055987704822 -10.679637183554412 25.065594781340707 30.024931639332166 41.334836380972064 -31.156511566169197 0.4649666918175015 29.920372594275804 38.633553389495034 31.15745494429609 21.95805154693076 39.605983295269326 1.4726800452894508 37.79210910410737 28.30326715722805 14.472467760341999 46.75256730047718 33.6897055701814 
28.683091717171607
8.579805745947056 43.250475441684344 31.192624342921036 -26.251452156620616 1.9565436418333206 -42.05889643181297 -2.007993539272533 32.45028540429614 -0.7862302013064593 -43.96384602464811 6.327915906984217 4.236987160591163 -17.991376891296284 9.958402002104286 -7.373769483830138 -4.872480470522966 35.09911962458206 29.2039953526332 -15.723017947853045 
75.71411490202433
-31.435847129614412 -29.5900012289257 -26.596642267342784 19.329600876957386 27.21957280473343 24.932500431179278 -43.759823599922 39.41248818314574 12.343225480552654 9.853820564360468 11.135108969823293 -43.4704681487038 40.52893849022591 7.575743147111616 -41.79448768318629 27.56611485739316 29.82139061970065 9.018834511989503 29.328215695945175 
62.27062645842524
34.24090578292041 15.936349016440275 -21.59082691731431 35.63978615453675 44.38918857760834 48.96436727524474 -21.225571076439785 28.557586720026578 34.034102662973126 -10.231811524115287 -12.956685138513024 43.651427016582346 -39.59646076972923 -41.991775027915445 0.9894186046590789 48.504645202108236 19.37558129563405 -13.163050303306356 2.6643228649552597 
94.16557595882257
15.834073984825565 14.251738524211248 -42.54633553684689 43.318930375132325 34.16582035734881 -48.13330968751994 34.75462932711669 -30.463847150228883 -15.792389702768673 27.52985342458102 26.608472397398188 6.6971522909344685 -46.091610962108945 23.70049469670667 -33.10877686281162 35.97659440008978 21.553788435935857 49.61439521760266 -4.439741591333444 
96.7137347464084
-32.39259864349587 -7.9966153403882885 -30.026036529126653 -2.964474560001797 -20.944890415630002 -13.50135764319743 -1.5538097700768105 30.278548788665034 -42.404125098601206 39.83557369236546 -40.03315708503469 24.056071852308165 27.104401661027623 11.591304204591324 -21.585658723214674 -39.75766575643721 -14.50188705516915 33.424211883189486 39.60532360096809 
6.196931831566022
-38.527087538109484 3.648063406057176 -24.828526827946384 -9.772042583203955 17.52926353118268 45.46175261142206 -11.477168507056113 -12.406655135941982 -12.707902517848424 -41.73121438317149 -34.94843951249954 7.26561921658665 47.335145433008165 23.259042695720183 -8.750402834653272 -15.763921175547544 1.5522759449633554 46.788538680595096 5.55820599180047 
87.31015514164265
-0.4245076627091393 38.08127976836879 17.536931941345486 48.146560427729895 19.821241020616597 21.390510080227017 -38.66595559793075 -46.28147575290592 22.45372676355869 -23.005041331544994 -5.539963914748661 -28.573728332649928 17.88597317696005 -9.730992773609394 13.510285163069781 -6.23435880194323 2.3963830386082847 -36.44607992150224 34.752552344250276 
97.75853375301602
-15.97942382792126 11.670601840451923 -20.610505513273313 13.276656719172777 -40.914659251627654 18.652638843509692 10.825875851378399 33.94082129555183 2.5835511024292828 -19.358408180303687 -5.58523654928257 34.453820433210765 4.045926151864251 -2.125108725886207 -11.073553649072167 -20.97429335442905 14.647548134017214 7.309878349499577 33.37838548558054 
16.976050023526412
-29.00591157372514 -33.334125947359226 -37.11592228335356 -36.35142212149085 26.364715055104966 10.529393652518081 -27.17686881047684 7.449323577130819 -48.85430145759911 -0.3440360372808158 -48.0954947246226 17.120248959150985 -39.22924975946083 -24.28479231308621 21.589317561115948 47.286039159734585 -8.308840986971468 15.464206707503863 -48.14079483855595 
54.86258844188817
-26.269164954459935 -49.30257987358265 -28.53929181994843 44.09144134318021 40.6384028608319 -16.690343763228825 -45.47429578761306 3.7652800244324283 -20.269507130660813 -21.57800649860655 44.86246303283849 36.63526246192065 46.22743652079734 -37.241291272618916 -25.76859293578989 8.041874838833927 -41.785415075763225 -9.67337436192728 41.564173768548216 
58.486688004711695
44.11953259088163 -37.063443637375215 46.354150761105245 33.16320483910228 36.17749814610363 9.219791198082419 11.341168063758964 30.390781252188717 -9.435779559607695 32.530859606416485 -12.867458895041231 10.446346226545543 -32.292302716062004 35.491094413865724 4.547207543722884 36.46448923248265 24.747163453462747 16.915792175112188 29.239262433158842 
39.87719556660182
-43.81027135800133 15.481036745089767 -22.448346584634816 14.290342008745839 -31.477908966321888 43.724568578785 -27.429584204934308 -6.255168107940669 -10.133154723049223 15.838331865877493 -45.00571837138712 13.985999408239216 -3.2701325582979663 23.198592788520656 14.704079450836346 -11.334228595134618 -13.532676012790098 -47.30709476442401 -24.189147730958194 
56.32774156063217
36.307869317250464 -25.358676254540434 -49.51884067104599 -31.42377227828281 -32.40234641732397 49.47268607598063 -25.017460252524337 45.006037238598836 -22.60725125814367 15.305013404484498 -44.838308671343256 -33.72946729559135 8.605678928145977 22.19231187139215 -22.037620101468047 13.091333307020236 4.619739537667968 -26.961559404571734 -9.390291447842493 
86.0637972925137
34.61683927040244 16.04190313331611 9.731833848225989 -41.21185064501434 -18.17838132354592 9.023740515346425 -1.040207115459566 -24.843002073239518 -41.55336026849322 42.10399799880126 45.440612096640635 -49.4443456554844 48.330458887374306 -38.06952823881967 -26.78156481790347 -23.71744170507767 -18.907545009783465 -11.973211241992786 -45.41713014835588 
56.67279817432872
10.085274651933432 49.81506318466532 19.25336148494476 29.20857697085097 0.5078181901578134 1.4817834076105143 15.662902903560408 -20.67382724259913 33.748719281362014 -8.90628383135791 48.6238846946504 13.679831028180779 -0.6377126088489291 -29.765982810696055 3.3034826439224076 -1.7013192739547023 -22.96407591102949 30.916951545283453 -33.29452435946851 
1.3736607507879195
7.490049307843009 47.652929014359955 -25.25008145998041 4.337169226926321 13.458627666965114 -15.726140380940457 45.561637562281405 9.448887128216711 -40.269639152318334 -2.5079491696874427 7.723032116911696 27.277150878161464 34.6877183177687 32.15424624024371 -3.9837734764077624 -26.73415136829419 -5.137045335225189 -43.234392305606804 -33.42589978876023 
39.002725392498704
38.7372996513742 32.0967386071887 -21.620682569373926 30.85573354594247 -33.65843487897676 40.5501788449493 -1.3050611174809106 36.31981127273674 37.173421025225224 29.45100723533048 16.27978871739947 36.71728466642256 -39.47136245886621 37.53952424100356 -11.863750923819637 33.82086888365845 39.55059252390609 -19.317758468102973 3.057694824547795 
97.51902358028036
43.13442260144562 -29.819293255385283 18.38731719294759 -28.180828592476924 -1.7208014120122215 25.045954202951066 15.169595808244352 47.28513020005258 -20.43649094658043 18.2196524141593 21.27024008759257 -30.569192777438282 22.12695755646034 -34.03868473832077 -27.940060717227055 4.64307931969892 -0.12802647507565013 29.484239595117884 13.901762436248319 
27.882484367624627
-8.442471433888969 48.411051376479364 6.951642426845424 29.71116613705334 4.03823263766607 -33.266913156366726 -49.324136042175304 14.123313926902341 34.10941381733696 43.69611505304863 38.00898490338169 23.204062000105495 28.250770968488226 -35.601886766910916 42.22024179817902 -20.181333905330902 43.01825243434509 -22.126795162434064 -45.674074594884885 
85.33450177390597
17.91579656527604 -5.9509596660820705 18.279775643695146 45.8042258350805 47.28566063475063 -34.796734215692624 -43.806981014091704 -22.910756659562992 -21.91196594696261 -37.592061525847974 36.48012757844619 7.078378404818842 -33.60227289748582 32.93910427391029 14.095983070090611 -48.54257627495804 -2.97229370416413 -9.258057387500095 -36.07540371090909 
88.41106580972115
7.896292202196243 48.780251641031015 35.89911090638638 -2.810579675741465 -36.41311142688373 49.46227395907481 -16.422660366281917 5.647200504757876 -8.993874856124265 -12.676834750929508 -43.3334054851517 -37.33563219431865 24.128307842781894 46.757681499687436 2.3861142360529826 12.782803485529314 4.521155303859693 -3.165059041210185 -9.425055282506065 
2.4444398997569117
49.6797628539249 -4.909573107158295 -36.90237846567549 -10.108046174294152 32.152841263150236 -47.32138405726484 9.369569556001963 14.094011636407572 9.027238426627761 4.38296042295876 -13.281372427341608 -48.01728095624674 3.543833023737733 8.718220146074906 36.818691981643354 -42.15813734460622 -31.550106612973206 -24.276626518992995 -2.4240592511112524 
33.86013621703361
-45.849956997816946 -16.968309636502852 -26.38231176262825 26.664494675001876 -36.20000825023418 -5.5822090977173815 7.928405120898674 31.07441695191359 2.194240282364426 39.259764254577306 -7.802995279551375 -40.6312561354658 15.63095589097287 46.21780576885347 -35.91598788816659 2.0324796555833444 -24.105678275187238 49.91897646290249 -34.11324513790521 
64.2517619502469
-16.923384970821978 5.551090949146932 -19.024728920038413 11.350938259791931 49.16934833747918 -46.99307442963152 21.89113369597628 45.91653711445741 -22.81517447786846 -30.416691391354256 17.145948299050644 19.52865307737713 -30.973501729815933 38.227852840607596 32.525777729048585 -47.17896179677813 -20.5914659382342 36.93943333772093 -32.8976799695618 
99.01702137056917
-17.167952065608638 24.16675289196928 -15.828827231162023 38.13913169562052 35.957464000550786 -45.08734889124057 -27.017964923437564 -18.233939587176096 -1.330475585081082 12.740069919998845 -11.604729151703154 -48.48858768047797 23.71349663654449 -16.01110468062317 -17.506250366531347 -31.67552224049922 36.988119068544705 32.25113329966874 24.698418157253897 
54.264008104955906
8.412922474981556 -46.48478284839821 5.0806261067646545 3.5717911948953116 -43.25546844684824 5.378465908520191 29.33369775212516 -24.32642845952081 40.79864248934058 7.3400507587645265 43.260831141394064 49.16068487530325 -35.75866656268618 3.425060141383021 -30.344122385184047 -47.14348759173954 -38.5545197563703 -36.74645258682408 1.0981729584739952 
57.74767382138063
37.8649945569323 -26.84321747502044 -31.547988046874707 -28.139365955622576 9.961703525282552 35.05607563417482 -3.244015807698105 -20.909776208600185 26.92668734585854 47.55801158883517 -32.293123372171834 -47.4627214810592 -40.73009929581466 -8.916982528795714 31.087374674558674 -46.911529040702284 7.809014542286384 -23.167374057624002 46.25634247810146 
94.77212534620564
20.670321643097594 48.01398999899111 -10.785001643225826 19.84962062883234 5.621746440584538 40.97849117306184 30.781801120301765 28.65274698410859 -9.610181310767416 23.79462443466346 -22.946558318253597 1.853192504544289 14.569742147618229 30.26354835933151 -35.40119712888465 36.15106796856634 33.319501297550474 -1.500991162918794 19.727364928993808 
88.29522378833569
-24.76386867252539 4.931647597802424 23.69297741166288 -13.101168312968106 24.644243540820383 -43.03907245672829 -26.16148795942933 -23.310467197688233 -8.016081772345338 -29.533759485627375 -5.5435785695046675 -44.36578953922709 -4.932835237472943 12.002036829858376 30.534742059008508 -48.19578822383151 -1.3208849819736344 29.740052061866777 -47.42235304113663 
63.897693487749386
-49.667803449354 32.08507791687826 11.334164156100911 -42.988567126680095 5.938534198105252 -1.6211238787446476 7.538197895216491 13.555357768174225 -39.25212657530162 22.220270527166278 -16.342459439834336 38.1287129972485 -11.894646190520099 -5.332409377827851 2.169103683178406 4.727654329460016 41.41547158998037 31.95300525503758 48.022065437533655 
14.829766900814212
-6.844382753555237 40.3265538360948 -18.279729065567828 5.701852870596582 -31.135376534376647 -10.739054080050792 -26.150364392875613 -40.29694385795581 -16.261265536999737 33.48647234250734 -28.10407689882498 -32.593771286111576 4.7995122238124 -15.811292902469631 -14.157243838413315 -9.963832865570879 42.55516201550182 -19.81011481492647 30.309246359046966 
50.02416871170985
22.65881055466386 -48.95181850418264 27.881200599154425 -47.5958510679516 0.27435630626595753 -4.252620694943587 -39.19066086079398 -45.67372372908384 -42.307567123639025 23.01267566356013 -43.60746200768435 5.139941762375408 -30.803850099733154 12.276685984419203 5.133609314351098 -24.7013739344632 26.258292772196725 -42.06702287278977 40.14967436459294 
78.76498000842766
-9.141364405523248 -46.24726908246668 -48.661269366531556 -29.354713401650113 -14.957865870935763 -40.79655337659397 -31.551493354569605 19.45816249293196 30.795732698899698 -35.10317584822621 23.463286763883502 -38.256763404952125 25.90358827096732 40.50631738315171 -5.381153939760196 45.641243218788915 -21.352474575741887 5.233072201682617 41.875242102542316 
59.62778966630384
27.051579951329643 8.262267567357696 -33.17830185026952 22.758833183332726 36.82650983742103 44.64015759878694 -31.24266730262467 33.586679298479766 6.252197989829966 -39.38458273744171 23.08606596133012 -13.668913462761857 5.942875787378121 21.726597239016996 -21.816467913112724 -35.05911491932595 46.77216906376161 26.78089734780322 -47.46163862835301 
18.35721774714526
0.19195057709372776 -48.64238042559575 15.23972041655459 3.5903842663459002 -8.238951795531044 -4.416938079673912 49.777581397025955 7.147990833137065 -49.09309082263883 -7.338219793356636 33.641633409077784 -30.097104578889212 27.775253332988697 7.012532569179676 14.349360528180839 45.665266990437914 -18.520073813234482 13.845425381818075 26.30329032758604 
19.52376919768041
3.147070051435307 5.630120107409418 -27.727993972934296 -1.5532297070807175 -38.145180055363156 15.143154981370898 -11.69104856819093 13.685157809592297 -48.09824076033502 -20.354149950084487 21.56769651236675 -7.805813154954919 -24.205614392214535 -3.767604746325034 -23.258207109556885 -37.4074361445356 18.925882497886747 34.50112478158829 28.751894892423323 
60.1026997103725
-40.87449738436942 -20.559803626556793 -43.17762278312621 -15.533079818012794 7.089960848419395 -25.217811646835465 28.234162677482118 -4.989867647288712 -7.834858916118449 25.07041350210666 48.81007366387013 47.82029622198242 -7.971374304311375 -6.70696660730836 1.583466218170173 -8.556235079903814 -45.46958709891372 0.17934247797182223 15.120535701677241 
39.543384730914944
-24.71864861936912 -8.884165141281052 38.611110493084766 31.643011753894868 -24.464222087897248 -12.87199617298235 -47.887622650865644 26.382877024174064 -28.5030947682015 -22.512926780096965 7.224431970578905 -4.363968841271451 38.38052935612444 43.239130576922776 -24.003848243044366 2.3868575417109383 -49.595339671312956 23.31745041359777 -15.995644379739801 
50.44843122861165
21.329698000580066 47.88703791896431 17.31878349855546 -10.103671922477652 -20.74414303931058 -32.81626937926468 22.459964735617262 -1.4778400986768716 -15.908528428609927 -1.6515288214277817 -36.52345320831563 -13.338972481703529 36.43798109399762 -2.379372163979397 -39.08680167095402 -9.57724429759731 32.594290527584135 40.74256171040648 13.709755262360645 
26.657617940633905
-8.034651934969183 -39.45913294466108 -3.0332162175033446 -18.08698021636339 20.366719015936184 47.38803411739909 36.032250258957276 47.18839024517223 -24.450963284089266 -34.38844776473 -19.491426095747233 40.47129838341303 -30.276784454223638 -23.09424954879764 40.54882576078123 -20.161363081992324 -22.050699811475816 -9.585055250191488 2.2053610573333984 
81.33244599956642
20.958961079223087 -21.605231678901603 8.613743199171843 -42.12924207405075 -43.68644089538368 6.221804125635764 -20.56066919549233 38.12963232505906 42.756817667988685 26.009984412708064 42.283400474707406 -42.36670870557568 39.20313091560304 -25.79460447389943 -33.35973426662579 -1.7848898242231996 -37.99041349212771 -4.730460401503919 23.516340526043493 
66.56293511962915
-47.988205555976684 -14.075713292010242 41.96662539864906 7.73803519015528 -3.739327930293477 17.42005937658503 -2.426313169228301 -4.642272023172666 8.479329244216615 46.902094800600864 47.28862422098605 -23.442470219222123 -3.0337272509023165 -26.812099395531686 20.07315766620995 -23.100511995997685 39.003144450365824 27.1322601826557 -16.57355554465623 
88.06904262958443
36.782244181802966 12.244507321399176 32.14975321603532 -30.496338023452264 -48.54885208463846 27.335992160348084 -12.403299147183148 44.022186521077174 -0.9212748802957833 9.713984786226895 -46.8237393548519 7.074658575169792 45.17892336997022 34.80153003223188 45.020266561797555 -0.5918576869921708 -47.11431382967544 -3.9489406554914837 5.496709226639098 
13.744867081575007
23.954426755465192 -32.367179714182924 11.64462085081066 17.494781291551902 21.472514391647763 21.61751164498341 10.62587966505555 25.57540068638926 -21.506764068409943 31.235737865360562 49.933817023017085 0.08759445551233114 -22.235255873703874 42.28522176197478 21.368007895476538 -13.103238081409117 34.30754330632995 35.8699828031001 4.679196087000136 
23.094607053590277
24.801073143859128 37.39394578130185 -20.692201321536196 -36.13247921009031 -14.428008100472503 49.09478238859225 -29.21601297786065 32.47335127304622 44.433802042576986 -3.6080249277460155 12.12688107476044 42.829124932378875 -39.29052490358076 -18.063488458048973 29.974897596502075 -19.361944712778513 22.475783080048643 35.48774937443662 10.198836766022588 
56.034982241381236
-9.599959908793451 32.60636827117085 -41.60615373868739 -41.59485534295682 -16.502953068450665 30.640609939768865 46.915893817379455 2.3319464782478505 -26.28399738925009 36.59620719357575 32.02293088429019 2.5552329204341575 -6.525792298270083 -21.781223475570044 32.200468257112774 -44.62770357413955 -36.9135788858607 -3.0193133719702914 -18.104206958445523 
34.08965191620933
13.495760299045045 19.652680081795765 13.654618502102963 26.934391950437913 13.794028372474521 -6.246156586178785 -23.95154052571321 7.259723263296067 12.726445749546421 -8.58820469913443 -35.19942660235059 -22.069938944886548 -31.292238080914238 -3.9718004461493734 30.162836566180715 -25.553173242733827 -26.16626775077937 -13.366925706160039 24.86545179943407 
44.676905003772674
-26.045976687975024 25.924554326110652 -26.14406725765177 46.97145592914646 49.07961211842395 39.72912334217543 -20.436705021841007 -26.986386401279326 46.22977268132948 47.98057266661114 24.56798390065663 -43.090673785749885 -49.71920401479364 -29.695767799584317 -2.6724650099666434 -22.163581168938617 37.46059967875898 -17.093698138945378 46.00255156075622 
99.9927103297767
-19.15956790955472 47.70640010229933 -39.55296257002438 20.634821455666682 -32.493111521621174 -30.4852778669925 -6.928224452703645 -35.32491655474171 43.05450133198076 -37.4565357568467 -44.441181386093 22.6047075337477 20.621203789587085 23.6554922231376 -29.700142401887618 -22.56276141150365 -21.10402652763661 16.491472647897837 12.950591253220878 
5.916982789383251
26.360022236481015 -32.020020098956316 -44.3620683631508 -30.587016071668504 27.479898224206366 -33.27659205626948 9.126237922746263 -19.28015147145956 -29.347061699665144 31.365716897564027 -33.35656043088685 -5.587479462928535 7.412500991533818 -13.713584877314325 -27.912638830116332 20.452855162580832 7.732458003213175 41.82840470693449 -29.022877106923772 
3.4216905050157953
-42.77253929359289 26.755612245988843 -46.21598670847834 43.05082653740702 -31.372482274869242 -38.2503989390716 -31.829223449227072 5.655138130548288 -7.887547794791857 -5.507329296984906 -40.812253569226144 40.615824637855525 -13.076150471578174 39.24819191766507 -5.38112692416076 -28.75841923624215 -39.870885062357644 -23.162770179332306 46.44009570589941 
75.13524414320062
-12.505680794141519 -25.476201116213314 28.747192288063133 5.61927151513644 6.129535668246589 -20.44068172011688 37.52963378827255 -17.175824144005524 8.902356191007229 25.000227657748624 -1.6884182731682458 -49.280198021459576 -23.427590801361198 -38.099137218702275 3.9507088967062103 -45.329829051582216 -44.818399197694546 -1.9029022728319944 16.779954016580007 
43.01833686571916
23.4419640252369 -19.465538367811263 16.797003879937122 35.75850854052118 -2.305090433969994 5.45776263326605 0.7506783938225539 -16.47153479055818 -9.527191234955346 -21.23250151868149 -24.256969410248207 10.956115690867065 -27.224187947856205 -22.53834119982536 45.36046588335117 -0.18027498520253005 -10.116192129083856 -17.680249223005404 -43.633309488961956 
19.532259450287516
45.855586045224186 -38.15079211163803 -40.36511327327186 -44.864034100867876 2.8241089412836686 -11.99739531718015 40.266013616067326 -33.70588240904154 37.77903330858837 -44.71262434778096 -11.26537225370361 -15.307318148938684 -38.26553185627842 -43.371981639542135 17.423236956673193 21.815375228654062 34.012122018761545 41.7040562194872 -24.949362066408654 
14.23140488827437
-2.173032999932879 46.47532374720417 -24.730706016562575 -20.66403487374765 22.44456844264802 36.21935422518811 35.101278141014475 40.909313351252564 -38.11372028154284 48.64404524553363 13.901894732001175 -39.08892569056003 30.490550011583508 -41.49806404708948 -45.81541632242405 -18.39783129058289 -48.40442238552033 10.620805335846825 -48.08973436956193 
40.38754297832596
-42.80938434089408 -15.62146690801383 25.738792195411435 -31.30129295031895 3.5902424727858744 -40.61153501779479 12.259738753561564 -24.2142238892618 21.017950558894213 49.524773988699465 -12.635752096945353 -1.5353911903242903 33.44245825502635 -39.594342495812924 2.6892481022326677 -31.33469657333302 -30.90789193162956 4.065408863727839 30.459793513977175 
12.054181121264529
31.779867161560446 -26.215238288299947 30.074913047785316 43.052111834919884 18.503339937382307 41.912104619015494 -14.573192094964561 14.247857700163323 49.741361687976124 -6.003468164531334 13.212800047248429 -38.49414302581194 25.45065025344853 -46.33309672657418 9.393982266884315 -40.00633221638478 31.973163666141005 -15.570575165373711 -16.526001188943575 
70.9050995762718
2.8966825763005772 -23.080516857470045 28.41598303524276 13.83076936618464 -19.631679209591535 43.13182100744652 -12.21485350276361 -4.471308109883154 32.442593300351135 42.766345859141396 11.099107051057956 12.27320643125691 -43.24726786937777 -38.934790965976475 33.38750556638335 20.011414445867942 41.12601250218435 42.380042272921955 -24.3929309571855 
34.23197723266972
-42.27918251367577 -40.80350662102465 38.82773557693456 -20.247976584680327 38.845226685246786 -37.54341508741524 -42.99995598462908 9.553574069120664 19.823996473047373 15.75753318094091 -19.36651234814616 1.351802142448669 37.1127092657499 -36.630846656502705 -13.13991845823027 20.75309129153186 38.315055687253206 20.000044479912575 -49.87308057207244 
10.661762944304076
-5.158889884836704 -1.1437785222413552 -37.843980242190135 28.02003888921635 7.651555684692987 13.773989065277966 -40.17070576348778 -48.983390107724375 -38.13513497896173 1.0722377564697538 5.30103170204729 -27.42500211689577 16.96139858706131 7.257572109858337 -36.090241398355225 -20.766393561157802 15.900504344044336 -20.17102540471599 42.355929565837926 
88.45522283437653
-41.32633441658832 -19.833016951311954 -17.86856874302474 -18.04555704639913 13.648809066971424 9.855678758014989 -48.6686710512914 -22.192684969222043 33.517890589744795 4.773989201835313 41.747950666555155 -20.091736320101372 1.741953863282916 4.906157675840085 -42.458175239297816 29.76512306796279 -39.90516760541905 -47.94048712528134 -23.196441628413535 
62.6739459406924
-41.76127198849801 2.5408804777547473 -22.03470199668216 37.99094595937062 22.221934650727377 -32.66865758658777 49.28989420542942 21.519791850017924 -39.62901802134514 8.412298040215468 41.56047005296392 -3.041779921097124 12.256547216922819 26.63404759869202 -18.387399184458797 -27.101287307294008 -0.7555685227533786 -26.11857419610246 37.495836344531384 
32.053764324838205
-46.399927867462054 10.27927891358005 14.820860635521555 40.17707591448112 -12.803090550477002 5.793869078589687 -31.756915096865523 43.577740222341944 10.586133806046014 -45.17545136471305 32.05300372413086 -13.82468499835089 28.51723727157058 32.243385993157816 9.488181540516251 -30.280562139147204 18.95590764317828 -30.17138408316049 11.651301418817809 
64.09841780327015
49.227798925486354 -26.848855285199992 3.813159363882555 48.58702277701781 -4.876265737373622 30.711614787486653 -0.6009120540872317 -20.56553713457666 6.633972295833793 -10.511255982507073 40.10181900057793 -15.630640105134304 7.436142349335718 -15.95195648811967 14.333286937062766 -19.600742509359748 24.343528905764572 9.973196292161305 -4.3775773650913905 
97.70803100743761
17.62740207784536 26.620740081021594 27.58555130423143 -30.494713419809017 23.459119741178156 -40.9380676072843 42.74049959861709 -34.64228816954417 25.674741841473192 44.563963020026264 -21.294952025701598 -46.16698371345485 45.64699349602722 35.07599090264543 47.21493229299017 -20.787032257221437 -23.74366244618471 23.923716441803904 18.916086249826648 
26.582742907239833
-11.214938838149358 12.27951454624693 10.030390265215082 29.779658831137496 10.015224394693057 -31.036566683702247 -4.236330274194074 -2.514933934794115 0.8934167867973386 -34.256360411805886 29.719284942255925 44.16903198035773 -32.16776941873736 -10.456856781607534 18.60011911993506 14.648144569288007 3.050472285648297 42.822980666743675 -12.8736536275226 
83.69265411871164
-18.688922178986257 43.90025417035666 -30.634113075555735 -4.580170353770875 36.997801969996445 30.072742515043203 -20.43104948013702 31.136294906987132 7.678750262546373 48.160068136404405 48.11767919952368 8.842825742215986 -41.86316841670759 -10.565330788525948 -43.653679932262 22.790886903889344 -7.695701792463481 -11.095837979583067 -32.242978937421285 
27.280993701823963
19.620506997992706 -37.48011299958745 32.550739942831754 -44.68129944637932 -32.96086108829792 0.12475595958287045 37.412393859365196 -10.205088495270743 18.243048302253996 -33.183183693387235 -16.866123011023404 22.532838931458727 17.582055755908783 -9.106822331801546 -1.0719589168520116 44.84485281656828 -2.169065880834985 32.652251452903954 44.18138150912286 
12.168190338234563
-21.92805902110775 35.070584112463024 5.912610516013018 14.899242654957575 30.838222631017658 -45.2662691947167 -26.6511570313676 17.721972736795337 36.11148399779367 -40.610964885591585 -40.19927406681387 -49.473208594752386 23.849351916434628 -42.89865571612857 46.41225001138122 45.441956712347974 -43.57514129637583 -8.768950381583139 42.380626787224585 
16.550385113475308
17.692531288261634 -4.68291766264052 -8.11391256866306 -28.45945062145865 -43.647403888363876 -47.56421682310845 9.240990819618055 -22.159137489427184 -22.133150896293785 44.7198606534283 -9.337817746819645 29.712811755080665 -8.61327369890342 10.459923860921947 33.59007429137475 -22.671188915464203 -4.013763698220693 48.57433736875558 -7.377584081582178 
84.03656596169947
33.949326105551464 23.22147569988836 14.900301916464983 -26.18748511021697 47.943394003186214 24.941669717078454 27.178458688979006 -32.66729873787207 -46.38238614245387 38.95450524916399 -8.168598298379415 32.140163313610586 -20.503182277799304 -43.899699198104656 9.69159930632145 -9.936184813684932 31.998686670697595 37.40300772387219 23.88524583362674 
33.34444231310159
14.984043662004098 9.34492864768103 -29.27412555318988 -0.15068409912090175 -29.542942790696603 23.682016726630962 31.245496542895026 -2.692329758482984 9.864235486920123 -37.00821825618867 -39.912481887728745 -3.3249174320337147 -26.101928727720804 11.134065578468345 7.255197967886652 35.53554538829023 -7.206745820637394 36.41830629641356 2.6039615735209765 
83.87585531103413
18.81040262968733 -45.49086901363645 42.985425615161574 26.61768001763764 -32.06569372187306 47.96540653867473 7.595439023496418 -40.031555177783105 38.77065651975826 19.796206544674547 28.34813220444842 31.953026027869228 -26.79266677758977 49.530358961042694 -41.00767102504798 -18.58610327805583 -14.386703128881187 2.0345943355974043 19.206305218801106 
44.31830964694097
15.180219961855357 11.678530635981474 38.051415454392924 1.3867297627348947 49.46895175492888 27.433067341324815 -15.06543920686596 -13.142383205822547 26.305008653803924 -41.89799314750342 -44.37589410504907 14.629394163708469 45.87427711391162 1.125009559500242 -24.116699562927412 5.0712368379521 15.202169531021212 -26.746711217527963 -4.070188613441651 
13.470055011632166
3.1564578598950774 -13.112314210422639 -24.80042763825383 -30.61808691522395 5.696127427065065 31.98214031700303 -1.212449226958725 -14.918186512566145 8.295507760398415 30.153718924416822 24.457727398615674 30.856598043827944 -14.694891291451128 25.00376640144931 32.25895370710734 5.06153567405039 -5.532535657783811 -39.35703826754138 37.55302841629788 
47.661856586969485
8.88847357385788 -20.97363003010314 32.655750229881335 -42.59362884283973 -21.528372433452958 35.94282382846704 42.31131439934967 24.831032184614443 28.154637955646237 -4.633695174518159 13.864898889164103 35.96609466682598 -18.755045850160844 12.36523262254753 14.26786244875521 34.92131561220549 42.732716459061166 -44.121130667909995 -27.05554190059669 
57.44942077187799
-10.333272772365312 -45.59167901707075 -7.931442936282309 -37.86117688797206 -6.488984840062287 -29.967085694539875 43.943340091564494 41.06238836722099 42.85665272366282 19.150977933903064 -11.053492270675328 37.509816699592434 43.94548408822689 -38.04262819097642 -23.10193964847016 34.856950809791286 -48.830541836962205 -23.09162028867511 39.72721895428202 
7.676193715882951
20.0412828078163 21.28782832361871 43.959625620503076 43.867890050029374 -18.910810749762497 -45.52335430728739 47.81546048880824 4.8933775696442225 4.710553271787099 -33.35872045620762 -0.3963422901710345 40.116203280583846 -35.773749106545736 12.294722368243463 21.616945592174247 10.808710693973055 7.209537718047002 -4.452825376391779 46.8769133400411 
9.557057352310828
13.620385760819353 -8.14838173700354 14.847950923877562 -18.40150567262554 -46.64182323742347 19.662895320312728 -13.3667154094408 16.050440852833503 -44.447326442061865 -5.332851143899042 10.186009024735462 27.041809671159655 -32.75470062180398 9.101771153255868 -48.28755461474357 -12.567335022919536 10.06968078230166 -20.825728061173155 10.714763003460781 
11.109213624341042
40.122527250103644 -5.298215777943703 -46.98576320404362 3.7668050871062704 -21.57708954582057 -13.168825307548595 28.61617474470785 -33.35553623553146 7.190034253356345 2.0630536255369165 -10.578059057139079 -7.149769634677128 20.626651032178543 33.791199633461034 -14.43685578334484 41.7173754613174 -22.02273061255934 16.182259830943252 -1.4724600007409805 
13.057329104664372
31.33735836685463 29.45879529383862 -35.73429935326744 -29.77404240376693 -8.978219812184804 0.512114581189735 -49.887875764379196 28.59557927498801 47.2576974677081 8.259530355221166 -24.376115016622112 -15.674063520434366 -11.450745364673644 19.273995711453125 9.334532944439879 7.25305924324681 44.26836080061568 -14.047613838057337 30.94044641447003 
61.26579730266452
31.857908897624426 36.85189046081912 21.58138100505745 45.715543071330416 7.49081745817891 -23.187618022034183 33.64648204607829 22.205459422388003 3.1103441388879887 -6.904240055221123 -4.068416012904599 -47.46869418351005 -17.515941488966348 33.011705444408705 29.9931253758393 25.596739401514313 -35.763995052609864 -21.637554722518225 -10.811479604371186 
93.8017556910952
40.77853684102763 -7.4725549290210225 -16.837550827553514 -27.296309464139057 -31.352645578424067 -42.87773101226586 17.43292384015757 31.676020741814142 17.95036303901969 46.90405325959631 -39.74934066170083 -32.15904285472065 46.47288579819745 13.959399318528178 47.04968321858456 10.727610630253558 7.4389295911760485 -34.80131040736203 46.57675058220238 
50.908291218918535
9.01012664136912 20.79418395321329 42.18161017064746 22.29129682136974 18.31106144436174 35.43752296519813 26.76969377364206 44.79931083233801 43.101720458361086 49.155481270016494 -29.436636932117466 1.8383086648883875 30.174807805032174 9.911181781873111 -2.912645137208848 -14.73732152575603 -8.862270904994006 -23.668784215408166 -5.311391598748791 
89.46799687168132
3.4460485130869642 -34.36259974991751 -1.5798078590285343 -24.206235455673863 37.38729814600781 -40.77480741217174 0.2635574245016272 8.59406112528098 28.170987376781653 16.319053715728728 -15.567085410608826 35.13499278642054 46.36276987344117 -25.251642049481593 38.90001330363441 42.903500036002995 19.607676752894932 37.12567503163088 -35.70280795069159 
79.96291280190808
23.919413435878113 -49.427392787714744 -12.998960936603488 -33.33361311661989 -6.230280481004947 -11.373428856213138 -15.531429095823192 10.340197152632292 -3.206148293975609 35.07525187550499 47.79237934599834 8.474583905836433 -18.864770607931945 -48.79630776439725 38.960676321168364 -9.489361254373527 31.284364165056772 -19.697695608906372 48.45275744884886 
3.4875619132400337
-38.27577967273284 6.272345047995657 22.569889760358237 -7.384705400072498 36.77613397567289 36.7786709502121 9.296182891677915 14.263413394347126 29.747524577497856 25.63790942103074 -33.496444768181036 -4.092099883459454 24.81460158570951 -16.006595936765336 -13.04063211695906 25.253184916582512 21.030348307778638 -44.68334808982658 20.864909714430908 
9.047670894567394
19.430038412882283 45.388125356603126 18.54741401360704 -8.963313719431035 -38.58635146334697 5.148787327178603 -26.55220505805307 8.04763037066595 39.416472415122854 -38.32325570812052 18.690868291283934 43.3778582684249 19.33637994888987 -19.468105275315107 19.29433032389882 7.45656914898268 -1.7319350590371343 21.32460484430331 6.467280788316245 
37.177863153765365
-29.198199432846206 17.602817067852058 20.46864816530885 -42.647221975984195 -7.523886867249864 -27.98481937023999 -35.85961239767339 40.40399843887731 9.930931765540926 8.196181659490001 20.499810603091348 -16.27232379022969 -26.11026072081426 -38.06756214852058 -45.329947853505594 -1.927438520840795 -36.69371810855089 25.90765193556608 2.9470414606041047 
64.83745517097884
26.84345554607023 -15.312993328061864 49.94607431473803 -24.636208462671906 -8.690994280342167 -10.409967948680212 8.54040808445383 -38.89914415554075 -4.245317381916749 26.714270695530672 46.699016183315024 9.947040024283872 -15.34741856206088 25.61037585306501 -49.64994865271343 41.121228703647176 33.89436374182672 40.97250399161173 -27.95886781197772 
78.59423660954728
-10.683856139538165 15.196194088760365 -8.56287504230049 21.41097880815522 -30.966189927573172 -4.230814539957805 5.5905740450942645 8.159841446238644 18.080615918013294 38.19889878644108 -25.560473385214312 -37.60347780540279 6.670883796195923 -27.456388226797213 -29.86804239007662 -13.994651041660575 31.87072571229467 49.60261516143794 17.545593324319114 
38.28189970895456
16.5386541865916 11.433931991085124 -32.23355966498317 -0.053471780202642094 -0.893921249537442 -49.89352907578789 16.308836708569117 23.34914706957518 -26.900358738387308 28.456730298830763 -36.495578891770066 -37.198536861956825 -33.735622137421 37.1085089959508 15.756886901461215 -37.726443914789044 45.72880082632096 -46.872711841033464 43.25398803589049 
51.6175692758408
-2.140079069934366 47.41932083776551 42.247735017176424 -32.968034694738606 -40.711664978752204 -39.651361828396425 -1.8417360501848847 16.655678091187227 -30.959479663169652 28.033562046857256 9.52643607838366 7.982180008900627 -29.202521564915706 -4.602453849745089 12.234713363013306 40.20933637191983 19.005945213897547 -3.712569710845102 38.43535419655882 
41.69166800589414
32.900384880607504 15.835540412061462 -44.73037452686878 0.33742133050216694 -1.5489748261957246 -24.26972905291873 -45.26889332482157 43.09364382176935 39.83523285474439 -0.8268789352090309 7.920809371282758 19.58822882140032 -30.763458807491027 19.0384166289856 -45.53867615402962 34.548678054391644 -23.39232000286694 -9.88475182716789 -29.018308531595938 
53.79312844099873
39.49101327781109 -45.70061654941278 -48.64564923837078 -20.610063721028695 17.07177041197926 -13.783712966909867 35.759895255204384 1.0079288163644478 42.34653665906022 15.994556312001293 45.67500979035266 32.530195464423855 41.621467635877394 -14.227534515419414 17.52346733081751 35.68006993960827 -8.488238018950177 47.00848682574957 -21.000456469915683 
15.708750473748056
-29.80411641121862 46.78003861896265 -21.032163478251032 48.11977318816504 -28.114829508183668 -17.00707654666006 -35.637107894452015 9.956339984892182 31.301365114923442 30.787224011447847 -4.343326248486058 -5.6467244265039795 48.411749392993386 -44.58629131831145 6.231390738345922 -17.143793360052427 12.753540488363015 30.468078252409143 40.38972234622527 
36.436258741968345
1.3862056764548 -25.39134241843797 49.75404686861276 43.17944087570723 -35.15751921555883 4.746421857551994 -11.549217917253976 -21.69438657348265 21.40582436095437 -20.81545263609288 23.745493894368607 40.472698656512534 -48.37593566428039 -29.702078502846685 -29.311061728650333 27.247662538833808 22.176138509760335 -36.9186476071874 -33.146227388576065 
2.1764492679487324
-28.959307531842892 23.258498462048948 26.386155849567132 -13.939038006001667 -45.62751807473643 16.631825213706932 -48.633966305310075 25.85186052864728 -10.42552769674925 -10.032865691085469 32.86439161898306 5.991797241898347 28.76057327510628 42.94457519187158 44.10532794996597 -30.90554551804402 -37.86399188362779 30.57123738711384 13.785321504860235 
5.520532595311034
-18.22070879228096 35.938762456208835 -31.128432008697093 -45.28734342904579 32.89190288092321 44.32269110854969 -46.90416626481927 -14.92311262943786 41.78868564874257 31.358510314570253 -40.12019353366942 33.74935720247112 37.73409882255359 -49.607315667143816 -33.42762188653998 -7.237686933020662 -20.813562264655182 -32.90480369610596 20.648964403537775 
23.924616899222773
-45.90579444827622 43.03347080639965 7.917337928141762 -28.842434282382236 48.59582624589616 14.145722806283189 27.79411680593232 -33.92235487840317 -31.19408743864155 44.91519304515579 11.36051392787175 40.29361709009591 -43.67162799617954 -35.4651061333401 44.17546533977908 -33.81383615836676 -40.28137502788142 7.465852779879135 -2.2811287407608773 
46.864007065658086
11.324251640697206 -12.469953918213776 30.85712237917882 -34.458702873399396 11.765443898954445 32.04260433182577 -4.132341087148852 34.756786090708175 42.77361866981987 -9.52398674237164 -27.67114660847858 6.656092599309929 13.188622125828232 10.762458252851737 -43.423979463166816 16.98416716526627 -7.378026825824115 45.578607722583456 -45.556139053617215 
37.48582273808816
2.6256142270947294 10.82053807053525 -39.33974391749015 4.087992304167187 16.162677081859727 -31.035316162556814 -40.47423000111395 21.53816517803081 -37.24116829413917 -48.87598602000964 48.40781514339821 -30.900827576470213 48.91974515701392 -36.65303713567718 -31.90207172252303 46.45141072151378 -18.767720342716753 45.069825775639615 22.225168786281913 
4.12918845198088
23.0240705191283 -39.37829365788641 -18.311861041175437 -1.3811786836161986 24.538122197189978 8.294337491064752 -0.5373004049161665 48.67181336422027 41.28615148885727 25.727370192029255 6.161965536829037 -3.5627751300113175 -4.423626719447562 -44.776957254274485 17.3696963766032 -5.306841417369654 42.168506140333534 8.092385560391676 -39.96227765684219 
49.758039937982204
-29.40920483207716 33.24843718963383 17.132616345634716 48.588170916903934 13.860845083428465 -47.99983043503821 -2.7637190594632415 38.118794059265255 36.18414826524112 -31.635807309007657 -41.05027566466441 -44.91828447510955 40.66116724925392 2.199487365044682 -41.28119340872423 25.33329226815293 -27.884093367377027 21.083759343639315 45.09522044135163 
63.15236584922753
-10.134109819451432 -33.91168731989896 -7.534415920480129 3.0185539443676888 -49.41442679822171 -23.528493157490505 -47.07399188612204 39.057012916158456 -27.62787180876215 18.799302961686877 6.249001641163311 -19.36335750554834 47.70471570319407 17.114545460055524 4.78420889075899 -43.46555897186533 35.19525746395871 -37.48500612485532 42.65387090636969 
14.62950826037237
-12.139156813371862 -47.136646181940975 26.748560139583773 -30.73401999857075 -30.8951058841749 -23.659126745706672 -9.201823804448807 -5.775025635678588 -33.32374468808155 6.169314199698853 -26.812206193756893 -4.328643606554948 39.5824026945418 18.06442651955267 -25.792602453862614 26.491998551467304 23.26499844975757 -23.152694306894738 19.069179476561985 
21.11788739855576
-25.696936629683343 -35.87169447288801 -20.70449099337468 38.22332062309455 -42.50897424829174 35.09147453771918 46.975278339467636 47.621116760363904 -34.65398545937903 -0.854274494435245 13.905810731344545 37.22362479659975 12.930704914864535 16.572293966724175 -19.21789448558985 46.1150386143882 -30.664876299836408 -8.713770618367988 10.36467480574511 
50.58135117169281
-28.75718226090811 18.443058993902397 42.95177638875984 41.370024255283354 13.713859334703429 14.859932347035638 12.501386432441862 -17.497730006945325 28.649119951387064 20.083918752427437 37.39278748924093 -15.363420883846423 42.35735915937518 6.428377772505023 11.087146251720014 -40.717046366142 -49.77134170558683 -22.588411891345107 -15.158952978797082 
44.09305165958508
-41.275246695950315 -34.22985660198965 17.146402760748387 4.002257755227802 22.728905158112028 -35.417134254660276 -37.28521898712719 -31.824565866053888 49.75490125855899 38.02928792701307 -12.40637543636921 8.508957741919353 -48.40311832558262 -38.07994650131676 26.3964532951898 1.8673478373153571 -1.2913250589445724 38.37479707039421 42.6486255371873 
45.28363771318739
-27.066632448068084 13.886455552645096 13.894784276172288 11.028378919619186 20.160881882283448 5.499137794302364 39.48359660302167 -13.247018065585955 -23.92666942736936 5.940024707775002 -39.15994483080753 -5.161144869835169 -24.65501303393434 -4.715953710030185 -8.445065906033399 24.63458753515347 -42.50428946470153 34.093321662012116 -22.234231521994474 
41.4392153850464
-48.946271046043776 -49.03831252299751 48.07301915052126 -43.109600069613464 -48.234332529035065 -33.992108971447855 -33.37018361982034 6.8420707572496156 10.298787999188455 11.099283991044217 -26.936941748059652 34.86694871023023 10.212422209521044 17.451195441314084 -21.471726739684406 22.195102058409816 47.93258473165088 41.73537258388872 -11.529883779210792 
38.20043994635379
23.045829670161666 -7.0557833114871755 39.55494540825053 9.47291571184865 9.435394686166653 3.9957836517652723 -29.238548939433638 -29.93510912401536 5.614780917342301 -35.572153401581694 -3.2402081015391886 10.67597700881224 -43.92915848052476 -6.482501905418523 15.47931251258828 -9.65860207051513 -5.489404038423196 -13.22377346330272 -38.84064809896748 
10.614740212361816
-15.387058387679673 13.00846902621037 9.19727569377671 -20.71332287627624 24.218492170894308 -26.01488869923927 49.752299145936774 -41.64287336166383 34.84780448023629 -35.728426285523966 -26.666706691772735 49.27898790379473 -19.97971345300823 -15.136578514080554 -46.5067583453564 17.417442610688937 43.05310571008255 -28.979207043320066 -30.727464440974718 
97.21958467070847
47.85144280893195 -7.943915304313563 -16.822095402853463 49.7648817150974 24.658485274692055 -31.182242807710058 -20.74681290291558 15.16780633255253 6.815580560230572 33.226309554461565 -29.807183376394043 -36.27026918470614 -5.710035154116568 23.456772204853422 2.4683036610870133 1.7879324705302153 35.059591009794886 -31.774595929192305 24.082620392348034 
30.885416060377867
-43.598477197900095 -35.87354299076584 30.83685825722418 -7.814063426063711 24.71246534668633 -8.921734826781659 -26.111874591747075 1.9844882309926888 24.696970469814488 42.676119442221065 -6.10290035061756 48.7142433287987 26.59097055341492 -29.387322956381677 45.20826487146262 -22.973299211040477 -46.45478758439001 -44.684995712217145 -12.724649226699292 
30.32265394185685
-29.62469665534585 18.560518993465223 49.939017280971285 -40.46271629645666 -10.407945555358758 -11.927497052828159 24.183378040982916 -16.96648555289154 30.95782646870336 8.959031683564191 -9.35751197935867 -49.86644475692719 -23.228328820348022 -27.65249357619147 -25.602562457793443 19.119285761189616 36.66803668503785 -2.319738941084836 6.499228808543336 
9.457987471075324
-27.0791500624036 -38.12504289446241 -19.827847793787758 27.560637373477732 40.07687238056427 15.916786331395855 12.796920946763436 45.55584304873349 -38.800857105394705 -32.562204729709975 -36.45769418615321 -16.636827971824445 -2.916504018181996 36.45188639932833 10.908596365066224 5.775529630204666 -35.48194754801456 10.652377404425863 -35.534268979955016 
98.31092489095018
24.987674771939723 36.54224731144204 -29.28655583553963 28.269779766855095 -3.8176085202531382 -16.844499580026728 -25.739644329761234 -19.26524277662811 35.25086472228722 6.2413465378298625 12.413401240970934 33.17577802003417 4.9468949215729054 22.52117815043779 -46.21140872389869 -3.126236529189171 -38.350836584171056 -24.008367698370602 39.69859332211706 
8.552379706285407
-2.3087375643113006 41.235258762856176 -49.15786088991406 1.4078229629074102 29.52122549630488 -37.68636403080022 1.2148153106445037 -28.84747118148351 47.9167391029233 -29.943950417664034 -43.81962978298098 29.739408426751723 36.81426425199125 -44.579879893692706 -17.713916259601326 7.109009861270188 23.267331174976775 2.0890402019296346 -37.3245967690195 
19.602816039500638
42.63128417706112 -2.416588626038809 -46.15449835210615 -27.388356621207365 -9.72117724622619 48.903861316819956 17.016980416377066 -45.421123678554345 -16.017343056493274 26.084021616470494 30.527454508361245 -40.34591698915922 -20.44129993932974 45.0216081536265 -21.569709591642706 47.09333369305989 -33.554830019604374 -20.431289959346067 14.874324640709318 
6.928294797660984
19.60009777738783 -37.89934077171253 23.85985967815752 -46.52301396546596 -0.5683391615147428 -8.3539243173295 29.61084480313292 -39.05512417597742 -27.567086394479425 19.14908726583006 -35.9273753093168 38.665710231510616 -28.225610366232345 20.54783231634471 -35.06082070891689 17.457338372280077 29.315207761662805 0.09182356286422078 -39.866670123286184 
83.11851347430014
-11.674758858715137 -11.316121903746037 -7.1920998020082365 48.2684563246449 49.667998537272766 15.020676351403097 -45.29464778883443 49.53173256899841 13.27590063714861 30.919302403697174 25.10795981644985 43.49682606167258 -48.54339732218129 -33.5446646124193 -42.369900245025825 -48.07252144052091 -9.098858001237787 -24.59857792775534 17.7487873521564 
74.38175722359742
-13.778372014968724 6.9434834404378805 -49.76190387209759 44.69449734745456 39.428304360894955 5.765002126975297 47.56764594606577 6.704619504488974 -43.037247259294396 -0.6718434098981447 -2.155123336848483 -25.84045862559494 38.736150226845396 -21.45622368909913 14.02535060990212 19.904760100804026 -37.92158946825194 16.010458364310878 -15.115164221770868 
10.267370153447054
49.006880946765065
-27.10586496263534
11.137542165032812
36.32939489781535
-25.964823442094243
14.489423070321195
5.8345146081253745
25.940299203778324
-44.19331570062796
18.690909767134116
8.323169427090448
-47.264057410244355
-41.853850961616835
-35.78043136940839
26.79285429855301
-11.259462981366482
-37.41272878819265
-41.651774296798436
48.99078972724898
