constraints 203
variables 20
-34.54677172584667 35.03814025563196 5.860844942177891 -15.188319749991578 37.76122846376168 14.297788398406368 29.51751825871692 -19.827611349133644 45.8310961808824 -24.67779591127971 27.18860368586097 0.29489364877821345 41.7978072950784 -10.649169806982783 -2.2600551058477265 35.34613026551189 37.29361083577423 -26.37915594768542 26.91848976774631 21.255910123865206 
51.8084583271033
15.610686082222117 40.12731317804665 -21.11430829468458 -8.766480372701956 35.31050899111554 -3.0973887511132716 -11.014195286943654 -47.40079269414233 5.774032831411205 5.3794275133824385 37.11163670944134 -30.523953956309402 40.19463405046335 23.80238958716022 33.47011268261183 -3.4111809109339504 32.361729064625536 20.532245803231532 24.09355851707231 -18.09855734456719 
56.59180451571982
-15.981457645947984 -38.211187997023785 -10.237967168453586 -6.908228048433195 9.853328162789353 -2.0147431589934044 19.654688753836652 -4.799481201541731 43.29025288353321 -10.093799714276564 -38.31348235246619 -43.93209244176583 22.50802086374688 -8.58615885839614 42.14548363546325 -35.931319442142396 -49.58334888620114 10.42878508739338 -9.703322425818925 -41.38795559264139 
70.94951932953691
-28.999058122121333 1.041640701021926 10.995977140316505 39.55374366620205 13.909320269452266 -22.852581358268466 -41.431397714058704 6.985932020779096 6.094103006593684 9.459017712251594 -35.302783043786654 -19.46009822407223 6.275106574976419 -6.158975989057467 -38.09110556293999 -12.52251916617847 -48.21347376971905 -10.448890017881915 11.05479415269879 41.703038413220455 
39.958691346465926
-4.669758212384124 -24.53631067064651 6.6169367549032 -23.696751539318427 -43.29859019566764 -34.21161476105665 -45.39739816383944 1.3090788398651725 20.800711358246687 -41.38791633103962 -3.253546040016488 -12.168080726757694 23.521699875716322 29.870002064301133 -4.840494262066798 21.861582333906355 27.835885755768885 -27.24522601226419 24.663880986195636 40.87626950491395 
81.85935943050524
-10.987448745646219 20.627132915338763 6.044455566885333 30.56751107935746 -47.6000990591681 35.37171887049226 27.21041467409013 46.01683221366204 43.55996862594145 26.85651250492117 -7.099600317743281 37.51486890603995 46.68955290240689 20.221822017776006 -18.48787911722355 -34.61361357870136 -19.89286692461697 15.308829320147382 -5.5988981583905115 9.81583303232214 
55.19507393528512
-38.59101587306524 -43.24686707859705 39.70327475708618 21.177599403728237 -15.731644349741117 -22.067088627835542 -14.447090024264206 6.809297741061215 29.766507172248467 49.42472576398265 -4.87957005184424 14.287355318301834 -16.291036690829095 -14.468222430141594 40.87737343409998 -44.43617639079363 37.816921845619746 -20.323421571029066 4.307816535358768 46.72266219095009 
48.26731449067854
-42.55440846699867 -16.365384806254035 -7.800531362342731 -24.9690552088924 -43.55290213408407 -41.2204279537861 -2.6398531857110754 47.775869101778056 -47.39796396899633 0.1938547219940574 -4.681970620219374 -22.75218951016338 -17.33666419831974 26.65205165988762 -38.14275230521087 19.80883618762708 -16.43991347178163 1.1853023679840078 -29.056553787999206 7.210124966579393 
30.588595658943618
4.035902767012608 12.541154066733917 -26.305820447196872 8.52326513222014 36.84792660278589 -45.679464385519886 48.16631286591743 42.39588216652159 -6.734696349741455 -20.675650638477094 -19.55516724046692 47.992812193250685 -22.30905370007458 -27.220608145222304 37.493854988168565 36.04529598961645 -33.832518487411164 -37.02511087928107 -11.937799920060002 18.638843796539717 
31.172163469521664
43.49357632821899 -7.703627813233673 21.54351780389672 -4.4243521955920855 17.069555634692406 26.665126150128003 1.9676785006816004 -9.903741807770892 4.960240003327087 3.9277236600154026 -42.33650468260791 -36.71155105980246 -40.0420187027014 -7.102597292486614 -9.636582790002933 33.43620065425942 6.030305421686876 3.396235888611386 4.202442646371743 -22.32090505723758 
53.06589413431322
-21.933010056184223 -21.91807846390126 25.280867011945872 1.3167963311223403 24.60218033295878 49.8563333494761 -40.84274558007104 6.865590162048996 29.470036501337063 -10.224690445681517 -17.388000168977428 26.80949281056428 17.36161539661755 20.78893021610267 -23.31312680358888 0.8417763481236804 -40.64716235301918 -35.87491176681644 7.613654218320143 -45.47601270049828 
37.16975323822157
49.973551739767544 43.56300724086114 28.780900006673022 40.96487600134269 35.16206006905087 5.217223452391906 -49.98669178547658 -36.3430576487167 12.385650409939785 5.650839876806316 5.71208083283117 -43.84397450226215 -21.14887903108784 31.585193426410953 -18.429794807705825 24.69038998638294 -43.875638225122955 -19.71004619907808 -2.1722169845445976 -16.028907994239795 
67.51907126726012
-5.763252722999425 -45.05175598497916 28.074784625556305 -15.458889415169722 29.06702864239955 -38.28764668132719 44.69478247011051 -0.2964214732877579 49.51832555391259 -27.570192507072953 27.80490756565051 -30.546551385634412 -27.339924434945928 4.206545434890238 38.8002409815592 -1.9986061082855073 -31.877703168171056 40.069168986242886 -23.176635236802532 0.522205257764206 
30.95731035552921
49.23614234374196 45.254269707812995 -7.506016258178491 -35.64315364562476 -28.061282295106682 43.236588347277376 0.8700994192168992 -3.34617060163297 22.93283497757757 -31.367620193325962 32.3286433961469 9.870202593892763 -34.79350125689891 -8.057796064806958 -35.98007715096211 -24.470818214337385 -6.624554168835374 49.496758211763705 -6.9667058964429245 -22.467660135561907 
94.87316561353963
8.620893040859713 -7.7695528270950405 -48.39101666438215 26.279649110685966 -22.50967999988419 -27.856984085900606 -13.822716422920521 1.9964911019160851 -31.954095919797975 41.308143158667264 -39.586317095949084 42.96429468615783 -28.40006404279799 -9.283508410794198 41.9091182769979 -25.76845461750885 -26.336708655427355 1.9728592523207809 -21.502388883043857 -8.077522243406143 
67.04198344200995
-6.679541895411731 -3.325138440692996 42.514673059312486 20.396048112471064 -27.144412584229684 -37.518557975261515 -29.674542233249255 -26.77666524534682 -35.93969262424538 -30.192708662887203 42.719401170468245 -42.37477108320344 5.2064253000169245 -4.218817840001975 -43.212427789928924 -7.7690964580148005 1.2349469161641053 3.2408873235531885 16.11238672333789 -45.69878552807324 
74.39087247214444
-23.763171324640552 41.72026450287824 12.302892500960773 18.194061312893282 46.10396898593166 47.43754101355286 -6.861790937550616 -41.747413133920865 2.8437924167708104 -33.39666345328985 15.73483981841727 -37.024109554762084 -10.609796500327754 -35.543542077903844 45.84513656382558 27.420708628116202 44.79025219568213 8.501571240878903 -34.32637376652947 -25.696360745910518 
46.41257266573297
-2.226738163430653 6.346013720941414 -22.360102356245825 1.0035189791929184 -28.845160712566788 -38.74747697513742 16.518670005240736 -0.25707014910521053 24.772004626230412 -16.05702792976723 -40.79879541718162 -16.59142299336269 -31.030175625260114 -24.479553465253765 -38.971420811528134 -39.65970671596551 46.49472806188905 -16.624974242208815 -16.448116248546604 -17.898102311968934 
65.24146543564217
-34.3814803521888 6.848289879004142 9.570968769837329 -28.711651322589194 23.725705230130075 12.162307076042545 -4.356338744647246 -49.06771938620873 -30.342920239795124 -42.18770327909853 19.82365634869622 4.048436015375344 -26.86729156074279 -42.27194154962949 34.67152002004434 -24.662332091181092 29.746234402210447 -0.9638361883739819 -25.577359330223782 -35.11193117921188 
51.25266793204902
2.785375966725269 32.03901660101975 -35.034677452968864 5.633128636051424 40.205426803431806 32.542214390584505 -13.940160619667012 -23.565822730065854 -34.18195713106044 17.68177384023126 -8.043124265954035 -31.60098876331796 18.270016637137687 9.825441075547047 -39.04082358503833 -40.44780622466697 -30.066143249893184 41.4146092581594 -21.620079086912693 -11.33075037917034 
27.122300344608906
20.4103793397842 44.037076839875255 -28.543073966867528 -5.8111901295315604 -48.137323389826584 47.718497167628826 -41.21059935128384 -33.16307735434364 -48.933073880407704 25.45040413370681 35.99038498346067 12.63709894233638 -35.27023570067247 -40.10978846168061 13.420467147156636 30.05052216899874 -36.85264314260202 29.27783990566971 25.52364668433887 -48.8149228590197 
28.60687332310805
41.11806914782599 38.00650017758504 -31.940536445312638 43.05372420798295 9.129642677190745 -39.03198026342164 17.32730170607219 21.52421121521928 44.985196628815686 -20.43240729385599 4.213715146993302 46.92522509124193 39.97934591533398 43.2132064276922 -17.157212342556527 36.44971944451639 6.000521043190169 -0.7285268718375661 -12.814997640714111 10.248662680543184 
80.0454725935545
17.945576826442462 24.529571070857358 38.93724763537362 -27.99641840784406 31.236782302119252 1.6873418329860357 18.095128798173377 1.5514601569069058 0.7997231158885967 -46.94424572262946 5.127525599208674 26.736566852623753 37.02114941315932 -20.77190235200568 -43.31396743812195 14.191850070447714 14.796372418364612 -14.994892625277181 -26.69496910476764 38.911719821791905 
20.247225572123995
26.467686313361384 -8.008398500962166 30.13292912243419 17.019794852869992 38.19539617915426 -32.78609932502981 -0.8977778681416879 -9.180225176056936 13.766036777871228 46.06497277685256 44.375898267742386 16.48785436870176 -44.65247930815658 -25.66400776585254 30.784697481541883 -6.813052056262073 -8.506049184243146 -33.184991039287496 29.310731596190934 10.167808548432099 
36.183624522611446
37.334231340729815 -13.138556588816122 38.098882652908074 26.687485673438033 11.920968615115733 -32.71116973154231 -10.909019662857013 -16.967726498811196 41.86436989904621 -32.009464806600086 2.31673551698335 -22.37653366546063 -7.4078763089987945 -29.957418894846278 -8.480570502294007 -9.981157687994468 8.958282333031441 24.05189830006674 -14.274722018356925 48.89427983645922 
97.87550095251476
8.779999922605477 5.117760905121763 30.91923494995011 25.18189319125085 25.0775163144138 40.30219235606485 -5.439953670239625 45.21482076062584 3.7825164017874755 45.08317438290757 25.755060696722396 -31.229071313320567 12.973855102784718 10.397165182275494 -38.04367547094046 27.96379482039289 47.334073878434054 -39.813101590046074 -8.791621250761175 14.94754667593702 
20.364648508155025
-1.2260675738816502 -6.264551518139136 -44.44310430262743 -41.19034924033774 43.68012357670928 4.934160766863435 28.621008733687177 -32.11780432962951 -2.1316163857358816 30.71963169732645 7.04070681084832 -4.248671473639533 -48.98243752710522 38.84858670409699 -22.324492313511513 -23.764765976135614 -49.28413480322358 -16.856024950493264 43.669015628263494 -30.239969836989456 
1.351761571363086
-8.528729703624236 25.048291165005992 -45.61842988468588 31.000783554136675 -37.13252499105381 -48.73526730849741 41.03106962041706 -35.2487089547556 -25.600399653872184 -17.198828557928756 -49.866426729810854 -43.318349836586364 -5.869808286013047 8.051789513650789 -9.638388433904524 -37.90406415217963 32.9932546886611 36.388591172763554 -25.475355039748937 -23.355291169440527 
95.43467418074452
48.66013895506886 -7.541811266684462 29.602016227442917 6.34707074985711 -27.674672891637975 36.26480391868621 -5.1607698659531 -49.870226894187 20.006961198523555 39.37238580930624 24.930949831067394 -43.36964881807187 -32.54300828541401 47.613508050570914 21.347627142932623 8.274994440029019 49.757227989474714 -12.107172512135833 -23.16579035425026 22.87075794183137 
73.03643786277367
37.997842009478376 -35.15647550678075 -12.636533182118846 -26.93326801345014 29.721596763206676 5.2877653447608 -20.73908572320866 -48.190805513080235 36.70418180217267 5.890865595201291 -35.51830684277081 -11.68928473814428 8.26318160223466 -35.9308384573906 3.065834453910945 -48.68893703786195 10.971474977953797 15.537234014093173 -22.515805468351 37.50120901156386 
80.85411705023984
32.73034809277567 -17.790700046735218 21.580998372179167 -29.185736589181786 8.65447603179885 -22.238836269055064 32.09624012310378 -49.73858430818554 9.919379424601217 17.61733399895155 10.492394245698776 -23.096447786729758 46.47976690450828 2.1772686496424285 -30.096021338560377 14.277925954850474 -14.995877359946462 0.3968596198864276 -5.094093895222549 12.833688297793621 
77.81023688124479
6.759723664060466 13.785003527447337 7.242725335489283 -10.04889745731765 -31.072294219202824 30.846925699864656 8.103323067554193 33.30429875299036 29.713740080512366 27.855790898248983 32.31471559905698 -41.58743255986938 -24.053937578575525 30.91084798017073 23.138633928213892 12.342769900713293 -23.656479246107732 -8.103478508807193 8.327489036885417 43.9749702026853 
70.69751094642884
-47.900765521959265 32.68689027829818 26.902952218608633 43.45686302053818 39.666395452896126 -19.946363440655755 -25.478080638033873 26.23776155138502 2.290030802553254 -31.091479956454826 -8.1012304136014 25.8315655920092 -8.17048708292132 -34.293410198215945 44.6647790860186 -33.04077234734297 -1.4550916067347472 10.495781039130513 -23.55990130014468 -27.678306132086938 
29.19448444568783
-9.491847622503379 -26.805989187129885 -23.578449819917402 35.456926227307264 29.146164167931587 -44.535604831433126 -15.818108881216872 -23.029098332325393 -19.85018233020135 -22.495608579610092 -9.435800234913629 46.741572944995056 29.718663286105723 26.193794648534833 -26.812189886291737 -4.254245901173981 12.976023081938784 41.94723871247321 6.379283739253829 -31.72563800963757 
95.40103799908803
28.870742489850258 22.13082954691521 -0.11704252525854741 -45.28256707847233 -17.93724399741002 -38.87731029872472 35.7780677989293 -25.783833778677767 36.22533688244289 15.265151444690375 49.04910863762257 24.602419954758574 31.645643711054177 -37.85831711846269 -24.637244487457856 -31.804335828163623 1.127473997879072 31.285422300157038 -16.431441451782923 -33.325173368752445 
54.597062189905685
22.397073416051825 -29.878274218786206 11.548837111364122 -23.123062358106004 16.412995723978653 -0.6890122460150607 25.14615738830878 8.51612721937368 -18.24189571338738 10.986468272212768 49.155134767833246 49.584556933362435 -19.831043738295772 -17.185439761391606 47.61032550380388 11.984006743594058 19.148154432185933 -34.956200164432474 -48.29178277576875 47.09753652643252 
31.412048242858738
2.347799005721015 -35.05094252239313 -7.506215356669422 -14.380592956633151 19.518274240713424 28.839747846199344 13.922131320300814 -2.7803893139569666 -24.3866847986685 21.756114918668317 16.979199601449622 13.434597661475777 -15.377004524977963 26.551055531209514 -33.40327378507261 -7.810335639679778 -40.20350238002727 -43.89157276803442 31.895371959775815 -18.7660429236022 
13.481972927946817
-29.71922235873049 -31.031490006495165 30.74225426232732 34.66230855515484 -47.48771609354796 -35.1953174975671 40.365495682235775 22.327131825073465 39.93662366583628 -8.173186424265587 -0.001804155436587962 -25.596715356485987 16.85268193346633 -35.57911597319938 32.456745029938205 19.173109040169905 -11.780637218755821 46.346286076504285 35.81333495981522 28.941907289687492 
97.17400025351395
31.064589520624395 -46.693940722452965 -25.827054585649535 38.56718354896691 5.792994560242171 -30.453545789047265 -39.60957879526119 -0.8799337864977019 14.483278156111297 43.17164815658103 -10.142167722402817 24.048526683845466 -45.053412602075426 38.138930455648804 5.371255959408906 -30.138196931323215 -19.011089979573057 8.536424038632042 -45.53600575551157 -46.46844670929576 
81.69166150625338
25.084311172984357 -41.098822486209016 49.34052425639675 -23.133698030702366 5.426805663425796 -13.450130295331661 16.458318953106925 -49.76856760221112 24.865888364461313 0.5422732156987706 12.655038889083357 40.005387560629046 39.363599110385366 4.1066956668228585 -37.448171261338445 20.37684061602708 48.44042056004885 8.522909895313127 -47.57931886786422 36.71045906560734 
12.023105280471446
26.365626339199636 17.784075542122835 2.3642344624039 12.346121089863004 32.53179611552447 -25.07161157392955 25.639556982503407 -30.31347693866825 41.50450328130829 22.933191382159407 -38.34526646805012 -20.986949473882234 20.888248717479314 8.931952394550969 -24.172904635108605 33.55583246026207 -1.5425808241746921 6.057823758789084 13.168413709635708 40.85400537891559 
72.79182824836073
0.8915621821567612 -9.257121296252599 17.014251464927582 6.030184859701606 25.216882333568805 -30.59358558115769 -34.28592999221994 11.354423294343555 -4.498214329758078 15.340608360894308 -40.090604963007635 47.524827507393624 42.76277921541343 31.914139321375856 46.25692010720806 -1.8820613800006782 25.332083727816382 28.04902609761993 34.937273957031266 44.07624674155154 
67.53626564582054
-9.46137779680258 20.866030572041225 34.76070960540113 -41.59198885856075 44.65879344099251 6.205225418027084 24.904164759724097 26.291008482943056 19.933207638603818 -41.36110229238223 22.695753923778057 -22.438787952956062 -13.94172843196376 45.0519555541366 -12.316533294966824 -49.32395868421651 -12.237303601874515 26.052396553007682 -23.736001402811713 -9.623664059463657 
36.77128778430365
-16.797240275003546 -42.76390953382266 -8.895817801054683 14.062019511201186 -22.12258617032696 10.225601568699638 -6.436997793346691 46.250025709859315 8.338092546613765 -24.252435630108103 -6.165424063984638 46.20163490732105 39.920876538798396 47.252496242791466 40.58094743856158 49.87617814833423 32.15357807602818 -17.288669655459167 2.597468548231788 38.912712781871704 
26.173286172252453
-33.87473006317193 -13.653536628883408 11.623472184916814 -14.010390956009331 -32.196015454419246 -28.910654220520517 -46.17472544688938 -42.06009238230985 36.337538222930604 7.848254484854955 15.33469878341748 24.10864714952946 4.894532043379094 -2.3334470399776066 17.972395514929246 -22.46628845311418 9.81088512490389 24.500864081833413 -43.43364133655315 39.69836064466131 
50.39082109173939
-31.43446819469534 5.713592093406369 -25.89176349585829 -34.57645469435149 -32.936255008734406 11.954075354296144 23.678701537363793 14.126242401744832 20.977781786475475 33.530520948146545 -35.79157298444693 27.055925776862694 -31.045844256433774 -11.948122479195035 21.39108322798272 35.98985074363429 -37.692292273998376 -17.851864586678857 -5.382346575948496 0.8560903673421691 
28.781969546624854
26.598481341237374 -32.75225622914488 26.503009947541557 6.941420276829113 -14.565621909367025 -39.92102054323777 2.4283514203403556 17.93451953344801 -31.836297400400216 2.419450360915299 -45.45430000064003 16.85467999572255 -49.46841436349756 -46.531175629989505 -30.35191325910953 32.03965180655305 1.1281270372473315 5.639663764677259 -9.564389600636545 -42.61194907581457 
48.67270467226371
41.00114751833175 -18.19412812568637 10.135037477620301 47.94913956894787 -7.796736093877442 37.563133892930225 4.5174402314866455 41.135434509966274 -19.95973282490826 30.784125458026963 -29.628067635877574 -34.33352556413692 -38.76199773445538 10.78540485756723 -35.05190644151298 29.787444051343996 22.100463057755192 14.969313769450281 36.081488440559866 -37.399612354326315 
46.32676665565941
-5.21752515110154 -4.639761736989669 46.675783767953476 -31.38955467185529 -48.39709300328114 -48.96828146577191 -41.804427205884785 49.558814347278684 40.57880907789219 32.13443302958166 22.11359765173475 -27.979125461542587 28.27414602098787 7.703280202964727 37.96395663588001 -35.911920774576814 -16.566861047480543 -32.11520705252241 -4.282713408623998 -0.16701227376715622 
89.25782192279095
-12.587829400952657 -19.52048438428062 15.276678400791894 -9.700098605223104 36.12819992891751 -40.15277268132217 4.126526304910335 -22.599893115329394 36.10748261047078 -41.62181956269766 -24.49823357422628 -29.934700678792037 -9.582380857433535 49.90519167477598 -35.8349708511918 -22.744356082050565 24.67231929918114 40.31603470071582 32.7038185814924 4.761155138269125 
39.267658901326854
-29.058430404640177 -5.343333597404701 30.17896016289224 -32.443982327446484 45.83886202017584 17.754524912683905 -15.040318207299876 23.20048350371897 -24.97446316054446 37.24869157019046 17.07335233054083 -1.4342025658579658 30.116206674641205 20.72235934056114 -42.44772308192234 45.24022019311762 28.8312865071304 -22.166317802246173 29.500379815987415 27.645943281679692 
50.493062552602076
1.1139988249433515 19.115477283698652 -8.816025050448772 35.893445254119385 -42.754337648074966 -25.146929907056816 27.472693767827522 -8.187703415851601 22.169691923533563 13.067199203539857 0.9775841222277819 2.9848178356465596 -32.0757518492923 -13.704033296038823 23.692884941947412 -47.539013758358564 -35.70929074868819 13.816379014640432 -22.475778167099758 -34.93044369947327 
4.1249281746068895
-16.824849466797907 -12.365447664221406 18.093710991926287 -2.3230091658527385 6.109168339918234 44.25400878468737 8.28489523264522 -41.74638072963912 -47.39863159860715 -44.68242696109487 -25.013986210746353 19.253131055235187 -7.225245713658779 -12.21728665080186 -44.5954126411375 -19.09638669983599 47.909360181789054 21.592468725449365 39.971088138067586 -16.039175615899225 
39.073989840845
-3.0122967674372205 3.237142922480615 47.173033742038555 24.69655200440387 -16.764470391024823 8.912849445357494 -14.504128391417538 -13.146076758630642 34.82925125920576 26.412009376492136 -3.159050268251363 -39.85579250762732 29.828336228610425 -49.33148451786994 -33.43208479192178 -3.2886368433688276 4.2453349475120135 -12.993174656870998 40.98024335511451 26.324180010799907 
56.249857669823946
48.493797304229076 -36.23901354786763 1.3685900586899677 -5.551961368371707 14.468851866319469 -47.41462594417014 13.194383948989618 -4.390800602423852 15.843860469787856 17.073015726310828 -21.535626281276386 18.949688117796185 45.283723099209155 -16.206830504747046 21.98611833065135 -3.5528348508245955 38.523151198019164 -0.7875807831772548 -24.036632278006863 -18.3531279219998 
86.84463956992174
27.2747427708491 -25.31365636335252 -6.965260407827856 20.137231660408517 44.72989929973356 48.38708191060735 32.290413859160296 -5.024879909316397 -35.62330710309679 10.318075682254147 42.59661223619699 32.79973320511874 -15.936434939295467 -12.930547758939603 -2.3305185617351256 -20.44155635087358 -32.41031676122643 -36.27801374236908 28.287890282268577 0.047570960613576574 
62.57550507569775
2.640261864275004 -0.16207472129436695 -22.273084026656598 49.92255405924759 47.54235723713589 -48.247912629135705 -36.082466165285275 49.65795836665849 42.93940683809237 -2.2890240611440547 -40.93593992798312 -21.239942837251945 -16.87950648759908 -35.911433540339786 13.137364297835695 -32.012831276043606 -45.43474940581322 13.360424715766797 -47.72712040270417 -3.217615557830058 
0.998748160325913
-40.942499304566326 -25.615514074967503 -1.9969160441834504 21.26008515626198 29.336427370660502 7.763317428541008 17.52456117776093 -43.261738524383375 -22.649467253791133 -6.434532991417761 37.69300835332163 37.335921624823484 -31.655965897471106 35.6120128760746 -11.846127832464667 32.75353077118015 -4.244789385757997 -40.93062997990879 22.75732448267486 -0.6563430173517872 
41.602576130761115
33.347513430664804 37.04343847729237 21.86698335651805 0.04137667063608319 43.948090880062836 37.23542910114945 24.188791307471774 -22.78393951811829 43.01404371282405 48.72003614874849 13.286609247728443 -34.60242771403723 -31.023159950899203 -30.329992495946534 26.896792364904925 -35.11734657756571 1.9669629607354935 33.76433500355725 26.70984017536037 -6.754364457260678 
63.547864183271955
44.88773969012915 16.231248140486542 -21.72859661196688 -23.146955741733098 -13.758365274376558 -34.74323204842361 -21.738398657204193 26.350556642513624 -13.52538891851033 -8.632065168734727 -38.60565877991119 -4.771319235145853 46.24125922314974 -17.06417903741655 4.43101359509712 12.791057829783945 -9.976088500242064 47.827901367740196 -9.69795029935647 14.26917077516552 
60.10270209904155
37.345061138187646 -6.033212145680409 1.1044854542017077 12.23507054759392 25.872727043816596 46.430849882576666 -8.977815364845576 -44.09331949418177 23.312173225774714 -42.08224429756989 14.112921772905963 5.941449605120312 -40.43494294910231 -37.07027026677071 43.65854224561184 -23.190801590705057 8.176321386559572 22.29600167641945 -1.417722211685522 -43.85478897671516 
59.6975449266204
-19.704876899369005 18.173436217323086 39.79675046015127 14.41496803820597 28.551127759728217 -10.868855680824097 -2.8626041004602882 -11.206670188844448 -27.358318343287237 -0.008780276815024024 12.44080102526349 20.318788983466504 32.21955847569099 8.644801331100751 15.78132133212209 11.381166345709637 30.937161982792787 34.926882935517284 25.229646481116703 -25.58219566413964 
98.57702979617592
32.147438075495614 -28.962545384652273 27.748356712832717 14.529538414222202 48.957336348866576 -37.944194993071235 44.36187045790922 19.122371178454998 -33.91420806956948 -15.192165705991286 24.374558694743627 7.294488396393582 -18.74435202666389 -3.562961745488323 45.95862336568504 -2.2792782916919094 19.977256257189694 -15.821759012171007 -0.750339772529486 39.731351283244535 
19.941331092056068
16.049152857792663 23.07203148117692 -19.76572747393949 -27.62437283192535 0.13614692587526633 45.278792091843684 -36.66428596401835 -45.00016819699798 3.1486854139626814 -25.91533914778237 26.46870110047341 -41.89238075957778 -47.15733576178751 -0.022373249170634324 -11.423277482017028 -12.175674295236924 -36.53639525692854 45.626793585141726 48.263412623986355 28.73322395991663 
28.536548511849457
44.66108936347986 22.80725321715282 -38.16705164044859 21.1301596449526 39.275509315438526 -37.446328607213275 -36.81690468260307 -21.851581201322634 -38.67140156239207 -30.564917910351863 3.6146083811319087 22.25400372512381 1.9268726967460097 33.2328246169987 30.526059439038292 -7.296700988779513 -19.55102518255183 -25.316854131827004 -10.943530216997374 14.67368900070089 
45.544327047693734
-49.3573394537273 31.81986785405755 35.58962028721807 -22.151886628386553 33.26706754648934 -26.09373638962452 -3.4953036341846513 -33.01355615753599 22.52009367031343 -27.00167072221733 36.77280490507607 3.9025806645246774 -10.681987673923743 -46.77747929330541 -48.95788525585799 -36.382854679085575 -24.771741632295296 45.74795516045536 -20.96845325570834 -46.757754357390425 
43.87905542234027
-10.834100205655382 10.600058776930098 -34.59848511359801 -10.89984615632089 18.327215881645884 31.294936440037418 8.165053719326046 5.30313770206444 -28.41532931721008 16.866009144776044 29.190328213371743 16.7229701589644 -36.71844598348009 9.158524619324425 13.967096738847616 43.880786824207874 0.8475349794357285 -29.651845804339416 -34.10355866046655 -42.008795337257745 
24.007288061681553
17.657472112989197 -30.60891005247529 37.02566867987261 7.376877644064692 -13.506121020472662 -3.73386486292344 -9.243293172510171 47.1174912070134 -43.62508445134755 40.396382375926834 16.346149038724022 47.33557886301776 1.0575183598864655 -44.05143936661406 -19.09623398585396 32.56302846012764 -8.03634971976308 30.45361548587016 -47.069051175867294 38.920530992978925 
42.29551061696583
45.56641661320485 20.677391341244217 -21.53818489683451 28.15926278448258 -34.43282339819728 42.17705131764062 28.715949072339527 12.56705852713852 46.49094809335341 -30.90714428185669 22.58947904350086 28.362867379168634 -22.771440254222032 -25.512035168413007 2.5596412566853175 46.91844550902002 48.02444404060668 -6.745296865110539 7.484505684304722 -29.12847648587389 
41.503751338124275
-46.82953735734833 -19.624673068676067 41.2290996648607 -43.30669868284319 34.413274132504796 21.121020309377954 41.83449221504087 -42.54221606957833 45.85794172311259 -40.57585423940392 -32.50242508568924 -16.645157089981666 47.586926939551404 -9.897684334526502 -3.9865466203276014 -26.880437233093545 -19.211472722018407 -4.571494223408877 18.845529383196265 28.8209507232785 
38.57803825603175
-22.671734419587708 40.424791097482085 -7.8098894239109455 24.266022156505556 36.021331065565505 -48.18214540183603 13.701682363099899 47.210944034138066 -38.910271425076324 20.942103710025222 19.697340604112227 0.6318497528811307 45.97390856369087 18.55708109837542 23.17199105396446 -49.380078626752535 -2.456910987962722 16.937010765371568 29.80049211576403 41.0761170318179 
38.65539824572078
-43.56984633459481 -37.63534968421753 -14.584657178589147 -6.481955042636599 -25.963545437898116 -36.052663860501326 -27.384111075671992 -46.82281538848104 27.68575021129756 43.09254053831644 12.556134748112811 41.61177166763743 30.07455129981024 -7.412694201053029 -16.43114637150083 41.67513598921211 26.720221879717087 47.60339088690536 -26.243346055784645 -5.477402551986458 
64.31716047439487
48.6436537918633 26.850457394641964 -43.81703628398627 -2.469681285607173 40.07012697041617 13.256117839152836 -19.423717202477707 25.037283414421864 -34.05223620815735 47.42264884149134 49.54973355937844 28.930788135546507 21.519940802208055 -36.221293783418744 -12.601913478165173 15.519421598883596 -19.16125260898126 45.22237471278822 29.854725164823577 20.11501281367822 
98.90519399695917
-29.487535396857123 -34.316326775096385 43.57099447676521 -19.86854589586494 9.897918692147364 32.7727030689488 34.13677443634222 -35.98068977778139 -48.06487949397319 30.02204362344831 -35.38100563260117 3.6560074257482285 -11.31876363859191 1.3427794177709131 -18.108710159281404 2.9607387902688487 21.314970241134745 -41.27640649513749 -26.530058345826323 34.5720056368265 
23.724405487522326
37.593943104775505 4.173644005574538 -18.151831494038674 17.714912509803554 19.606411991994477 24.811314125291972 35.66049662721234 20.228300764751125 15.48040790165463 44.392738808272796 -20.509937519760435 20.327803602229523 -26.306038556777278 -12.46745279824907 14.796876606083003 31.691636784140044 -30.420086844281215 29.518875334898325 -37.2883256014391 44.97122901199721 
83.77726678761451
12.943743888512202 27.80780185031037 -26.391498976968673 -0.9919217820539146 1.843117706425211 25.042662402472956 46.56981046050332 -20.205278394140468 21.970209815490676 -48.084726951391474 1.9424915693193583 -48.99805507928483 -30.873456456992155 34.46841562501422 -23.546787593921692 -42.017350067362024 41.40094996914944 -12.028995511829386 17.705597019426378 -26.374161673550912 
15.71751040286694
10.948237105343125 -31.702073941597654 15.749746737333993 44.26923875604297 -25.315812277206916 -16.03007493093392 -47.94733259977053 42.21505896407348 -20.596514542722044 -48.45901471273591 49.22852339276713 -25.556594785498632 23.04579847703387 -33.359564137776154 -32.12620938779802 26.256605382501164 -31.12117725755774 16.09373342445204 -34.543131577134304 -39.494070630421334 
54.152564621041456
-14.683226048565686 45.8905658876582 22.00799516547673 -46.42032386189553 -22.816242650134456 -13.857128554361843 48.99901464425797 48.63370150229174 -14.427657731202444 -22.159277423398215 40.93410601212716 -43.51095181558041 14.15312648708722 44.96601985730868 12.114733067094143 40.883585367991955 -31.02126941273352 37.51266368481339 -18.5719332554532 -38.73320115261936 
32.041059805026165
-44.63210096236261 9.907865720977838 16.3034182652665 42.20363814635641 26.700842743744474 -0.12273735555156406 3.134518535968624 19.779118962796375 -49.2144832018375 12.109592542671955 -5.24490833927149 -28.48959037266836 16.455322816196656 40.74422337668527 34.4491309560279 3.8271140243751347 24.280377637978376 9.620108469262604 8.430308872074818 -46.01271235582465 
23.078653819477868
18.24053028669512 -14.331669216747315 21.077759530502902 19.51644764535422 -29.241640470746987 7.338122144302176 41.83455830486828 -16.676819121601348 -32.82813168948155 -32.58900570724656 -40.141694647669745 -49.95990089803723 22.346945327061917 -49.3859966772315 -18.962346478794945 18.24194000636723 5.532346618454241 -15.684301525030783 42.85717638898336 48.81520766551998 
10.71037630324846
16.853573408317203 -49.24561561350033 0.1462039080566555 -23.57379496463311 -43.59956016326291 -49.1961939545236 -25.03352892896237 22.66477170730228 -8.32588483790547 14.744396866557253 -37.87710991874251 -38.104956975305086 -31.37328103533473 10.729762373193331 29.684142343057502 -28.42285133264023 15.706994790335926 21.16900549681182 14.564861973892377 -13.771299054838195 
44.371076834214364
47.639298910245515 -41.75677663773112 -21.427587119398705 1.224108681112881 12.089494095833388 -41.83266239101967 -48.66211955165015 -36.49275180342448 23.417458161191718 40.09032444486547 3.966170761309641 -49.39849567988405 28.992039933161834 7.843447609397991 -28.233308904392253 -29.197987188656548 11.803845597323793 -6.048754536201848 9.001513058421892 34.823265280433574 
75.66737196835479
17.012135428541825 1.923197396465973 45.32791656259552 -16.73980756874989 49.912452132782676 -47.03213927770942 15.228822079389019 24.773293522174924 16.711488657396373 -26.89390402244016 26.595936520852504 -1.4401339748269422 -34.57045007912291 -44.219971752107355 16.706786993034115 -20.591820748254307 8.99063535452592 -17.09430382304351 18.111262733590166 34.92740967874771 
37.21587631936556
31.095615390769822 -14.461557416134639 26.02360435774915 -20.966675183125094 4.557255541789374 14.055295393693285 -6.443743500184972 -14.03564360292765 20.04885193555843 -9.905969538865214 40.00418236788231 15.466325992836445 8.824856190083295 19.796986210095668 -37.667242036516555 15.855740130669119 -19.320985390969113 47.584924580779926 30.242791031329347 -46.69423182911912 
65.99391300275094
11.93664125644932 32.59461598349748 -24.193684962907202 13.131568384655083 -14.925144279087519 34.0392693739885 -21.005448070202902 20.550457138334508 8.585338708982412 -6.248119291948903 -25.591728545776093 25.710120723213564 -32.046705463309934 -1.34927105863364 -38.016075563541804 -43.874697027191154 45.5830526723569 -45.401385960144545 25.515819212349143 -28.14266719915004 
4.07410395115625
-39.17839823304471 2.3124044466348437 -6.7187572979225365 -20.641373181069266 -34.8566539251102 26.430162262042316 13.142923207742307 -43.23739371616596 -39.3784430828642 8.635113096806712 -12.27862701581224 -37.86527892226779 37.78647139830292 -4.363506669077353 -11.663137279770794 24.89419450010979 -49.08061643649615 46.156701057902055 21.496697113838962 -39.81915246859694 
41.67268039439749
-27.9538900404821 -6.354094684656907 -26.752412465349085 -11.178991058490361 18.920930374089664 4.791119772195593 10.817641854217676 -30.953428235893565 2.6967700302661015 4.1915726570281535 21.335865777416856 20.39973946055312 -24.08989322704026 30.861957728012825 38.87545441193856 -2.560442946886809 -29.135548530181786 -8.192276933105958 23.91843957462912 -4.95313424272539 
5.407423005392509
1.7140798077961108 -21.689562096004156 -3.483803321497824 41.53959028024987 19.235819973608542 1.3970160527439788 -29.22925247566607 7.075381434302265 -32.914156530573194 -30.318776135610438 -46.591916527502185 26.22095338370633 15.796028618606456 3.2987521355225766 -3.2274714078287303 -43.796598120902274 44.324897338550926 29.1893045520998 15.363391624494994 -6.0197385857184145 
14.612282089249806
-36.95031784095827 -15.373433941453449 -0.42225804314687565 11.732014806988353 9.986281837802771 -26.45976688302909 -19.249302174911787 -43.5305955210767 27.241543134689223 4.393735119221475 47.426863494178804 -7.048935439695384 1.4510780109944363 36.77193879142354 -26.207596201899875 -9.619540187651602 -32.404850605078266 -33.004287978967554 -49.104643395433165 -25.01674592346168 
87.14023360647458
19.132383043126538 -26.7118845587082 25.94242124112253 8.823416575029384 -20.821623325848982 -20.500444249741644 27.40375866874878 7.114438583299311 -9.870519543283095 -41.97795798440161 17.558300090502357 30.597171019465947 -17.607552969465303 38.01796906916282 15.358874348551169 -4.655589220716308 -38.64500650202716 7.095129010233322 -14.396158071575229 26.81686170232382 
61.91946515868122
37.26965156058566 23.92180931847784 -12.100774494146606 8.41874753630124 -45.370179544893034 4.616947864235932 30.39332192638399 37.57129257023064 -41.76636776557624 36.3852471549269 22.620269065913647 -48.00459502072027 -20.58256327826524 13.587914092018863 36.740667342939375 -27.708803269432735 -26.037448105382943 34.06880021482678 -24.016113468078505 46.81191789057223 
6.461332120268248
-21.571376700925924 -15.815512757423278 -40.015324866904955 18.743585153671035 10.219470681558654 7.855892841539799 -47.596239046327014 22.36889862514778 -38.301170616782485 -25.511546342923562 -21.091836310610546 18.9598294260703 15.583278761458914 9.841049585555197 -15.531890398660117 31.545591212880908 -20.332376349091362 41.70244487291268 21.943694603571103 25.105241202920666 
28.226134468250088
27.930626626548403 -29.357946002699197 5.144070201709553 -48.211730611585324 2.535347384590267 40.08769295141353 9.406268828027251 -34.81788674821945 -44.84878723718162 -40.46601536717027 -0.2783914904780147 -27.335555450750128 46.455614261849234 -39.51799381020543 18.503304546055247 -21.49275605408205 14.917834226345676 -43.16370389586922 47.55885251425002 -38.41389149263979 
98.72276407554122
15.315283546372086 -4.354940405560534 3.3169506655251624 -19.20542124309098 -12.652512536343771 45.593113490371735 -30.286963655417452 14.552888670453768 42.92284943398357 11.849020127418022 -49.61475702873928 3.365786276315106 6.7318288080966155 -5.080738830575115 49.98421650528128 -12.37867065702941 47.41319156494053 -29.518911511085722 -39.11617948095165 39.920986768519725 
61.84470006331711
17.811383732164217 19.83117391314282 -18.89437080007873 28.149178852452735 -25.292465904970317 -34.16082317279725 7.656662035819828 23.451727670552884 4.218325268345026 -28.22659977307228 14.47191157075359 15.41214095022444 -27.72761398997997 17.885851241721127 6.097990330210848 40.16983929024056 -35.31378639723988 11.97396599614816 -35.792238297998566 -26.423059836323205 
67.0533952018079
37.89396365161731 -20.556311471950238 -12.541631066678747 -8.338875458758807 31.833474786786425 -38.29520486620581 -41.87385402284538 11.849673973987848 44.04911174440855 14.537057947996274 10.488349772727531 -43.875005309806205 42.70047352609966 -3.506001816980742 37.831454106442976 21.85416514729323 -44.037184727478085 -4.833598620505498 -15.281915423419676 -8.482082272493884 
78.77643815843287
8.036969543645377 18.430464046241738 -26.73596119827377 -8.608415114443957 -41.60211461572884 43.00315560272435 41.899929572877994 -1.7065354926949468 -25.723798672059672 29.126939885588442 -23.517837553202515 -1.8572365086796836 23.644022143635297 43.06897656211473 -23.69456701837025 38.04279610167728 30.147530794265023 -41.75731748301938 38.36275211683197 -11.254736850871126 
40.17084863934558
24.174014963071016 -3.7566292646722843 1.332292784635456 -25.74215181394448 49.34914769794261 -47.04565793685161 -29.536688069341178 23.746972225423946 26.79182544187225 -11.703735574326956 -15.549005040803522 46.93124035644851 -5.7930864961276995 -14.80680828406011 -11.768638681001796 -21.862426955331383 -25.860003685323164 -1.228719095886909 -28.281113455587402 -12.17335259247664 
33.84113684631901
-12.999730177162363 23.088230583232246 22.146506270213123 39.38414921118353 32.35639347473199 -45.80001309043331 6.330184451468 4.081127182444035 10.234900909372115 13.688673716921954 -32.09037333661894 47.34510669100358 1.7348244897956704 -47.843105023799495 22.92525266129948 -13.107844516868681 5.95825643662328 -6.529550896885894 21.14246427207999 -15.462628571548976 
30.11084015079809
-3.6750820090566663 -35.25644776963057 -46.172389060719524 24.459764625403466 -38.944967954304964 -0.9546493358158301 16.36701175015361 33.60007001828093 48.083914864405315 23.500125133575324 12.929668922291363 -44.50040624488404 26.46010024861708 -13.430834501656776 35.31711573764254 35.437434699260606 -36.39405588920644 9.015567876656291 -4.593459790037144 -26.77967909540576 
50.70190481566213
26.74479016067916 -11.051098026198773 -11.044165901032933 32.056890241940735 -43.47148991100252 43.414489580731214 -24.819077683386748 21.365669518258102 -34.22059078745565 -38.45336352065579 11.288717703689322 42.930162375694835 -28.998480737110444 -14.72731589828419 29.966187667622904 31.722119728141607 -1.37721711435168 8.234477445818968 -45.250357657225535 -37.4094050460661 
66.6235327100738
-40.56094749202506 -27.175275028224245 -44.03171400244277 -14.293385766609958 -34.60663919654308 -32.15802906592824 25.10668232811561 -15.28806841002249 -26.42476090476039 13.78862189295397 38.17070231023794 36.56014237034259 -13.793939103646366 22.851816915810275 -32.55073108801281 -1.782571139014081 10.028804466263452 47.72795031043523 37.48911641870886 -18.994925767144256 
25.15856090998764
-38.022638207830255 -35.86518749673823 36.03484205073009 14.060781139972804 -19.206805931994197 -2.7411505725057097 -26.36701147210224 20.325829325597482 38.947684023145825 41.39136557068693 -14.67709443959874 26.146717737103415 12.698747264083252 30.509910861899414 2.268341439437229 47.27015865310983 -41.91578896025004 -24.07462949837211 -44.96376115238717 44.67934135819178 
89.3006025007342
-10.498976481718117 -3.8798153373138717 43.380173893009044 37.75791696892601 8.367427762693872 8.872606576369122 30.40093684987866 -35.07865558834696 11.846651669497568 -45.67426199850754 26.478637921577047 -49.804593093511805 26.47512626300785 0.8385773929072471 -11.106386446414085 38.87559694425134 -39.18482425443493 40.58891890356456 -43.472811182958196 14.58699467624298 
48.171089657241694
21.63672114126139 -7.5444618840431446 -44.35097295006317 2.3763391007296164 14.61698681503482 14.256107263799038 45.449915658657744 -40.50564157460269 -10.922540627045272 27.69128383855349 -16.8159653687199 -13.42391609006117 -3.941610917174245 -4.4527189102578575 -16.80021315735474 -12.45679441289861 40.71870970972611 -19.855573444793016 8.725269398109226 25.81689808062086 
31.644971501732478
-4.60154759212238 -41.11655996239251 13.487554316168335 11.936420287245475 -7.699515384607494 16.67806797338531 -12.378174759493831 -38.75836498072187 -19.70309973884171 -29.97373054342779 -44.2709084120916 7.629157935524745 -43.71164543129138 37.932974997698906 44.46021125860929 3.5066188315916094 -27.16934607253392 -30.45281093981478 -21.71278889279298 0.7598411085717984 
77.60836769598022
35.109440828182585 48.21337437784106 6.865478717377336 -2.634593079988015 -5.305639011040462 4.488913177465193 15.937756632078703 -28.784942857753325 13.171840954227832 21.858270181193134 36.50191625631021 -39.38479923694691 -12.045220702326532 41.040783582555505 -18.7560077401157 -23.71718332349143 -30.129074627979115 -14.052684626834413 -6.931404420790969 -34.064944716283286 
36.890880005073434
-7.438823093289969 -43.496603459145234 0.9825207169266861 25.463849745808304 -37.53753381470444 -16.178968974310116 -14.83636389348463 -15.142740562400483 -28.34926245963476 -28.79380424825205 33.597273980360086 -3.8341235186608458 23.621696761005808 -8.122285605851062 36.84409958349741 -10.449357176974772 34.579362190196576 30.282401004388575 -18.694622468727783 0.7868982844526897 
28.21599344519903
-35.69042217423643 44.6512349038817 31.346255893245072 -2.3322457222968893 -29.06788334373106 22.958687784530213 15.005910328219542 13.054991707365396 -35.23806506967091 -25.14696755974981 -1.6263367789947836 14.44167329951695 -21.285117612156235 -12.815578290485917 12.73652623213465 32.099379819267696 -38.68799560874157 -23.36519968967925 0.2852565971912213 18.63702431839144 
46.10117721196969
42.138604906628345 -40.96328908457245 -39.14180174885439 45.26517281366533 -25.886051474380356 -12.329507808803065 -36.866096675970425 -18.310790416880963 8.239244860897045 44.01579796084039 8.629149221748946 1.5930928572199434 -16.126415687240524 -20.93100203883026 9.89770563474599 3.2901002651345905 30.207362713799853 -27.80803321388685 6.16005952224431 -23.28325861979954 
6.843020842306702
-27.464311945383034 -48.99454445256682 -26.91538136699969 -30.255988693428282 46.75328078713919 -38.690401616681825 14.33759994659708 -31.64665928422945 43.7110004507625 -34.16453335800061 -41.94543359859275 5.171418051530097 13.175411831140892 0.2854017011594365 -44.979967496197716 5.196123151219609 -42.650606159919604 44.4984469893234 23.891941888441707 49.366343876807434 
1.649179830976144
-12.962297843529868 20.228015877220685 23.51349037416138 44.259208816523284 32.5881936866226 -4.410984684980335 22.31381393738839 32.771026073403505 38.38661281689724 26.51934631810653 -23.652443922841194 20.6070524746726 -22.670017226359384 42.91244750333661 39.609341885209574 -24.050432341131966 -22.53884145837224 0.6004397530012398 34.67743070976107 -48.46022502051676 
30.204795228260828
23.964550437460048 3.237747511867184 -25.018675841512874 -6.971771144427819 -9.055156244327655 -49.228091069467915 -13.922755860492273 -13.872494788480402 45.034837695553065 5.9567245744189705 -19.751238389375214 -2.7104735046893182 -3.321398013273779 37.68594257374775 15.228951533543295 -35.74286375710339 19.94498482354031 -14.386727226071052 -48.00620958872519 -0.2753348223401346 
9.435600297666891
-36.27095244065455 30.287651006180766 -39.48267585815658 37.09032605302059 -9.278903691996867 24.119807831403065 39.5585302811113 -11.114016164432918 -14.266246685897023 -16.746885508794982 26.905112532994906 -32.61899927228489 43.62714033643513 42.97544481226933 44.43104630524502 17.640821283781676 -30.047775493820794 -23.660863312074287 -42.333785464381435 -28.714108512525183 
62.59533872394564
-29.426887012714776 7.847446171917703 6.236088438534267 -25.590801321277635 32.51692346827869 -12.585168582982561 -11.81754658196725 29.13574067384434 -33.30449214386165 2.9871869783868377 43.89914949198122 -8.460684804560316 24.047966482512194 31.27619237782197 16.215608253021358 11.90712016397881 -10.656830724854473 -24.550354735868584 15.800813436990296 -25.062972487391576 
10.959579819491317
-27.870073634545555 15.868764838479663 -16.478811139859097 -22.02378131827938 -17.48531798770764 32.49612086743845 -0.9528295348682931 -33.5838606503837 25.03237420434654 -4.549860798687732 -8.423445583743494 9.00343754685452 -28.503750064429624 42.256972116878515 25.624323172112966 -9.060755435186522 33.895997387735434 -38.30251911953354 -29.74946931957394 37.97175804471914 
64.76712805209766
-28.0002710874204 -24.210886989699752 42.429848759000706 -19.496019356251914 43.70433043351596 3.776948421663917 -32.09066435130052 44.0329195932767 -32.48908535610615 31.509549851868286 33.94554532598963 10.938171954612152 23.37093191375253 -21.86193658935047 8.275306680461846 -48.56653395061418 28.674123815270917 15.335542720412107 -23.81392684543767 9.49846980769017 
80.5829378964611
32.29870674404802 13.969355072820925 -49.95025142510653 -39.5987066499791 22.214721589232482 -33.35976439679342 -24.80820236811502 -13.678983306623117 45.310797342513155 18.854227880858772 11.39445414619685 -15.028567840956178 2.2176710272456504 -47.65271216139099 -19.131219586480253 1.904488158128558 20.616341395362397 3.24430666572281 22.464300790526934 -13.520051025360324 
68.00071257270068
-31.774027135712423 20.086250779253348 -32.42787173095307 -46.12296504325292 -40.18662645950213 29.932258300542046 -16.898291608770514 25.834379047881725 -22.07570097857716 -28.22628779387859 -11.39675420465668 -4.341383927009126 47.37468570810218 -35.94222113008042 47.87091711514071 -45.97433371402738 -30.856795729458643 37.7818784506255 -47.81781908120851 45.298068489816444 
96.98650547624061
-40.10682221024145 23.680999422551395 -22.437786321100628 -19.6127932583669 33.391423562482785 33.209320921279044 37.28181512349511 -40.16383245813123 18.36428534662491 3.2075556321079404 12.806548936218434 -38.90479749242487 35.860060829900846 -27.738211974231586 6.463017500742154 11.35586554793008 -25.196518995212003 -30.542454545024345 -18.931516356185163 -7.895504087659347 
71.08606490542259
-16.093100283560233 43.44612605691535 -48.976774451283966 -32.486747379836046 17.64781461575265 14.88382406974246 18.401213723110786 43.466397927514805 -21.428453060198848 -23.53322559946054 -37.70015533867824 23.938386553107932 4.116098411367673 5.827503922538128 -28.88976313345797 39.02751439886865 6.170592747712497 41.095167649120754 22.160872225301702 7.024954524370642 
42.967610915637856
17.68925061021956 -19.322272742441093 -43.09297722707931 -45.30255204002044 24.0910914718868 -25.33120389822161 -10.655851307876993 -3.83963234729017 13.839953545118021 8.19943936027913 49.264273294156425 -38.020090728870805 -7.261371385519311 8.044531550676524 47.55918071325432 27.732342251421684 -27.383197915670344 46.847879833337785 -25.301950701352972 23.804423084544382 
95.98877734152836
49.68895818100026 -5.186717889255554 17.87359968840282 -10.444636113888826 -29.64850329642086 -4.750548363051465 6.611868694209221 48.73802504449543 18.6080240195095 -6.382993935903649 -42.453479211947844 -9.703287749803224 30.478975576485738 -27.931880101798246 -2.0319915489769045 35.57103643302327 -0.30547878548035357 16.81289998212597 -30.642741647962158 2.9977203232396974 
80.48178930958447
-10.180098295754135 -46.988279859382274 -4.704398800697582 29.319697868722628 49.195706506786465 25.381526920471543 -35.92734169549624 26.448140497018414 -35.08589295293869 20.084134622720526 -27.40208808823621 6.6877948715340025 47.366197325052454 -42.35213420765731 -43.90578772193386 33.52138135170513 17.62846713399371 -46.25819635524719 48.14634757502594 -29.593340441122795 
50.39678626167046
31.981500404165544 1.6820511209019813 38.9360913114633 13.209920557971152 48.35703652592528 -16.528131369891895 4.727528796199955 -41.11297024490838 -19.088070971562622 -37.792924240668555 48.824869388380534 2.029358923153822 -49.491488001931884 41.953135501912016 -35.092852531262935 24.98713809259273 16.3473427545253 15.139455616515974 20.749040214255317 13.868448037705548 
83.36530166428373
22.234501916523797 36.145323170453196 20.967642014746914 -32.28097118962013 8.86859322900694 -41.09366398320723 -13.583343940931769 41.26741508694984 -34.595013100299724 -34.44897280367457 -21.086679071085555 16.298855501938206 18.82314497183333 -26.03128302845811 33.05661587929981 37.70602904319318 22.266362522987976 31.590207449450475 19.119515735231232 21.3930000044858 
3.7191993820543723
34.50344208314414 -19.984066980711145 14.90646849105184 -7.981531985638348 40.46840474118463 9.768973482958941 -40.885005813960305 -14.235228432355584 -38.06948346696378 27.963580475509758 48.21712190101424 -31.3100940737179 -36.09869394169492 25.46732972433881 19.44126832347375 3.6487114663453895 45.96963882304742 18.129007434350683 3.5073756324883547 -43.35779956932044 
7.726371723942083
47.215345236432654 32.25226118592626 12.142161344554516 -17.470224112790945 8.022045928208001 30.777706051463383 41.47558609974958 25.80864543935452 -28.60394114255239 18.062284541849138 27.140695318611364 -39.005500813029236 -13.168180910640935 2.1850624976913053 27.66451245747419 18.69387593766008 20.35494405076379 -15.85879912151563 39.97524276093918 -47.143825055587484 
35.58268962726571
-22.313341809032927 -20.748960633722547 -18.53791170614332 -27.848799604218964 11.731100154952387 49.81995296032055 -21.34781600304342 -37.874567931247306 6.505282068267157 24.924192887509207 -9.765289474553555 -47.94166756114498 5.0610470437255515 -11.974909767224638 -44.84374674770272 -33.95826481300319 -2.380714850830003 13.813435073482495 41.788391292824784 -46.60789238463837 
47.863068835451905
-16.796874952040163 49.77803324885957 13.540154828835803 17.480340265215062 33.32439109050598 -14.27136256945419 -19.755969970059006 38.092474088353654 40.896097701567385 -5.875929889328525 27.421645173016643 -1.8378913659436193 25.344911879773207 13.676379551478199 29.698467254501367 -3.4443464292854244 36.65243127452115 33.67326691388456 22.192801294879317 -35.8570543583199 
12.149635872117425
44.92062053199514 -43.888463616346186 -29.851521835403695 46.34127562484534 15.519971577956142 39.40492393376013 10.925771117903174 -31.66883552866122 -27.009744996355412 -14.970112747783745 -24.591607619824284 -37.46746692402692 41.13782876703709 -36.702947995402084 -6.301804509770868 0.08596639333880063 -37.40179055596289 -30.672496789439396 -46.916606600292766 -29.22932339535772 
86.11749342650185
-28.1789404060761 9.23609192132988 18.183148672568635 11.411028990358737 5.138629795293603 29.420950342076907 -15.429491043036947 13.831353125918866 3.126971177357227 -20.74633218273193 15.944210168084325 16.09701660982043 -49.834993919716666 4.880024609687652 -37.037057051572305 34.978381420314676 42.586594033961305 -31.596777913561525 -11.438089834691176 7.106072357135304 
61.93543975512239
-34.03067128991284 -40.58102105640501 -10.037761146351151 -39.56637915047544 -4.872341327321351 -44.91363134914763 41.6343435687418 -1.4040448947218351 40.91490469286555 -24.020027562793047 -43.94425394847271 -44.90169926093702 18.568936037004732 -30.593463928102782 -30.773192353168334 49.80852737387306 44.86018716138223 21.42232675427627 6.3048716041035675 -17.68518247549514 
59.73552683671278
-18.444864998604782 9.470928830281366 -9.663371045945325 -14.69833149230572 -2.7152701320650863 -27.874665400720644 -24.92049595476461 40.132047359733946 35.66523312726795 6.234499429675196 -26.104349189211284 23.46327396077517 -39.41392890235992 -13.45504070825254 -15.461991759338055 46.05417492140948 15.906532850522638 47.900801708112 9.846328468545174 12.312579742615114 
87.06215743158596
-39.95507278346987 -3.1204758637418024 -48.248049058245016 -23.27046383458471 -31.94580284030656 -9.69065451275479 -43.077981569862935 -16.250656370766073 -34.04700654795955 6.316265312067003 -40.33535024980144 18.745691713258267 -33.93070945674312 -39.72083893850542 -32.12184510137037 24.743227885306013 37.34186822067397 49.22622469472063 40.93028028848212 -3.4283597853057586 
62.05678510900545
-1.684730316800085 3.442211962359522 8.960501134122332 2.3858282967841618 29.537424328990326 -15.627122338089407 -30.034274478263654 25.6191339072888 0.3889491883485334 21.164919402310375 -36.267884068269574 10.128710981275077 -9.568282403624771 -12.829290920891289 34.58483906562296 42.86916247677419 -15.536332869913025 -15.341160580321876 43.05586224964901 23.616406521670882 
62.44632294982685
-4.591494318071284 -6.310237293387466 11.164720862603374 -41.61274530199891 -3.7687034056917312 -5.663498038428905 -17.65300943897539 43.05116280798984 27.716857471655587 -42.87287678969134 -23.987445582121914 18.673965226610818 -48.918986022300835 -7.558433506815653 -39.00841358250609 -12.219820027467279 40.201886558443306 -21.08392209190105 49.59446549517283 -27.245448900101575 
83.76161394713706
14.900979102208268 -23.66087216478957 17.99471787793651 15.868335195070912 -30.232129156669775 -24.63106463514986 2.272493231218462 2.6150638439032647 -42.92143769961926 19.41810679286398 -24.64289500018192 -13.260821393454705 45.8663618244682 28.201294113096225 10.004489358260393 32.87824215845447 11.143622431873858 14.748452423712507 -21.907408429024645 21.87490578216203 
50.23768482319932
14.475592210232932 17.983333097237676 14.165710500923296 -42.32929157228349 33.67667108198037 -40.88228737893614 39.49557302614498 8.03711653203947 -38.358727321905235 9.40131756312256 23.03184253292376 43.69564659867841 13.747349650930438 -8.886754394340912 26.408777158765858 2.081340576671444 11.647798292085113 31.872279853881196 16.3154047847638 46.05602522717329 
11.064167773792066
-21.38012089107607 -27.053349071109277 -20.045834899224136 -42.27966352800936 4.630406049425005 15.969762140733124 43.84420921395211 37.593538239165454 22.234694575468154 -43.38498215590037 29.013871022939085 -11.070374250212488 -2.7560579195025383 -18.91823210116028 48.801039913692506 -39.6360033848314 -15.013382956303687 32.65784995751966 -19.369702887823493 32.00917042694388 
22.421905531296026
-12.217462735304451 -32.521670527480296 -35.485532440413756 15.968946521985899 14.740096527118041 29.97976840113907 4.8728657027687134 10.491960867383995 -37.24684102948193 -6.0017212754669345 7.144537095925266 11.307079041334504 -46.0479170340499 -17.273962586523403 21.2861931807889 -41.872465473759625 41.02852972284526 -42.76205490329118 13.919842636417044 17.539577454591253 
99.33854278370235
14.915309706696874 11.14409574022688 -31.09764603131383 43.80238181614976 -28.73312010650172 -4.614269841561359 7.490682389460304 48.15544990052871 -42.58647008748334 45.80868434554826 28.250480423012974 -3.0633180895724834 -37.133927413636805 -15.057726820942086 -16.28759222082782 19.057744580900902 41.2140139321466 -17.040141785996873 -19.590011127328534 35.878488446281835 
24.956317754277112
-24.566200791115623 -10.425647643796154 6.421100251903141 -35.05643452945465 -29.587980028605255 -0.07156867048674087 -32.312596772731226 -30.23588079636548 -43.693951122688915 33.079320123937464 -0.9991464890433903 -29.10477559309623 -26.650045449987157 -24.69182936672376 -14.123252888665917 -19.446721048906735 -21.715921607399302 -46.5170867708648 -28.868791920440994 40.91571589499475 
64.43704228309369
-2.630257574009377 -41.2284203051113 -14.249710676917658 -2.4759597853443154 -14.204803044357448 -20.33215828645305 48.47580655023657 41.24889357619601 -30.088633930391385 37.0866966566431 4.291636367423379 -23.808025789390307 3.24257716539762 24.87706929477615 28.251601599376357 -39.514441526480546 -14.75729372381965 -48.57229547182034 36.02115294736544 41.422718094047895 
92.76799065221701
8.474642685953128 49.544982644118946 3.4154305370513 32.17104719707224 -4.581652463422792 -4.034439739138065 29.61206420258675 43.64757481146786 47.017339828455434 4.871280264310805 12.003949927794174 29.017966584447407 15.157140837524693 16.31629517719621 -32.00469207753378 -45.69810302547111 23.850464643067355 -49.95771500048571 -39.81973838519464 -0.755336424134434 
0.706510861270504
14.945761388726126 -29.53470977203133 -12.620096894372367 -12.18562182402858 -42.92722934420554 49.69492242542965 32.26405081202189 0.3175023052508479 -45.71386619264894 49.58306250798222 28.193686326524414 31.91319074556155 -33.76137471908474 45.021818077862704 -2.982266108898081 3.093232379175994 39.39884153748477 -28.26569032486447 26.582210379713842 10.148728826895514 
98.61469297425116
36.75737124343989 0.8960238875005402 -39.205836987711336 29.06283277810492 7.384658984763469 27.28212649357596 -24.27707643431214 15.42051500686891 47.97020699519386 11.579067940421396 44.488372373631506 -41.29021501637577 -46.61304084987519 18.883783742418743 48.811720502557904 35.50202796954372 22.954373826411498 -15.622725812514993 -43.25010731025234 -0.9656520100651562 
79.29372796164705
6.450561679089148 47.11365516425977 47.2773843273646 -37.16074097141513 -37.35089214677664 45.1082979458254 -0.8924322108489378 -25.372174570528937 37.87968419268162 37.37620080813163 -23.524985061487623 -2.490689231409796 43.87441763125388 -12.547387819998704 -12.178393773449116 -0.935497771703055 39.08258301931798 -8.89695584763799 -4.007962923954203 8.286712360012224 
78.96140120750697
-4.907293689386385 32.493891637254194 -37.52202789405472 38.06299444544349 -47.35462175802523 -10.798833001643246 40.83010691234432 -2.63466446431233 4.181278793036235 -21.541195479733 -13.194414235996973 -17.029140133212195 -47.119648853204374 3.034229431258865 -27.29747991184365 -24.402802151319335 -48.80043207068271 18.475047423533084 26.6827720083039 -15.789798923552034 
76.67980956019147
2.1704133216158823 25.061599268528184 -8.299681336701425 -46.790100677108384 -34.22317972604259 -49.198142794774924 35.679065532158376 17.37245289804568 -39.342619618422724 32.925278858879466 33.27316072458623 38.578205125720004 29.596897426920805 10.9478699819633 -4.780316581059338 -23.59750252131658 -47.70663390242763 13.466029523571187 -48.3836311276289 -1.1303449220306234 
66.98977460790772
0.6644951058945878 29.356947403417365 -8.611968796738623 26.098390899001757 -3.2132190351581684 -20.417778715882463 -42.37951840165118 9.782982765824713 30.503264854728997 -47.59664980953986 0.7821188292589056 -21.797292995326035 8.631664858582646 -44.29541092118603 -23.310829037288272 -9.515303967561536 -28.190872774351284 15.008509404907628 -21.660153547776694 -43.51939316243529 
69.48470258024373
-27.81246004864294 45.89011996537454 15.975768805471546 45.99552772391489 22.231385851759427 -4.405625025838702 -40.74228519934343 -0.4904581349338031 -10.669276630457567 26.612889122569143 -37.185680535969745 -38.73789689906187 -13.786664146547565 -4.454833413186499 14.419895009958836 43.78340503389295 -16.030387346576738 45.13016298835021 -7.019006501271477 23.708136448284975 
93.53012681442553
35.7614771450035 -49.74810843794093 -42.72167165816268 24.508813739777978 -43.702414849780546 13.893013879427464 -25.205109355932954 -7.698982776498212 -15.895711855946693 -5.666159362171506 14.042863276701155 -9.873526516860998 23.348528555898113 31.515162618825414 32.109936030572214 29.133062281790927 -24.730262351155694 -38.17625505739923 30.037323089711407 -23.27201536986322 
34.48699630565789
20.395819981269383 35.386610926268375 -9.021273749926614 -38.64277387631088 19.454089272523532 14.075729739247805 -42.77294317354403 1.9817157968157204 -40.54384313375073 24.731728615864938 31.984966428659106 14.665306429483962 36.57066759083446 -13.672427902721061 -11.267660382712862 14.464589317306164 7.360638853441927 3.0146746369691257 -9.588107039517702 -34.08151896181537 
9.54179071800645
-21.167498458085188 -15.782344375300042 38.13662134440732 16.2969605355664 -40.629016579893964 25.699134352696333 -13.871979053518125 -29.13403784415072 -42.518893666826145 -8.745988763630386 -12.415568743704327 7.993512746563191 -44.22643433221213 30.75803004386553 45.289964356448266 19.30618146375744 29.914843956714478 45.381518239946686 11.910490338957324 -39.197465161028745 
53.62467031399506
49.56777618672774 6.123379057651846 32.37897686329441 28.79832126140313 -9.300699394755462 -33.11979106753357 -18.32294016657803 -17.67826319646494 -44.846335399924264 36.052044343334515 47.52629147157465 -15.082997679472896 -14.748425762227 -31.21101496799008 -38.130209561979 -23.249767291487267 -31.974495448113306 45.632653531485786 23.298376248639528 29.553463062008277 
83.78797167061812
0.7523588141209103 40.182015995711154 35.65663614666822 20.154402344976347 -13.367303351299888 16.875768610746675 -9.404629799968255 15.476271951048446 -32.87762081190638 22.590706122213092 -22.14534123612558 -5.43403174926037 -32.03889725903528 39.25853140145294 -28.171759816489285 -0.8543498428426943 16.733323117751624 32.08190971908847 -1.7821469006693675 -4.371877963036056 
22.65480658467269
24.450833407584554 29.866166869672327 -36.3614475883171 -19.32011650070281 -12.481436912974218 -49.58829021850074 30.111600162889758 -15.875660621424359 -26.0309665540125 -11.826416676059445 -34.150637762678016 -4.669058246502388 35.37086190092566 8.31839656896085 4.101280008150056 -45.13841937717737 -36.998638125860985 -47.36875578077322 24.02793953376286 6.282087856593854 
33.137300026827674
33.10724095894393 -34.16351097118554 -24.18720315716827 19.547344414177587 18.09949796109443 8.92618833499872 -26.050048930934622 8.28450535533969 -2.095908758630202 49.558353857467 29.620081267341078 12.865086730348331 -19.567986594775576 -39.63423482547235 26.511536124132945 41.53400468887578 47.01267634761986 0.44239076815565426 35.93433725472114 12.554549003202162 
43.39306233114464
-28.194950800728723 30.89162291972687 48.32403221114484 -8.358895412727598 -14.305594810870026 22.00290244055971 4.604925215255065 34.931500931966255 10.483511936850533 -22.49858222972013 -42.72547971828172 -30.913407435247898 21.88784729496642 -23.26502497294737 -24.26573690303161 -27.735449260968025 -34.27839586823954 -0.5684760521730183 9.483372928015754 17.331596406635242 
23.620763631629536
-28.552054107265178 2.349440192814747 40.22453490720639 42.95428041874682 -28.19760054779602 27.482182384221204 42.00442392556744 3.5704374168301314 -44.50226240661874 5.454635721580672 -27.678328975228784 46.076293405029716 -38.02459971279298 27.679483834061642 -22.342511324334126 -20.97614625606158 -40.00365144501393 -42.16359301485213 48.97604880650752 15.677387615431854 
76.32755557582152
25.119682629928818 -29.683695358069805 -35.037846887670874 -32.180368740981834 -45.14649968585023 -47.62806667799507 15.745492834559954 -25.706820503094573 4.385782672888979 33.252369852547204 -41.22288510995759 33.108519857196214 -14.840471598455174 42.38750200121228 -13.583916192058219 45.37545371044767 -44.52595498934553 -47.06696308844447 46.69790193192155 -41.53324386745048 
12.686635816864666
-6.946855106601191 5.345790190048383 -30.168887179064452 -1.5313162686214739 47.10152097592953 -12.99391960803716 -36.94169981325693 6.218262945494892 -46.00854644212438 25.288402094420007 8.731341959035596 45.844746836798606 1.940161800999988 -49.88286224260007 -0.19248425137350011 -22.120839306873 26.292030297820872 -19.548600907749325 -5.8979712831236455 -23.77271902304915 
90.27005536054207
-29.393444388432332 4.905259114514962 16.87076694479731 -32.7257710405448 -20.78888104261396 14.846477772079908 18.434944866316613 -2.2598111982161555 -8.741398706519455 -12.176003367109857 29.780053160225776 -36.40903279645059 25.76469027879871 19.153720750075593 -30.36386028375707 8.95920541753614 4.2159374294807535 -4.954895669054515 23.789994563180116 37.126728177033684 
88.29685939459905
29.095563187455326 -3.55415688981833 30.522920729710364 19.308200838903574 5.701418716309448 -5.880218007667196 -26.857137565574163 -43.76015752583182 -11.884548772985745 -7.2087786378880025 -47.109287358865096 14.637650534173147 42.33822438886732 2.0228804425624816 -14.876640554146093 -45.79569138444486 -12.887671035499757 -6.62582525280596 -21.936080584076677 49.50001769082513 
54.995754201538126
4.671085891780066 -44.225857828079626 5.1596344704797446 39.82258770416752 -33.441069866904385 -34.98064273056559 44.71870871687513 -38.183644432569665 23.25268320705696 18.629095020376198 -39.558437658884856 3.2032236539195864 35.51280932400803 -30.148904946632427 -39.52957350325382 -45.620552918993006 -39.38714700015481 -30.284129530786497 39.165347871753355 -36.4806358232765 
51.428288390850575
32.5736060126721 26.680409367947817 0.9673676416777184 4.76443096912503 23.73465114353243 44.622591119346666 33.839236660771206 -32.34550507386869 -12.460586016753659 6.06534769031385 5.965274284944918 -20.402849534065226 -45.7970150985774 -49.76020683239736 33.63976024163745 -11.433766089951959 -0.5756184257465691 -5.097857451737518 8.598184203999068 29.113509816078874 
32.019789995002526
22.676841754380447 46.22583965431673 -8.001286286787348 -48.266262412537955 -8.39937916487591 29.208313441599856 46.5193556463921 1.9016828795861187 -25.356520747062895 -25.33348760887577 49.076041315899204 39.78197855145201 -11.841671208308846 -3.724184069222858 -15.502644211147313 -38.85524669573208 -34.98805022875118 41.95106495118813 -9.738330554930094 45.0997840914021 
14.575517502977364
-37.61394624249547 7.991428421005921 30.16489529847047 -11.19611607463743 6.068247750834665 -8.541131565630621 -6.778939104267202 -8.691515106349947 42.34653138114378 -24.169702708299134 29.269822413036024 24.629590483854557 -14.288296264465018 -21.010605667529113 21.803217002360057 -30.16065325207058 31.65661350994216 -37.481705920159804 1.1159153184829762 32.15786931870559 
67.31474547812192
27.278434260603134 11.033838535303417 -33.559590509942495 -11.466856278838378 -43.47850347618283 43.30299063093214 17.194445569270187 -10.882387059718987 48.07399234900288 -46.72314801204678 19.21122693688521 -12.304893380078411 -3.6226252216541823 40.5601413034975 6.947210235165116 22.970311664294798 -4.971187100658668 -36.08867444271161 23.46650407292536 -20.889569490233107 
80.9560383616488
-39.024226038508814 3.0563007945871092 -0.42581929161949716 32.47298845664997 -39.683996198779155 25.55294868587181 9.9081054065392 15.201221131980176 5.724942110231609 4.967251022310684 47.86529977835467 42.205356143316806 -39.04725672053906 -19.826799614680258 -7.341333570094562 -22.320871306055924 26.747141571997545 21.22525328963073 44.242881143674566 -32.86817527672828 
31.50193376432524
-48.705022669235674 28.226253911966623 21.263274497715443 -48.17235154553454 11.268691739985229 -7.654265816093577 15.57874245445484 30.00304660484892 -38.276467806347945 16.395293551778323 43.28342232610167 -18.464431757652555 25.300078284431592 -20.920019808833523 -24.89053913632636 27.9534477297463 21.415585246709853 12.474990818870346 -13.533228881694093 47.471675569508704 
84.81249244124164
27.60108068766924 9.672153092936185 9.318571424040421 -10.387182090312265 13.08471050174532 -43.00051135054028 46.27921996880448 -28.650319939411485 -7.046642371012936 38.90711720223071 -25.593393478992045 -49.12690461020176 -20.676597923168806 -28.96324986864608 -11.129234018955238 16.077903762951678 -28.92988877953545 23.44156421825197 0.5608097707119484 10.077483119536836 
80.52618575229258
15.989375587447938 29.324255586313228 7.747693426691093 16.837445917108568 5.000132489915487 36.62256151892397 36.491263628127584 -33.18879750729448 37.91519897078673 -37.098646856589546 -38.37637691897085 -8.075060608338177 -24.840827901414276 33.118310495204554 11.95698949201396 3.6199017385873304 -8.656679752623589 7.641258565473699 16.960206660537096 -11.913695470742056 
21.57295073183404
-14.876486841811406 -36.702226214767386 26.453829148592718 12.859316044176673 8.983060093413854 -44.39791259386162 -3.366873665756401 25.499938762535564 -10.243298269142024 -15.991102366484341 -0.9888873347160683 4.7795816909452 31.869795258886782 -40.71340078737759 19.784823062507627 9.457227339515065 45.25680202006697 -24.68413001720825 -17.074319824978282 40.24290186177572 
79.78731449523937
-1.7731334879571534 44.59796189367668 -41.168726260604174 43.59683738827691 -38.32293089517829 -47.68755940950251 26.047387627836088 5.191089911115498 -31.446481242180724 25.178034498091804 -33.726934216177206 33.58712134531447 -39.19090128453526 11.321456411047194 -15.439114677213183 0.7740912523104271 21.193203235252 43.87683547891224 -27.29417865938245 -43.57891816636773 
63.31296364139484
47.904292650609435 41.03301812918623 -13.971161961053966 49.7619685379787 47.17855873001608 3.773379533087592 -19.383149777733266 1.9791971657057559 -18.00435158043534 27.63695163125945 28.55678492128436 30.051670398585586 -23.022254995711112 25.557385519944603 -11.69229928649873 15.850085966417069 -8.686607279617256 40.569015185073084 -35.42187236543195 28.687531072489065 
92.95218604721525
18.391383001744316 -10.165481374028552 39.117082310010375 22.980135330232045 11.53432176049921 8.095193301727733 23.53494957406194 6.733943177280608 -7.4000158834133885 -31.406618976954093 -30.068448350817523 24.169453585418793 -20.05350350067362 -36.83749679059699 3.4337170609199177 -26.418434448469718 -5.008811587321347 -16.908608357625177 -0.7930182052105081 49.97990966610064 
27.169632056985492
28.716653179665514 39.83774137086519 12.25667866378032 -20.06998614502271 -21.83610393625084 4.490766793439725 31.739963549923658 -40.869376559442294 10.41914213120019 47.938425321648 48.80802160830454 43.82155104159085 -17.6938129663342 38.983689445535234 13.946930389129733 48.62996092245494 -21.034739575279403 -20.150202437363586 4.966092480621484 46.831555158382415 
43.07286239158675
20.78524912283271 -6.956901344345091 -26.32082676948263 39.31216188085175 17.43354729407804 -23.148489004413985 -29.327270684235785 -22.502096952021724 -47.557068746824804 16.232107889875152 13.192964576189667 0.2792586324045345 -42.657924200853195 -25.299775833203363 -13.715210790790643 39.48865357568553 25.883562896291124 23.538771687919862 -13.635751102608737 -41.02594996671169 
55.857679596613565
-30.691312775676828 30.23646498264462 31.146788510947886 -7.19512463477178 41.315397824551965 47.05014499430999 39.49652106069527 26.106023607875585 15.902140399359439 13.67754737258575 9.969414888114102 5.605386279822291 -39.602208108407176 -30.50289908299434 -49.62477782213865 5.221973697641772 -48.870900403297654 12.669100484566634 -31.116573858141138 -41.06924595573529 
7.1140328567355855
36.73324034031707 -49.811828690556325 34.04598647008595 -16.114798299770236 13.719987767800703 -8.933780097001055 -13.085305961630937 40.349154023603305 -32.04391338102785 35.821695112225584 16.929101092849066 25.669511356407625 13.357805972477799 6.505941760368238 -3.807385269992878 32.868870697017485 46.24374757264006 -7.179674393726522 -45.77526375389095 31.17643817663732 
45.56238632162185
-47.74566303253053 39.76607268406909 20.105448546256184 32.917745751088816 -27.719098613246928 -34.95464887479761 44.82635257702235 35.88994650604177 -36.674649440321915 -38.2038050103359 24.608877067067255 -20.114444377495822 -16.2560351053869 42.862137086171145 -26.061933667299442 6.11606540028783 46.19263311158019 -31.59583564437497 -10.63358096158391 -23.708987681434724 
68.53561763233131
-38.4741497282744 34.24628022142417 -21.774435146795902 11.83900840865929 4.55692806202088 -21.806272058118527 -9.19928478084828 43.01292405787265 -25.713084700848597 38.46711789487628 -48.42255711615908 -29.68889726877696 42.11622229245063 26.400603494620896 -4.145469339424835 26.16601635729971 -26.607091887522838 23.614887840482837 -47.92700893490821 13.732203200655732 
59.12906334906663
-0.0654666946063216 -14.791665813454955 -8.969990544363249 2.841575647579589 37.77319629749947 -22.844803532606573 39.72650837804278 15.43780696085669 46.205145193801116 21.0971197225615 4.359852389395478 41.86748178609062 32.02351499217093 -14.532420428695517 -7.792130887366646 -45.31207951838987 44.792693595316464 -27.653409984086906 44.02124700704742 1.74043203137726 
78.2343645537035
-44.999430733640054 21.486162713619848 -12.188410695335548 -8.756303603374825 29.761351996682123 8.550760865909133 3.4537805385616096 -41.58579817037086 -41.44643290992515 -9.355581440732117 38.065265783013245 -27.84312680900378 10.117869399895973 -41.66175482484219 28.88076224609715 -3.6688407036856603 30.34079213873933 -19.86017891945979 -47.30069492132826 14.762461810128187 
35.0902523458019
2.884697319429982 -37.02302912279592 27.102756820689393 22.569062529169088 -32.41829102169366 11.337810385983659 19.19810361026765 -3.5629555859575035 -26.41131001140775 -30.392907968932914 25.45871236226712 -24.184373550263018 -15.360289232615756 -13.853200084730751 6.68436021294071 43.77712639678613 46.51448484145283 -31.425963280985737 38.37995473519135 -47.96584825880792 
28.035125820751205
-16.131163292050232 41.80302014059846 -43.71715116218415 4.594963904873659 6.428600211799932 -7.182986551841886 4.0170414348302685 26.56867983129942 24.802231434374022 12.081321377452504 -15.381476281498053 -46.27749814854148 38.637741634319994 -25.809147765894846 -19.857862750135112 -8.862204098030105 38.80295403007568 -26.91480162308878 -25.547586525306176 32.18089075059282 
15.689657602656427
46.37930415117691 -11.767989484941886 -0.30352632620477493 -16.6126230123257 -7.775307788120358 7.870309707495217 -22.128520075911982 -9.286279247136264 8.892242667144302 -32.64610567917696 -5.889072611560287 14.013970513929237 49.4746435652051 24.018885220499953 42.786598542780624 -8.806529387503204 11.938574338154751 41.38843476017317 -9.13587925669097 -38.377925395666324 
28.213785649847257
-44.69313072185679 -30.8165562880936 22.350707547725662 -24.911777488279775 -46.80463948672888 32.56226673437318 -2.4941101485582493 -45.614609716332374 40.49222152210655 -33.08848416229722 -5.22111903767307 -19.767801159309993 3.204192754598701 32.19648175378117 -9.398217017948461 -32.81745676977613 0.9834356517601748 -43.65324205397184 -6.096130579945282 34.54389105992247 
91.25814604650635
37.11268523421096 -12.732948825388924 29.461229597612117 -8.316946316792674 -33.614508078678085 33.85025967512057 24.14470032024758 -14.460691329448686 -35.357124752553716 -31.371726810533083 11.084315092497462 -37.298447559705465 1.951313552100153 -36.70870991743146 4.177160256724619 -32.59673576374653 -13.64910108372753 -34.42263918405829 3.3995584728342294 -6.730277419770168 
70.46803562602088
-34.139456233409035 -4.011371382522441 25.951251214316855 -37.154134816482284 36.49343941391852 48.05478942518994 -15.822355562297993 -18.248168725041314 22.703551803164885 -12.871279862042549 1.1679976470298854 -43.883704299467595 37.76868521002153 -11.646634396509079 20.068411537523644 -39.22431456042577 29.7473925401126 -45.13642627791159 -0.5466417697272945 -28.661842346357204 
92.21623993043201
26.35302889900045 37.914718725677886 37.759293987831526 -12.733538532930389 -41.0899034618855 30.375876863741397 5.109903348135468 -14.561658393699751 -6.088678382995013 -36.993579679750084 5.037508671193628 4.322474661663399 -25.90670328294442 38.47638770771479 2.067625350580549 45.23276307652799 -29.11937175921906 -1.2227897501478324 -44.83950199966997 -14.343104129394412 
8.629848006647533
-21.050199060227225 46.83347361573364 -15.884269448505236 8.656022084769376 -18.20145477275664 39.67870359761507 -6.386134101779717 -21.259013107196033 11.033184014618328 43.250451594463016 10.039407056979918 42.279011574795106 38.268914496976464 13.0657405015668 2.671769971872685 35.297890756881216 7.928261523612022 -42.143303229251 35.38208257447364 -0.6996740308195726 
53.32660626204008
1.232363448814887 -10.83841044289575 -36.79735124334523 7.086479474899875 29.552412543091805 39.289201145670106 38.604846434461166 -10.485917476032988 -40.91537995840088 23.75012884339685 -0.7920535678594973 49.68471313231811 -27.587464708308772 -36.5566667702765 -22.598163554342054 15.722084874226212 6.5793254923739255 -40.73372794087305 38.878609251781796 -16.880187337270712 
73.59827746970228
-3.658759282604507 -10.41642332024739 32.9416164989847 -42.27003281246668 31.44837301250321 28.398108963800368 25.350047103522215 13.320687929400712 26.15613022468773 -16.344485586102806 8.151889407442816 -17.98382102276168 15.19092035106138 -38.07684065821956 14.911590981039652 -41.19067810721116 -32.73674675404118 -6.55889811259518 -47.32759475737064 -37.35009539076781 
53.86859707284548
-19.810455322638767 -4.561785325495357 9.239174443462325 -9.493048975706166 39.76438968062425 6.307248999105106 41.151374567405924 4.315838293771833 -8.92770803711177 8.512240154764761 -6.431011424279831 12.287284092673978 46.31355329503809 13.609772202100032 -37.31197756147768 -34.95993384599233 -42.1966914897856 -6.325049240426814 48.24405516989327 22.54436297016599 
67.88842569320883
-46.40427077368665 -38.370532696964986 -19.753350011493264 25.54961159472103 19.424523340248655 26.716658398183526 -43.28148673884327 14.235216218086592 9.233058955121052 -48.22831396176346 37.25380417214595 -17.944705032450706 -5.9703516553668905 17.73725338260823 41.76438940667779 -22.32851060463885 -11.963628266870266 10.683492343917322 -0.12454090138137275 -26.949676192616558 
79.98694863949873
24.36954376544486 -28.70281401793472 -2.295431607847064 30.0943241270665 -27.37153052443082 45.35031695847057 18.129311150415262 -39.04967685075415 -19.317468142332018 -10.05097869807765 20.84645973252502 -35.142036945372354 -30.484549601484446 -2.604865519043507 -2.196619964182304 34.96032834921755 8.072726162108609 -7.986310834712796 38.828445416659534 3.0181823081987034 
34.33070501398916
22.960437599581 7.428263660299486 32.80174827738878 38.16957223130538 -35.54216512447719 13.418450220051646 -25.199574067809337 6.504930405713317 -14.733284578592063 -1.2882693572670831 -14.68255252369616 -45.7227105783966 29.37672827103127 21.04432808438989 -48.99525353682378 3.6681747007431866 -29.30070526528813 -45.49650560205046 -11.493331295108923 28.30618471887695 
15.972741310315019
25.426165690721504 8.119339825583971 49.24584786259415 32.13994467022982 -32.429290633085174 40.23585567592592 -44.85338944878765 17.134647068133418 11.420761282674817 23.835711830791993 -29.651099908476695 16.313406045064454 19.06220788697034 47.3901723445253 11.438656390378668 10.695876743541291 38.28137757539501 14.29357050523052 5.411320404933107 -32.27307891847116 
27.364546921741784
-22.70619727126485 -9.309256707402994 -49.550137287571296 -4.464103729414894 49.3835671578388 -13.971916988578684 26.780903640745834 -36.94693611705695 -47.77282179932184 -8.299802975667333 -42.9994173813349 -30.3134755776853 7.436049702885143 -17.553348416863443 -35.37111100677287 -49.35900339242848 10.86926912844546 -37.77104225225002 -36.47356820859143 -45.065856333856814 
5.623908680185929
-22.83483170509446 22.36486824851609 2.8298555468538353 -14.506965091922538 24.88753990951554 -3.4644498414452514 -33.86955414930255 -32.59233764760266 -43.90953916840857 47.116141250713355 -42.03589751462069 -31.257835949589186 37.1803757206732 -3.3092623505915455 37.16097812174752 13.350911240305372 31.70900242778781 42.619811688420555 16.393340983115678 -31.182733837579622 
12.665646185522018
-43.919511359197514
-4.029843895480042
-38.651214288595
30.535829702653075
-12.707364351862957
7.425275059735469
-22.470728339558388
6.291021059745361
-21.44848821521522
-33.0065626238928
-30.15322386619006
33.12700897043388
-20.038784373653108
11.179531463333227
11.178499199550394
9.621441120055252
-25.087203490987065
3.193677669619113
28.018595478601114
-37.56639057680996
