constraints 203
variables 20
46.996792998938716 -10.337784414031525 -33.94107019027985 49.92193185953256 45.17557726192 15.598438633047579 -41.98232801227344 -23.517996101884563 1.1440692301179354 -17.096447995131967 26.47929723911456 -19.990101008277993 -4.391475170418744 31.79143558535239 46.11318164138103 30.30735897510658 -18.648241382183826 33.202697610321025 -20.319129383446032 6.374789012996871 
48.84985352106631
-48.95557386681404 40.73897172219466 43.35051352438106 -36.89028856925116 8.061253368949828 33.77171566269432 29.53669932704676 31.532809636093646 -13.543494675363846 3.286995244170477 -8.875100986752429 -8.776311843580245 48.77672218001807 -15.16447690323568 1.9411394819383716 23.40005396258509 34.59241653016001 -47.036599796319244 20.862536705713126 12.424644369155914 
24.152409517024974
3.78435481556658 -9.485550577078236 -32.532743214413905 -38.54133189170411 -6.841508143020903 27.439204928480223 15.918668749541638 46.10305469159057 -24.609658062368577 -3.8655172960110136 9.416421519163073 35.726973045465755 -48.09030481361016 -12.808563128028993 -44.29426725788018 49.10936189014291 44.57445827479478 13.219709000666612 -47.45291032605531 23.658127262462216 
4.035675576380704
-4.671503995455517 -46.50464591365622 -39.52549933133322 -49.969505343884194 37.63984891580209 39.61349679900121 -14.82054542632644 -32.48028053115877 -22.357541330792174 6.047318551544201 13.335772623173092 -49.73761625656293 -43.84883661667103 -2.124116480264796 35.56893324658368 -8.27950199895563 -27.780510898831057 45.765567326301024 -20.61550619541873 -27.88704021468995 
25.559526307989877
-41.30599774678707 -37.80085220618078 -20.011627234915895 1.855495295118203 28.373390667694636 23.247273949454126 36.862305183762956 -25.185589058358726 -12.008980002680211 10.794163808945271 14.265315283260449 -17.12077809667818 46.49803898611647 5.481800954864433 43.9738063185946 -11.76309403186837 -11.084128068727928 -19.347507424917822 -25.75337905511138 41.08596933847312 
42.99288675570669
36.14023641796874 17.56602356501341 -46.91511192791319 -36.96773750142174 -6.710779839255231 -31.317510255938608 30.485004948139036 22.82526415138993 5.853373136876819 45.68854637807945 -20.341524840766866 41.36237690562055 23.95046251656987 21.397649348435365 -24.43615872135534 -12.641894041320697 46.38867454949572 -32.520104088540876 27.148898179462478 21.61346468922119 
60.45326673587551
29.607104014440893 -17.227519177154072 39.85349316914271 -2.364701421837289 -11.714347250527403 -6.5660984358330765 -27.084594774977745 -21.19594482733367 37.10615582172208 -8.069256589953135 36.026271825430726 -17.030731674944576 27.814910217905236 -47.97721286775233 -5.602607756873034 -49.95121303073324 -10.087184730180589 -36.738168488134484 -21.524165785485472 19.951885380671285 
81.41317944355652
-5.645728173971911 38.931846477773576 17.80790910028074 -33.05925899562142 20.755235466202123 -21.175807416205195 18.31451466275159 -0.4701272949701263 -39.34977876764619 38.37368681196726 10.949260309188617 3.2808100696791627 -2.4379026147312715 36.38849529878151 42.18288199648393 15.45850391072426 -32.47155808390345 -8.376894448314033 -19.14795599729463 48.66945770970854 
4.126193119304144
-42.78393281176859 38.49399472690688 -23.57228886015331 -34.42238536208785 1.8399372123921722 -22.285029850724037 28.72191568172275 -35.246382485678836 -37.68985439787305 -41.441190561984456 -41.87877854404459 -14.902482044142943 -25.862240253055703 5.361735145953951 1.5084590472555703 -6.675680330477441 -41.1255978759778 24.723783146523587 -32.29507523132817 -46.79233771932555 
60.085885397923036
-31.00307147583158 27.051807540852806 3.8486084504618105 -26.59560610400896 19.08442533925775 -34.5608744559354 -9.472549643258233 -39.6526951473979 -44.63449657887114 -7.67621969437787 -23.428233232053707 -29.545937935148324 -3.796028424078145 -40.04585713536552 20.631004355058508 21.780760510030575 9.768942155682225 -40.680641708485794 25.32985539068173 5.905402681451044 
96.79031316254095
7.267350736202985 -49.52023413548892 -9.664943503118586 -0.608766281195642 28.786252360367314 36.85990664147482 -11.430558282213553 -35.71569414750293 -31.380186503585495 5.036020143664565 6.063725362179127 -22.61221516821471 37.1881112770636 -22.232461173897644 48.946625377644736 -8.687417605287337 7.210613437561122 24.260424842286085 -48.41182675633571 -12.809585090096945 
79.47952202006749
39.85521037111583 38.97476854140737 47.95797474955745 28.9070187929171 -44.303259996608624 -9.662540056247323 -28.518493334244187 -24.729132699704913 19.5141705967215 11.592665815179146 -31.199280779191096 -2.9914070754170083 0.8467926163613129 -44.10721272092704 -24.709484410831074 20.961226249197367 -48.116741699278535 -46.052483779472695 0.6835048757003506 -23.856594471986845 
48.53888817813928
28.764867787759883 -42.33413392057862 -4.582592248077731 45.47767884040414 -26.92574071053333 38.153548187141666 -14.625571935225082 -46.50726095909871 -38.06772676448092 -48.624530495795234 11.777258428012885 -12.009130089824218 -42.12503608477732 -1.4652181627052059 -34.40573395692519 43.284046752345304 41.46889849679535 35.08887780495597 32.95534591137768 18.97259489746034 
16.22638933009133
-36.41669589125578 -8.71365164443889 -38.088121052492276 -6.411353042416664 7.494298237222239 -6.57081449097776 -9.913631200746906 11.043854345521872 39.67919989924435 -18.269295312745747 -16.828057019475516 -25.564494946291305 -22.196495527616854 -5.11591220652172 -41.35062430157732 44.129518579521914 13.50786115983238 -8.267577854149799 -47.96109047876824 3.94707111292567 
62.0978540031692
18.294779562200503 -14.84204180476899 -38.36678893854739 5.183943869320906 -13.049031993397406 37.26086967857228 30.11972474111056 -0.031544725059731604 20.021927127872985 30.50185194926894 -20.046050572609133 45.77106028769447 33.908431726067874 3.3691004823859245 35.00350862641936 30.90368479940841 4.501664454005635 -26.42975948812918 -44.08975886229929 31.150374148804573 
9.754876842209569
-14.69378143973961 18.754884414773514 -5.122882210663704 -8.893730744134274 -5.047197140852454 -49.99268783483512 29.191172947971552 -38.13112247817055 -26.124112844734306 23.075476998851045 46.58903159270247 17.75411118780862 -2.5611585283117364 -43.37060443648792 42.176572318900824 -27.628610605371428 45.217152595958126 -19.635079554826753 -2.1853882249682783 48.846980219323854 
9.017643254503016
49.98517544580095 -48.562511504659334 7.631095745033356 -7.493398558490561 -0.08404955115519641 27.311943387401868 -19.887056092223176 39.08317380924316 19.634543369412242 -3.852030968161799 -42.16070698058737 43.09138833631485 27.479846854782537 22.742976128411925 -42.06715609466366 -16.453747863134403 -5.575224676902799 -36.76497104510871 -3.2674769700118205 -30.7436704777741 
89.5303748602811
-5.939478649293086 -44.27143970849936 -0.4426810512353967 -21.335741254314588 -9.643872032605238 16.54100910754231 25.828118748284226 -41.445678267771825 22.814468875286224 -25.00883624553306 -4.457081902610852 49.3618859675388 8.897379998324354 18.24106260603149 -27.180122337562207 0.696797770385075 36.83028826971342 -36.47290014102362 7.259037831982184 -11.639746809890205 
28.945649347008086
12.189547558590228 -33.68095100365828 -7.910639647915474 24.712998828164004 -31.499509593849385 -44.435593196456345 48.19079108044524 -6.812343248574912 9.218584044137224 25.821885605918467 15.189154376677166 29.62967961495164 -33.15027332966758 6.616902700524861 -24.521079352547748 -48.310810719821184 7.268551987035785 11.217559324998781 -28.542847468005373 -13.176314816982185 
90.65644622396898
30.196163223949384 40.72741039565766 34.507588786590645 3.6375588126856115 -32.374944477074685 -28.296361217729192 -5.686335593942559 -9.954971352526897 -23.144438991241667 48.30600979682582 24.090603138806216 -12.074499518219163 21.28599876790382 -9.570964363875426 31.230530899430192 1.1907204615526865 19.606628474785197 25.475523899295467 -45.58526154348455 -4.249197414868476 
84.71648831519111
45.48823871061299 -36.75451529629569 12.014553636207737 30.83910688014481 14.274421251735717 -11.183763943744317 28.31801349009298 -45.67889851210857 -10.593444575331958 -0.45776554895982 43.14313746650494 -9.820314556125986 15.096131765543362 -46.53217499811384 -32.08565111351305 8.672180177295566 23.675365889384565 -9.21347509633236 -13.288528967006094 43.9926070457831 
5.785130417871798
-21.54569234796423 44.4133008634725 40.65752202268942 -27.644321920664073 -17.453883150510364 -29.41309851458367 -37.77476606249657 -14.920049246473297 23.400198391511807 32.86346525448877 -18.300388385866306 -23.682373938014102 -36.38568842192097 40.59234780042429 -36.69828057469 14.231241224054145 -10.397557608908713 -12.759292912749856 1.2495050825031626 -5.555878632665532 
23.69018107820494
28.30692195748142 2.767884174110847 -44.37698944256948 45.621423406811815 40.44176050644546 -10.241512225932368 23.12670701992367 -40.131383703277635 -2.9779425020917145 46.39045873940127 32.225149119647824 18.283318010563704 25.59742249419874 -41.66933021709068 -29.61819878145835 -3.606708729973221 -16.568705452418882 -26.58622168941236 -43.29460146136422 26.046985146532947 
48.78344793181416
-36.74042280136026 45.915403282550855 7.125718797842481 -22.368185868090073 -19.322915433043597 4.028845375943469 -43.3115583002259 -31.792723729401672 -11.348070080257067 -46.535575736737634 -44.81652613613758 9.015887999940588 -16.704460743855556 26.373116332028246 16.25613308803041 -40.05128401826595 45.341694437388625 -3.2572486528724696 -10.799244742397775 30.63032710045178 
82.60809918097999
-15.81266189541222 1.2500473279058752 -24.667307533917114 -30.702463870125317 35.32017343143991 -39.3356451035366 19.58207630044032 -2.904661421901203 -7.776936027301083 -29.022154921338227 20.01223253254811 27.726813861781025 -48.237704374229885 -48.22177160083185 36.068085427523386 -23.029609819111485 4.365204149166921 22.041120424909778 9.839741206985629 -33.92076825776049 
66.35955292349138
-21.690286687238714 8.60756622868989 48.146091695223944 -13.908841751441159 -8.095096938345122 -16.395232922905777 -45.84672480981753 -39.226515675769036 -43.12938835885872 38.05476309175572 -43.71851113602151 48.386250243259255 43.50354719034108 -22.283670928391906 14.508546906032848 -3.0716633265878386 -48.91384001948397 37.97037915945137 6.610788554297287 41.94355771171992 
57.83611406406256
42.90794648998461 41.38715448461441 42.476184086637616 36.105104654803725 -46.070246354999774 20.257946571229667 35.47632590326664 -13.49561023469704 8.043517451542236 43.34722578066774 39.163640420717655 45.90394464445123 29.345944645103017 -47.26007373776404 26.971026386138305 41.14664738953981 21.10212723053843 -32.18826271063679 -24.571679888286013 -7.161508098592847 
60.385825925173776
-4.638149385872502 -38.290763352981614 21.72028851255415 22.419959213290824 -9.264260151164613 49.55314197813749 -26.104114395530154 7.557318445130093 5.207089122360998 -44.1135750043504 10.586490251117574 30.267395159238205 -20.40488597199208 34.70664397565781 3.100142147464112 -43.454095411340006 34.42546115605309 49.655794045992536 -15.650022851322198 43.83945887559241 
12.899981975042374
32.1973908354762 34.52442882347292 45.878524257584914 -45.47735447259015 38.42530959582801 20.407040470424548 -6.262303306999193 -35.56408520479701 24.270626926500242 -34.63688009922194 3.992983657905313 -3.6460436177463293 -43.764008564716114 0.1549442559242067 -4.97833699202652 -14.563963843561453 -37.224716159379966 33.51682379879425 -36.708974141961434 -48.47443754564493 
60.049678587863085
-14.184182383094281 -17.091914346956905 42.88716193653147 -44.970525075343026 49.143437824476194 43.75314849729412 5.906329916819274 -11.225704404436406 -27.17180278469824 36.195878615353664 -2.8268973128525303 33.21261978589715 24.628431843470352 23.69332443061792 0.9533591677131383 -4.145171373623469 44.75929631232779 18.49509996144603 27.258244141719572 18.61226915496171 
42.427413621200415
-9.768260255084506 43.554393548007525 -20.741923986285492 -17.308830460890313 -7.661999117747534 36.614534777674464 17.05382752216471 25.23415709159083 -12.936325614394661 10.090172564195086 -42.32066195236924 6.033871386326204 -13.749735538873551 -1.9049812432653468 6.841232755239524 -2.072821673886118 2.1026405737699676 15.41991133894902 -33.20085137465797 46.7187395654157 
69.86058678444233
-29.042997724389043 5.536775958481563 -44.251997537096585 -37.424068180295656 42.492961725847096 -25.58182143681269 -16.27505778299303 17.12671464381036 48.238040079592864 26.908125996594592 -21.835727321211618 30.150671636197316 -46.71014009167342 38.29844968537998 -10.107616388721418 -37.24395895956441 17.687786212925815 -35.629258801769566 -47.12925164850063 13.668518482635726 
76.79581517383622
5.538951493724618 -32.025869587293776 -18.101053498585927 44.45891736516646 -37.74624424069092 -0.6185842344669226 42.06713168948622 -5.2901888442617775 -22.686166938731244 -22.118550571387463 48.19292557867594 8.760187043508196 -38.782519107200216 6.665757763869884 -34.933475653135986 -29.40758478788036 -12.198750711926529 -17.925390771776165 -49.76430079364431 -43.325216087460625 
79.15062836161754
-25.717647200092753 -25.80154813483082 -6.844558842965888 -28.86899936553914 -38.94744780213246 -28.434600774042817 47.34707562822608 13.875431459044506 -28.537091348609056 -38.24307878669383 29.396588580481577 15.179132641715057 -24.10543069755281 -35.77405098588666 4.74090480205939 -21.01129523683656 -46.40013972748681 -39.75201779154551 8.28216299445338 26.037535262872865 
29.80710423539643
20.995783891778828 7.172541518959093 9.167052747441375 0.5906526921793045 29.916907469589887 -19.318975371733327 -48.0132432576454 5.628806561261747 -23.641966985518525 -27.178596834480963 -3.735703858900976 -33.50814442905279 -13.069108138656674 26.252887246850875 40.80008622317435 -18.75303574159424 -8.709743496419456 24.421701871540577 42.52926577170105 -45.06380916343582 
39.79538325580375
-47.005918712402895 29.20708927309981 49.87843303080663 1.951913907396289 41.338111694988015 42.2720841926091 -40.23435242224653 26.582203006 -39.85609209515994 -11.655338315628264 -2.8317960276837937 37.3476510466361 32.228603187325305 28.30704533965539 35.33377679204598 -29.452462588712503 -39.84526825480403 -25.976219477053075 12.058709816017164 36.044540354788495 
36.497551625471104
-5.499743521895873 -14.069699320767413 -3.282043666799126 -19.571097465019204 -44.35995018062896 33.38301656744834 17.021405726335786 -12.25773419772672 30.750114686297977 -11.21884037638732 -22.977424740273122 -9.474351912473544 22.55615207696198 -40.864982109326505 -15.271647172646482 -2.6039660240146247 31.728781391998353 -9.922872168675845 -3.45051804116995 25.541077240392625 
41.78437526004192
20.369741048002 -26.565373804407187 41.77084802674922 -34.28722585352551 38.48412449122081 -41.49544182471136 1.3643839212858921 -34.20270410948187 46.68693317134276 -39.0570806999801 -39.29711024542103 14.830787743344445 45.588313427621344 -29.54918472350111 42.51341543960021 14.294761838518696 -24.748999841845254 6.748271552896355 1.0039396217929948 23.056869082628964 
37.72918293344698
29.406375046363465 -31.747298582203854 -21.24468421491389 -19.699547186127475 -5.280329751264681 -37.07818353869534 13.277092904750063 -11.326351166817894 48.37922123844449 7.69707293192058 23.600138122583473 25.099988413124507 -14.617531673582441 32.81297194587364 -40.24215136116733 47.58437767958121 -8.083165538954361 39.60401968449068 -17.202310241106197 -36.71168165680304 
57.87978435757649
-39.76963452393593 27.34384153161514 1.735406661169172 13.248857612087441 -22.442126199150003 -24.262849272597798 41.57486776688698 46.69094871887823 -37.37023809153737 13.713986101610665 38.42820869568456 10.600888790220765 46.248980738207905 -8.801241672138637 -19.261512974537798 3.185188428337952 -34.10246319629016 -43.9767369526712 -4.438670794597286 45.257557095681605 
69.55095260399267
-36.750775108308886 36.881285072650925 37.08861385824039 13.903171103974522 -11.741300972252503 15.306694620714396 -11.047023987842039 16.09915170674229 -12.10968270987172 -30.10928651549043 17.94268266847068 5.279504273205603 -39.36242304830992 40.34575114539358 -6.833269471770421 -26.926487697849467 -45.71127164011196 -28.93697152757332 41.632227269622916 40.6339062031075 
7.3760116073812165
-32.88145499419909 -2.0965095455222738 43.888838671737346 -10.584621755892698 26.841263169400463 -7.938807897571522 -11.606520613517482 -25.843996515756917 -4.4611546520142085 22.53440385965122 -9.504296857019398 39.922269117708765 20.6208040892365 -46.94578303823839 2.4874226036224556 41.61912126442479 39.628479864520315 6.278377238089014 -34.004954319466904 40.08500819815629 
49.57575096746045
0.5621418712481869 -49.93032269085269 6.2148997590942585 -11.4760223904944 -9.098628255130123 8.269641125671392 39.63912623603069 -41.54087368355594 30.24962710620622 32.48497380887025 4.7321149428565334 32.30864363504203 -36.788150321962675 -9.664472482038178 -9.661672006919773 17.330099747436122 0.5429556753053006 7.681424491119024 -6.15896447268527 -7.876787193273863 
49.930478937686914
-1.8834704612066062 15.062787746071564 -4.838652218764693 -3.783827629403902 47.27276704598961 20.974789630337767 19.008175393969168 -17.48776067298133 31.345004038375862 8.305615148225101 6.27963447898383 42.593685555884065 -13.546612199373065 47.87797652943138 -49.06906852154533 -25.50096381003254 48.29193050998164 41.865626093243606 31.592810355799145 25.447431413860073 
99.96926312173728
-36.84938339276485 42.45087944251752 -21.019038474775865 0.029469747739710783 -25.425459811571983 41.556281381110054 -3.333235180076919 -37.65207557348855 45.11561194585137 6.4755665234969655 18.744335638408188 24.929132178211546 -10.113294045723144 -27.167880548617905 -29.220842063343746 -24.409414501778993 -38.66219453737807 32.5610357531106 6.684612102734121 -0.9013559156716511 
60.15953123641709
-14.406082451895074 42.39987591229786 -27.470443725881587 16.12278198679485 -28.790521358549448 -0.9376724812935606 -36.53931922093196 -38.54730761988488 -46.56946511030557 -20.311284007425236 29.054061685335697 -17.676477733503468 -1.3826668599450826 49.18018405859149 -26.823453248187533 -12.32573983486153 -37.19817439557269 -26.108039197211376 43.40758599112212 -21.216942969258433 
51.32694294917841
4.059390406846987 40.117988981098634 37.90190471312587 23.999508899048237 -49.95234628379392 -34.24011273585229 -20.258786530555373 45.234915468541075 11.6934139023083 -35.909816051372545 -24.292759375743945 20.56628244580571 -31.067661129995592 -13.743198275845167 -32.466380117382066 18.410272849995295 31.45723745581597 -26.49088639449212 -15.68850532805913 49.126321316337425 
25.327375979998234
-35.24907926313402 -35.088944353687694 -37.82442855064906 -34.74974308725184 21.236380511354923 -33.599419590867214 26.580273870916386 -27.31703717035604 10.41635032745505 8.30729212991762 29.904058058766864 -48.04904211731604 6.274633438793764 -37.572264062060015 -33.382127655437664 29.257977819721575 44.45059057694854 48.38354523999348 37.98603598177439 -7.238527312067312 
67.02671699392354
36.231827822591185 -47.49867607223207 45.81379557075816 4.066711223251438 -10.822334891321617 -1.5824616103947022 0.02016464879367419 16.821653215358083 1.7994528105268373 -41.92744089484859 39.940164867793186 -29.021059443623486 2.186187327138164 47.46442763165162 -12.939649956963649 17.410608190474065 -10.001030601076486 -6.062528987711566 27.09130566483961 32.58478208975288 
26.70737198716041
9.85509020936155 41.69328484089755 11.135943455845577 -20.885433675487796 -19.219684293708085 3.4103256145123666 9.046793233527886 -7.226659224747664 -37.04520979295567 -49.10645035011404 -42.52350297514348 38.0085231107969 -23.238663670122506 -39.57990131592511 4.477135236331719 27.999479360542054 -9.625146875937517 -30.73504375460012 44.67220051499261 -44.260239935220355 
60.9507639281477
-13.341281010637971 -34.5719557323618 34.679163911834806 39.46978686030988 48.86507857406809 -27.86882650748581 -43.533202160430484 -0.2476519501423482 36.33766421219184 -45.10866038728647 48.45200506215582 22.175464860796296 -27.033425925870635 24.322420133462742 23.46329473549747 48.269475270022056 -29.899213051869268 -24.989929576487302 14.873689762815545 23.641501268036592 
11.333378083192692
31.857223870161036 -18.925769552891715 -36.432922805600086 -2.0377428256466033 -3.2945360638270813 45.215558465974084 8.110933402310586 39.58993345240354 40.46241653116584 8.440912624290398 31.7823823574266 -20.498407189086176 -20.577727126826296 37.82204352628233 36.50036302517552 -9.738453667003135 33.54859901738145 -16.177115359330763 36.03769643779428 -38.60610812058594 
39.19566035389694
26.354102535286543 35.1336307281037 28.064022058623507 -20.923542015203434 -16.655101728461666 17.10829575063076 -42.64661241383267 48.24274312845618 41.24675385272194 -19.91778561029558 -32.97931524458225 -3.5756855638605174 -17.00294573863048 3.7985685215877893 0.5684718713391916 -25.71809312838712 -4.291149716443407 -13.434589602816239 -28.015076572678254 -36.03998781593077 
87.71624542591204
-35.02044478804383 23.706293104944038 -7.216949140506536 32.59322275182706 17.86348037986238 12.146368893692625 13.020270912326524 36.37700899421249 -39.75904092981638 46.56504441391593 30.351846708660872 -6.534711058066293 -46.80315326267901 -40.901150457885464 -20.999356165040982 -43.480045126938194 -8.889188293474412 -23.547882388468967 22.451161794731718 -3.8017032436017146 
29.024481712032667
-2.9517660012684885 5.259193504173531 -32.354159968643735 -20.204128428272828 -48.633833057231215 -6.337225501598013 32.423299795925715 -6.785390203103518 37.738296013036546 20.537014591059133 -43.09654058783102 27.395912569318384 -18.938701404917946 -6.307522493165372 21.16197436107008 36.540857051660865 -42.327292575741325 35.59871793479169 -24.00054290236816 28.545006759453116 
16.07142050240895
-2.678262703535431 -20.029549567789328 -9.043045547336092 0.2113265437798333 29.79602480113121 33.15817523530181 44.43293528707383 -0.2270398037421586 1.5089948493040097 -0.07777038070700115 9.103132575169596 10.118845352413885 23.257569999603618 -21.040305629998457 -38.8401439207515 -16.435981240689216 -22.15623991741581 35.75836477321516 -35.50266217047307 -6.856017036452599 
5.408062055120122
-40.115838916875234 -14.622660652337885 10.238105305441977 -36.44339483961599 47.53297350525601 36.86438594374715 18.207302907077505 15.519901318599864 38.39054540752524 -45.831087892903895 -4.3694210988168365 -0.7117990285568041 -44.917743418864454 -27.943832732493178 4.77581113776607 -3.9996024931733913 3.357935095850742 -38.87676756836732 -36.38407180357074 46.82050119675223 
41.64512547360049
-18.983934961286497 -36.99756607037076 -35.882280406398166 19.717524856660177 25.553001131805004 14.53398513203598 44.97322346652311 -32.03644136888101 -32.75933830043515 -20.791475635657196 -27.13131994565251 -8.896618440846936 -43.18722744737657 32.12324844064433 -13.131277655621545 -16.809174235693234 -2.8080884604269585 -35.71249671919481 -43.308517339069176 34.35015320660432 
40.66874758878253
9.039388721467347 26.768405873537333 43.935697472494056 -46.88714748268872 7.607778178432014 -17.273417232477925 -10.334190615143811 -0.3263005588914538 -3.962912291425255 49.68381500975089 -22.22924060451168 32.70002138225105 3.993037745685214 -46.671235302658395 15.307568319973186 4.500162149209494 4.893342372997189 -38.034533733239485 -47.46702123967774 -14.914311093127466 
96.35808711309467
-19.466443886157116 40.58911687786335 38.184975054917146 20.150341029644167 -13.927371691962463 37.74461047054568 -2.4169795091699697 1.578295425243084 -21.81888695654781 -23.95274296671208 40.23835122944412 -0.24395865570065212 -32.272887305990665 -30.51739076569756 -27.35269944596146 12.170846908004037 42.40071256974687 4.596096316933874 -17.42944219656126 -30.319401610119524 
78.65422791184763
5.0246415842731125 -40.49362708087878 -8.63414415036653 16.158957808928733 2.496920983377514 -45.81064388370646 42.58671229752508 23.114022345565004 -21.400164771539377 29.913349918406837 4.145503144391341 -41.425165578351596 -36.02814474748948 -43.37868727931029 15.632090590346507 -18.57407268446535 -5.427603907255666 12.474810226200496 -48.17066099114533 -35.2952834344851 
78.28945952336004
-12.989883507253595 27.48209698059604 48.68994298151483 19.386208887495997 25.00752697564579 2.7838208576898325 6.500506991887953 33.150359737002915 10.84502256951206 -20.38926075023404 -48.092532937578305 -41.401462596919885 -30.623105248104398 36.83426298654149 -9.356037747370827 43.20107345349297 -48.72745132158822 -48.031904440482286 -46.2950751868482 30.330981344725146 
28.27017674212201
-4.042699423581119 -46.039616004880365 27.50411066339818 46.94454383532987 -31.907648070462425 -24.13670649382492 -28.534214204979257 28.357684754728155 -41.16800525165299 42.11476679929714 -15.207485846191368 -44.6442308679552 -10.25549372822163 0.8566686823286886 37.9156221165663 -40.704969475372245 -18.17229125018861 42.29356043822081 40.33694501656018 3.624087492895775 
96.14393630410575
-15.397018935248056 -14.704988366110058 -36.98044270833505 -25.993138114803582 -34.42486968960647 -36.74656583989062 13.66642372808193 27.882902379026746 38.63000469487008 41.32145353769286 32.79408783386599 -1.2792692401767027 -0.3079104284305103 -21.920049138653784 -46.27640004088816 0.5981385920936972 -35.140234070574884 6.274436546176531 -13.548877470488783 19.376359001245675 
27.888568087825693
-30.550125798948848 -6.8128481355498 18.477641203622085 -48.785506887596455 42.840424823772196 3.2905930823387024 31.95276067362836 34.57561334430838 3.690525124805852 -37.31869392825679 42.680804013025295 -38.752782694082725 41.67195820395297 39.084297288229166 -48.15549984444887 43.48779066660747 16.174871050096158 46.3531757158955 -5.25001635762726 -23.999842811635254 
23.98899372429286
8.640165926225116 47.61080016944989 -40.95587351983623 38.25453468438434 -41.675646255677655 0.091668955390098 -28.70597690915516 -32.44939606646289 -49.620534454449725 39.20828830018583 6.616540195758482 -37.3977966713298 -19.74299505292465 1.6053398036826394 38.65133081184112 -32.67484325632609 12.380045763172717 3.28550314357431 -7.5911504130971466 -29.208378259675825 
11.98757892369483
48.53816920983246 -16.94309437030953 -32.81288163619607 24.338805624093467 -46.88269455990738 28.649522814325906 -28.056764227552623 12.181282962448073 -9.356340605442846 -44.24136339452658 23.96857950188209 44.90644666071073 -14.242688390691512 -5.198752192725308 26.26363335569718 30.96041990747132 32.72238438403234 5.311663831014222 -9.806342453001491 -1.1523016206876022 
63.9864391608936
-19.509507098116618 -47.6930806697673 -38.54025734453816 29.622918428694376 -44.93091222810749 26.823868212750497 43.480066673711576 25.635761118976745 -19.13984000629415 41.786147596918724 -37.738071877736616 26.781101362942366 40.32233642149667 -17.657373940104335 28.844305050180992 37.86172093773959 40.04844226484914 30.762894196320545 27.666296243959707 -23.62424335509975 
13.294320394214033
49.50696216343076 41.05968971108142 38.95187747786146 -36.50294296679773 1.0431700354920679 7.743923791477023 -15.821005420793014 49.188493047336706 36.09462504780943 43.317229090940344 35.23929634176753 44.791920335655576 10.607724833593103 5.132242055465028 -32.820782792946424 11.496940544371547 10.974646449920932 -46.03605522826917 45.70370274804827 -22.260568442368434 
26.90492088977061
-49.47772511401979 27.054947680679817 -40.22935348351861 11.829534308252242 26.13133574465482 11.837526399107688 49.38148314959588 -38.16573673793131 -16.208388640852775 -30.42236735595335 8.05500631585602 25.85719614453997 18.361162200123076 15.354966188395252 34.65229892281812 32.24875229481495 -7.263714798458643 25.021493498238982 -32.80620413255724 -20.21928276162702 
20.68167198910692
21.322198495756723 38.38026588394159 -5.195867582738913 -13.64537977326082 49.65862052185625 29.20462764452597 0.4941422095939174 25.587375390173406 -10.71314531791586 -44.66216446651702 28.983211346564104 4.6362310511156934 13.417368588610671 -23.07090644082126 32.67234939123192 -41.624469186543735 19.984878865813528 44.04267374392445 -32.876662226011234 -8.190740049981237 
53.782213434661294
-22.839310867105056 24.67316735287244 6.292428449422701 30.20292810029551 35.013135887577235 -4.724803978801162 -15.001000366677964 1.0132069391163725 40.45362858639997 19.059865425506146 10.942626298050072 -26.625622394186788 19.181212802266316 -26.27899648965655 -4.748988141248503 4.763103198439232 -44.184285495652354 9.072110218292131 13.414233781910589 48.48714458427905 
37.16609504553124
0.9802672996317625 -17.1281254743486 17.170354207892643 33.488347126985815 47.37355201577378 -33.42659889593107 -35.118655158389124 15.111427264644504 -29.868774983820355 -45.95931867631208 12.506022343841408 14.016834689323815 18.40412485034426 -46.01887628960621 -44.484976687032955 17.789426210174668 -8.723939872345909 30.644422853865933 48.45280622487354 26.81409209505847 
60.66523978471893
29.88546115760137 -43.72401312805568 14.674970728240766 -21.021931706494655 -29.70963936962967 -0.9057557181045368 6.420891580966284 -49.73406938770432 19.742356487612454 -6.082073870320379 -20.307221600401746 28.498844620744748 38.44853256636193 14.692269518361528 -0.3342361651110366 -17.94186029420063 45.71811890169569 -49.801080574989165 -29.65918931168423 29.663669310116276 
9.677512528110388
38.33120735794154 21.92767075471079 9.689217378194272 -33.373268751937104 -5.1995382467879026 -43.10698841757177 -7.816816875696233 -0.1134515955090265 34.50635504305794 45.70461313150625 30.89979491911251 46.75509056493084 4.605128970794091 -2.615459784222942 -18.740527205449155 -43.4128113897594 9.735269499324737 29.691246015482136 29.395148629208165 -6.970672453504179 
61.91101778871082
29.082570415926426 -12.695260991335658 -40.91244053203879 30.269883502868964 21.56866132260285 9.618157646214186 24.975290077035652 49.16107114640509 -27.854166686414537 -21.39940666396972 5.582362409072196 -33.01242218937569 -7.290536660355194 -14.247984646578885 -33.073623811337214 -17.234577226488298 -33.82400392500669 10.726197710806282 -10.908214523803103 22.53933132575186 
38.001230375401626
-38.719205070819044 -23.068234919901997 -46.40510786166564 -14.635989575612932 -8.416700465557724 -10.797611618569924 20.833079193452235 -1.008458885091656 -39.56400171922556 -48.181748331443956 -33.276272917929596 2.9345605258547707 25.846317159106462 31.56311909512624 -36.06960729631503 -6.442382053787362 -2.1427805313745907 -27.141252531784076 -2.0002321937913194 0.5917327158225234 
37.66562045530984
42.08959498040379 -13.565366007140533 -39.696202145941626 -2.2049473907410615 -18.499405592219652 10.02010194492643 43.66902696972288 -4.547911045325478 47.82975205876643 -37.55133559671549 -49.11012355551341 -0.8156596547420847 -0.39315844760979957 -4.909622315611941 -32.313166660847884 -12.428905493686905 1.4439946769789103 45.18027811889212 28.493505147338894 7.91593682904017 
83.66354715083756
-12.254117341267175 47.02052379044352 22.774048307235105 31.252972257398213 44.2734615427066 -44.390262920441636 -17.364950728785566 27.406320793394443 14.412504175647825 41.38224617311957 -45.80438769340994 43.80611614695535 -29.056404354663957 -20.60913638168809 -34.60565235344358 -47.68087287699226 -27.214277540260845 40.81957000409217 -49.255303782288514 30.92404313042134 
55.994759119427925
-2.2703516572999263 -6.510088176230333 -49.54143038953269 -41.49426168950548 -45.06589865654593 -35.28258759159674 -41.832027220744315 -29.202785448362935 14.289107098600695 -46.191818874843385 -30.943284675624692 -18.293131763401615 17.023196331163135 -30.53995938696672 36.68924806533535 6.303248113034613 15.681937120122285 -33.98799238013898 -48.64437369259856 41.019339010773535 
48.84789587586913
15.910191873210948 5.412144408823792 -9.820560235899897 29.00272980611021 5.893940158846078 -26.87331692343221 47.6015826694138 -43.26979415022212 -18.15573090084478 -24.49697991836679 47.1335322400509 42.91610063256212 5.2248844136949515 39.32787554480315 16.781195938677996 -45.3171614247196 12.659338407665679 14.078995370913375 32.51399890945089 0.5038402520151735 
39.42623388990158
-19.647871744941114 -30.117344574444726 35.274563054041465 -22.482439962190536 -30.8907664594118 -5.739563696456443 -2.925771543599801 39.39362686249321 12.319844909980873 13.819924988423757 33.93427301875256 -10.318710725053634 -37.53799720026542 43.282923877560435 41.13663368087691 -11.199573560173583 -49.131258676396214 -8.967918356658743 -42.603102838555884 -35.13301648178238 
53.050588590534275
-12.651553745930258 -38.255474430958024 -6.790926512007815 -7.10586088792455 17.340085244719305 -28.00572671545115 16.4460192165984 -2.9687727910449695 8.552545096532263 -29.589998329659416 32.31840887661329 5.6928063862126805 -49.6971735077422 -27.505863194356905 11.320570454858782 -42.993851302657205 -10.545728723786851 10.792996768266406 31.67513489503729 -12.036500863555098 
5.650534544365993
27.190314814677635 35.302653659591115 37.18489331655894 17.952621616952186 -45.63174569650313 15.177483242444211 -7.882685840136986 -35.62625340976947 19.9472723893347 41.82447456042945 46.4569798510896 25.982534606231397 25.27322466525851 24.69925869581398 22.350978162665314 38.04588415291148 34.902120993773835 -17.19180098704576 16.329102720747827 42.10859433931384 
12.53997652059169
-31.837622731721105 47.93620698451794 -15.042386111289055 -45.472763588538335 45.523268172188736 25.679932427105598 -36.90541809505644 -47.08571330013254 -17.614002818709693 -3.821753087865396 -5.35889752475358 -33.24341215829051 44.259401229864096 9.285679171940942 -25.473044320902794 -7.535001466483514 22.040397970970233 14.496741714347777 -16.637725936926095 1.878912944626677 
90.64337565697903
2.069533663914328 -24.429569717342346 -39.81319999778078 11.033717227947449 16.082026190105196 -31.84076572746848 44.90086952137814 -8.572257679065679 -3.9718870867370555 -12.066244213932187 11.799513830691744 17.65968315471362 48.5799935869544 12.00493121268729 -5.9167274625781445 47.57960490684505 11.788019815320872 -45.87617853170673 26.947078454464616 39.83443381334753 
0.2586458770874045
7.672242090977832 -38.64643270781772 -46.5024616891337 11.745668909569538 -44.933776288887 -32.0007155773592 11.750606696184654 -16.89053543724627 -7.120449324984449 35.297630306500054 20.184841745302506 6.743477429271614 2.170411160195883 33.65943250004318 -31.723242545216614 -42.66328229636347 14.294982568466907 -47.56594307304711 -28.792818893231452 33.23557924379932 
33.917528107530934
15.581014539582526 28.43028620435898 -13.312168847755132 -17.022601419791606 47.474029453561926 -14.737176947304562 2.8961272810975913 -27.950907676531433 -8.80342778761434 -15.748030272886446 39.07794788555587 -11.167706967904834 -21.730075955079585 -15.80650477911918 -48.37660655860089 17.434636488579514 10.961813059830646 6.410225092510913 -28.038191365633757 -33.33930942097359 
96.15574648196882
40.264083233016066 39.89271147306414 -9.303582583907541 -36.78184092840314 2.8632410158857766 -33.09393645751658 31.379212973558282 -42.617450170953305 1.539226484038302 -18.588563196066776 47.66933488110362 24.876806508818262 -8.09291317278332 2.8151532726225525 24.989380291484267 -3.648063260567433 -40.8150161298382 2.0290306388848194 24.774179893538744 31.127465470925372 
25.93794505720718
32.263874506546 42.874335186969205 6.3507986989438905 5.5236530641211345 -44.14460611178812 -5.617658434926163 22.374861650554664 27.256573787214023 -49.61023248874663 32.0010643794114 -1.5096206914106816 -43.33009966562281 -49.45941568545834 35.250087191588605 -48.393837930411934 22.243124653599594 -29.201557046067183 -21.393730567225553 34.552835506528794 38.57631506419884 
8.669023836461243
-1.8994396524219397 -39.60756519215026 -14.769540839107933 47.9349565802177 27.944010948452885 -45.55163330600129 -39.6834935207056 17.221348003024474 -28.5684144629357 -43.27275881241227 28.404061627182273 10.374398857349064 3.6732372542201617 43.98608492039922 23.43388132682138 42.056994891548186 -22.37254078483716 -47.094445383171724 -0.9432869771752763 -5.51521788024418 
69.46332841584572
-36.338283791231284 41.184210328694206 9.370675757118399 -45.54720886207075 46.64604420502755 -29.474012481973276 -7.084630778146462 0.3957927309614888 -15.834710959492718 -33.499869652343264 -18.924149236753284 2.0065706392342832 -46.34007445025256 38.14278144893443 -42.636429806000876 -43.25976911445466 -0.6880991743680411 -47.49430916590243 -23.931678425283 0.214555319905827 
74.86944288481213
6.5189104407680745 20.073527809602368 -22.317327104894368 12.098716142251654 -5.590934584957196 14.323090219094638 26.93811427957651 6.479152951175358 -20.498028268371815 23.519517814273584 37.5844618705207 14.591306197995948 26.601579661613428 -14.222413687816271 31.777655413971857 26.103109798684216 -10.87443668512099 -27.27271452993335 32.34975620300477 7.342466160750327 
23.79114385888592
20.95438895710471 45.64875326185853 13.151088842472667 24.88297126205464 49.68644640087045 -11.520186967716448 29.046616086141555 -20.001748499802485 -34.72340317871616 31.209107669445686 -13.32304391230695 49.652495075290176 -45.69291543212084 12.392164080527735 -7.867063754770776 -35.75736096464248 -15.971074237630766 4.214465402678101 -31.107672448158453 13.60248741349448 
11.373658224858985
-27.417206182994146 45.00032842374375 -23.251246561297034 49.91770315358414 -19.11839557216609 7.548649385301609 2.404265375279934 7.94933997661925 32.20948244501048 6.597375603010747 -45.50186569766913 -9.817149054480701 31.33654502836181 15.390787840007008 -18.91898784882484 -49.31606319186578 -25.325599420780478 44.05037296745046 -0.04314968507726746 -4.784996481924999 
94.22607481238386
-40.11470539542279 19.82077779936222 -42.52151433965696 -10.21589754117256 -10.957408527078648 31.80611694806136 15.630873966238596 32.570733152347145 -38.57354918807001 13.08172254438027 22.959668184900153 13.065035111988344 13.647884918757654 -18.49580576773773 -0.24000524315954408 35.93738159932758 -16.776782760237232 28.31772997948866 22.21716484081952 35.81269169045456 
61.32176674004091
34.50772795246465 48.495969496773824 -0.9905351647242142 21.070214126475292 45.652485143357396 42.2570748289495 28.452530115242723 -46.24691689082516 39.98062643968156 -10.534656876629754 31.633125213553313 26.2058767493768 -25.169803739215556 -44.375474247488015 44.790787487385316 19.279406328129284 37.818617662102966 -2.5327779579905254 -19.582756586447292 19.460866229324353 
10.771009669565812
25.648591304004412 -0.2666893404584485 13.569277335596666 -23.18239811084878 13.136786539384417 -33.0344116236831 -20.100084763751347 14.059331740946845 -42.23733901673469 38.0505207565385 28.27441013455592 22.81392898556298 36.78578154895841 -27.180856168454525 16.1601873146556 27.693103590490352 36.35335705020236 36.76667003857753 8.35500261070662 -19.37527023489932 
49.37316013453188
-23.81320318192278 -46.31068912289146 -33.57779710128712 11.591156873086959 8.751455996054538 23.781265802209944 -21.38358965560029 37.55895310246858 -29.457558647866712 -3.9138207492334303 40.004074517679086 25.695825561668755 0.092184597341884 -33.68571594629695 -10.270545427226153 24.794539853556714 20.166707232326658 43.74767558980946 -3.2952678545908682 -6.91022244206281 
48.82456173458352
17.069373994377628 -12.21235279622475 35.40240804115828 32.71135595985103 -21.975580745768784 -1.6267620403045768 -26.107479497442853 -2.399754070735348 -44.43498918533619 -37.08015276188771 43.59853020796393 -46.135472314177136 44.08867086114894 -36.582207192571346 5.209270992541761 -22.13069085710928 5.9604935066005424 44.92243080924422 -15.5894797811291 14.1949370435443 
40.71753209718621
-10.988431572054239 -20.33310370675273 8.155706717040466 41.185449579929994 8.39053527642998 28.444643273062923 -16.74685559181018 -49.80546049988344 -11.143599849603568 -14.349702302714903 -25.996112358091207 -9.33569005919577 -41.55376939792721 47.45483113693881 11.008051850690627 -33.467199035686434 7.832457387537595 48.6923352041978 -17.825323275015535 22.33888201228936 
70.89173999238304
-27.333158798980183 -38.3033055510347 5.222782373831322 -0.13795908666688206 38.470482974241904 6.6685516633396915 -5.307860882431179 -14.3841797680183 -27.189364248381754 -29.83447534795568 2.7078879022556563 -19.68439288956735 30.86325786065369 -30.84557501550693 -0.5236420696788997 -22.918538310571957 3.8141759397521326 -24.218750815633904 38.7909376578597 -10.711857902125175 
89.51960823856666
-28.61791112294845 40.84873467916064 -49.27700020215764 7.1116882116368885 13.989384148295883 40.17468695826196 27.07404925502385 -43.6056267647596 22.15640828917708 21.61758136323688 39.08077042045909 -41.48042839379336 -29.401366739313406 48.33950208899141 48.16862611342684 -34.297093552488036 26.45141510067704 32.302252782447425 -3.498540235132097 -5.366952357578306 
78.86922880450061
9.961309263009909 25.1242874270784 20.748046521761182 29.24242972495749 -36.290080204536125 16.23222537642374 -31.303289974056135 -35.51664710270086 -26.927028876326887 18.589639450044274 -1.9275018650791509 31.63429812658721 -11.267692428470419 18.736770912079734 12.902036409859022 -31.524253379878775 -2.8278245293161675 14.859558506640184 -31.610206914164017 21.86392947029806 
34.06553585591134
35.061434088788715 9.065070848034871 3.2026730373329286 10.479000237274114 17.264361746782143 48.74694346427698 -11.24480368986216 -12.443825200441708 34.07948913417886 -5.362674980310153 21.427321534401315 -27.45375091607578 2.726229877227226 25.37189178685975 10.204378809310533 11.876651137675644 -32.5582850619897 -43.9969266638514 3.599794917257647 25.42569854005518 
29.810976466843375
-38.34107554358405 34.274230545639725 -39.766885457524005 31.061398194621788 -13.983854112285385 -6.5901982820666305 41.593386076732045 9.6033154209886 30.745128847150596 -4.525177193726115 14.8089205415001 -33.0381049944939 7.729348893093537 36.690176523681515 1.8370390636209635 -24.266264620758605 37.13105217649115 33.8092799442981 -6.353189230494948 -45.685144587827985 
41.269632255517095
-46.25063953997781 -38.69118651868545 14.885111024878881 16.79867152323014 9.162530663374532 -3.327046349165549 -36.502755985813764 15.81214506387218 0.21096240975057157 -13.05359118534399 44.107172726331584 30.27979813513626 28.611203449295388 -13.434052113047642 -28.004705329834113 -46.39372445381505 -3.5614899984540074 -25.534260825952938 46.26696822430169 -11.871944066983417 
79.23278579916403
-24.826065290279963 -34.01649066018486 -21.993154628971055 30.623557888878494 -21.871740892132763 -0.03657041086523094 -26.752455311582104 -16.007820807621307 11.182910099226575 -23.593173601210516 22.46351829636221 -34.38478011545803 11.486066783518503 -34.7658171125775 49.53131213573036 23.283780630005197 -10.260602917144666 23.394096051629404 42.42162360874279 4.569309607845639 
52.30791056737117
-38.617286962631795 -28.737228427086226 -10.292819781596563 29.730590921081173 -32.169025981555976 -42.91254192228215 -4.504834104452172 9.889250738389556 -1.7459854136301374 32.73319293689978 -31.345339987067256 -10.574911132093426 -6.079635584936369 -26.988783050554233 -20.221678443468406 37.949453936939136 47.28686547726879 22.528356969232703 -37.711438009082855 16.177352329160215 
21.558535668328894
16.44069146509463 14.75711630822218 1.3192847495409197 -36.329177500778016 -28.06244217252727 -0.5133216678011152 -49.10099806930458 -27.644954398357847 26.398823078373326 25.431396828526644 29.621804068571237 -4.063919294947368 11.938010230311711 -0.6662092639520978 33.000091084537715 38.124570475184015 -14.561723555345353 -34.61857661225292 16.149796159363362 44.30433348899787 
28.207859157912097
30.737472464678774 -23.496515357948855 25.67880168306897 -9.973873428546668 -8.024903063016595 45.142857170508904 -45.87127729241388 28.620832549200088 35.74628207731672 13.035433832934096 -23.253492872982395 -12.48819195338502 -14.058349295606767 -44.33273223512656 -44.24895987552105 -37.324241885576626 9.148476701167418 22.395519527655935 -13.150109578561612 31.63144185054648 
20.389925391231124
25.301775901602014 -12.895714791770843 -42.68601455023733 -48.07062992205818 -3.590945722912643 -28.03462003277439 33.50164818076689 9.349331040841413 -18.167597239126067 -39.61128998359047 -41.42212279716331 41.16545205642004 6.765092070135424 -43.203039067401214 10.056003263418546 -9.088344349279666 -23.840582041749936 -40.850528158716884 -6.436494901736559 -16.06659107419147 
22.54313253784651
33.49018739369646 -43.12275365515663 25.051831796460178 -25.38040668491788 -22.91596894400777 -7.879348757817574 47.81214859438737 48.131709522980984 -35.3850160520404 -2.6216521007937175 11.205758007756152 -46.073135804508546 34.907396209985336 32.753237848913486 -14.444015835694536 -22.75808725443822 29.24538224865593 -14.714392914910349 -44.31663858384729 6.934526302838307 
86.60337541934284
-47.82665831198848 -3.482923818270166 -16.280966771540875 35.964295068057964 -37.62315149115253 43.99496339698129 -7.577909759333181 -48.61008401584661 -17.038118622836038 -7.604735983592967 -5.144591219338565 -48.378524427199544 -1.5721129272988321 -1.830897312330471 -12.890087954708406 32.726696494007925 8.789134564248123 -40.106573862079884 17.90763114503035 19.67276665410394 
15.32036151274625
-25.860044064029776 23.104751052275716 10.693077940679288 -48.351820170481865 37.85646621508644 15.521215695106122 -33.071220199248664 22.2640867784002 -20.71755167952879 18.979333815888737 19.064535630745112 30.554404705019166 -48.527909117188194 -49.23413227938715 22.541112082795095 14.087001271544736 15.17319047164402 37.68910450105885 43.41570896460226 -43.835784379608235 
21.111450025814094
-2.5155307169701686 -1.9457406396671928 9.545903055318597 -24.344612765085174 29.529229291036955 1.5781767185273665 -49.233940865332094 -11.612171479668078 36.65891099512356 2.3513007577163236 31.611036894710594 -44.714184984061674 43.335040445693124 -7.218889457548997 8.0968597158407 27.011444637012033 -15.50409760843845 -9.678473326364546 -43.322310268935716 48.24200505391937 
64.1289882987214
-23.19709835588679 32.43705420832508 31.018544791149083 22.935866618051122 -30.92189004564284 -15.342078727304717 42.76775544019519 -39.58274222859113 -30.538103764067813 21.437302173059663 -2.0471196091480195 28.288058321530357 10.553944071787505 6.905537384842354 41.235106992748726 49.3391825112965 -34.22561536585583 -17.8700006587555 49.57769760972374 18.695036545886893 
94.30379338217891
23.927439666676037 -39.09911282258548 12.872540962755487 27.107934138004524 -5.421246912322687 -42.30362722671322 -33.87040499211338 29.34085919058235 -10.165513534265934 -4.564031637681431 23.297918886812866 -6.3417842059854905 -37.381096793742216 -32.3401735790853 43.627298694123326 28.83589105064769 -14.515022889176464 42.30535577218431 -38.87481089036231 8.57743826976369 
66.14224018809952
-12.86119075557459 3.457738839426142 36.506976082136404 47.27387449719164 26.07721790143374 33.685319094053284 -34.91746925328645 -45.62095771721949 32.73922053224494 6.937626170271557 28.52813499069154 3.520930704127167 -27.260984269091036 27.59054593761614 12.871167939944975 44.63053958474616 -47.96143203348424 -48.41113646909885 39.784825534732576 -4.58921466974752 
65.09882786092382
3.266115235523735 -14.826208179818003 15.90495846289231 -36.378313066250215 -33.655288929830796 -11.69548881871534 -15.561780146879556 34.34999437785848 -35.243335609914695 32.76975220337883 11.910234458774603 -17.306135295755098 -29.492829049281642 -3.3096110099127927 -26.68836006645038 -32.12275563271022 -36.98961503480126 -23.704335096171924 -7.143432911960623 24.849470504529435 
67.15872487507494
-15.613573727847573 -7.732052635371488 38.38237401151589 15.844107997502661 13.174150594270472 0.521889024303114 5.574228642415079 -33.26847468676988 29.601821668802856 27.751913073899644 -15.592354600125432 -47.20759858589461 40.49104338320933 26.033410434088424 -21.940723312884035 -38.56279274608876 24.723005179629496 -4.586831079771528 -2.6649875222095503 18.043852525824164 
30.149228527619588
44.818362351050155 -23.094914485688665 -3.7396076931550226 -25.958676667219883 -15.626036778519328 -5.060693735009956 -10.332392390499287 17.627193075848268 8.177023117119035 -39.70656835261638 7.21906762443615 7.624514340264469 24.720788068757997 -13.426519446587015 -1.6666651571958226 -9.329534004768249 5.931231500008991 -31.794513961277772 22.594913705337888 10.16011421627956 
5.173003246748753
10.064103114380785 -46.272279396951255 -10.755987047224934 39.60141761559339 39.2641732144799 47.83673002072425 -11.401088632770964 -7.118409107024945 45.39512433515202 11.870612494314301 -46.926222050362234 -29.434642500229614 -46.22105684223161 -20.15989967397529 27.42656008405892 32.31117391113162 35.258146312386 41.533961582707164 -21.894572707982974 32.65171449581922 
45.571037583048366
-28.693621201352325 5.391515894125597 25.158386822756512 -32.45275109043967 -27.033341422402323 -31.791523076698546 23.621551695183996 -49.84258839684821 -9.115839528863354 -27.482613933116884 18.259770070389862 -0.12347646476801089 37.12840973314914 -6.546097441488122 14.990876362512566 -18.128584461508446 49.79634913778257 11.22781129194761 -48.55771534790052 31.19844341981961 
78.6357717948908
41.293350315967544 44.6473968575967 -42.50162522690315 -9.344062224637916 30.41205452527076 42.26956967175542 -49.398822810628964 -49.37652835091815 -28.031904284032283 -18.28541944781058 9.004189543364362 -40.826363737291025 -33.74063987714227 9.637094074170982 18.36300357125772 24.72412180398051 14.47585905567243 -21.883837293034738 -47.06493053263618 4.460484536588339 
38.69024808189066
13.169296092227832 -40.6580935368877 -25.63050911162239 -35.57639210636276 46.29421045281849 9.066532896226839 -21.371469910773456 37.21285791769937 10.37185347946383 -26.221486584642673 14.616408259012545 -29.905526720363262 27.533876195545915 -14.120177596697602 31.392763824320525 35.03247048859521 -41.50778990726187 -4.409508223630077 6.7004745682177145 18.056891836780494 
90.34797513548972
25.44380316267275 20.37737008007994 -44.757693349209426 13.041469860955516 -46.76347989791106 -39.4793433616486 -45.35587657164378 23.374490673806463 25.280532040558228 -17.17053528044169 37.92378842489069 -0.06919021850363549 13.227954294515932 -6.742056290228369 4.632249810880708 12.24015059257637 -20.207418712460022 39.4434285058322 -18.015692833058306 -36.8245001164653 
61.366348539225676
-22.668869257076118 -26.55522058112203 14.84319640687049 8.830253246122886 25.99894931258224 -39.439301418375095 15.119687015296918 1.7849139984927334 35.892914036933945 44.21199423024524 -25.49154773185487 -34.02317415907752 -26.484075653939477 33.81648918714872 41.135050511011286 -21.127949256766186 -30.930628449198828 6.013157152203753 35.46785083480961 44.12992279768841 
32.62932475312685
-42.03890455702337 35.74646796814952 -47.84489035887967 19.145993073016058 -25.370298279407997 -49.88048123595325 20.957162514551385 -37.11284334499641 14.319048345581649 -27.862204534580094 -20.777545135990174 7.903360192845263 -7.8624573309342125 -7.481464717693456 11.804199648274214 32.674642588114864 7.277400116449272 31.990914608216542 -13.237988700801338 4.305613651960172 
66.66661053451138
-32.44745975069996 22.633279811280644 0.4677566466020906 4.939432726177358 47.61113806599735 34.79436380235441 5.7448206956389 38.65575109041032 30.255235882514853 20.570438578578106 -26.880784298802297 21.312785390817808 33.29213269381768 4.178581400759661 41.044383727508006 -15.068873697925213 -45.289001954843854 -35.36052958424515 -38.1199198943834 -36.13986654970471 
57.87346903882764
12.468863932105847 28.42461406292523 -3.0637982838624396 17.003644989824792 -35.73921542893599 -18.139934479910636 -4.759460509661629 35.44390789518617 -11.799858240840486 46.63356365619498 -5.558515454636158 -18.337467477821 -41.906715281353854 -34.37029042255815 -16.930394607531987 36.143579646857674 -41.31923595649928 2.446297456305089 -38.937873581566805 6.059092767290409 
80.79738865084481
36.66749576640319 36.52654691853667 44.01816184633776 31.370383121856094 2.735668718995946 12.911499176404398 2.2069311137028507 10.297312140679615 13.355090923533908 -46.36368421092729 13.878178731277401 -26.078834747180192 -35.68222081520764 36.71889717358859 20.418611183891656 13.120756369231081 39.223783062237004 28.054902037794534 4.116555694200471 22.96047923591054 
69.77519911679647
8.739460308440513 44.272258052350836 30.394093981737583 -39.84470842353719 -10.814075534786568 -12.562451318006815 -23.306864198712884 2.461110481420512 30.784476457599624 11.341104344599863 -27.928782245925333 -5.75999101957764 -25.543349830671747 -33.54981771458115 -48.598647631129325 18.88748626381873 44.70015083316804 -0.8609121683465375 11.974146188358816 -35.00411578011885 
7.5815725830148395
-3.9206931904182767 6.920537681879871 41.70040438114596 11.623001681415559 40.735658680858876 1.2235179818493975 -6.349007439755226 -18.35835943266071 39.74741628123168 -28.830961123969743 -18.554321524197913 -32.66001451078213 -40.50712556973638 42.63712407712946 -28.8070388911849 -29.192691031408735 11.280325017846835 18.809961135623837 20.327869034060683 -9.918514960614147 
87.37797139479844
43.67454590780386 -44.111628282591276 19.533506913556764 -20.51012920858235 -15.8768042077428 16.165839975905968 42.07528508787615 -43.69554891663834 -9.49389706306647 -33.02474555663834 -16.945360138411772 37.38673103599892 13.165782663593419 9.74797557048224 -28.810349622410826 -23.045088686717353 10.784162456225623 -29.768202959597446 18.007792468507006 -37.02351190554334 
35.298720881242716
-6.209827095909873 -16.006343161223057 44.53864048468296 17.694984195817526 -23.875590265549796 47.01219985212218 23.59207987236607 -40.84163630904843 26.699750832165975 26.562872064315428 35.93719203522616 -47.130809289364464 -3.761747870633606 46.033172940852424 0.7157458174556481 23.150510729087216 -0.6516175534603477 34.35852175376063 -12.308999993916082 -29.270973592588433 
78.69335926254571
-21.64145226959122 37.24360831784405 -44.45464960504724 -11.942807265534391 37.50827025193949 -30.719813570557676 31.85049394316441 -31.750503247827222 24.015824013457575 34.145997202290246 24.251330805190946 -48.002858873290734 32.81674815070491 -8.84730626099227 -2.0814907474547724 -38.197160412280326 -21.54190604539794 48.47665073018136 -18.653872403969054 -41.7921969559646 
8.83390963106404
-38.047152534705596 45.85320789327925 -45.02235451629301 19.346901488685532 -30.316067208024776 32.442819097133054 42.43769919664484 35.30942180470868 34.40348614244357 43.6855059691424 0.5160136230110339 -34.73985590937434 -23.822844250603616 -14.03062618714965 39.00926215899028 -46.638879696616684 4.294774864227158 -44.239928583495384 24.16885873154733 -24.84684732062348 
49.10117024278647
12.439613633784418 37.91160909108527 27.685738590525716 -47.96715089825956 -30.156205242224498 -31.208757280380883 -37.598924639669065 45.27233151147513 -31.206253461416456 -47.675790616321336 47.13996536018357 41.2013821236371 -36.282087127390206 -37.65483373538723 22.250659790566445 -43.77104189396894 -32.11339982863629 4.774582570796468 -14.979981128809783 13.589220396236797 
3.83189649689214
-19.4870381747293 -3.4903708383529377 5.349430536220055 -1.7983000264092084 -34.86683330397086 -44.63219177217744 45.137213831971366 -6.4027680964412355 -0.37558942120870853 24.30168623468127 -40.00897289292163 23.869288238075626 -1.351539561430279 26.631850338356458 -47.7426408135324 13.89922312149475 -39.39930875662611 -47.284655852361205 -39.39735625812996 20.066429999094396 
57.2255754600907
29.011028208961818 -37.02262621302188 23.404925029996974 -10.381680214696807 6.174671328748737 -6.235469937934546 23.877319262621413 -27.84867760496742 16.809354088946492 -7.636150070045225 11.245361252189454 46.196167856623404 38.36009037639491 -38.89187927717364 5.691923295048106 31.46895725963715 -27.870164209221958 -13.322920436672248 19.650126009010577 -5.5912907232581475 
65.50733984601479
-28.93084984651112 -8.77892078056658 -49.794292022991826 -38.76442531683627 25.710712257271993 -20.88750967045412 17.92860848104442 4.912752960520997 5.427125976239779 -10.79383947890836 -33.34378997129316 -20.093760870840505 -2.2306631759177833 23.663181069725724 24.6017905641078 -32.527062402164375 37.58430529405159 4.901462729291737 22.924974655454733 49.11800237951104 
36.73714288541543
28.8309002360392 11.258088214139363 -21.91297427184028 4.537310960891126 44.40741321088744 12.931020852626048 47.37511775046205 35.69075647281254 39.86774338052865 -15.539368756738213 22.749586340322793 -40.505520873855176 39.932738696432494 6.0777759566502 -8.978794059870197 -23.490600745764358 -17.18234763600006 -42.10294461617834 46.16233501210591 -42.90789130611233 
1.063703670239291
29.791406615387046 -1.1415749224914293 39.93548111875158 -23.99401399715152 -27.88428233797694 48.6927751420767 48.16268983283642 22.118562930689905 19.13065886156376 2.4026080439563415 -14.461230993424081 -15.471628536415473 7.309960001336393 -43.49211462862206 -13.991728998256924 0.6653466676641884 -33.32862272202571 -11.897476494878177 16.037232030853204 -14.68304804204569 
34.85364934517692
13.710971076673196 -28.867921866086366 47.2810908160138 30.868791659285122 -17.148630219916875 -34.572291986438245 35.362140703618266 -21.70898565538062 -29.69016604923209 -13.618497022700602 -8.369347361370082 -13.899274487070834 19.11863041850738 -24.620494361978007 -39.33197423945275 -20.51602364673727 -35.15565150515479 -0.544390748425748 14.943236964021068 22.594821509453737 
91.0304117884729
-0.6559238354742405 8.51953943338819 -9.37992401365998 25.501589753080324 34.73024605149698 -36.03526198578003 29.442946420443548 37.7264027216346 -1.1661348137247955 30.639522693857174 37.784119225439355 38.54665252257854 41.35392386349481 26.464051305199803 18.90585202793281 15.321556401806461 21.32349848871631 -10.186199451414524 26.796659972150337 -42.102762920998686 
59.56757317214748
23.37145683032891 -24.788728320237162 43.80064273928026 -25.773619548040784 7.5624129625794865 -12.97753387119829 -45.32980843028444 12.201291104618093 -2.372786147059081 36.04853717043811 40.17378706317393 34.39987321547346 -4.564905833079514 -26.147929536614576 30.52807791919176 -26.698779323373966 4.818476714188101 39.96284123269844 -25.778879722671387 -42.36782397705662 
87.50916358731659
25.559552591774732 43.65393277203468 -9.160307325075756 35.68266825696462 -2.1476839989625205 8.154652586757614 -22.4360186756692 16.66792494742303 -4.760342940378223 21.182308944823774 -34.53827368889799 25.555449329331722 -28.229016558014674 6.5255324480113615 8.498118695171463 2.237710706511109 3.5273871515199673 -43.08524822418843 12.221043268591913 30.84136657899343 
19.240766738837166
-22.29523067715139 -8.449776337925016 41.56168254150515 -17.196800473616136 18.147818940457242 -42.7412871156145 -22.414653940481266 -13.72436125778664 33.26557965340403 48.59362237788737 23.088551109999784 8.586904288903327 10.441782475624017 46.37752720798191 12.223145407239613 -42.67892215231897 -23.404528853912666 33.45150425321471 3.5542818458514063 38.823421673056785 
24.158114874895396
17.46528402877705 9.588879210398517 -4.688099293699423 -42.93382513648603 -5.21043023752339 16.83496567017535 6.76352006410773 11.593912153941886 13.720047557152945 18.257740015229345 30.05165777554612 -48.91042179033638 -9.837791605147181 7.048951916723254 38.142620224902146 -31.458639036200353 39.63055069437189 48.302070568739055 -21.883329197782142 -43.61223541772365 
65.66538279242049
-46.51363799523093 -11.639152177638366 19.100381044308918 -13.335168326665048 31.53888366584151 2.4878572666026884 10.805283720418146 40.649329925200135 -20.055858491818878 20.367421355163955 27.572561271444627 -19.379724289168255 9.346944222417783 45.11346185769379 -28.008207951161523 -38.055809474643354 -33.95525841333941 -31.047492340384142 -13.735472703690313 27.588128376309086 
78.13158519281838
40.60582138227409 19.283168420600163 17.05171264800191 3.1165613507915495 -37.85032543698061 -46.97114916611563 -39.5143449569242 47.51533395542039 44.275297333777814 -35.89073681394454 20.75614132590377 -37.78570050364639 -4.547929373637871 37.370639344360725 13.109048144700061 -8.667505292276687 32.704473466470375 -19.743649028079847 14.60741857886407 -33.14268078760588 
29.545445899413526
8.947921380561695 -26.339790336141398 -3.4941761557009485 -39.93422877268762 -9.687528824448556 43.72983182210237 -11.935857338985642 7.261138414651313 27.293950698054488 -5.299467816921869 39.883398410538405 -21.614393531919895 -30.376254815367044 0.4092177980730014 4.261227462140482 10.452166420132201 16.589568988374054 -38.515182899500786 48.11381535056755 -45.041808138665616 
4.089802918366536
-1.0881391788899109 -6.355868204520853 2.495535431511577 34.31373915609521 45.62843173341892 20.637852189657096 45.112124089029436 -36.87354387085191 -29.011790404336736 -48.4308055241038 27.123887437339462 7.600367393485662 -3.939141931154097 20.874708243046214 3.532890774734078 -25.87628842725006 -3.485482130093523 -49.44614326901403 -40.71037109501439 36.12956993190379 
94.21872370795333
15.68093538482006 42.3443863093669 9.7272965037157 8.72556820321104 -14.536242747523701 28.764653745450204 -14.618536764403757 25.431486390114628 -31.839778572811074 -30.84737853969236 24.271779918235453 38.491574423510684 -28.535279455286044 -37.82122223215485 19.08065512374347 43.45284550707217 13.90211353712364 -36.74531761382611 0.6934299637106562 -12.907596573401626 
37.31774853519186
-35.799971651049034 44.65950292042051 30.091037836820888 -24.2721723956401 -26.783885738629444 -5.749060633949654 41.94222902971792 -18.404825041559715 -16.440100856888364 -29.431663765110983 -23.108847252424347 -2.9787444253575615 44.01983952193932 -15.617868273239964 -25.282239233335744 -15.603932108672971 34.62671281281415 -0.7393215656082006 40.82254587030825 -1.2766840828365247 
56.98972856734525
21.024787246387206 -13.65684487865095 -7.860951853272326 -29.76982298170062 4.681694959245441 -49.075477001932185 -9.932253425920756 -9.308046953704661 -23.270311939602184 -11.715262069057431 18.01059772774002 26.440316134628077 -31.912104163119814 -32.136605182745996 -11.863513693882709 36.017252227212865 40.894049311196284 34.608680473277005 25.647029774693834 -14.996136810509299 
21.026292977474714
-26.64595780843937 26.31275048768076 23.647229915475677 17.44340857521452 44.25472593212572 -11.371772265256908 24.141234140481743 -30.69891643374003 -8.60090665118338 -43.29004751913119 47.1078116729842 12.290153924886013 -22.020896460362817 43.36125589589203 -46.59275725412457 -3.243973392472789 -31.701133152454585 -23.345430063703166 -10.387023923123316 21.896765479604994 
9.419777008428076
27.932016815525657 -46.681347929408666 -27.299395948017747 -36.614820561704285 34.30109299403253 -12.098087130242341 -40.728064920733374 -45.26288983662386 24.50302872803178 -34.54830370552925 11.808114936029234 27.43216897127381 -6.542829131133274 -8.7273088091235 -21.272334988479013 -49.71689690886063 47.83547834501759 3.7126934514683327 -39.68619187927072 -29.30276927972716 
12.697103478990023
49.0156078769575 -14.274530551856444 -7.24766687355136 47.513669071365484 -17.515104567133157 7.341208764539786 47.54522547006769 18.841780446190867 -15.550700232823566 43.139835401008824 -18.73231380708319 16.44997907243797 -17.645334664260773 45.184710589967054 9.609031660238763 -20.116807480037725 38.76278180534621 10.267018424296417 25.85404485490784 23.248476782824795 
49.120130724939834
-22.623372923800943 4.4396379305544755 7.431663202174789 -7.133498420670627 -24.092652990248254 11.75303126419621 11.005280724793344 46.78544535815847 -1.6332256170908863 21.598832714656297 43.76389507732212 0.45557134568174007 -28.15088090273129 34.031945280927815 30.12383134340365 10.243749082732492 -6.357278232173314 13.147664130376555 13.549980860171388 -9.511742996325758 
28.08225049151384
-8.059980950587288 -2.2768166668674894 -31.648005038404627 34.11885308378159 40.483763321277564 45.33749974285655 22.28290369314871 -43.9302212765731 -42.534897768771216 1.2174138923361966 33.10073110188296 -36.37764797898171 24.480678420710262 -7.129199375527094 1.436373755064139 -28.59465287041165 -42.456082197382095 -11.355673839087835 -24.418010892759725 3.304221152873609 
50.88233986012911
-38.67636621659544 -10.232841897262013 -7.815187823633984 34.37900783406046 13.321541042314891 34.458386743917885 21.80350183985297 7.905763214768314 -31.476780090544022 -32.51374612102555 -25.579924294968514 -26.68451095755794 25.40808290453832 27.63657662513299 44.99276109177299 -41.99486659478426 -3.7560752384583225 30.798962741561297 -29.176711149951096 12.730756160149589 
77.94964400336154
12.848173090700179 4.133020638644211 -29.24958853428158 11.648611231670046 33.140728729359694 24.28953154190073 -24.609765714940647 39.98558916404457 -32.15873550050886 46.26624571896791 -31.226469043223847 -36.04416068385046 3.2501067215335055 32.40611509171141 -14.277654177097787 34.295865448203074 -14.114353162981544 -44.32652727636904 -36.264620377905 -13.588989638330986 
48.28204675230966
-5.68339195625699 -37.53423587129552 42.36591634001036 7.294919383315637 -39.77322409448245 -15.733358436903764 -41.360395519503115 -24.835427472171002 -23.732260501453585 1.1421216939635812 44.147767413629296 32.66852693440214 21.46312770610551 22.83563667146568 9.460608247508937 -11.598020942223364 -42.83273257314482 -14.19271254543353 -14.80465945228687 -11.443081620229876 
82.20832236178566
3.4963108240351417 -34.76171917176867 47.5277134300279 40.4809788429925 -5.465683753941164 -11.247807293857605 41.252902403891184 -29.42092826958943 -2.5305482593378485 -26.149622742707702 -7.5899698866137655 43.796922023865434 -11.918766589953137 -44.630248002944064 -20.58761274948475 -15.808603937847153 38.51028922480589 -40.64905502102724 -30.386462122008616 2.3849787827303857 
46.19674193212031
-32.3657850081533 11.20754284945069 3.403441751979706 15.015610566820314 -12.594174964763859 18.019809439686625 48.07996117536429 41.016999468859524 42.580190682167455 46.71559832162954 7.420848052765706 40.82348500961079 46.57900158007581 -3.089876020734316 49.816283278355186 -37.99340935772394 -0.6307486686733554 -38.75365331024027 -7.9072148994046785 31.658754133707518 
25.54787373609011
14.713502467017008 27.142388691856468 31.896805451404646 34.811498694919536 -39.6885203416568 13.226793426916508 39.177382806460315 -8.674365549683728 41.62315735249241 -26.956958224011395 -21.925636664500548 24.308270849345845 -8.061081087264874 4.250546564038295 19.56283425793012 -1.4311524984311177 14.284466631027541 47.39758802236909 48.87369895395848 -9.205887740837667 
27.03523476352654
-7.951341277004801 38.62755126219521 -14.95164856304033 -34.24239348707172 27.40234446907641 -10.774066428789872 9.256144987908584 -46.500734313196354 -40.197322223277 40.372703261357 33.361618097688975 38.95796984318601 26.28521587477401 15.117671208485447 39.408953997599525 -45.209883241641315 30.662354980188 30.959303017647002 3.9646907864956518 -33.22250667823525 
66.64067148326806
1.3127203539102794 4.103113265652013 -31.347396406251793 -28.923630341624353 -44.956173446111926 -30.398162067505673 27.0900273778458 19.71321758230205 21.78989454894385 -43.95452166957375 46.70330563617041 37.61057421674835 -33.56853544537272 6.211021228754575 5.843833750111806 46.95747163059775 7.349991897540164 0.4093801897878748 -39.41967404856241 16.08192354897524 
70.00012036174192
-29.61667174554585 26.44440199592634 5.202972411887515 9.845097130303927 -34.08717693292839 25.359917646725492 26.836213056130575 36.84828348189431 18.454487183412454 28.630654335272055 1.7518655175602476 -12.51669000469262 41.94283661507164 35.94305693603992 -5.002278448120045 19.619912366088343 47.30657410275893 5.0476860938774095 10.737556148356255 -49.337946706405 
74.3040917779621
-12.884862874814353 9.518919775695977 19.95943824236784 -38.0419284782639 28.719171501098344 -12.927518797279347 32.783068056332354 37.16990182450853 -27.018143166344654 19.858344513912925 -14.949974002915937 0.020350596430809276 29.62253963867535 39.31312765997946 -24.497796266915405 23.813760240783054 -13.515521038602088 44.11477148351378 35.18820165059836 -31.901221881257335 
53.570074882848054
-2.2296036731746653 42.86718315881275 23.699493037318817 -35.30245808647745 -12.554189924740953 49.34799806906615 -29.78352167292594 -38.400963049806606 39.19346105207737 3.796394289718627 -21.49178931347131 -49.38782648613436 -5.4009386933106 -39.31229165839905 33.338960272805465 -46.926053305969404 -45.64476485581138 47.35190114151361 34.680123089221 -32.891872881561824 
35.38392855399882
-11.047588869548264 -39.922309281069786 20.70415287832654 -30.132426510217602 20.259749017042054 35.04939012005029 23.817665772764556 46.91223805952954 -38.274646301798384 -36.34925790641582 -29.32019851097092 -39.4456518152772 1.1307214391056633 17.150115109161206 2.5844027482597483 -18.564212158850058 1.4813561745634303 -34.82135460626547 -33.87064664285789 13.710494138503805 
0.8346574030322684
-39.22841101018767 -7.779739190499569 33.60893804184097 -19.604676488161708 -41.606414242598575 -22.898254423562157 31.575169168985568 3.481455817455 -47.65904569094285 -31.73637199984316 46.004371031507105 -30.140976523794006 -28.159958457587265 45.276335784597734 -16.652839934009698 -12.53809966523881 -41.28864712715655 38.44187751484722 16.710164846717873 36.65923724048115 
33.64499494431089
46.60377172933515 43.07064561317422 -8.998587186774522 27.933750809524057 -0.4586489486346963 -42.16372077686831 -37.22959260210868 -31.064123168769385 -39.919127710831035 -25.280567599531544 11.679888728854124 -40.40949443180136 -23.61206776765039 -21.241411879446904 -9.285075019760406 -15.015693971916534 -24.13732347349573 -49.19217119425626 -45.62930180796098 12.268838088498732 
88.64135493938642
42.928600463684674 21.444149752627652 24.153819255480613 0.9147864307668669 15.856230509682547 -32.94797101615174 40.75231712654529 16.106345581467195 -27.92303499943627 16.69332846490147 -10.270356239908963 45.4090951091961 31.039582177455245 28.943645581296934 -19.491508593457418 -41.73626405484647 -3.361099743313247 -17.2365013735268 -25.291288922959232 -1.93393293876386 
11.346810277867847
30.42222345008973 22.050783288260405 8.724680666099161 -23.770312044878615 37.68352683846226 48.62797513692118 23.64666899965303 -8.420603111015893 9.168375042488222 42.752777384694255 -9.68891010774977 38.998317981486494 -11.294606163275091 -17.49080633006494 40.79708283658849 -17.48285300741957 31.998481330253085 -11.306971003973956 21.46540149261837 13.68745530159677 
22.085874534657503
-33.001700550316755 -36.55066717470938 3.5793585945132023 36.83447287746205 24.10851312818845 9.692839889792722 -46.7721883047541 32.10768573126526 3.777458489301658 13.980941339397113 3.3094504085314753 -25.73533242236855 -8.96515731255461 -7.2607476575269345 -26.304925912526656 41.29329522192377 -24.672030700400104 41.33673857498863 4.011219932769528 13.148799374187305 
96.71137140388554
23.20767944194438 -42.54248370078562 -11.2355387479655 23.122120438478674 2.315966734319943 31.86481869394872 -0.2796347947185538 -28.670669808191207 17.316769275227102 -5.657618821373042 -11.29933598649513 -10.67788051691604 -10.772217630237243 18.85060929288484 -15.360588173988198 -36.29890612654876 13.504148060397611 -40.35077226472136 -14.150483249293977 2.0642263001945196 
62.118298191926044
37.80899177138794 -42.551124407061266 -32.57129165242286 11.57791407628369 -47.16171222982207 -39.95766468782617 9.406231313448806 -31.22771931352539 -43.035648731835764 -47.112371098546376 -4.85016154068181 -11.88067924662802 45.72201842819426 -43.33206491174493 -7.983630825401519 -39.30737229272352 25.241246521303623 18.513329224556003 43.439198852505584 8.839834374583369 
63.98795253532184
-4.942193396184081 9.681828653962185 38.26075505638681 24.70093381549141 -41.911792692740036 15.943649667558617 -16.40436253183981 -49.11903614306814 31.73580799661427 -38.285047117442886 -16.718966645165764 -48.57358328795611 -9.819065576388212 -2.670936675399183 34.76274471486924 -13.126912862570506 -19.51453022890125 -33.664715944440495 -37.88765166463701 11.184075181712984 
36.437650861301265
45.61705559295848 -25.3241625305065 -35.850989197481894 16.188064214338723 -10.894443584673667 7.58997876021882 41.19003840132727 -21.024657520493918 -4.510231601959056 12.833936780158758 39.73536802838393 14.384529648442026 -24.500237433635018 12.940861369841826 -5.69056842480493 -48.64936814126708 -9.859222549810184 38.57605006273246 16.101956724991012 3.5144324535450693 
17.68143940879261
45.8954020478254 47.01660069263394 -47.442856678853914 -15.74973777239336 49.929913549015055 23.062997001463742 31.78501605753874 10.570278626104482 16.198927194920444 17.44443440668124 -1.4954432310787524 -14.337414841305943 24.336964920902943 -0.19343067326582286 -24.376464527165886 -22.72482551381997 -45.27405432668532 4.850951765401533 -49.567517948032744 28.34437506761047 
1.956645152443981
-49.11964091023321 41.665942222550385 -31.028110857789805 -12.599710763065438 -13.168770467696312 -15.28775130401462 -5.798737526568573 -22.74682038181679 -25.038193185887682 39.23509364951346 -30.69661513746038 12.124312984870144 35.602814730483615 -6.510201418436047 26.331370002356408 19.567957606287806 -9.75917078081968 25.261573057130988 -41.618989918370204 11.920225988844713 
89.69276841763745
-19.377264572915742 1.2937062484122066 -31.619371742647605 5.243193246647017 48.60026710838426 16.464631169446236 -37.513261152764 42.35442001639352 42.36470451003251 -47.03042099192144 -26.037961227104066 8.922700048749242 45.69582492996382 -27.600154597530533 17.374085650583694 33.04200875448858 47.25020341815154 -34.404863263789736 -20.877842498632372 -21.149703925390106 
14.550114800408554
-23.109594968406 -21.019398104316267 -46.72871665640209 -45.367033282353376 -21.456801892893218 -37.24392727205601 31.328218332455677 18.944799143985023 5.683960362967156 -11.426049149067232 3.1942416667512745 36.33103650574995 -29.567547548928573 -9.10877308772995 -37.74266507770197 -0.12781829287212787 22.749265903134628 -6.459858087937533 -39.78391318144945 -9.168362852057918 
65.14219318548552
-4.0610071533538346 -47.4142351798616 -3.8725858884348554 -41.4770358099326 -24.936562823783003 45.98254774050851 -35.49099434478769 27.310690107539372 29.853723911664858 37.16692832251371 1.0152104455431044 -16.695921304550097 44.44031883077808 3.0657011454274112 19.308277375204568 39.89532615980043 -38.09761882349074 -39.14484837947963 7.124195085235506 -19.12567330548637 
91.23059346832306
-32.32362333703058 11.348567276759944 -18.627370877323436 16.74791347934294 -29.333061085828195 16.121983978977838 -47.57760235510058 -8.551212702331036 49.73132883899544 -30.10164828289116 45.15632160978062 -26.450543272842364 17.836040751634258 15.524168544837096 5.850311696122581 8.998955301045811 -43.39675176493053 -8.823696362788944 -31.188491355616733 -28.217488585826512 
18.59046255157596
-0.6097221727582962 10.539967363279558 48.55600391811372 21.88176769355698 -13.56930721998092 -34.35685965093646 -5.517775052138951 47.47949952486556 34.89988582800787 22.65804737580835 43.09670171587334 25.473581463255925 48.75046885943421 -23.763137678778644 24.612875941860736 -37.9210468702747 1.7619538135901252 11.077346286399937 -15.716554412312775 16.36980121349241 
78.06114896048561
32.5303889913873 -4.73326897670546 -17.097336294651086 -43.58942921139786 38.992708967440365 28.903951725055748 -25.591341564018975 28.758674037159565 -48.00649416852841 -20.604666684215534 -22.651562322890218 -2.0598277483193073 -18.690342263816028 39.56997243297758 -27.638281759424988 -30.56570009094537 4.494858806687233 -10.223559915669469 21.50654495656225 37.73339967868078 
32.883839866567
-7.121826985190729 24.67168647705816 -30.856305671187478 19.43361682172153 -15.080378235295179 38.65888653604557 -0.26528115276408215 -12.310535128997046 13.236295874486856 34.169955072535856 49.673343519461355 25.714170770297557 1.613755509733771 38.29695053162273 3.3228946276204425 -6.005220881491354 15.557724455339354 -26.897984054648628 -31.74260271468824 42.14195866399018 
9.819460492854015
-45.51329787729467 5.735482822257097 15.62277771988255 -34.97240870030704 -40.21114216229593 20.198079192342405 -39.18143221654916 10.60964179114653 7.40852489703866 5.998450834909889 -45.624769696451274 -12.856474287839525 17.25246674214074 -24.15720386287823 -8.885772085178047 22.861251928053562 36.90032105143709 37.31403485278345 13.698172184014055 -13.765785631921112 
75.13357779170995
41.37103431212543 -43.20418095265314 29.401391449441235 -18.168069574746713 -0.14001220912187762 8.666957663119746 -44.341161687506855 1.2297761921502683 -42.15576376380117 -36.11147675882458 -21.689102898710466 4.13895421028775 10.953332387344481 -47.63095738774599 -12.109435093444546 -26.017913129736314 -22.028301080633128 -18.15074925310628 -39.911496035056075 -18.655855940819787 
24.53172080006447
23.762583389952127 17.687188714118747 32.238183944458 -14.954302483505145 5.6299425186297185 6.37874725454548 16.394450631627947 -3.094429027442793 47.0889827352059 -43.447944073032296 -36.37967979646787 43.49889763580248 -8.791094720704443 -19.033303161903724 38.64187814436943 0.7340595127528928 37.9175404714243 1.6884028293115634 17.826136756952522 -4.462772870877771 
32.168290965573
8.742670070209556 -5.203730488340938 14.178134647210442 -4.09972068833536 27.65021831306551 -43.80955962329253 43.301286176123384 -30.104177678035683 13.340039094801114 -46.32187382613833 37.18363868007698 49.315129677107905 -6.107224899351827 -26.163889070837985 -18.990511903923345 -45.01106019854969 -40.85075085149293 -26.400391192423633 11.84769234349389 -18.524456925660193 
76.42593149118375
5.742230142290126 -33.46403574916093 2.4394439749296026 18.411207981509904 6.201840151253954 48.82145803589589 -5.915291742343761 -43.22664351752555 -46.9424245197444 46.876450059549995 8.176791470645185 9.093108537319964 35.576625592336896 -13.297602172937275 -12.38754314170999 26.440771888993268 -9.01239014120437 -23.044782473785517 19.548153663501594 -25.750121464193466 
26.500726905989115
-13.630836657062297 -36.22699486037039 -9.903631966446738 44.583065524836414 -3.7738099106634735 -22.686629941553527 -1.4256548219420893 -19.389194463497127 -12.787762865637006 -19.818344931828502 -24.333508151690395 43.75827891082744 -47.47860614331274 -28.267075785729013 -17.160772593963678 24.347168576275735 -22.786553003473564 12.268560381083468 -15.45025317358494 -6.132617017138045 
37.5998221747841
30.327046584855367 21.934119186470767 -22.505557970916623 -46.17251300062685 2.5277203281979794 40.15262526666932 23.166481855573863 23.849889202849596 -20.115891367941565 -42.79943641403307 -23.852723054606628 -22.381434049281403 2.179282182396612 17.949802566727627 -6.510062710321364 16.598553166116176 -49.70361796010302 -1.231662851648494 48.92925101440639 45.60529991598081 
85.32331147091466
15.272208791802939 -14.531099959213186 -38.519732178089605 12.80134154031731 38.59609575023623 -29.706944445649096 36.26699559330082 40.66314156890718 44.02601397994954 -5.379813381906587 -28.681134089817473 -29.793408114273035 -0.0805216509806499 39.73010738891806 3.1644165810528406 -29.12358086050376 -45.454359824311794 -0.3663335409313717 -38.024492955116926 41.67657438178935 
43.80981309378696
10.717710569091267 19.128203923429197 -45.288012390978885 23.783940378351133 -10.813773448859855 11.615822875116365 9.659150651984582 -21.453462140448732 18.23189625238672 -2.0319905565109337 -48.10926962288251 -33.95734632838378 -41.389487965894666 -17.1506370847914 21.530230223310127 42.5064834005788 -21.345941006763503 45.65555273743294 -44.11152055749727 49.44626703485463 
62.746489697695964
22.194496969420157 -36.46549392298813 -43.726897874019144 -39.100488948991874 17.934632772343704 24.679141691473376 26.362420669908843 36.304027692627244 -23.678135115547406 49.60049083075137 -35.33119068022903 -47.40390691404019 -13.688685353088623 44.51615225528265 10.971961266893452 18.064571897166687 -10.470469699461617 -7.3920800687259245 14.413542905361624 -29.859045346013524 
89.37731873209151
-43.169621873860585 -37.80821772218995 40.25005786831602 -28.0970656503301 -49.31430410246743 38.112663128162964 -13.536363835066503 -28.580166503727245 3.3226090051447414 -44.846428732212594 -30.612806791119894 -47.387191793069825 -33.881553301147484 40.27733625421719 -24.676423108796143 35.270787427542274 -30.671252603963282 49.441596707216064 9.995217242019613 -42.19587371262132 
89.43988348396604
-36.77956370218787
28.486758601096113
19.229309613869518
-2.8118403458695767
-44.192229263102355
-6.287909079330788
-40.48106167315474
18.57299076112639
-10.249493669103792
-18.42630390700699
-30.27289950633152
12.09089934893801
39.23927901953262
-8.9942511299799
13.535423513743225
3.672956187870035
-18.234805446843716
44.65003930572924
-31.980367952689015
39.343172360022464
