constraints 203
variables 20
-18.29008969546959 -38.414721202577354 -49.36929946138078 6.546639351588645 21.276813391243493 -24.221934210383345 16.418695554743167 43.3774977240263 38.75889894142017 -21.73989538079094 3.4265970706859576 -42.488107609347715 45.429060466061884 36.82398121610299 19.026387388539575 43.37503199736457 43.247582632774 32.21168465414608 41.49347191845216 30.94649067839424 
19.17608628502534
-1.4683272986646543 25.23815144314254 -28.630536434336296 37.605964725640945 38.79315085613594 -6.607403821705617 25.016417243782968 29.036686610674778 -3.66548064121249 -11.60149525112947 21.313464234895577 15.815128035011199 -6.119969096771946 -48.271179887789096 -39.104596369194525 -0.9521442668641384 48.54067010423823 -5.009749201733051 47.55782660740779 -45.275898805768136 
83.2823406932519
6.391557938079764 -30.007729629408676 -48.362084759773296 -16.78354194824807 8.92587569383172 1.4348920859441492 8.873784507230432 38.52508692059044 49.603632069480824 49.12871329140559 6.420780601484367 -25.085222657705575 -47.31413093452215 -35.106032572160586 48.90608307920398 -2.7996879026365846 14.106107538535866 23.120651731634496 9.489500117987347 -38.04843163443776 
99.13210812801243
-16.85811217597152 48.6363879243799 -48.90621355738802 30.80724174728627 -20.78373447577011 10.787183280987044 39.933505554069086 -27.17560406224471 23.241811834348937 -49.13251646289343 -9.710505351026498 17.22365867437901 -37.15615498662501 32.13345383628311 -47.759947663480304 -15.331689154953821 10.623406898835064 -32.97693490681072 -23.544978794619997 33.04189726949596 
99.12258916747629
43.484525970904116 23.16297072399209 48.72247980843747 20.457533853282115 -9.321065918024871 3.5109696192817097 -35.871569503689315 29.5894559326765 -9.994918612661742 4.406431489506815 -45.006609900986106 25.848555641166215 30.070042870115103 28.887551254426086 21.31632338285891 -21.404787443019913 37.530000233333354 30.650850412465317 -2.95410994140277 29.797401746998688 
39.65149201523571
33.57143963961646 -34.70340996773794 -11.177209225755234 28.994140788846536 4.883557060459012 -21.742528166406196 32.888502367329124 -44.20840951925415 -5.853952428835555 -6.057558950510099 -9.618913617508298 -30.591756025037043 -40.8005523430369 45.544497924113585 13.653735020346936 -33.324852609937736 -24.971664469552568 -46.60548662540187 -7.072665817180223 -18.040883391830008 
11.774732232707041
-25.611546705751998 23.566489414657127 -28.504928056133473 -25.894736709256804 -40.764810213433655 15.271144914254393 2.8121955418389106 -34.28310889860923 -46.0096113915748 23.618991043005735 9.010444923270825 -20.026952376008257 39.08018574984898 -8.086616420409655 7.1946384226617255 20.493990345615885 46.38166539699456 14.435993046821011 -39.450845951275646 23.982310414508262 
82.91547435991991
-29.027023457382928 -15.662945620234161 -8.353542802402359 18.319099425559514 36.87798054263611 -42.46675604844934 35.29227040454212 12.507709923587683 42.95478283336017 3.8520032379191917 -40.51553872476346 -30.20731465815789 45.086990250736875 48.60510059509626 32.13708597550587 6.216257438207087 -35.188353901007844 41.12738029783843 -7.525989246245565 7.973972797566567 
28.928197812739043
-43.56742156592895 7.507486543549987 40.53495646806762 -31.246211285921845 -45.68716460841921 16.014890807021914 40.43324806188076 -12.219637027548657 -20.728779303558564 -7.549193321170158 34.691754249232616 -29.741391391544813 30.477311218535476 22.31358096593044 -13.54635279684264 -17.371706797632136 17.36167288081832 5.192564252430742 9.634320874890278 14.734072363907202 
93.51587425691096
-7.945735428167055 30.270300466455183 18.410419675436046 29.240434638293962 19.282678093846258 -2.2702312734964565 27.28877631380547 -8.61608940975239 23.57105877676726 -34.93733105878858 33.574646909501865 48.04206279765715 8.969489559775404 -35.493377469567456 -44.9381673109684 5.2368740999544485 -9.775419496339289 1.5281694211549777 -1.2044516226050206 12.870955056721577 
5.0046797718436675
-21.232860891483117 16.565693522545928 48.05363477648393 -28.313988164041128 39.865225454211554 -48.193907493144984 -4.679158745200439 19.082217866749076 -7.601882013114988 -2.5049641716938993 45.32163918705966 29.831721390290113 28.993863581190652 20.296984029249018 26.220102063301752 20.11448193532827 16.20832502827767 -42.54515613630182 15.36192712727997 24.951640159337742 
11.84199797643174
-40.163249287957335 -47.318958735563456 -29.451352984149402 3.120644175120823 37.06079336473378 -8.12781554298352 -7.025534485133278 -19.474505077948667 -41.234283686670125 -19.468754388907062 -44.07350998632631 -24.95289445433311 -20.134916751069664 -43.734060522134854 29.412838958954566 -9.749834455625404 -12.983018402255183 -17.794861678686743 -34.10927397086364 -45.225118126359945 
58.560841281811584
22.38601207205339 -49.26837429738826 5.763823692735102 -9.182491196480946 -24.826131603922043 9.841002869022205 -10.808587290424754 19.918191832474974 41.17037734929934 28.842399191531783 -20.813505940708865 -39.77751421075347 0.9916649106086908 -24.55732209077528 -24.823250880655422 -12.094827436134203 17.848522474145852 19.42729963634973 -16.95306352269357 21.436049603899534 
10.036750039138099
13.191506319121316 24.491280533235212 -10.553440874059618 -40.7535318939793 29.79532868895572 47.353585652646984 30.871512181045944 -17.975023528802566 -44.762643380351484 28.986922324969115 -7.7262279686286774 -6.221457189699905 -3.0257350315382254 -25.471958281438546 -27.095773239602515 37.374280744196184 1.6700892911083116 12.469935459783457 -30.681020828784767 31.704055795594684 
21.74129312574905
-18.97076305447135 -11.729812181250786 19.498111444822527 32.4707166378719 -19.45652905293459 29.106488428983653 -41.773013117084076 29.29547676095487 39.49639238955605 -14.936475279876113 -46.89409035206475 28.33097739083682 4.7579828695118 -23.405400270107755 -22.983179564509616 -47.72480007967612 20.23891737786107 9.28598559247159 8.588813211463254 8.544430098700495 
52.3976258211071
43.92101917936735 46.72864140982175 -43.176291768159516 -44.098666422177644 -23.098445495597055 27.56869284336389 19.172211454893244 -1.7692470412578345 -44.495042311072616 -21.899373037709413 -42.594121868642944 -21.868610785880072 -5.650685904474507 -10.31136730043103 29.686594158614085 -20.44732703192337 16.959042820550167 -15.7929370522372 -8.920692759325647 0.07947125698349566 
69.46769449868751
-24.277006023649285 21.295421166413163 -19.151255849493833 42.26417593339859 1.4449881971160607 46.92291171875888 43.55743420781002 39.783221452756734 7.085192882487732 -24.84939616811406 -40.594030852756006 -41.339550792087564 23.83262198718738 -28.673917330639377 34.68498236233417 -29.883124613025856 -33.18870654329788 -6.356245915599288 48.20120352510678 -46.292741643570956 
68.1976664141803
44.84158519104162 16.85172045232241 -3.538762294554928 32.09756673231573 12.992116537740884 -2.6059156294564545 -46.03428409041401 12.833648769789448 -48.694694947999096 -45.1769777880385 18.081471232756883 -26.529873599648845 -9.68209877303616 40.752837565039385 49.75652398446819 -22.79761554478975 -15.074051655389638 28.817786321370377 -35.20666287368258 0.6647693762257134 
23.424155297209804
48.34106467302645 5.4463957775334535 35.260724787233244 -33.95214799883115 42.38628515276068 -8.628675726332233 -39.704852932516644 -13.529720441831259 -48.206363922063055 19.716167551943443 -20.010318592538077 -38.70998574892036 -7.083851795473159 -23.959975810035882 15.387390532306256 -10.249654635725683 -46.490170704507946 25.263738791107997 -18.2959150566691 28.7644604326492 
28.594670002571497
-24.99809731525383 -38.14068392869095 -3.222691951421986 -43.908175056241596 42.39493236917966 7.72087186713749 34.07708825744113 40.655534273037404 9.954543943716324 -37.97765885211993 -43.12374029561457 -26.643317837269763 25.955435507106444 -4.035849503759067 7.814107195324972 -35.26191767406761 -9.449437746927394 0.18421706300490115 36.489830208594995 9.24994694116252 
20.05691709026981
-49.91485172371887 40.2172004319348 -9.812744548220174 -1.24678098584139 -9.569267133247408 -42.60110954330823 15.988960754174826 -39.949521608974514 48.675189055396956 33.750526301851394 1.1223489565358449 -12.959042587691393 -8.335511263278718 -24.93835490334686 -32.23593158210744 -13.799485854277052 -13.850201233994582 -40.73730564525477 -1.8973258907071227 -32.58608749578114 
59.97887914952016
5.27426649654474 11.325788839355376 -41.48783289344703 -12.117908052587666 -13.553164807031436 -25.781721706001836 -6.8444393410506095 -6.55460176831204 32.35618629032764 -20.213893410234117 -12.83454474702667 -32.8364542785455 -15.69809703687607 44.43383230569347 -39.69738396422279 49.392417301879576 -42.93682984037679 -19.038014022730476 18.009216785101145 16.570287577411662 
62.298299092717016
2.0138239066338954 -19.223691023259114 39.25352091368882 -32.56869811828851 -3.410721786673953 37.567999022479526 -48.686973324811866 47.950991172149884 0.8571717981985785 4.128160702620086 31.063564076926113 40.75499559598674 -46.264928060143184 -12.984995706889457 47.148763218641406 21.503210357756302 -12.430612051920043 -10.14661602521646 14.68055261293813 9.90217051478487 
4.736689748725409
49.56423309226534 40.432378040908986 -46.576115940200324 32.10040764407108 -42.774949811318955 9.811486224988556 -47.83028477355503 -23.00459147211631 0.73493536078918 -17.11376081121501 15.421901447238284 30.776235330505187 -35.39789139701238 21.920261023880542 -16.117656220976983 -21.046967495006953 35.94150494700577 -31.33403584415696 -39.319648603156736 -19.447501968481284 
45.16443169778787
26.09580908780093 -31.062000250215437 -26.42052792628312 14.861939277809654 -23.69956642683674 -5.986128603332752 48.31805367213407 -48.972028379249146 -16.041464711278095 -25.49708876604778 -44.30058668493142 -12.962017833284257 -6.915786366188314 -22.347805867673408 -15.923229311750873 -17.306824362348614 23.683237159979072 32.05943135115115 -5.513756035001784 -11.839909589094063 
64.50048082475563
-6.646943656872438 -48.164384939340934 5.779776093568202 38.216580703348285 -12.990211190287795 27.451312544963187 21.490329439055103 36.25259804672454 6.547572322718466 -22.97285150178965 -17.998914335219986 -18.232696245862744 45.0388630107082 17.256719934279076 -36.123657612733155 -18.51754269761602 3.2212031236853917 34.294585081083355 -33.669084357136136 -30.35277051163088 
98.43913281879888
-42.32033875859087 -39.19049244934426 30.753714936531892 -4.766551572310384 24.46751530471002 47.3162443057262 11.541249024586783 40.6008918750765 40.05656270153017 -0.01959748912550907 47.378041314207735 14.779380964693388 14.55643365945204 32.48877174352323 33.28438327150364 1.8708862845100427 16.535039653172063 -22.215282545728844 15.662520606178347 43.696157148394704 
89.59419135253287
-44.171533412483384 -32.77596992509297 -35.01753170176211 21.461861461681977 -1.767273704780223 34.656302451123324 48.317617105895195 -9.847509809218337 9.232241754879396 16.245573125207514 43.26043448929428 37.235015752477565 -31.284550076328976 34.97466575089997 15.58010851377989 34.361559347249866 24.940890734530484 21.53942366131153 29.803615964987145 15.948024294227864 
32.080629877221114
11.278589662687935 11.082654124155496 48.26111836427161 -39.12261498083279 -10.812351664589514 -49.15159523926824 -6.845405300712571 -0.5283420673837682 -12.01203403263846 4.8045981378839 -46.68921623775191 -34.150311204509286 -44.35169580674601 -18.48370933591945 -44.918206190865064 -26.61745957108621 -39.193415614265206 35.18383417222228 -15.111994529608744 26.571196713199768 
47.215594646423185
-42.85142601269803 45.619794894645324 -24.617920674937423 -18.36299509454038 7.258765626325783 40.60168523330093 23.451909866554672 13.533999428668196 38.43135014393249 24.416394224701605 17.96035699976177 -20.53655056471978 45.57710789734671 -17.750407733125073 47.11351019832523 40.24446335556158 13.513909940970727 12.404358818730024 -15.0493446126452 34.780841005527236 
97.57465866367002
-9.752288818908973 -47.418573146759535 -29.159194924829624 45.32366559824111 -13.910208749090003 9.979947866624109 -49.8518943047807 8.127167294703078 -5.640379693175312 -46.892977346742214 -7.185555214898329 -2.719258808810345 6.929577046932835 -32.598918169744174 -15.55613673051839 10.978427368585066 29.554063011389715 -19.426958839573082 -31.834400562362596 -4.384655765838211 
47.12608787507347
-34.8402327449595 43.402647784680866 7.747703240666468 -9.181198055672525 -35.56456420585623 13.359048133603558 11.491042944321464 -1.8327589098216421 -45.9504906828534 44.009753597605965 30.219649661853012 -14.24108492715908 6.154681980492327 -41.19739494918147 -28.862918450519103 -26.559958106324324 -7.192397392293024 -4.66713184733851 6.619795901586912 8.807619723109198 
1.0697407391276226
-7.073577275666473 27.192852964593982 41.24573176501103 33.505324247997066 -36.63141674188706 -22.42121905829163 -14.122212787830826 -15.33225139163423 20.941254828671134 49.46764406384693 49.54469848487899 16.68543228357403 12.481927598899311 32.48841343114421 -36.71775155729702 5.202613489804783 -6.646209896596211 18.31880789082824 28.75921254606712 -9.299897068634507 
91.01703976420006
11.952716890634576 39.751025478269554 49.61557417680724 -15.682797781502124 28.851457917143847 -16.037828650685256 -5.2975653342394935 -46.342879188018024 47.03705546412816 -34.62639190222938 -25.289064814335347 24.895013064661896 39.14281708527588 12.779959938428696 -30.255351007598684 38.111762551912975 31.01849698076677 -43.70558890825241 20.54000559651034 21.316437361924073 
70.6943577242443
-39.662476009618445 -12.563910181303463 38.70979727439099 44.34050340868319 -1.0104754062230796 7.94644830739464 13.301278504530124 -5.685155042698277 47.57382863468547 10.614181817134494 44.475809065500414 -21.524881869479817 42.952893954618546 47.22611981759482 -47.467451249207556 -40.362579564720605 34.25578764189659 25.481434044198352 34.26838463536079 29.395715534978578 
55.62004219744296
-40.14547128752241 6.354912733246124 -48.526169180824354 3.018814948859294 9.661645485671308 46.55826987671243 -43.63650646982682 38.35746634638542 40.23506374650229 16.77708790966581 -18.79104650817608 -24.237895332771174 25.628421887933357 -33.575448940603046 26.73081694141402 27.34583631297167 9.421084678953527 -30.143674482785343 46.43872317717404 -1.2732270835697932 
3.9591314887737705
47.34696354764213 -7.535491792369278 28.18512390737355 37.765014093004694 -44.45691446628811 17.054591830455763 -42.41500629537586 5.867423163423581 10.37248345365419 -30.90774333100742 -41.95023541799291 38.44757327159091 23.06406422601897 30.977648574558472 8.868237611921757 -20.53255869514501 -11.765703081211875 12.775230193955323 -5.777995938653191 -41.159745087848776 
11.92165724215073
-42.25447316951065 39.06274773459302 49.222842327600574 7.0012987105090545 16.2100477723 -47.168459338891985 21.654169048196195 -36.41199136852787 13.15520679079274 -12.299616748805583 3.033764250474306 22.83623047263437 -30.93678306103752 46.629598314335254 -7.171593631233442 43.97177121789713 33.16486348059257 -4.227061007671182 -33.58514649761069 -43.55942321054324 
3.6411611276064626
45.62553142179388 -21.88898120410554 31.735684752024568 40.25787377054705 -34.20190701835335 -21.78251970991294 -7.2356296205683535 -28.501024163532694 -10.585874398532745 -24.714249664738077 -47.45687963607299 -39.527908391815615 44.8650687231176 7.349274239120639 38.559007442693314 21.691027529548606 25.021676828105115 33.997651587780624 -35.68830151241382 -25.702449719549847 
16.988175378052993
24.944094510571674 -44.648804579180954 -23.633474039939838 -30.900987707432435 0.1306923108363094 23.55211760281948 9.645688307948205 16.09633123335928 -28.564436130330506 10.416188582344091 24.413184584237285 18.289545157664804 46.690501691631695 -12.12969679913428 10.09322723632524 -4.013311844038427 -17.012704935104992 13.328395694485515 -21.147896522279353 -43.39949208621414 
68.14535742689341
-15.288973014538513 36.60385082440317 18.57050937353506 -33.26706771178451 30.667520409984263 -31.31298748056388 33.60549599909339 40.17855699666738 1.4210870891246543 -14.069227083683991 46.73938921921889 39.279126389277835 -3.5416612539089485 -39.089034703271594 12.30641199833957 -28.194710008705915 -23.289786527420198 33.90334722254613 -46.82001717332992 -32.075414759341825 
10.922243737225102
-16.626358386744222 10.482986043505484 1.8071322133007328 -1.4122129481322077 36.80084429507701 -18.534679742971793 -20.95169920934015 45.1186772845504 44.21235873915403 -15.642057386248311 16.437297549637535 38.853518094622714 49.01649155208719 20.75087974967154 23.120097926048075 -5.945405069782126 -31.45005295019685 28.40598861282413 -9.65023389917922 -20.779779141167708 
90.2149366551314
30.40350724432227 10.78662828789686 45.84005750248606 -1.8374239633983578 -9.865283981797099 -22.29458810357714 9.146760725165727 20.18624574045249 -24.108666230418773 -40.51409277572105 -40.531906875705516 24.820688571255957 23.66554406124817 5.408256879110553 0.45936667553907284 4.5995439082481155 -37.73720799844642 15.043569922096438 -31.203035490304455 -46.99384451597777 
80.94285756256573
-4.575020297921704 -11.160633257449014 -20.140545079922635 -23.457117157412675 37.70391882475083 -44.68706189793862 12.708765869098492 -35.60057459634673 -31.859200683444843 17.255532576936304 -49.731559197291034 -24.625211891620335 -32.95108024850142 -42.74830033577355 -31.9947968244347 -10.093753926705062 3.704864129406282 21.419110874237788 -24.301815847507257 -20.76501461112018 
55.258262783616615
-42.343450617673064 -7.876397619494426 33.83494822819104 -36.68173552766643 -37.66031615058178 32.97311309349813 -40.45004255404714 -16.83638819438903 18.951469684491784 4.696842027991806 -36.9391403213225 -2.5822075428264526 36.059999830547966 -40.8307816109759 30.042654448407205 -1.4498375081166017 -43.39277359670525 -8.092338784835029 -28.265119065339274 -7.291403983938174 
65.64787220186487
-39.96871424347622 -21.363191887126977 41.15864976342466 -30.521396811355373 -44.77122457433897 -26.347728492783883 34.99881320300091 5.523278081586859 -8.288357033341654 1.2472329543344856 43.840916309310344 -30.609082865963977 -40.538934354610014 24.046499257078864 -10.210656758644689 13.198806373779973 49.033590225065254 23.78423681160264 24.322161590884463 -22.446095653032827 
25.772993054239734
19.636254279952894 27.57187839177233 -31.48845737876309 18.482585850406835 23.70028106693833 7.0230239015998706 -19.618856456985412 40.44436960806405 -49.2462380263528 45.78829873581351 45.42453806349468 -20.87163754719288 -12.593023782732558 39.39457988267196 -37.70688391987427 -24.982417584711303 4.38252434411379 -35.59543040398532 -33.52400422451214 -40.318935747305694 
14.890594194390495
42.219429713733874 -41.91797940627021 38.559435750107696 41.93260258871251 -2.947718314379344 -5.045728627923872 -15.115452783455943 7.854167445410063 -41.66804836640837 -7.583487080140685 7.736686999919861 0.5815886402287589 24.690919319474062 44.87683232981364 -30.550039783310623 2.7143420146749975 -10.789111205138767 -0.9355813136328948 5.408448584616401 -7.990647367062799 
73.74403030691713
-36.14869306118864 42.73274218616939 34.78107624514813 33.897364773572775 37.411628747508416 23.43856120263409 -2.6452599487307253 25.662379132895268 -31.103274042133165 12.356131869099443 44.94834116462613 -30.30853831974052 48.85524197830823 10.431042641101286 -17.777704163376796 9.867236931554437 40.30310363193158 -0.015635374388253354 -34.77608359010799 39.08050115204237 
70.64909929381612
20.091785305274655 -19.432830903693354 -42.973088534796 3.6074678506132187 7.448628304933081 44.42643849928716 32.352127154499385 49.77984270006837 40.91956721651687 21.286330079388776 14.619680298692245 -45.235531029552675 -3.5710600203381233 0.3777990320736251 -19.654671362344356 24.451618654943616 -47.0704287593032 -3.6558117565990145 -48.26380612577851 8.589706136900013 
39.895052062655836
-40.08096602114569 -3.2074654975036054 -34.242456100487516 -17.887536859840566 -5.739221905608183 5.074521362404418 -24.446134388892183 28.509519052212255 -26.922178242010542 34.70589284530716 -2.883941746525963 48.33221799574031 47.79060534956545 43.08095591347872 -2.9941699461165214 40.196037152242454 12.715720086406044 46.26086470106843 34.050307122195306 27.36577762946861 
19.620302968674086
0.189681403965956 -6.097144492831987 6.076212600038254 -4.016733994738765 -39.369743080803474 11.888664052843737 -27.212319854340173 -25.086800710851676 -41.885549169695445 9.12596682981944 30.977841891067825 -11.08894955759525 19.22182364779988 -6.035492970135714 -31.59720436995209 14.528953026542254 -23.85461484973486 48.458664602628076 -48.28213803142718 -19.53507625040197 
82.77255286410362
27.893414726645787 6.930265166232587 -32.253664231406276 -2.5959714324247827 -49.692888604215966 41.36308411478471 37.393424949983654 49.75276668215376 42.50584350450575 15.641800305891621 -31.682657198491604 -16.99020784263896 39.23986880700333 -7.328172856777215 -23.8044364333856 -49.466833968442955 3.0134849034511006 -25.34255165232778 -37.31929827910263 -48.889135541636705 
93.42537328010566
-11.080405823727844 13.537114567819074 6.767935772380497 -33.01263632921394 -1.3980470059368741 24.162944019757717 22.732790219933904 -18.954792043852777 -4.688098098018244 -18.556505049488425 -29.552962885323264 8.72584403452771 -22.67516861261889 -28.004840975184596 1.3977758132028981 45.761354841611265 29.187390948061264 18.59739814343955 -17.92917349544124 4.590636305197393 
46.387305289811685
-31.026484347591964 38.46787853599713 46.315519563488635 -7.785649146066795 -25.93071917148867 12.400094317677556 -3.1110277419934533 -16.98080078700056 -3.4082563741416863 -38.83479834916493 -19.661345863835756 -27.216219916819895 -15.191168576460456 -22.765311400941446 -21.119981717795056 48.248932086256744 31.473640999064287 -34.77779604319462 47.44881396836725 -48.19791748025322 
63.2255647434302
-10.326189515372505 -31.516292584402795 20.909732405221575 -28.066238369703754 -0.8847207377339146 31.715482730739424 -29.91341279959524 -43.81336144445698 39.311136857626934 -36.72992808301737 -5.774807725837583 -11.505591689486984 -8.16530108704685 8.568452883505927 40.566929396903646 -38.23997015927083 12.817878481938052 -5.692780503437042 30.677310400328565 -2.8129632385862493 
51.14406156656406
-43.77057098758468 13.495508857581228 15.031220865010468 -4.6331028719880365 21.446090736427664 -4.139892583952772 -20.533786656126885 -15.717632044678723 -23.255538110999296 27.870070027379356 -20.678534926877003 17.351024951154272 37.62009239238769 17.021977743068703 -2.4357407408756444 18.061850671478112 -43.30467696614154 7.2715909987729574 4.135813456269567 35.848676110254374 
24.737759755486145
-13.000124469035413 -20.88533030590022 20.31467597221372 22.667977617886166 -16.679433009247234 36.16898407129074 -34.7100681153359 28.746555430444147 -40.75150782144266 -30.12751832851369 49.64165881475074 -28.443754636391226 -45.04517034017257 -5.302760282620056 -3.22384723052744 46.44593759280269 4.667502853618629 -21.640333610081264 -14.583916468773715 -19.221194953639586 
66.73202901837882
-2.3156532382025006 -29.493695977712054 41.62782519858618 25.93004771545374 -38.73628093018981 14.995801901530143 28.487647903669938 14.359894677420115 49.929804707624896 -9.236909389917201 33.12256564110049 -49.98443823654605 23.417531775997375 -19.903311632345964 -21.153893504646494 10.657406914380871 29.587411299375702 -2.0879663600251916 22.328571816768232 44.650069097344485 
81.18869317543556
-40.7193929885695 12.45460530085569 -29.850004971973 34.38232072200776 36.86659688848701 -47.196305393463014 29.35707562877745 -36.89365832068583 -11.488999413414646 7.002217128032569 -4.49809683310589 -26.14528145126014 -13.527475429576356 19.496516361214645 -23.1778217348285 46.553689850796204 46.72924207087945 -1.7778052832815305 -26.01116114183175 18.95823299525631 
89.26447288487333
20.195644063254562 25.274528330738036 -45.645658687654546 -41.595153636723346 -23.77042125239476 17.214016856244456 45.34119644994804 46.0481046751146 -33.2248457742678 47.58825457960853 -39.91945737923902 -9.987307722331671 -2.6810027494627917 2.2707515358577623 31.638901424689593 -35.23928292605145 -1.1857072120482357 47.80699623199 -24.08851983198805 42.39038449558811 
66.30081201198898
47.55470225337885 -0.8950209480964944 -21.936405431966765 -32.83040824582088 -19.20536127772405 21.86974296930832 -34.07116217083641 -30.546285690157593 -18.571102665979534 3.9099869029412773 -30.88085680335848 -19.92252769267273 15.715412275794833 0.2640993944618799 -49.45073066390674 -36.82810497215048 -13.055332814420915 18.435378211957556 -29.994014347569763 29.36551924089011 
39.046446748181296
-25.83331886317537 -32.58033202809162 48.384929475858414 30.821623372328773 -37.1090406031254 22.225115467951383 39.35050612670564 17.825937628645647 -26.24727230873457 -35.63608981502745 -14.171516658262341 9.889779131962747 -26.41605536832148 13.750240136603509 6.0013121034189965 -31.159981123698522 -20.66900269854083 41.916614236278775 32.24398084613438 -26.803043635161327 
69.16775682995355
-17.924568531678567 18.944868562812914 4.45148631495551 -45.10700905757338 -38.023121447303275 2.585348231523909 2.984612576383718 1.1986845389542964 -2.2867713250781208 -16.10675988896874 -49.226506667448135 31.00907518203168 -33.985978517353914 -11.689037519184708 -37.26481413674192 0.32853441836714126 -32.40370316081619 -11.930031603891521 -41.10865601577657 -39.10032194547763 
54.77843572535208
36.83893404318982 45.49411005058424 -45.53861790246173 22.835779557058416 -23.78617882320858 -45.16449997026412 -1.4903524848874028 6.4707217413167015 22.243843776682226 -19.330396713752872 -19.79743220915786 -19.71054041704129 29.738047656918454 -0.9910603297356744 -27.586095859618265 35.32217094685265 -37.726945310457104 -17.486625996066117 -26.071943398696906 -7.607132987418531 
16.623281715284165
0.7719837702298094 -45.61746647715671 17.53976076513905 -38.23926864412226 48.485349796092464 -46.19773257616535 24.706445107921283 4.622217152054233 -41.11227937638678 46.4334075561505 36.56878523576822 -12.482299746408728 40.70557832388431 29.07253880698299 25.63190957363919 -44.645838436069674 23.531147285648103 35.20050017585771 24.626224395655953 4.7752414318199 
58.696396119555494
7.968311097623172 -22.24907594456731 41.86762351650975 0.565163744716159 -12.554021443433314 2.457993269619905 30.260984243958333 36.61801813359173 -19.466819438492287 45.2392060628857 -42.75097154983107 43.786526779476176 -14.455757964100883 44.27320274076291 -18.015007661940363 23.20064462713995 37.71792939103187 -43.190789325638576 6.855715752741176 5.844910951921037 
76.76599647164734
-30.191463368879212 30.814193504376334 27.576256888513313 13.062677607360627 -11.36551240003483 1.7513176507244594 43.538185816567605 35.1905027749315 -9.524119011998145 -16.086755212770264 39.213155905952604 -41.703728055847556 36.70887162612695 -4.078337333465321 -1.8129707706738145 -39.925879146671896 -38.453659546141836 -44.87000781373494 -44.84356142773872 -10.818975807587684 
43.09359829254081
-15.150684530589054 -3.207967225088062 -40.49670409756334 17.32374418750298 2.4036384510793027 -27.22249942878453 -37.06905088856213 -34.4945167816731 8.024886181733933 44.676385668732166 -6.839931208227732 -8.739211119498577 37.273725395157356 31.2356852705023 -26.468398280596052 4.699305356926956 22.973236614582788 5.317277505892818 -26.971722399981267 47.97092357172316 
86.56808223106424
-40.14476144839632 -23.71034114685684 29.097485657941732 43.37270680853682 -11.930833437039112 45.86855067198091 -20.910879921406345 11.347856038583856 16.62064345283703 -22.059635072764607 -38.87977548777918 -41.15453672348421 -10.518007814692979 6.290226214775011 39.93464790413593 13.187740850023197 24.99352212311851 -46.35904525553276 14.669185733122845 -21.00285775644547 
8.91750851304558
-35.751682567953424 28.928957950262344 -17.130461399292287 42.25415437574405 -22.821808085774396 -1.78212221573024 -30.71613083626169 -15.833185646894002 15.7936515082325 36.721840835066104 -28.432826355706453 17.570820456321613 -24.28185756359067 22.96186396513869 -28.715199757953357 17.772252725162588 -9.095678441775512 16.97894849835251 -10.398705174019995 23.000029980136688 
95.42631977224869
30.481879994183174 24.95830523929257 -10.243238405520927 -22.77346410397544 -44.21617671352382 -37.15842436262278 -34.379220166966505 -10.713706607531506 -20.626960870398857 35.45992164168635 -22.536164836708174 43.55303577524691 41.60755076787244 1.8348412307061395 14.005985692538587 -36.55506487785446 -44.70677363575861 -47.899808722428396 28.211186919542925 11.867186071623983 
12.799158863665172
13.737160383233672 -2.7658139951165523 43.41238558694157 -6.116194044588653 -47.979468930453365 -44.53871351942599 -48.219147309099384 -15.450080967183197 12.12801256316881 -40.35533767040494 46.44487708210137 31.015750531600602 46.16522739783531 -45.78815868597557 -3.8057744384872763 -17.715391233732646 4.784658502167879 -20.460916917050454 -28.56143256047118 19.81435850519206 
0.1277184291071709
6.309379727325478 2.005657037008433 33.43294402865065 -35.50516141822225 -14.967189133332361 42.662459374511855 -21.08434761304374 -12.550752818911207 -28.610925991682535 4.699706605104879 -5.465776234300812 12.985938614835923 25.258994569250106 -31.341437877417057 -38.5924147566766 17.948051912339935 -15.856124083179147 40.641469923977354 15.628389900519252 -26.951278747875484 
30.128564819648183
-47.36256980221072 -41.09080367899747 8.657184803175376 3.6261548186943386 35.90533316378385 -31.11344835762946 -31.066230699180498 16.849269626886567 15.697168282575674 -19.759174056392894 -10.050893109345502 -14.71509008284724 -14.533726857668725 -6.565827684274751 -19.901242188516445 26.406862079811205 19.194054216889526 -30.861484941363017 -35.574831149929175 -28.55828218438615 
21.58184050759576
-16.680022781004297 -21.615315916191346 -1.788426784710694 -2.407091415211582 -49.534265442794975 -38.851879629542566 20.90850996364611 -4.807078130912345 -29.416236415629772 3.69917319291487 16.112991614788655 38.12530847692108 19.375534727129534 -47.20425494944681 23.450336004880697 19.171457618850837 -19.623811715518414 -41.71500808829832 -16.013522377743058 -31.41620148592168 
62.8762741178837
-21.686222281151167 -30.20378422590181 47.24318228682233 -39.916293838290926 24.65188788600024 14.094243428983347 39.58021682675226 28.25403084401053 38.64621377014517 -27.098787134446866 -12.586458925457833 9.411747291825591 37.249893643545434 36.42419488086625 12.596237666894318 -22.195167491305668 -41.878878026299446 -38.83714885380101 -26.27507831742869 -36.62072895993798 
12.96219962752928
12.209713192427138 -9.845695773835047 -5.670182540147827 29.070112813709244 -10.704993609181898 45.173293235788606 5.177824709377418 -29.504258948839258 -40.166568555198644 49.437019809252575 26.84646728572669 -17.740425437753984 37.56239664789349 5.612398127446951 10.848228992787924 -6.252395000832358 26.31821012907777 -34.316828318386925 -9.030961091437284 -49.28820289207801 
45.07877743619522
13.473628074237084 -47.27198122539888 19.22540629795644 -37.39164009330443 36.688478837006926 -36.588722676237225 19.494108406374153 47.872006359111225 -24.87031822553486 13.622750316537868 -47.40026961527357 -14.155701288065238 44.73920745680496 35.06461259396741 -20.945833327366692 17.419057159663183 40.730158558392134 -11.345675019727985 44.466789462080186 36.83372489582139 
67.30676244277541
-37.89511436238894 24.679516045157428 20.35414109771517 26.337201069061052 -23.260573633733227 -19.600594185353927 -34.07753850101255 -27.16859151892249 -20.41921816551705 -30.34048468603723 45.05304472957948 11.189304854814552 -11.348776744387521 -34.63555750277758 5.468073469373948 -37.07679109739277 -33.06293011303377 -35.272175816380326 -34.203181125272096 -16.07857346171955 
73.61742852922205
-42.41516375084735 12.119395775982092 47.30833803259431 -20.074208568127748 41.36348886326189 40.21792859487083 36.56953004971187 -8.592116412575955 31.924311866247507 -12.894899688407179 -37.15112458883625 -11.641501903515184 21.528827100595876 -39.26798985401684 30.18766012114982 -18.135236340283857 -22.127063389745928 7.734414948743719 -27.035791479503203 -15.84730136993312 
11.42218946978739
-44.34166346709905 -19.094295864021472 8.828516158248398 -37.788369604967386 28.31313232763857 8.782175497104227 49.125598648341395 21.823741150857714 -39.26786162787425 40.25595164690931 -19.587301754685292 11.433752331479894 33.67800907429117 38.34807670002134 -3.011697672278615 -17.387610560759583 6.711897338679925 -31.403422360765674 -27.41918689756522 -5.9980975328401485 
3.5527265551916987
25.21964861547619 28.99355486151032 44.03198259667947 -6.215280585427507 25.460162577676 7.978262642531334 7.5180317355320625 -29.071512210234975 -37.22381962215322 -32.309802749977536 -17.715114834447633 48.4729491731445 25.655407351170652 -33.027442869022124 0.8850384388160748 -17.327598489658392 -4.430156709341112 -41.76258254774953 -47.96891260470469 -16.25488630959797 
84.95012709664726
-17.145089367107147 -13.462086267998416 -4.43321463961901 -35.95260946935984 -48.26804468507324 -46.6290498222762 8.034349121967018 4.163682761198174 -1.8436797158539378 22.822607726519962 -34.0175136784536 33.970342867124145 10.001357972593027 5.889724513474484 -46.13258432691051 -34.5030469898459 -15.96870965905034 -28.39926543955843 16.389373457170223 -3.138209987328487 
46.316434938885685
-2.6580508584644917 21.807429413435287 39.92798671400885 49.66229975055778 -38.84179166749785 -13.092896702117166 -47.19209220901735 41.47602522887101 -0.446123470037854 -39.58654086759758 29.501448307460848 -6.361854859317376 9.495979655828592 5.0992958206097825 11.942373637091563 -0.2827958740461298 -30.877957964383906 27.920065277674055 -6.660014922354222 -25.740709992352105 
38.08096994407389
-17.785742145445923 -24.05826930297493 33.904050128832495 -24.51389964600722 6.339958230025324 31.205659222208368 0.7233363546678149 31.135335187870766 -30.924662523869607 -14.140113232792665 -5.551895092570312 23.954041831801092 -36.307132886804574 23.43952977586156 -27.85624224408849 20.542182411345436 29.82408422442944 47.629839318987294 -18.58634947143676 -33.742053709027374 
35.06375541364872
1.1075548132295694 16.354995941637824 1.445880252355991 16.719311365165723 -28.43922961974056 4.260925604414886 16.218369800429173 18.193505156416762 45.18090275191352 5.457065095466696 8.625045878003867 -45.80481488420289 -12.841387794689538 -21.319608041426342 13.095490006789369 4.305208147019222 38.578820066775975 -49.947206473779616 8.716399597972348 -34.618520471920924 
69.59824464119735
24.971214440906337 0.2051628298136663 -10.130841541492622 19.902170316415308 -0.8692000332570231 -11.63245817990741 -0.7108877450127906 39.1754124558026 -42.58296357123369 11.377984096271717 40.00970777042801 12.685773166374858 -2.452650191649255 43.39682806447206 41.86408723228338 20.06651236000134 -20.887797530077002 -17.160509708419667 -0.7429155557261993 28.997669485928455 
28.06023397186319
49.03844212912732 19.112972167646717 -30.275637423998436 21.691548602683724 33.08964341190186 -29.65269856562657 -28.78657444323176 -10.132255056648042 16.35080363537874 25.50303314235441 15.238086057841343 -5.5831336399511 -21.640308372258154 6.773306817909372 -19.2063789031123 -9.394078267178294 -35.13357281771519 35.84014900302674 -42.014770098141305 32.07320793203023 
26.224554467026174
39.79045212412669 7.892639353392269 -46.24282520819507 -33.438635877033036 -16.172352035010775 32.9042438574791 -43.871896524756416 14.94885328596078 -14.420547637011325 0.6268629893373614 -31.576597701617935 41.22234493716054 15.509158557385902 33.71545016189171 -11.393141211035342 -8.855296301842309 3.269931559793818 37.8304379767513 33.416731942408745 8.289759918365846 
0.798629997583411
-9.581388037260588 -16.862959145396026 43.319404886433446 -0.47231179206711715 -45.87329301423082 -27.378963872693507 25.254580503714976 11.300629771219292 10.395261609658391 -37.384728970984725 33.891140232589635 0.4088154244939375 31.143429033493447 23.577292881379577 -32.312616448155175 -2.3759376704366773 19.4438610610636 -22.05053457390943 -2.749167614779765 36.18378861421034 
3.699935311280822
-23.754023097140532 30.977557800092143 24.3924010343259 -35.9240241964168 27.329635571533345 -3.5517499354799895 9.834632329659598 -45.205662790986366 -36.10044771341852 -41.139148918989775 46.153595888033934 -38.598458763938936 0.48037619927606556 -43.91947611975807 44.928339482911085 -1.7811030330221271 33.09824614108855 28.81337105713645 32.39275141528232 7.931370878033746 
87.34818084158192
-36.038832283280364 33.56960914798873 -27.36830290952632 44.70216495831201 49.390168996745516 -25.149272452773264 -16.37496770674104 15.676672593219479 -40.85225268511616 30.136061953243725 -4.087250494839033 -17.12704842892414 49.586524564923934 35.35175265921947 12.512202090240606 6.922924229363112 48.906314211872356 -38.5009388571779 -46.36736635039185 -25.98197108564486 
15.300063387875296
-32.65677975959464 -33.78436889426594 -35.03205015779855 22.19073400217559 49.43324540720006 20.461823109498283 42.630629170592684 -47.028175380266724 -30.64925134057509 21.703849759628213 37.074528019803324 -47.784960253095896 -34.08209769296977 38.34880265594741 -44.021325368427036 -14.515587495033678 -46.448350571990346 9.60174096189759 11.545440967397965 5.696907457623858 
17.033330858580563
-49.70489525499088 34.59568874058935 10.39536332175416 37.669949736783764 14.387084482989039 41.53530375072198 1.3504209891903614 -23.844724833648158 13.555417259710069 30.526798431997022 -24.416185239237876 -6.6039501549937185 12.801218794787815 9.469062846183071 -14.793778967146899 12.150603748187429 41.090835672336 0.28301889787518775 -47.61133946630014 9.53417525467082 
11.801951860675553
21.520322531274445 15.337163075752485 -16.722687286829327 45.103440465577265 24.456902015458184 11.316266090219138 -46.91927265250316 -27.613188997529225 46.602599906673106 -26.432368082797588 -7.507985228363069 -18.519730735036777 -49.047310353830774 30.395900670389352 36.43668868993947 30.614798340493195 39.326657397701155 46.74462345177791 24.868018314627633 18.97487271683306 
13.784083587296847
41.2609861582215 23.957157627487263 -47.8452543401676 11.377012781525721 45.148698841291505 12.827125014500481 -18.045489101714562 4.392789033366938 43.03431870853697 36.041188489942584 -18.31158789773717 40.76076590202143 -49.37701637450351 -0.11172224882843551 40.54117705818034 -2.5590842388976824 39.09535094666515 33.965032145521604 -26.50356581689546 33.38186670558706 
61.99829230668507
48.63617762994875 46.97451665150642 -41.969609830267544 -23.19230258121121 -6.338095203304981 14.555281218226511 -23.60604145556595 30.392520410639037 -36.38700630020658 42.02482474089689 -17.69751302253877 -4.715043692172813 1.6514266942637121 -23.526706377004412 47.784886362909646 1.9624449088035476 24.836298294072947 -19.71580505698636 48.3706299805649 11.27299295634112 
81.32182811521034
7.593992186096386 -28.35395828866676 10.686019124787563 -47.35365659299756 48.16397542643469 -20.460456891219746 -1.7731942215021803 -17.231915602611245 1.594709702993356 33.57963643808307 -11.246672403022792 49.58581028278019 -26.573352392926473 46.763930240719205 38.66008657496674 -5.61093826962734 3.908747228063291 -4.3029550330848565 -12.855698823531178 -9.984842683630212 
0.08026293119832717
12.299762777795621 -45.15437361983452 -40.55316077918386 42.29911005545989 -24.338669892948538 23.971330264959875 -46.83331571316942 27.463528805163534 41.50132885348492 47.94466171939092 5.791300107517969 -7.087997409061089 -20.772905461806424 3.164886157558996 20.34043876720733 37.34972898081152 34.71715819413075 0.6433071898484286 21.953143488439338 18.138170752317876 
50.73075876189536
21.080293610560076 -18.054891191087275 -42.10247003242 -43.76205552937715 23.374199790494885 37.808426571202475 37.61023753318649 30.984408406509175 3.6037698145478174 25.086989746652847 38.27686846602735 -37.750399236155864 49.20145993651492 -6.982249188641617 18.664144954457754 37.026340734403675 41.33584830596391 -2.5898121517195847 32.797988530147265 -45.25543970254367 
57.44711469991389
-48.55674962127462 -2.4071586671470584 3.1814092802416525 15.430333544881535 -32.108834208038516 18.37179588603641 13.344463276328575 31.13710832861439 44.74648514021567 -31.97968408495997 47.88431658558413 31.66688457554976 30.290759167427765 -5.8703743185652755 -18.012663231228064 -21.655001353117832 -46.629650339206364 -2.275864547262188 -44.28102890505572 5.335375732629863 
69.96677717933873
-12.969445414142768 12.432406235710111 -27.488494632338334 -41.89182880850082 -39.765421938017376 -10.872961938010292 -35.48985154409574 39.75034431667392 12.284404924843052 -8.46434615941223 -8.182003746340229 20.463056737173375 -7.461484783420147 -30.761209154737877 -35.70772837100044 15.589076049612189 -37.58147219038496 4.249264378321186 -37.30793401811275 -24.99932516119324 
65.21614094422719
40.27941255868028 29.59796250286564 27.66021924078605 23.816521141314283 9.2980642713377 37.52330929471573 41.898552279715446 -23.661291238913083 -42.99612840746919 -30.928747908060405 -12.343096768509973 44.55699254790271 29.486084785253965 -38.33256639359506 -7.104947275986483 5.4553567868422945 -40.386546830070735 27.69906722030383 -42.049398257649095 2.380503016330607 
33.58638843985211
-40.183177666087374 28.841103340483954 -11.002822149274706 25.60715017566845 -29.293189129406873 33.33294484351613 46.61279606265583 11.76726220075566 -3.1843274857415906 -47.94213899276748 3.4266709099053685 13.020954444242996 16.312594386508536 31.039990819623128 12.87245937858215 -28.49208133736151 -7.00214998524946 41.70340426679435 -32.53936701187984 34.508236097748124 
9.918238199421603
-40.23788567905893 34.39114391367143 5.956821475355689 -0.8744312379888584 -34.64843858425057 -0.3052863623847841 26.71430501956368 -42.684841877918124 -36.65740396096815 -1.2255685476573532 11.685763557842485 -38.99298133034227 -15.013938518645645 -7.042334944758636 4.398283194934706 -40.51672153317277 -40.13193491708444 24.031531524266526 -42.20718043342335 28.871085198421483 
90.61305811954415
41.72348824909295 13.755418512204521 16.561079345555058 21.853915801931976 -47.298122899414594 33.307306378857035 -8.422736378123851 19.695199030708068 -16.090472987012724 24.39297397121817 -6.435085806552323 -31.77218329632925 -12.093211261303715 24.84986039170633 40.73891316673229 45.610366178457355 43.38871383045854 24.412784894690958 -34.56427500972262 -36.18556455166401 
70.15429227424552
-48.499212996665264 -5.162045154070952 43.33817670634434 -15.455984259723401 8.053648636440322 -16.00873187551536 47.02452215483382 18.725253017550997 8.829757550359808 38.4091648590004 -34.422592164288375 15.193270129060423 -29.65334944185296 34.36198358926154 31.451444452568225 -13.531069820448437 -0.9599708157132056 -43.62784826827123 -12.502550204265958 -0.7875139498551462 
98.23654532000191
23.4886375921691 -47.921655918617965 1.836064565609398 49.18029052759303 -31.410812303985157 3.326918031335694 -34.81422355264515 -27.377667725366972 -31.740148849047046 -48.20101313305547 -3.022327447335037 44.37725420368214 -5.273028693894801 -17.017455613736253 22.41000656860011 20.77015965588896 -24.132347047275115 28.955473638848275 45.737596058135026 28.042125158083863 
54.50049700751312
-28.058514787476053 20.58230979184154 -16.448361017597712 33.95916383376809 -8.40407510308988 -39.632984956334084 46.00406959045564 33.37710045913566 42.560157907820994 14.49860755734828 -13.039248693833414 -46.83743617687931 -10.844749086415561 20.788990888584124 36.523820120284014 -31.181146910272094 30.042726695873085 20.09121235816525 32.36242747110951 29.56543197086019 
67.26214615501557
-14.75882360435913 -6.859472150260906 37.14140970696663 11.262390129437328 -26.866311519329113 44.92595048428228 19.723633001042955 16.375435354856805 -43.875155044546744 -47.695011249058474 46.06743272137399 9.638563563767036 26.94106211313168 44.69629122191235 45.77881344307342 9.952878085886411 -0.1116723064189955 -17.247632292918084 -36.94728606033101 34.27309641435046 
0.3935249667532448
-20.243488583163185 -26.737313503136505 -47.144416249536135 44.77299995077048 -21.43243671912827 34.46315101743008 -13.451350515851267 12.611744633818198 -14.065642184449814 29.166206283517766 -14.308865850897881 5.249957329311137 -17.103679106453754 -24.319353373485864 -7.607640491804588 -34.388085348460685 -37.493828234370916 -47.148245142449255 15.798558842676513 6.975466776681486 
44.255206940518036
-12.783890966200637 43.407902044672355 -38.73133877849121 -21.64877603433528 -2.613525330131992 -29.421716435654087 11.093360506578108 32.393602935907865 -23.09234879603882 -44.92090449345638 -36.086058211453604 48.00964706723941 23.874866132227396 -6.129833650673589 -38.28752761539204 -34.339177473703415 -6.717867894879824 -24.751832851383337 44.90005168376895 42.09701104102675 
6.368785207586503
-18.917241225071614 5.387245090659995 26.83147693831218 0.1581246640841485 1.0717872962678427 -29.545131179722183 21.528756464861132 -10.067051988935042 -26.22308631548008 -43.57036325749889 -30.65778371268837 47.568490557867975 -12.341978312034229 19.15745637157687 10.007540331611168 -30.555914458432998 -40.59313885839203 6.880464978366994 40.89297901729422 19.080648523387907 
6.587323864048711
-9.637842853591884 44.22665812569639 -18.298139255800884 46.92188516357133 4.968268754318991 -23.634137256797093 -39.407318645715094 37.520670535231844 -10.100708605521326 -33.75735182491212 28.42968729823771 13.931716275714201 -49.116116776391735 37.01475100092435 20.683383912992994 1.0979894304488198 4.3806029326372595 47.470220420948664 -27.256444374740607 46.1387672197679 
33.69878187678611
47.87880992120253 -42.405604908166936 -33.67000179627739 0.4375496797546248 -41.24739109376816 -23.332998213101863 14.740345483961164 -41.744643277114015 10.373000508647337 -7.077444460674698 -9.313438568639185 10.220603606433507 25.960511732076156 -27.729646175893308 -37.496036716736015 35.85725253023482 -7.991299574514713 17.10055883463653 -23.91526878217197 -10.51236392876472 
85.5726931964007
34.01236662047022 -5.781141459642335 37.587853636587525 20.197592137105033 -23.255909174522017 48.97953895351337 -40.39044272516116 -20.308575470474132 44.86236270511411 -7.773130897380028 34.08509075614832 32.09192100479923 -1.056469972223752 -2.2392716703383186 -30.17868513891654 -45.05415237302327 -26.21896745393626 2.735775980852374 -29.399328491420796 -42.58574440416042 
82.57836282423942
-24.3415065716037 41.04637196753717 -45.263584902503716 7.137993123146117 -36.38175482094928 -48.82816570272405 36.229878383202674 11.732418397637979 2.3613948567664167 -22.37720267830946 19.2735051825278 1.6442456653045525 -30.600519824343497 30.73381345357228 -1.3850750510197898 -28.71192807948403 22.54954829012739 -41.74089368813085 32.863370080600035 -48.62236642340956 
44.1367317619254
-10.998928684272556 -41.82660088126684 -30.22248576837061 4.546223376058464 42.547940180422614 -17.105491962763864 -13.520528016916565 17.893775062675786 -15.05452899674522 -3.6438007228410854 -0.43075975388234866 -12.709020598377684 -45.63425463491626 19.977605067832698 46.10041788750789 27.513478838370432 15.699491003987703 39.53525423506656 -10.532144925236828 8.837454068487652 
78.48657217355189
-16.30783128837335 -6.826255831841991 -12.608401499522273 28.712624787060577 -44.214068534822474 29.805344883938545 -25.421054065177728 31.738081056446262 -16.60702788295206 -36.40586069197804 0.9549082533108475 -39.010941636437735 23.330801920643765 -24.898081822881224 48.40487930132936 -4.972049085452454 48.52944650279517 -32.6198717095664 8.546826891091072 4.23479359495559 
97.59793393955525
4.3745622943839635 -25.008659470891313 17.568735237163708 -12.068878331519372 -15.601716514199637 -7.576401725804672 19.742306445730435 28.846774372297048 44.17142602619619 -33.57126194112977 29.6293508217841 22.512263775052546 22.227315750329197 -15.435766087543556 -48.159116606532436 7.314825942872659 -15.589849958923665 11.389766923543455 25.14129926109557 -19.151154913429856 
78.74018550403468
-2.00271908534981 13.74076021050972 37.83816482495061 42.09829104119336 -9.959227507880897 0.48775006817069766 -27.91907886720878 -23.017645443667956 27.34755642187052 44.599178763268924 -29.10101267281653 -46.98605877107613 2.89964431787665 -39.196397237763094 -24.406407547542774 -35.0756927293721 -10.69400551462838 -38.36350874122697 42.053258725820726 -3.575320687359863 
96.84338325760832
-19.885326077828037 11.92966139446444 -2.333524007685071 -1.2743063925442328 -43.869547828603714 -3.308353566358015 -17.07702226841593 -3.5315682432006668 26.644101943219 -15.612921564638405 44.674652392925225 1.047329532437388 7.116783320951406 2.0867859563158504 -39.54380735766968 -25.993075376521414 -10.385861399134157 5.754353310413627 -10.37591850533228 6.757022251320258 
61.6241962935136
23.680096842940173 18.62925464117393 16.00197924296377 -31.128601449301453 49.63702169138182 15.430289480723886 -1.420186388420575 -44.72806840087813 -32.43881558411843 -3.641808019648238 -30.054879283604073 13.663742573696283 -9.17170721063021 -7.955173590692198 7.111851201207607 -27.942007947794533 16.093027350334793 22.952604997491193 -20.920984735473912 21.896881341996604 
74.17702449524015
-40.40598557505781 -24.405574787337304 -32.83383521339033 8.636011475635726 47.705225751369724 38.56859769389422 36.198856888146906 -23.593870170732345 24.43884756722734 -40.46701549674351 1.6199818239205115 44.323989752180864 38.06668679878534 31.24373720959845 -1.879509211954641 -49.66544390287285 10.734140476077293 31.864225658499365 -37.38830054914042 8.845459343367857 
1.4836025582405044
-23.88344208082437 46.799961455993284 -34.04406469152437 35.0650996608485 -10.625574766633783 -31.665508227009898 -47.81701418248042 10.978122212968835 47.87654713592026 -26.58038926206674 -12.172926667740938 -3.2606129348131248 -18.92788878682743 -18.85409482710735 -30.735987662135777 39.547067284762036 -49.43343440901173 -32.21689579666587 -46.780633340751706 1.3128339487993301 
54.218192460020376
27.89076233452934 -39.52382879045305 33.4587465209586 -46.357100631864235 18.34109226045453 40.48627326774138 -40.07307377301813 38.716707006553236 -48.788396459851924 -25.999785964938305 -20.47436948354835 23.62245947480031 -48.00653107170181 42.099992773104276 32.03618278126534 15.569268474903652 40.674805472671636 -43.08629905612128 46.430973497670834 9.520280039245542 
74.99638060539903
31.810445849241944 4.10353819625611 40.09637371774602 17.54049428718784 -32.981432617169546 5.187495399996301 -34.71959906909045 1.3020853940394659 40.37970288726555 21.84188943399397 15.628668095673461 -27.995606070456624 22.34569030657984 -41.19369371206698 17.40331187070946 -20.340200326179225 -20.655028003984555 18.57988884364002 38.37132925263815 -23.260296631142353 
40.289570019559626
-13.745875590315272 10.973028182223679 -44.19433994966282 -22.736720826629696 7.330145252991038 -40.85536027335915 25.567171289107762 43.32629346713229 30.776967700281403 -7.713025494553861 31.06992619700158 17.890952988175997 29.137938636433134 32.703929373977076 -28.918547779154114 33.26784530846878 -12.331571115513661 11.291754819672505 3.729528128858462 -5.248930301475298 
25.28856763752152
0.34198104102556215 -39.93811043859961 -38.99406668604567 -28.4393627473433 -47.97203203912254 4.434119934277227 21.541939108721294 25.951477909108846 -23.52296945700366 -9.504143596720262 43.6984353978124 -31.683922389513764 24.28718199787177 -37.966269162626006 -37.16020322357804 -27.160717646429944 34.92949089146887 39.04276013105343 6.351613222071364 1.5983359481914547 
24.684181204056664
11.136158480720049 -25.45119552103381 18.459781737969166 15.590513203686427 32.76684990206762 49.75118403634585 -30.800052454523552 0.34763549690914886 -22.27777713166684 -31.44851344757419 -30.46084586381341 -2.8144656479956254 -36.0330498923951 -28.30459760492022 29.20542972382455 -26.567703603739133 4.147004251826033 41.012737540005006 -32.80561036464438 6.835905160007336 
21.931234342930228
43.48327396410362 41.067671237161676 9.655840316239924 -0.14480244418842148 28.790520567676325 21.433127582756057 -37.87825452159741 40.44518756974817 -31.38898941015682 -8.324253643663347 39.06351912129291 29.138698429800186 -16.593634193345608 42.559016768938946 -33.65085248564746 -15.119150607170184 -24.370128060167374 -38.50766467578215 -37.77630370715318 -27.735453182833503 
27.0288264385536
-12.939300056124061 2.724843199973648 27.695495820089363 22.11849916257863 10.838833392954704 0.05742938208636161 21.301375165917406 -20.07700969303953 -39.43741446978326 -1.8585243998840895 -13.832133416028192 11.722894071066968 -8.593706387641362 -29.494793847329337 -3.027564237167688 -26.180825876113534 45.41550718539004 -47.723418050488455 21.200058885586742 -48.78287379884132 
63.07033251960943
-49.76603843874785 -2.136595765402191 -9.34604272558127 45.50538266762531 -47.29156795530265 21.01322518683034 -0.46207204531043544 21.088102921048545 4.58750756653761 18.313006130359383 -8.863387202364947 -34.14194762115689 21.751819895044747 18.5651996372206 -14.253700333402662 -36.244518457283164 -6.016500810536151 -3.685341586094083 22.59415144668712 -30.381660250908148 
15.71698737603061
-33.48183531634401 -2.1307695833480906 -44.39741308373098 -10.039955771687993 -22.242790712245586 20.548019269782998 -20.018452636908457 22.29471743938008 18.584496605925736 -30.425330908899905 -33.794261230922615 -40.924886421054225 8.332907827648107 43.47562065654745 19.655440679316783 26.770818091523864 -8.921091768295831 16.63289100287726 -10.305977286068867 -2.1381516118735817 
39.44075465001876
-44.7902114971804 5.430883323289883 42.77305183133676 3.5050163979868287 0.11733869634294081 -24.971466490817228 27.042905343870785 -40.58667588726724 -5.57069585203331 40.43925403661257 28.25367438912913 22.004456137990772 18.298111302457187 22.132461429805744 -21.79303908227883 -13.604801904198702 -4.3063717741489995 -28.325274928153654 32.41067694593508 -45.50332860434886 
4.181198206689873
-26.049859531243293 31.1504942562093 -15.798861629781136 -48.525085463851916 5.359593954588981 44.250897910243765 -28.662493518089494 30.646591907502923 -40.48684042082866 -14.912025248209929 -12.517867613795786 29.640500114649683 -2.269271713710488 38.49808129488164 -49.675287571286255 -49.86160703596734 -31.90831079560005 -28.066392481860426 47.52739851081445 -14.161076507317638 
13.825298372814022
-10.450948503517289 -30.121487428527203 20.86006202738021 -40.49085557702077 44.857692019577684 35.03053248486435 35.24266804956517 -28.156110610199114 49.181092696125376 -0.774666679724902 -3.57209720312747 40.69827958607583 0.3208163699092381 -38.85213600721384 -26.899315316588492 15.66913732243755 8.713681076889188 -40.58715927468993 -19.064066869123685 -36.4230994054506 
66.78891796352791
-46.822804570392925 -41.44611600132362 -16.881990552038218 -8.672308395477003 -46.015597047109694 -23.614739808975948 24.321238284164664 18.332394956116033 46.185017835712046 1.1666723523213633 -37.49415545874499 45.24519552948078 -6.858915740186831 -25.568930089223585 -30.88480932721631 -3.6876240012354558 -23.089670855088997 14.627688429385898 -44.89970631160154 33.472969611459135 
10.219336030981118
19.40038466514153 36.45349318428744 47.357276863491705 -8.726788443702759 27.072851197682482 -13.956725346614526 40.81287569300173 -5.687526668309083 -5.466316213743951 -8.923013394903357 10.83274912881059 1.8162477268744652 -37.51615612509267 31.319069506989834 43.842184684646995 -12.135925027637803 8.403541546706485 29.618078395885746 14.00817862058868 -43.59306367927045 
82.61517083491651
3.3466866586220547 14.567014764055529 23.061432044959957 -16.536629450226748 -36.96546343301996 -41.877160478092854 4.529212688760445 3.9028919698913427 -37.2253718239555 -46.54802501207149 -4.142811855711685 -26.320563675653 5.909749737990225 3.554819378853878 -27.507792352411762 28.808182611014047 49.05615298639667 -27.47083003694948 1.447244824403846 -36.800754780197565 
77.6975486317494
37.29586785461598 -16.115626771537436 -43.951169770100115 47.3832014303177 -25.710336519209132 -19.966876067900486 23.009421479689422 45.989748700138676 30.935270302702108 -13.39891771224265 -40.82821303385747 34.55708591872039 -2.9394514342420877 46.69685664241747 27.536226998532683 -33.11548714284352 22.355878895093042 -27.226144563218014 47.91992422094779 -28.625948675815273 
72.57071960776629
-45.78343970923869 -41.858168555038745 2.533670920018359 -20.65456409623637 2.9293050461695316 -48.153907284007204 34.10389702831871 -33.59148436550446 -37.349201096402155 45.46943782668504 20.947129751370852 28.32628685364547 -29.294039041561902 -9.372372448036202 2.639690496305903 -2.9256852522196652 14.51988777726126 27.59044941163586 8.132468235096738 -43.59334534668146 
19.457068409044798
-29.465585668103756 47.89678739678766 -45.66876984554021 39.41222981121079 25.90671975085553 47.64788311629205 19.95654187412069 47.06749969272889 -28.49635082175209 -13.960776843971466 -37.44296822684869 36.8438297891519 -34.238906675868265 47.64657611260189 17.91143302902121 -39.68708894634353 14.274399023074068 -7.88836044449387 -40.19959564020078 11.199115292565196 
43.70929121995151
-29.5092762594209 13.006909470488992 -34.91075613214588 22.035127037731854 -9.345174582022622 -11.755316730300656 -42.41883053814022 -31.59367670625919 45.01315975233037 9.147285428766608 3.8407321438243684 16.03725456375416 -34.11693744168917 16.782184014255776 22.399522916146978 27.060514743572938 -33.495120411382906 18.11140239669659 -23.485497256156908 9.627935587191018 
9.001329967104532
-8.59774891604792 -12.476386227858981 -45.59171392099536 14.506501959082016 -26.201277579992087 6.369926626541741 -9.84487370607033 45.240546227508304 34.09615784201226 -48.16995555326828 6.1628079498353685 43.48180366129151 -22.78119241968113 36.97082762984192 3.1981160625367124 8.188948581811786 35.98196582389838 8.971774731115609 -36.110332424725456 26.45148584606426 
30.42735081668042
21.68866611665186 -21.423405763505343 -46.00226127067312 15.352492383455626 45.19734629341818 23.26265408420892 -43.334772508926314 42.61185505867108 -7.955150549065678 -37.40856681152066 33.039119849158126 36.3494972560258 6.048289273564556 42.652791311416465 37.390237189316764 16.53009824971879 16.22027247045193 45.9502746845379 -38.405139855204006 8.967196001146647 
55.76283667471159
4.003758888031243 14.894355289146418 48.50450880080952 -15.939780192768119 1.831054612271842 -38.84652314325376 16.08827869544173 -21.785955684123305 -37.05318398499705 34.701870553802394 0.175568936690226 -20.097249641608116 -26.4634119013864 -42.10577553109574 38.255490429311905 -6.789528892659533 -9.89167073022179 26.200175647769626 25.217381650596764 29.558700973775046 
26.19335678682405
9.935938586578018 -28.118044296676647 -13.012462469973904 30.56308812534671 45.67536228796385 -40.781482015443515 32.77141997728117 1.9476031619637197 -45.071084513421724 -38.39666766483217 -19.282329858224944 33.38646408333791 32.854903463873285 5.931273645773317 17.484365353168016 43.1118565581297 -4.432063813249719 -7.525050594058392 -14.132623931246101 28.258593375021064 
11.035548151572227
28.09245987178403 -22.755315080267714 -27.28495583451479 -34.39545127480156 12.717036463302655 20.22936797089872 -48.926322870144865 -14.125463562341793 -23.981158091325927 -21.929081462949483 46.909269202064124 43.936752514306704 -17.288836507476383 -16.542132206586935 45.5075424575965 22.922262713202585 12.180385032770282 46.11292402497031 18.68641031343566 9.354190264167705 
20.951044321541936
-34.06481181345812 -7.503439421214573 8.974546262772456 14.954381992022178 -27.56783092679371 -22.64232273566642 -46.483007914418515 42.65079391376017 -10.202233155704917 44.58109152665098 27.322576558911067 -30.236372987104854 -3.769487573585181 -46.75079379518039 -5.253616027240838 11.713797430104343 5.949734017891892 -32.933456640383206 1.9787022728890236 -19.198248772819426 
2.855592039186139
-47.933144347882426 -39.7948178209072 -48.23471476061619 -4.107856993942015 12.955175919370454 -9.043820259112344 -38.45117121480798 -2.0890453403013325 8.383321488416364 29.046314743390894 -13.04824090752681 -47.80397640084123 -16.398199596386434 33.68099103684007 -12.719594982402974 43.79904081168384 -27.299316312995103 -45.892518005813855 8.210394186740487 36.4473443208754 
2.046465300378386
32.61387942858765 17.77304771671527 -29.97484111161176 -28.45847830651167 4.730081643295712 -14.288466721022353 38.49202481795554 -49.02272526237841 -25.839304767757486 23.409563213777858 -6.40942500583165 5.0217148997389245 -1.7194636267275243 -26.82260466191665 -14.190873289945507 -47.72354114775457 18.949225918445265 -27.113013481382975 10.80282617037274 -28.641938587959125 
62.95211898254722
24.780135012321978 -23.159663316949143 -9.897177884310828 16.55057591826082 -34.269503115964184 46.831412698411 32.763844217069206 -0.5745579498353308 -29.677611931604385 37.10388280383927 4.463692945531349 24.72327072745952 17.816343474411127 -25.663037039438496 -37.81456303103114 33.96570941908729 19.40337127686948 21.9209866641133 7.229493834723343 38.25818577465495 
83.10694963711504
-12.497986114569883 35.33312991018023 -19.46515643915241 -9.726242417135403 14.583003507012165 -2.455918595073314 -42.497570796495665 19.80128716183026 42.79153100599224 -42.5407549475226 -45.5033430989613 -15.917653392215726 -6.212653761378284 -21.41606685273465 -48.35969190829291 34.10366890977717 2.7712820998662693 39.33670846487824 5.49314913092703 -49.78225985488296 
19.17035516395821
-47.38062727472515 -3.1905068990957233 -40.18593464596874 44.31220408596987 -38.10882214784287 -37.929933452819384 13.44809559520521 8.765189232857516 -3.6691080230921855 -5.869476253798489 -43.05691925303856 17.50888534284593 -6.060138766877273 5.629879205744551 -41.43788589710071 7.212905850804866 43.33374286392633 -2.2722463668009993 37.55472500334869 -33.3597304048031 
2.4901465090753527
-33.70975735854228 -6.785646520677361 -31.44514802121443 25.863894013385874 7.819893497470289 -47.959925453094165 49.50072812083029 20.051185927245072 -41.773865042828895 34.678032357421756 2.434447895514822 -47.42149948737511 8.958246178967144 -5.975023164790528 16.429635481818366 -41.58847829798772 -2.9262662012125915 -8.791579122067361 -42.46345181405397 24.423995758568182 
8.49077572007274
-42.88508509243509 35.36751581086253 -16.664086064952564 -33.02580354716559 33.71995678829049 41.09246058435775 15.524930925958117 -44.669864732838775 1.680153143202169 -25.733019461657847 -10.365504904867493 29.835475383275025 -21.519806573015686 -1.7212248015779679 -28.95330455776204 44.103766907121354 14.884287279846617 -22.813535758664383 41.05733098747257 -5.609763668323218 
76.52373859245107
-49.66189961122638 -1.0147507508922473 34.764212274805345 -27.840667453950786 -4.604986972294 -35.53241674622445 -12.371911961576096 30.489276612907787 15.249871986585902 -42.16304371994869 42.737755258499575 33.33046327156521 -40.18387307886737 12.746334706457205 -3.819830897588993 -15.41718750035119 -40.22069395335919 -32.89830163737112 -20.31048298707353 31.593551985269386 
56.13887266222009
-14.11775949924725 -29.765726530246674 -41.62973895241302 -43.267315084801304 -7.427652201036928 49.983123861816324 38.54858634716798 -11.075650397105775 24.699117857098187 7.558614458190746 20.102513060043407 46.247035634284245 -16.63624973393565 32.91309586670654 13.492163333001272 46.035634957191704 16.67460082971813 -39.78765154198203 20.27609187580974 24.942376305591495 
12.634328326920219
-44.21194943302499 -29.827909410776734 -0.28064707452860915 -21.697024931042964 31.521003664759533 31.132527160081423 11.764630413817201 -1.046551001644147 -12.05712809706079 19.207314493420128 5.66696191765773 3.4553481305551657 -44.10509258272619 -37.20041329556622 -35.65266518626448 10.267645550022685 10.757952983130934 -30.62376461466605 -13.616072510655783 -7.809769208671035 
29.068786553769144
1.777464140175141 44.72028980959752 -22.581126511632455 43.763650041591205 -4.023448727542323 10.194862550379902 -0.5322889985108077 -18.65940214842873 42.47306852565562 -41.806768417373696 -30.832144117789973 31.908055501237186 9.459777647160386 2.212777872851511 -31.7797077922336 11.387786059924998 7.485544259245657 14.242697001875413 5.675719590464546 24.066240155132803 
32.543537780650986
-1.3994092317490185 36.23357395228662 23.239030316959557 -22.653881150210708 -16.769812848746724 12.39697233322832 -2.1309328336918014 19.00475995486906 -19.54703730989067 31.289836795612032 33.97966081388152 -24.58456543660523 47.779742238510565 41.33701397113295 10.929710761624648 -27.643083024196315 48.6266561001962 -5.9722704145426775 44.76881469316318 -21.35853032599433 
22.643076687302987
-38.37275390971596 -16.45399458287026 47.61441984241324 25.84747613915954 -7.028885586026334 -7.2534936617322145 49.88118372993159 41.880386333067975 46.3709561213513 42.95675766534144 44.347286758544 -2.578031186746834 21.18024269819537 26.40870711871173 12.489005229768779 37.18494746656373 7.713060206700931 -15.769869324313433 24.229237359981198 26.881961354594225 
38.97837360589549
22.028568769811557 12.87529537483124 -43.82035129692675 -42.913130131738 27.86222107254528 11.282298326301962 7.890105290727689 -47.7930580487222 -16.29809292240011 41.7378980958846 -5.486432774516793 -7.409044485852277 -20.83599405758929 -41.978906653536505 38.73452650739114 40.46242776094539 -5.404907285754888 9.669927157638291 40.58671473302104 40.449297913755274 
69.51469381293808
35.69988945169264 30.740701862063702 -25.23196313025313 11.97344875812324 -2.153125538243863 -43.26890182852719 2.507782052913896 -15.440305936762243 31.86556895932013 -13.071290899497932 -10.866675369626975 23.58829205812242 29.49621195852508 45.676175128123504 -13.279783696834158 9.43127803626362 -36.58036892137796 12.24396441844059 -4.545130138869084 8.000744053360442 
82.85258097369649
26.126892925668017 22.57697229494346 46.07006361120641 38.39234846388631 41.68955344246541 -43.78883982696781 -33.57955998774309 -8.69830110766955 -33.71762285776884 -11.570636391324115 -17.274532712740594 24.632210332915122 -2.3116786187541294 -45.59522580606071 18.637237715224714 1.4161135140027383 49.123423574016144 2.6629339244522896 20.713230949749786 8.613769240542268 
63.002808004565104
-24.794995305429314 -19.375905967000563 -15.414067213969695 -31.70307730234484 -44.32729356589182 -11.491857216912628 -47.43297016910132 -19.458822444885882 38.74406699369564 -33.610814162044576 22.947640112507386 -21.57467927010873 -15.406411746838586 -1.7498831290054255 -16.86851749809751 16.377258307755625 48.51996288657163 -18.344560024863053 15.314144552492152 48.66926794834906 
67.7390241047738
-25.258303440769346 -30.262065538190363 47.31281729430572 44.85918247191616 1.9455673568045313 -26.190839541083612 -6.6284483344991685 40.70101031172047 12.015152826797092 -24.078756653524437 -40.68980987605367 -22.10765682126984 -47.34924228841375 6.909072577080842 -21.389536225472526 -38.93537181140621 37.54728967949468 -8.232929140564515 -31.87658697599989 39.49589248891046 
83.66111589593102
-40.40460915993663 28.490715905400236 -26.30980032541426 -10.799928067535333 -19.304176556727704 -1.5440490458513025 18.652981852607084 -43.86397911413037 6.320914372057743 -19.99998290784618 -46.48381220876965 34.96521794296493 -1.213148004161532 -17.026830336116028 -30.313307318498772 -16.007528779554924 17.4927707767892 -39.7405305420139 27.83598723375937 -9.40913851585713 
19.846063483697364
17.49766864307317 7.818658587024565 -2.3103908093111016 45.17538987232162 -15.004127767760721 5.001701603421104 15.16842457599786 24.420072345705194 33.71559377816327 -28.4937121545044 22.88747040916978 -1.2833974636816095 2.064076939910443 -38.49193772482991 -10.242177399369979 35.96001697195065 -24.277925768946663 16.011654844109813 -8.441836280022017 5.99994393963965 
78.84752356582374
14.40958168278722 9.129118931052524 12.33813115301232 -8.266120743639185 27.65521308075293 28.127546710623562 -18.9736936162037 -42.63492703303612 31.024108681825084 41.69876306665114 25.92026060480238 -22.702546369786592 -26.79255757000013 -21.774449623294412 43.528066468684685 25.912252669116114 -47.124141344129455 37.73853024962631 -9.60261906365637 31.320429641466603 
73.87157207239761
22.623269609836456 -38.6811972511413 -18.934929190610582 35.83109273204188 -9.06469971920857 17.579295989877835 11.254740790866066 18.310479133407597 43.934952943111355 11.081735310285225 -21.125513696495958 33.37953143719935 -16.620222137155984 12.353609428497101 -1.2405030111263784 -45.829088865371574 38.66299555861917 -21.699980927940988 -0.9203167061025326 -24.985342955780922 
19.062306345585935
-10.98690290830978 12.171697968902336 22.558144969661527 -7.8359049316823 42.03199169764284 -28.831722554393192 16.666017506957317 -24.046119073500094 17.154639304162984 27.112948431969784 24.914208900556744 -40.88534604379854 15.234535487256593 36.111561167788935 -34.863353254822336 31.750479653546066 30.352772858041078 -8.439732714265944 36.752797423535924 17.053588938143037 
86.33763699964635
-7.397074986409166 3.4987477056811684 43.35888012340425 -44.188937167992194 46.709158219212014 7.703995814176736 -14.419348756095864 32.773326871656636 1.6275824527989045 -30.59924927426232 -14.7979816177929 48.19435620265922 -10.042987630539322 12.321950906277316 28.78839498089708 2.1620485661082185 48.19170770283196 -36.7611294717417 -23.577913020745978 35.8450838840166 
91.33502447762424
-8.891403281054842 -16.494092730052046 -18.14033838679552 -15.960864580809833 -11.853709978973079 -47.94056014337804 12.586717108904011 -0.2832985137336337 46.20658266200196 -19.067570882996687 2.568130311142781 0.18373267598238385 48.753097954720744 -41.714536972798264 33.31750082970561 0.13111293789363998 -18.785499731739208 -45.76099321193608 46.713096745631546 3.0855510594514755 
10.6701048867475
26.767524172617925 -3.4023919498285125 8.509009065247582 -0.42243711171030895 49.71627210390679 -42.708616121417144 -6.70106438471295 47.649659290222985 8.244120625483696 22.432811688754285 15.189916445194058 1.0068469622051737 -15.953507833062794 -32.10837466949272 -29.579355916593254 28.376590490290596 -29.611632075287243 -41.542170938983325 13.518349772774293 40.38021279626483 
65.27802046434462
49.59110262460925 13.166180728143871 19.842398031932447 -9.962056807066347 -27.27756069311784 -25.14274366723105 38.578055927111905 20.080257822407503 -4.568073832592731 8.402391492000007 9.255831297809117 -5.130412473232468 16.28351171393362 -43.65317349006672 -40.293016095358766 -5.142747079053066 -11.82030338676853 27.964506154448827 -28.557033685709342 34.59634497894935 
13.80607730002893
2.736789150428585 -5.835437129183376 23.298087350618943 22.067749359810065 -22.914274367044197 33.689894506951305 -13.234388224326452 -34.6234623519874 28.620315429853477 11.998259312789926 -22.057873506728576 -25.769865531483216 -36.7325247123509 14.981184732929151 27.236141310647596 -32.2688201363627 -7.6023402738449235 -23.98831514019333 48.33731473566834 46.5264250707357 
9.418460364766968
-8.4127897453766 20.4121403990531 -11.896921016512394 -1.7023351218865557 29.07129259904832 13.369595551749079 23.461516239670587 -39.909339913463505 -34.0465166443213 9.312552414008046 48.89055595896161 -12.214744887726468 -4.933375415742383 0.3416044163451204 16.903502173648604 -45.359660846861495 40.845110870413166 10.553694826226547 6.350264347464076 6.6830283727984465 
7.977259757355004
-1.621242446168722 -6.697221975973733 -33.857735426580746 25.699503641884704 44.32332367266969 31.518098423782675 -40.66489513526918 8.499574622879422 18.74085393725335 4.115498172173183 29.885202864713662 27.14046882597144 -45.575688898664666 26.560965295420786 -13.858685512127892 -27.313564651918664 19.617323227164064 -34.86550517966826 10.276850520711847 0.6067994302096054 
48.465988401412815
-15.2373631683421 25.789894127869488 -37.94702986365394 37.98423334041897 -44.56921055411337 -20.013702625350327 -34.951515210642114 13.281356312169855 27.346715794472743 48.516772266313794 9.601507019162511 -3.898792525500582 31.60884345215173 10.152194383206613 7.643685423696297 -14.351772314215616 -24.660080684886932 -28.280391848851938 -18.781145028420077 -24.773661799417614 
28.07862021550508
45.484684480198254 30.489572885228554 -16.6075396609368 39.678749122175844 -5.74531242389417 -23.10100065973577 -25.87274484355343 39.04766670179902 -36.91071632833386 16.220184743318498 26.95138614745359 37.76270472632439 10.744795571821065 -38.7556261571221 -5.033532519952644 2.9362339527533976 38.840798588600336 14.504393079755502 6.4755830404185275 -30.34284111360417 
42.22621946633514
-12.301172933447859 24.139080145379566 34.9186706922913 -29.864580759876368 -23.622870060743338 -25.45290926382441 12.14900313325181 44.462963129565395 5.9653898448211535 0.6410448295375062 -21.70587202002322 28.84911565168221 -11.643002837334535 -30.40779430100089 13.858205772925423 -19.74365104373934 -32.938009501948486 -10.453960742815006 -29.610251188189064 43.33045254415556 
33.30336605089308
-49.93300137460488 -0.39158377755031637 -32.92191234304984 -34.531770467857214 3.1691319260545825 43.69944690571337 33.255952973604764 29.966109933081697 44.49363704322636 17.259708181030334 36.35496335414679 -17.18363996452549 37.495323924514324 7.961419514680848 46.17614520413963 28.181089243139056 47.42568389724515 -14.793376942903556 -34.26673900803081 22.579551841262884 
66.45110611837003
33.87748732907956 -30.419608303873037 -38.33548495821187 16.420459920517857 23.744603918717573 -29.348949971169457 -49.789374816620644 -38.40282070270426 -15.822586983414944 17.308657579020576 -14.64069015677687 -49.90337051067233 -21.492019357137103 -33.453541873118624 -21.815665852031195 29.820422658937787 -37.26867352104478 14.138321216325593 49.28659689892224 -47.64491043459893 
19.182598766164993
-11.969956407552104 -39.60365979962216 -13.396744014088199 -22.586650485436387 27.374155174712982 -14.14455798688541 12.841350480308712 21.696247497257687 -23.65057364181523 -14.627998461727607 7.448536773091753 37.419587453955685 19.26961671264229 12.583975317161531 -41.27253940126189 -32.91002880228832 -28.52574130596376 -17.26189262541552 25.038072840359348 30.743572261716636 
69.10754853336007
27.18500739159522 -42.10834159991758 15.273442888437117 -29.870299346869324 -17.589337215400555 -35.29707180394182 -47.487679053377065 38.76843711327054 -3.0307157005904344 -21.426153516648082 36.86747440282258 36.10648516499258 -9.048117721911908 35.78360939184299 -20.1139054815755 -19.385655003234714 -30.480518236756325 35.5850240961949 11.33682013679531 -25.82425253204782 
24.54947761422729
-28.54173680448899 14.22501611782306 11.516639781592708 -43.4119206752375 -21.85120570028163 24.61638701503348 3.9366866568011787 -36.92859676438008 34.61703466232467 36.225659635025835 1.855647361724813 -31.82775175351256 -0.546915394930835 24.433971115670445 -5.074765217367286 14.64915452491249 32.360670982870744 44.73072646524673 -46.67965604383667 -1.2811484739276935 
22.99018899782752
-33.46733289966557 49.31182586783032 5.242754693173126 6.701543284765307 -25.085050716317635 -35.66375049162836 -7.587305001316366 45.76326795099938 9.99604779506361 43.51641270599548 32.64056648172155 -5.954842389853468 16.55033974327715 6.949588556000599 39.50117632625488 43.437438929575364 44.879253363417575 -34.93117246493095 49.3470354293093 -28.969669028445367 
28.053903331585495
13.995886371001276 -19.39158801031333 -32.48645295121477 -39.65087458471359 6.042644139190877 -36.18850581918047 29.306129785173397 -32.97904606373561 0.3811327799596995 20.99200174874946 -10.397206162443076 -13.463522936055938 -0.6093543368086287 -25.54883039288689 46.82368921456195 -17.0528449192049 -32.69641911809109 -18.304457276742347 -27.119692936212946 -31.69632921730755 
59.510032598459794
25.92149315492624 48.22106213285713 42.84238834247036 -36.755613165798884 39.550029463471546 -24.204214385494105 -45.86940865164723 13.36548043948931 2.0868480008078194 -28.120781528250404 -14.560383107560838 0.5551378071277142 32.977238007192966 18.119359757014564 8.322149215105192 33.498201586410985 -4.855108574037651 -13.772724135069623 24.701821573045848 -48.52954583869764 
85.54825189819465
14.400779167393893 -20.25954847517638 9.249099386133452 15.357561399071074 22.875176976684557 48.3301692566166 -27.626250543660326 24.25024231955264 4.920056386475203 -14.735249979625273 17.524175592922603 30.84189758831822 19.151837053858557 -18.023463650527958 30.144303797464588 -5.585397052949062 39.207677344614865 -8.81770065726262 -20.5697081929749 -48.126197073969365 
37.62695846542563
-35.13651912484853 29.413739343990954 -1.7403864839534506 -7.7874568767923975 0.7132446641666021 14.109406684093301 -0.8421396990617396 -44.805396431840016 7.5148239985886605 -35.43992937735992 9.000718550861187 18.195719576551596 -19.127325626567714 26.099449823717563 20.516359558728 39.29667125363791 27.2999575220244 45.26740878388301 37.48154831143013 -27.571853683986692 
36.872954530182746
37.54990421093389 45.450618838518324 -46.135629249749876 -17.50502064519077 -30.520526182174446 -46.72115336262952 -44.22956691088865 -32.73053931210438 1.6202737652323833 -7.9722482993635495 -37.44413290729134 -49.43618404380919 42.57503186578111 -12.76564399678076 -37.78714294249388 -41.94714117980503 -41.61048542354343 -34.45399345836495 21.868161285351604 21.36243300818124 
16.593373646089137
17.366874383893688 34.45368826145652 -1.1089587357575112 19.60459669636427 13.431784303388724 -18.298610742516118 0.9692717109152511 48.33796826665974 -34.882463520701656 -42.40603055928247 29.72382843778807 -6.403701837959595 25.821470657961925 35.95362573385741 46.84502015323308 0.1864315396020828 -46.118527942687734 46.02688569507859 -49.08639740670909 -13.309653289074156 
46.281223692817285
40.724333160103114 -19.975130183113976 32.43489017129477 6.778991566686635 3.5998255676005044 -44.84503575087152 42.44206227265897 -17.88219515071775 42.70458129429538 45.04635549122749 -38.9950795686669 -14.380635392706509 -37.87271830026202 -35.65346192677272 5.022611972203791 28.733612765294453 -14.667849962686873 13.315926421613547 -20.658853600998096 -1.989626553247838 
78.33269785681192
29.628083679184357 18.084986771035616 47.479027891911315 -14.710335790021922 -49.382652286566206 -31.672357136904306 24.566737718254544 -5.702590272039721 -22.21400882844472 -4.562138600251629 -38.54480301277611 -3.076142796584847 -5.53490155855215 43.05125107053493 43.17053362902924 -8.50522189660662 12.230328076248618 24.85540722077718 -41.27962346696869 7.16411295567336 
62.00583046861967
-39.76003046406423 -47.76324328661219 -6.512341892208227 1.746527178457569 -8.648739347206366 17.35297684390291 28.51839137669107 34.17108497150552 35.20448563927219 19.937116442064465 -2.632679770991885 15.22487966889419 31.244689228319217 -8.175586752002786 -17.275321520994638 -13.215677519251102 42.11103034035585 11.335224387779363 39.011951174692 -14.429088055113603 
3.347137799546629
-24.865106556721884 -7.363926958188415 -35.67455668282923 -3.5863551659276567 -29.613729035740576 22.242871902682666 10.999815682509507 -11.402741196266454 -23.834720554006207 24.917651810831217 17.05590564101456 43.27399900678948 -41.245655756991866 -33.043435650056196 26.918031132995864 -45.52745124654444 -23.30186986174112 -48.86679207474136 47.20754125385412 0.7968885158380132 
28.400483629884153
6.310670282917499 6.595097380240411 45.50573286104395 -42.43893940356869 19.800027671044788 34.93824566112349 31.909519805099237 29.894625631070454 -11.957936520173917 -26.171064177187365 -13.766006114536907 8.345547303924171 -43.01020645373435 39.75762092809312 43.71273148528401 -16.59545731386769 -40.004871879581295 35.80765454026084 7.9091982868237025 -39.84571958758484 
88.05377501254344
48.12571579975483 38.13225319629899 -35.68508781882137 44.938364710258966 -30.628996700725743 35.29723738347086 5.830231643171182 -1.9496177477186478 -37.07200101308935 -37.30184887465754 -19.570370714188435 34.74746312057279 18.874630189423883 -5.105407361582792 -2.8794841043491815 -26.546738557984927 -44.47034132007835 35.28055310248715 42.7105193533305 -40.96706945685945 
38.86022419550608
-19.109728172675354 33.22819056818618 -7.281968551442063 26.11239175956031 41.609822563959725 -43.49447745031766 8.29045640956162 39.734719283125685 40.20122595986308 -19.79485707146116 -41.7142303222729 42.9967720411322 29.409261638887756 -14.780473432808641 16.65207748745955 19.66162269785906 -37.090612998873084 -14.360861241384612 -12.398586707504712 -43.346645684212305 
97.96848806280748
19.617585662156472
-23.806220155323977
-37.368940397651315
-18.29698817697445
38.98990661154144
8.746545504927795
44.408741106448886
-43.9370330600692
47.856698815274555
-4.698775119869566
0.883931825068295
22.79150024187807
-41.66619137428225
-48.89035983747784
20.826833199760813
-30.837538611571148
7.188636101122391
0.0937523418665478
-9.063759531769314
21.337758873695634
