constraints 203
variables 20
-26.422593704697505 29.158660122568406 -28.9587650380976 -9.211622328456826 -40.52168148325377 25.963403021676115 1.7555653868868006 2.710878199435008 -15.980827640540753 5.032549634830431 31.51097431651273 -12.08192290422432 -9.261191357800534 -12.2081946664525 38.65993190546597 -5.490418270688821 -30.37077454092487 -11.533242266048873 0.5479460483266649 -45.990156977677586 
22.06824031495418
3.3380587408034827 2.3207960788011874 46.42580673864131 33.20727990733519 -32.00670623606361 -43.08228167299991 -24.186234797138837 1.3901639737619007 -47.902345725880835 12.63296187109583 15.574780096737612 -5.801833386320418 13.256247391107223 39.960195677909695 42.561305505961585 36.36125520557472 24.216752093727195 -29.608713355158002 29.56595372600279 -13.955090940192648 
70.96181871331463
6.422977362726876 6.876572918542664 22.9164071125181 -6.833546185316685 34.23205616216475 35.32016756744005 -46.08588236027652 -46.95362438724745 48.31157670270075 -44.41860671790767 -9.212300039774604 -26.20084801749747 40.817813765430785 -8.430323021697546 -32.75318045345986 -15.359361740953844 17.45958881817144 -10.777686748463886 -7.049625582793709 45.865100005475284 
26.468668812030106
-33.63086493779895 -13.412144827682447 4.408135745305671 27.521967646053326 34.147635123803155 -9.051067912781583 48.0672881079733 33.44330650609609 25.945737033577814 49.1469544783652 34.83606531120337 29.094527275957702 35.962649591124645 13.056485919024261 -27.267197861332914 9.072768160497922 26.21655527704327 -37.455349620679144 -34.94334333254565 -21.337221452195475 
58.19113847919692
37.22048643067663 16.178738131978093 30.95012791938089 43.30125506714964 21.196104600466967 13.777189012094517 47.08324351874076 34.97132719123147 -24.25204249141433 -35.14916171918377 16.379214695801153 4.3583052907766415 -15.213975341714189 -35.10324047235432 38.30035203669276 -48.385625435756666 -36.316655378289084 22.3129443157257 -0.7145088013727019 5.072781005442565 
33.28773326760973
43.3879680858967 14.002093575750422 -48.14646708005776 -22.167861731604333 7.165424262735385 -17.20778429354469 25.12391315391163 37.97960384309664 24.02159534270703 44.917460770427056 -4.387885554647994 38.38334047845842 -23.029348561299155 0.6650051682319713 -22.039497615022142 12.911886890542235 -9.48755881526452 34.45891964381194 16.11837805907092 -29.916027794212575 
8.263719223582777
-4.17205906544752 -43.78768718728114 36.27712679965589 -12.33556874211883 -14.587062248747188 -49.80453082699158 24.91867676806598 -12.273534746957552 49.15433048392083 -40.93442168968061 -43.862733895556325 34.09308775882383 5.381746374998741 40.554519799988256 -6.752411888389723 -5.397043466697667 16.73524484125521 12.930746856512854 19.960549551032145 -11.896437628524424 
21.679447712652856
-16.08093101579847 -44.64441910223339 -20.56544990015421 -41.171024399692755 21.730587335101646 -7.578602690291547 -15.697722389158628 1.3855962562076982 23.80888194763567 -49.633992141085756 -30.807320023153974 -31.30547992859367 8.136777600082354 -49.083700678692544 -16.479654601164114 -2.7406369306613882 11.811351026262486 -35.527923561750306 -46.11256485999194 34.51221685951458 
82.08310938270742
23.24894556326288 3.6268858755342137 -34.7825602731241 -13.83147375826924 -34.561018662730014 34.7301336289523 -7.405321608035777 -2.116571892048924 -43.06236546030119 23.810348960236865 24.078769017447627 41.507993600075665 35.32988463542736 38.92795080630111 -44.908877415704474 -13.717569469275524 34.59813976314939 -20.094001826328768 -46.72073561137995 -11.454368173145134 
28.408950257898226
-18.811240029061118 20.38824494816076 -27.232549074705393 -25.144860137781844 -6.652362370973577 49.25960896081811 27.588455944468677 6.174446224842924 -22.985696327689876 -0.5892659252297392 18.469365443774507 -16.76467124716997 1.3217618197112415 -13.770719556866538 -15.334394031777222 26.475143064782586 37.859820405613206 16.024594894645873 44.98072079022339 42.49535099546431 
30.70218601473218
2.009930775263527 -15.884344400722206 -11.336932725988788 3.238251740276965 -35.253650880454735 29.41922651197899 -43.16233388996524 -16.65664448396703 -45.338774149503976 -43.54167473192363 -38.264228105497935 -10.152850653828757 33.96130185423844 -18.93525537809101 -10.53251079402063 25.310401274447074 20.592280849504746 5.3787632305214075 47.421209169258645 -37.20357440360994 
77.85393707847706
-14.102117674408952 -42.056090535948385 -2.3759157607496704 29.861824107019288 -17.34751422398164 -44.84161700621143 -40.98496333632167 45.25361534061906 30.36831486158586 -23.22166691768225 -8.901216890241827 -40.629798055665354 44.839124603436105 -9.07313462240765 17.914766376256324 -1.401324148673936 40.72098371688985 -38.26664107162537 -47.14840738690961 29.646353664433278 
40.573098501131355
36.878309185804056 -0.6107860937837799 -18.777938070442126 -0.7917333216485005 35.27521488384082 17.060714543696292 -24.06711819132765 2.279319389130208 23.723103214694646 -5.773909773690022 16.161624888403708 23.516273177776654 -2.3670973887870517 -22.448780135366032 -10.727655363365521 41.14209530815317 22.825263873213956 -42.98900430129788 44.69817986443266 20.73336660691308 
2.917130300366133
-5.213645579558104 48.29789667315319 -30.844685663454584 9.958711759456186 16.60076659517135 37.824508166180735 -47.810950076295676 4.752207201822223 -45.15753865381002 -12.568605401643829 -2.9179391560722934 -22.32195247920723 44.24451895390942 38.84835803877253 -29.508660677196907 -39.126009320064036 22.945683036793625 -27.807897479623655 -17.84822138999008 -1.7430373794298148 
34.43054537268413
-29.66736977534333 15.090751115863128 11.147023085277766 -40.85143431993208 -22.68087938790343 24.323101670002472 -35.85261177575436 -21.46286869630384 -36.42417072528256 -22.3009905417356 -31.54601431279197 -11.27534752337462 -11.58935194522207 34.94049647233179 -42.08747248638659 36.365490408322145 -6.164075478567966 -26.109354483667413 -13.089396759368533 44.859257840493754 
22.78322885685331
-23.387177946008066 28.586897738794093 35.63287585131887 29.500759037806702 -17.784446756602165 -3.1409190206151933 26.21446921548035 -9.745903293857062 -1.8580757479095737 -23.58351068132122 -45.49596047446718 28.40810355510328 37.15067310381201 21.093272430297375 36.94657848691422 39.549716014767284 13.329439947319813 -27.06782946532542 -32.760868895581325 39.51848695756706 
37.21890691123054
-38.23137219711854 1.7540022897792795 -38.95629986493494 -2.510147892950968 -31.690504952666586 -41.96380524269205 -6.856039323129856 -45.39660585791526 -27.549897277759538 -26.466138844626396 41.52717633864388 0.49802005254012727 -37.032018078876085 33.1463561697895 -12.064136215570045 -42.41472550276573 -45.24888494188727 -23.774683714415048 -8.285234129116084 0.19921007176490946 
95.3630380529152
36.33984354803968 7.834781122046195 -17.866933672332195 44.01671546153605 -49.58218770976613 -7.810737170874539 45.00983813634025 22.923632177509674 -2.1990327130393155 27.18574264256425 13.971770051022304 -26.495963734749317 -5.697674578367248 28.48818092191874 -40.463013648098546 -1.9111565928642165 -28.469818135602665 -12.778119112076006 -32.540147748179194 31.51321937705488 
67.54375297582504
-38.964747397375035 12.044860942006878 -33.60359087554289 41.33133899507118 -47.880426830381126 -27.39781095518109 -49.078121863524125 -49.347415627153715 0.6200369687599547 -32.40371903795855 38.576403381647566 0.4622906242314002 -22.17172132659878 6.527150471391899 -4.423738273526197 -22.566055863070446 -14.871260453179303 -24.302639672194005 13.60317137014686 35.02692769786137 
1.8781320709875593
-19.244103687285985 32.99223895036046 -16.907820673506556 -21.770612312000637 -33.726528389798275 -45.34137496338596 -33.81318298526943 -12.631528176896445 20.592044973094147 7.819208125831366 35.5690615182678 35.71446394946692 -47.19535550505797 44.96006340765443 31.270528802653402 -20.659624067507153 -2.0401627737742203 -44.47991954632635 42.693779620685405 10.204144911921233 
16.44851343573327
25.405598111921663 8.858797207676929 -43.26363231498953 4.018887187315556 20.72045031857043 -47.27719818346651 -10.086746976511819 -30.021075068452895 40.99034840722817 17.92364433652004 -11.84958594368495 -27.116307777261305 -30.319915766654727 -9.152219325180667 -7.814931824387294 25.368365895083812 47.946503337601285 46.099579493605845 24.571310031880827 -7.224005094756578 
61.33983666866099
49.24958345713381 -42.50490755507496 13.842295975900988 -41.43961968981047 -12.835003942629086 -12.677378563266181 -34.06186778149226 -33.60284944345182 -26.723407398797015 14.627918432009395 32.233538599784566 25.61962763584613 -7.188096285774712 34.402257915949264 3.6354926862190666 48.86322761297798 11.32540534556945 12.730322198208675 14.464847115449103 -6.5563272438537865 
18.782132650950146
-36.57514314204644 -32.423784115578144 49.55502105244834 21.002042460364564 40.94369919389571 -48.012238677932636 -32.54947280718018 -29.551918886260275 34.3700580973063 -5.923748712986523 35.97517234764298 49.14181218444857 -18.68103656571325 12.005898335863954 -20.786871826546673 -22.083798205739136 20.33981815150912 -37.70209878262133 8.033009589403243 28.26591623708019 
15.717054393259634
-22.6892166164813 48.958282520899914 -44.2686963336566 19.527877356129693 -7.110020987853879 -25.940274625217764 -42.947012037181935 32.39815622503315 -43.44163924467601 -27.538631826664318 27.25981034443653 -13.395479542851206 -11.642304005813706 36.57088679615008 -42.59639448061012 3.0027685687636563 38.814300191596445 -15.710082218011344 18.830095545869526 -33.280268641168064 
1.4904210268214313
2.2293649117390544 25.67597985298673 25.627737271205746 -8.803778201047926 -25.65080420494811 -46.291964017005796 40.327895252020326 43.175415070495674 -44.53814510295099 20.67089240821487 -45.299597091055574 23.440992767906053 -40.3170893888568 0.9858687396346895 12.037152546433184 -34.07431325094947 -39.817944368949384 -44.05596313137925 -36.64606255261532 -31.7748428514125 
88.48217693611308
9.462541886695753 1.6865287746115172 -15.54992343773992 -20.926316358103257 -10.97613702817847 9.007057465386318 -48.93329067449922 -21.744151680120417 -18.40639409672181 20.85398586928892 19.5937075561324 24.88642369369238 25.113086380911525 -2.148809011747609 48.636259782136975 15.115361084123847 -32.41116012644123 42.99850035536808 -23.02308171672972 -16.802060469972623 
27.85193210879646
18.948246869882084 -40.694238671942564 -33.872798578113695 -15.264313897184465 0.43929523183670227 -3.3391878604925083 -28.904926867145665 -45.27868205456465 43.642100274641095 34.76290919930429 -18.313884726786444 -7.973340444292376 -33.62463240735319 35.16753667393944 21.227362717938618 -40.33599708366745 10.986921593076957 46.51934073645046 -10.137778813330065 -24.831184554054854 
55.14840672439442
16.183432173970786 5.686001119940002 30.50191988824659 44.89549139929633 -13.859246733449496 9.6750869112769 22.053448085980904 -1.0477321733766445 11.273156416976562 39.16135361248246 -46.272252102160905 -26.289412194061402 23.027075579059513 35.24796792665532 -6.235908340127494 -15.807922533861138 36.93293457595392 25.83216948225831 24.248906811385325 47.90261937194337 
18.57081236703948
17.795279831804805 21.200999753236843 -44.30385440309057 -20.688974475458068 39.439599697000645 42.66202318574686 -23.40342274694113 20.521691808314074 -2.603545628478855 -17.59980707010299 21.983775903161686 -17.076429334878185 -49.00082787729401 -32.36390014238144 28.631481985463296 -13.614274027863772 -38.490712471269006 40.62520723071829 19.792106828937605 -35.306081239450684 
93.60381055290856
-34.01760880740804 -31.144581290986363 9.686828382132859 32.175928716686826 48.30969174381963 21.06511155956362 39.64355787550279 -21.228947269321374 27.989221736453914 25.359280341139566 47.91910512661342 8.87461130366249 46.92893671265145 -9.392106956408888 -30.437205153343616 3.787587153759276 40.59978372787539 8.352366897135134 -23.982057759677 18.97026381833797 
67.87849746746156
-22.39063716741898 -29.010715669602384 14.504219885087977 36.011108746599774 26.382968663504755 14.178018414713861 -47.28287334457087 -35.56197827632821 49.236483785717226 43.82255455282127 13.034418726265798 -41.72772049633412 -29.3929848900512 3.8463679959899437 -15.233510957164512 29.898407534726445 -0.49685619006213244 6.902635536009285 24.8095243695371 15.460058421323737 
12.807968655651258
-19.281392318220902 9.132677795384367 -18.069595341658506 -8.38317049330152 -48.11906829007815 -35.55619952724177 10.01001614551376 -12.128937688209554 18.566480932952246 39.57043720335999 18.272809720515298 17.006200423668517 -48.288550100683814 -35.13758549190776 -35.21869092858122 -43.585013444812894 42.72481339487608 -47.68321684787763 -26.18162982859583 -20.767302235253528 
35.09051639937941
9.145472900134564 -12.566777447427192 -31.715797313892878 37.066010247818966 -26.849482240337608 34.175490047952806 35.98931731395969 -36.8269006551018 29.541262653909115 40.69161769816458 -27.39504699259545 -6.70975235961663 35.72246900194612 -14.216064761172298 -42.610345650398344 -30.106114267128824 -36.898207558940435 11.083372351987997 45.10812645157064 -23.640556322857265 
13.109620006211165
-42.33742908315937 -16.24963255949166 -47.77881018469054 -21.606213910266657 -6.283007844361556 28.422098421648315 4.9031693099948725 49.546239420725925 34.86734448062943 -8.92983333434757 21.671883200324572 12.738228152005327 35.68746664318782 6.038658024036216 -29.575411670300067 44.285133582749 48.73757125769944 -2.5915305763336107 -46.58460418889911 -15.568393701299414 
55.683533603950316
5.655155615244986 44.134597982986236 -35.45784053965215 -25.991306157716775 -31.63317286170081 -5.705000352464275 -30.598028177853454 -17.62455471297678 -47.40399157245415 45.242239295123994 -10.522898046521647 -12.13039713249757 4.876277202288563 16.09441034404091 -43.247076491363316 -20.83860106084329 19.01666664819355 -30.47044765135919 12.164064215739558 -28.957315130117077 
71.49370930955038
-24.62210164827856 22.648686080026565 47.85071407376604 39.59316952152521 2.03897465534331 -48.495512751808064 -44.03532165981535 48.41040275334126 -33.76798150082695 -13.00666741311052 28.861909276885456 -10.599557722608907 -37.29859502680372 -48.964098021888105 -47.85350010669296 15.375843956863562 -22.762950822724015 42.35737336165863 40.51380341618625 44.68241502644477 
8.733080624114054
16.589585953425484 3.7901462381472086 0.739947286356383 -11.003682297489547 -30.395257712268176 24.98775457078156 -27.782869928031918 42.62936905753148 -30.249808642151198 -40.25919815732462 -46.183178059246025 -26.44850062111925 -20.326630534647215 -6.460843667466243 17.97993591509369 -0.4163939304100168 19.0705351039299 -39.14773233914042 23.773172950226893 -17.987969694871474 
95.96243883052857
38.53635024512842 -9.192094654163675 13.159113460302926 -24.005391976735314 -25.156136086496318 -46.755479944119685 31.72676242551543 16.77945796797809 4.9050270929734126 -38.23140249652076 -16.9574796571032 -32.55802024502155 33.726890252134496 19.882287485195832 29.325967343242993 22.300266241519637 38.55629741287052 24.936296083320542 -6.293506679455774 22.006698820055163 
3.8788134343372027
34.03495957136262 -9.038158018293984 15.495115188414886 -45.62348637372708 -9.721167602544945 -42.1899711980501 31.723829464877127 43.84326807484918 25.766364916838455 46.07560547631178 11.473925694393316 -8.643012342768877 4.358136642467201 -16.835589564168828 16.356721036266933 29.93401750401145 -20.585727126583965 36.01936049862911 14.703877502558598 47.44172443180176 
69.54763427734932
37.09297972034774 42.158171587961874 -45.278997233802755 -1.1076208047620568 43.860786788915846 48.55241545633322 11.671312888847474 -42.53038031135 7.012802650954889 -27.941404363084064 28.476576870927246 11.938822168726325 16.69883935373055 26.608840695629567 36.20105391980913 37.35570541971515 -18.93357855907215 49.2342929493084 38.660099267948254 46.51437536627043 
16.81855412240595
30.237576421810573 15.771516786268677 -34.966485841244406 -2.3682518990004198 41.009005015634145 47.518952641256305 37.553408408747785 -36.986917889915986 -18.183734725242896 -32.79041370345166 3.2427050570809115 37.53827624637269 -4.958180413090176 32.884163698863645 47.270756668315755 48.40110181974745 28.11178272219864 26.53816323290023 -31.016527485030675 -42.1822940844913 
34.754597265384135
-47.76128237956156 7.227635254975105 46.06769442310291 -26.75266531950451 6.272634699770386 28.600641044009862 -9.182872778424986 45.95200510870214 35.13670686142375 15.359697240148591 38.85685454955059 25.713739413248334 -19.517773034198527 -13.69351683248452 -42.49712822294415 31.587324535389385 34.05143452314475 46.1703856168796 34.643720478037295 48.878013498149414 
40.19439248778666
-13.1546227376789 -31.216840914043896 36.62711923566391 -11.269407129056738 -42.707311364351305 -46.58532504565602 29.44241629768942 -13.27968089767677 -21.99655801068007 13.677672921136377 -30.032089741125866 -15.863342673583645 0.6224249186129072 -2.516577964711516 3.307042176754173 -44.520274260634686 3.666261980877863 -41.83781331443046 -24.6420210007004 7.050594909113961 
21.226198538646525
-8.82881254289559 3.2891067070863116 -12.096969591749918 23.12783919730495 3.516363089302388 28.277426625161155 31.41705055057244 -47.7728771011604 1.2791516547669488 18.152055589723304 -6.010936993964378 -22.646110164069455 -21.997158074493882 -39.27040497364186 -12.490912840760856 38.871461794471855 -25.318761657389377 -22.602398442806248 -26.90360545737852 47.90259810816096 
10.705771824779797
-9.102985666375893 -5.0093474550805155 49.97930809980183 -45.63461061030641 1.2738306525702257 -14.45355286314841 -20.79401076362435 -38.64313226640607 -40.38505293311001 -35.04514123294339 -40.01759996708499 -39.74853396341115 -19.547498226387795 -7.38350711408453 -40.08499607122343 4.977156701560915 0.6157155722298882 1.0162343494879664 9.752251320325556 46.11386620886368 
24.828647351484577
-42.499324585133124 -15.988573001708104 -4.837468278619596 -3.5031194299959267 -45.46495389814018 -20.578341293270043 -31.062983399620958 45.89564152059474 24.81716742398234 37.38978442114535 -45.158803515066005 -2.6335626429931054 14.051818952847583 31.40276238654951 32.031843437773546 -37.851212230320776 21.239597295720614 -19.387658615375404 -31.668806929990765 4.118136973311529 
84.0102079048333
-43.19523323891447 -11.75863802718775 41.97064980015361 44.83086925487639 23.54030742402125 -26.473912774511554 43.290042997264365 32.84629612595002 -16.545579643056165 14.563496809603436 23.451150014708162 35.65750790851516 12.54440429507622 -21.963043669175242 -14.540503900627442 15.522505326641095 28.72243756041641 -5.480735082275082 -24.404365224752667 45.26262558225041 
25.997894486263775
-1.881205814281948 -15.872448430004347 0.5841738101922545 5.358921515399885 -30.405559856214225 -9.626005816909498 47.575685747759564 -1.244794099319357 44.2094814311033 37.04605822629459 -43.182988558815424 13.540974564828815 46.08284522856809 20.063975170828982 -41.16286660904844 21.31927519878961 1.9094052099837953 -3.059515108457603 -20.416542135937977 -22.664436221157892 
18.659358104777958
49.341806206137676 -40.883944070072474 -15.59924647257759 -17.770097053746248 -16.41836471489865 -38.08383709848388 8.780818263905907 -2.9892028909981008 16.57326420129725 32.998985020225106 -35.42784683213406 39.938610124752344 -25.840667070744637 40.44665048261045 7.788842932446407 46.85278007853661 23.758299693551223 -27.97203812170592 -28.279880193370133 -16.170128695525406 
23.911278751020948
21.247314249831902 31.073205310648603 -18.33929218941496 -0.41763793407512395 6.466005517958365 3.998903746313232 27.74831883509708 -6.039875012835218 15.66487846562292 -11.695811740387086 -33.557030910339066 5.02752522741082 -41.03191954621984 -19.011808336631773 -43.806257999100986 -11.68806545706169 41.223425428924145 48.69496295235152 19.88451850575275 -4.0034273415162716 
87.73572636288077
0.7583983072109959 3.3353980008941875 26.969159564782657 -32.32485835126678 -33.7781989411515 26.188936935076313 -17.596880855950857 11.733447004192207 -8.453441859206364 -30.736146038358093 7.111212265024882 13.27688025991852 -43.31857986803727 -7.052898680948971 48.18095417682106 35.544984378849236 -46.254056115764286 22.308521077307233 29.295828068985614 21.37068969311983 
34.78864745656496
-33.639410740451794 21.66566870701368 16.44762236935337 12.912516943900584 -38.75103216173596 -9.365723013815732 -27.65357975992243 44.51745388637866 40.14795773203356 10.801746496051969 41.28263019499961 29.49136276554684 36.24816822740536 -28.106414721899377 11.064526488726102 40.88855410678683 19.461990887271696 42.628203356870216 5.699968314513605 35.96620938841765 
2.3358023928346183
20.478889634345975 -5.182786222762239 6.406644964642162 26.146061458621304 -28.504073518761462 13.35538573984126 -2.8648185061595797 4.269723207792744 -43.75096696941895 -8.093970494982514 10.350434344917026 -43.3422493355213 45.469821723602905 37.63805150860648 14.215880029560807 16.603717402366115 -47.881453913282954 -14.085959255687484 44.11857619365637 28.98779587203458 
95.36889496484626
-36.49319616936292 18.482955349602463 -12.210284343976916 -33.60087168585635 -34.24929281392457 -9.165357439613864 -20.09744661978914 35.897420873998115 -47.98681426689295 25.14125873547073 -37.85749342522359 28.83375295395288 6.54760054949984 12.414244534150065 -1.1619536669993948 -6.679729197938322 -4.910633634086103 43.1377186318073 -21.504820277464965 7.276526931237662 
21.483066822880048
12.297450082662856 9.773784376019911 -0.8644222870979448 -46.820919716005214 -38.384929579259975 -30.626683877402538 6.971428882376237 -10.386033181005438 -42.95039901700234 37.414398990462544 14.197832982164385 -6.710291544883852 -41.289454910158476 9.516143203211577 -20.616958865837965 -10.20737058937383 -34.966344753387546 19.00731017453056 -27.255461420073225 -29.956373395682412 
53.40266573450807
37.57270315053371 42.532424668721845 -4.252868677265674 -4.642785403396552 48.12446617135765 -39.22043018223962 17.306955819416032 46.10925501449873 -0.19876996377207945 39.791228366166436 12.403037101834677 -4.702701420060819 -38.26364373272092 -31.7336702924086 42.97380750113801 18.73978983945878 -10.400204141090832 -10.912819186141867 -41.47529207630476 -10.59393712947557 
56.906348045219524
29.58386128890868 44.48420005059573 -10.094766029684102 -18.303597759779898 -0.525900067335094 25.754324035774587 18.500524090905614 48.433537941182294 -8.300991342533678 -12.34628073889327 45.98845426399252 -15.173396008223072 -42.98050356154594 -30.873263798965677 -38.260549289494215 3.772207466804147 -25.492215143613674 16.393088631202318 -6.221627144993434 -38.27318031290946 
56.96296673889757
-40.86172619678412 -0.009448361399613248 16.55599571486283 12.799033637520452 -14.104256827491788 5.370949825533231 -9.72856591885023 -15.901573303073668 -49.552374274728194 3.691046819058087 5.054972152843341 -5.706451530617549 36.87155132265865 -48.95985208755814 -35.41817707514301 -31.66661441380434 47.28693432702869 -46.595210556981534 46.893655501398385 33.211748465497394 
3.4048150447725467
-9.218016511364723 -40.06456443561647 -32.621690565274875 -29.33878509151846 26.279044203098906 -13.641830591668224 43.823039591749975 -27.985360175469342 20.234808661683275 10.303041285718905 -46.48073660367976 -42.58576423060955 6.604045756760712 -24.379370856285743 3.430006275120313 34.49584115422721 -8.321067547632332 -27.657719990112163 6.426917363667961 46.2389660361729 
53.678461938994104
-13.791122243871655 19.24051483373144 2.118494861054174 -44.1812897500883 -25.324364034903756 38.95505901417184 30.71074499321385 -14.816101442060372 -47.95027224452903 38.580913338674065 -26.235771421407705 -4.949765906573077 -23.71904368517154 7.8817305399153454 -15.578729596167562 -40.72844980296232 30.413802175394423 -33.096604828570236 -24.422554089672488 43.91774627082762 
32.82265348472456
36.546120586832174 -11.708457578307872 -36.4358445359925 -7.909892015985562 -16.959307739093447 14.709536625741606 17.461887178062824 -5.248306949307505 1.33433286987853 15.141892615389267 44.276332052983065 -22.88151587526004 -33.838793757898614 14.734235380531274 -6.837069522704233 -13.997485873277547 -41.03284967670088 -48.40278093921198 33.65647166679078 -22.59197488164324 
23.877687641049082
-24.687734997050935 17.18209340008123 37.11500274130975 16.542939349581772 -37.59446309273093 -41.046727599129106 32.569624743393646 35.9626286975427 23.683350096840186 30.604087900157765 -28.390377327355765 -28.711210070607507 27.24800486053678 41.11007149949195 -49.709257038922416 -46.87653869616649 -49.43623691959902 36.38400720742749 -30.556136280450385 -28.026952668043236 
55.11852134193349
-33.609932738369075 -12.419452692570843 15.290681712369917 48.02750107721978 -47.29832152998795 -43.621897807423984 -21.067665086530685 6.351021709640968 39.13559524234299 -45.786464355905224 -21.12794019904912 -8.050747946664302 23.42662595484694 -6.920988004454657 24.666208096778746 -22.62738872008897 48.86454976216747 24.69976690355115 -32.57397301879491 36.58721955961191 
31.39674196609048
12.788653119449378 1.9525650969614787 28.260654357834554 9.907088303245516 -29.890165712573236 -14.792630008609322 13.883996510655372 -14.786198243829027 -18.612639727219037 31.436925428766955 -41.818057160080116 -43.21425219734244 46.08269786782107 -41.96160456005727 -44.93643444478167 -24.74103049236207 -21.32145717602113 -14.351284083348169 -41.20794210753248 3.5420947754365883 
48.34449838437885
40.95861410966694 -22.897427489112175 19.631366840590232 24.723552307679498 -28.602318051092546 0.6730892462050022 0.21303157224259195 -27.93351069643153 -42.89384764268396 1.6539869258437392 45.7129008427368 0.05471153412044316 -2.4964444990401304 32.887777182395396 44.659887409677054 36.39020073728261 -42.71603579463651 -0.9987149353794536 -21.937601510053284 33.59463845658948 
29.81208947370795
-49.27174260289768 32.95341573316472 -39.55202994796409 14.663973229614612 -25.378723913824185 28.342245199402427 -42.88998826461396 -39.54939448180195 11.737502876089302 -43.48217717490896 2.206947550472094 -5.917706909666208 40.93369106498143 7.980595989896791 -49.97213578546901 43.27615818697838 5.081591558030318 -20.763035135658047 -3.5352678269779645 -39.62135834557532 
91.81567574000837
-40.72767504610899 23.442565405795108 -27.53053071104613 4.350942347283073 -47.27418772709775 -46.67528196572231 15.23304018687162 22.45927162459175 25.62180014232551 17.141596332617155 6.227709211052947 -41.131385273710606 -47.0296613277732 3.4793328189551147 -23.047004739576327 -37.84991179813372 6.630651801975262 8.478248771217856 -37.49069483944135 3.583827194841035 
96.53893253998282
-48.37076828432385 42.6642004724912 12.545196449520631 -31.266381168832712 -43.08062466171964 38.783876188215615 -7.371204998318035 19.56846132272925 24.366625678267994 -2.6420317157766817 9.028433752573342 7.0856227672003484 33.09630830640053 32.74039820498534 -13.382965799953418 27.728146444834294 23.850838240190456 -40.75155677316058 47.721237619712014 -20.59681379121885 
56.1870847725483
15.906777083657175 48.761231747546944 -49.635694791550776 23.604218262784116 -24.107219286849045 45.72710363952514 -42.53666916928602 -11.541909154662697 37.133889099762115 29.88883687764705 -42.97083503650265 -32.24345766897354 10.527362815914167 27.18781116919982 -33.03694971252581 -39.20675167975931 -42.10271904089986 47.43346824773104 19.596803307321863 -39.933960607104645 
33.07323748612438
2.72956509113731 11.442528180631548 28.038900466975846 46.369596861966485 -11.51971610463557 28.169408517080882 -45.95486813205007 -44.736164563443126 34.877123369311875 0.9751807405344337 -22.007544421855087 -17.783098245412035 -8.056568395444849 -6.0230986914537965 -19.480942141275058 -25.651837660463894 7.0140863079725975 31.32768471146592 42.86299482224358 49.0719883344224 
39.95369765634948
47.4731277706132 -26.054540995206366 14.822524289528488 38.467452262242986 -15.706902342168569 -12.968096204816625 16.637827274077182 13.53449615248519 -35.16829743286021 -16.17689766161439 -17.356040407375538 13.294562804095378 44.900191692511456 -30.058314115334227 39.374259406371365 -7.355698759782058 -18.95538087683586 -17.482181553759503 -28.621515247604822 15.350563699938931 
6.202139882435709
-42.05892280874362 23.72106921872934 5.6636726226819505 -27.173215881784664 5.833814610829293 -15.26272071458439 -12.785491571411477 -42.65232590266207 -16.08541985769574 40.81055851599817 -41.595028532505516 19.52958033777989 -12.341530177460015 -35.04607754865418 -44.44776418874052 -24.36216357958745 -21.47545477169087 -13.377257536458522 -2.2770806668606767 -24.733409381277994 
25.008735318230514
-8.544161431641271 -9.505867163863435 -31.728551897761292 21.893935134217173 16.536309966501577 -10.195891598290189 10.45459066501109 34.80728404559069 39.28304537235471 -8.394079045315436 34.48242935256364 -10.442119421319362 6.22844750028294 18.213582109933725 5.972978487283065 -11.283494858432007 11.707343464299804 18.0305746970745 43.772085755672535 -8.48784606187705 
65.87667952401969
-18.223357104165384 8.144708754511775 37.35850247051782 -13.494929638607765 5.37952354988014 -49.0605046510054 28.18670796660585 -40.38418360355851 -2.6260392955897203 -22.258103913973116 -39.7508089248407 40.336547510639136 36.95123476754783 -6.3868885943853115 12.172378121191997 7.203171121538979 37.72816206648261 -8.780794508955537 2.7746334496616782 40.68533409479359 
11.855312414574925
-7.013287274834077 29.528880157580275 -30.154852980685487 -40.74001393991327 -22.621851464594968 -13.462258474561153 19.81043163545303 -22.379747221790534 3.4628246694111553 39.50224099378448 47.13832412140623 0.09215344094091193 -2.334589851792238 4.403461692061313 -29.835462422950254 19.862948980296792 -18.093262468417336 36.47977289994873 37.0781814046 -46.720947612299526 
53.30833582390666
-13.429429020962814 25.731510482986337 26.59810206442124 -27.785755269270563 23.01072081643177 36.088561055334 45.340392363943664 27.490697427034604 48.998203956045714 18.73611895061437 -30.23435445692827 25.89622369485147 -32.27929000541103 -18.974988866848207 -24.82306226176858 -4.228122959123851 -39.48474438628973 26.17926295334155 -28.44569135651731 4.3831871394767745 
96.9481215272096
10.105143373589655 -6.553566823888332 -37.04742410861607 -10.05924182418935 45.65173450115904 48.09944982379527 33.75294325167954 -6.069491193064458 44.71909257956369 27.477877893951884 9.590184062369147 19.54337039949904 -35.12031527880964 48.133289523480556 7.5844500178861125 4.369192165373647 19.073261280400317 -18.197762308329267 -43.63306781063565 36.168107861799896 
64.45489330681835
-20.834352357362473 -41.35894638552686 -27.799845583017646 9.620404070079168 -30.62224889080585 -20.48604883756584 36.35843416250664 18.202976889610596 38.77333334055906 45.086147670730654 -45.60064406600628 41.22924647970281 -46.41207169053809 35.49436922097061 6.801833346116901 -19.35731481827775 -6.423700646298691 21.93448132115553 -11.349402808142308 -27.95328857778615 
56.090390837171014
28.14856278499417 -33.57299939074571 -24.010653807867122 -26.521314673350272 -6.55785384887443 12.704069018153533 -15.994094403935613 10.594663522069133 -23.495308848944784 -18.519242559884507 28.155660773401976 -26.247105606286137 -32.86157102527359 -40.746322493738106 30.932976883819578 -32.35296685162818 -33.54235593675614 -10.087151627041756 -3.7970735712484753 -17.455222414145958 
5.202637289761524
25.161312884006875 21.205983956529025 -19.49936194176133 -5.4804922995129814 -3.603296102514662 4.695818365528368 -23.62186487937672 -6.110993882378693 38.85616792501297 36.91887943409351 27.148860842573114 36.84471459848562 24.31432447096583 -16.58614235625523 -48.763439278946365 -23.29715849818448 -25.262797077645494 16.50375451798284 48.60020542341613 1.73295399020639 
86.03339774009696
5.872718992665973 -18.199156763423087 22.030996706857778 -11.593047035732297 -47.235539397364455 8.472716525095471 48.812992437061936 -42.195216196119645 41.10844481420793 26.419983749405375 20.929823725319665 -28.435284328083878 -16.725273275367712 3.98613848462017 -16.88945245513915 -29.391523100774407 -41.82225746696987 20.393994010688374 35.77372966235568 -49.61267666538153 
25.09390996265686
33.42989151504919 -42.796706143854166 -46.72381644403868 47.827471300163666 25.14658281864469 45.46743515697487 -23.774439300670693 30.753487961582138 -49.81500542795938 39.66616979003389 -10.781361731046204 -49.21356215941085 25.865868615838167 -42.074900572910614 -17.55559968771506 -32.53255216996954 -41.62191479205758 33.0100833476277 -26.914224872670488 7.132632038520349 
45.19120927157708
35.51939643162868 6.235156157682411 46.51965450771323 30.24562309532135 49.31715937708033 -21.31210343493082 -33.81096826343706 -34.47565977427271 4.203698541110846 -0.7723179572379095 -45.2186374623457 -49.71354631867684 -23.224364197862545 -25.49406095348149 21.40108722593685 -22.45713497873839 42.010481267224236 -24.269252488341664 -34.68802852406261 16.280791087612727 
45.31755086318052
-1.881014953278573 -40.35096348938495 -2.505714323454754 -32.370932555150105 -27.571284497785275 28.99615981681741 -47.74619061672591 24.562328029537582 25.87713529622448 39.44814170599989 20.84867280403438 -25.23415397623844 18.362635901676597 -25.82947774724773 13.46192742245109 12.26941478818813 -0.8521354267739838 37.48999989016383 4.888102576684595 -17.009913901392146 
89.02389784190898
16.19282950097559 -11.520075034897424 -3.4969485797519155 -6.536012321294329 27.978049315656165 -2.1890194346859246 0.7684731387750077 43.388545204298026 3.9070526525023723 28.467010290381566 -0.2876524229547073 41.90137005327897 -15.789627109103385 -43.07061523637541 21.391482831328247 -32.27960257007426 -45.04275033149576 -41.310020743813304 37.92975245292615 49.014485084496286 
66.86295336676984
-26.46243205930713 -2.5052574045702016 -25.028901268372262 -43.09654625522794 -47.61843857252086 -46.70893567089258 -43.342024339868935 -11.573506686687175 47.02969575828084 -35.12153436594853 33.60519980556276 36.09270810786067 -27.987886656518988 3.0800958330940347 48.022309350189474 -31.750074735155277 -24.154996738913294 11.328130678179605 24.67843611709688 21.238331084278514 
58.05276572221953
-36.498870487893655 1.2116840281281114 17.643719903024774 -42.181529235798486 11.139479623343163 -49.00271623816847 -46.339440268392416 -29.691869716705632 31.382264418818153 28.692288960231537 19.496160124497436 17.515107123519286 -28.948976650001768 47.18795027105543 21.141722183083743 11.896737807383637 32.01281587499719 -36.06095088362825 -8.144340194654461 3.1260568973649185 
8.287095890103158
14.502914890062257 17.34899386226526 -9.042707003201478 -33.68213908428912 -18.391014701750475 49.9322764825597 20.504545624339784 6.41467330844965 29.193139190769685 -46.22206087167425 0.15888422798929014 -44.42692704676261 -37.43069035729876 5.971545193518388 -3.080125489757016 19.717013107303302 -1.7259232968158784 -23.830071473671776 19.093279208854014 -33.13704470031972 
90.10838239064836
21.45374767595783 -7.892450470416165 21.78726570286767 -38.48639682779492 -37.64347334028601 -30.372587405743367 27.48562826329764 -11.342340834971807 -48.92826700644417 -0.8063175262046016 19.04519648357011 -36.529991209699176 3.4840488927815016 -20.705771389897908 -38.49275257995255 41.35273304159929 42.94045519861439 3.071769068232676 -25.119885880671156 44.40814346516834 
45.57133943207967
-17.200047298121767 6.669227891927534 47.76164163415328 -15.508696881228005 -11.189995213135226 15.123139906509238 23.921884040057677 -6.646055592425093 16.725950042606428 -5.148639570749225 8.108503989949455 8.504375213243463 17.667230820757723 10.551978637780081 -23.908996649997192 3.3677719905932264 -12.496691753954735 4.293975501982274 45.32066422242643 -1.2681784758239658 
63.29564922257362
7.131240099900737 20.000607796464948 18.225393052829318 17.738217928528528 16.782252373149973 1.2274476552004643 -40.43462338864479 25.70843768114382 -0.30847839245983266 -25.548769970847175 19.038084089178682 0.9663368940558996 37.99581818358472 -31.76136437611098 39.20119730021045 -34.40962759903881 -30.249688147970478 -49.31226179788047 -2.063248247418514 19.914218291539953 
14.226754137568687
-7.1691764306439865 20.755158188618367 26.529593265939766 33.17787059379475 -18.024844901576877 -22.35513915979809 8.345946050518592 3.6691411526613606 12.169743982001243 20.781683724724886 37.74865179978315 -31.588780271764925 13.84953592446331 30.056484962564085 -38.426890646757506 -14.51675507305361 10.196715105400159 -40.35069965133551 14.912936614232876 20.919320532581324 
53.87201222438471
20.772608440490856 25.70622145148583 14.837506314581319 4.507328996413094 -6.774017705008525 1.5946116421318237 4.622640423783409 4.71413804967208 31.54881430768563 20.72571980139611 -42.868572722861245 0.3504854608317203 20.32744549143709 18.970220706160347 45.97014901723216 29.402662970663002 37.60746088677179 -22.549319608120378 -40.3975077754112 -26.924078030473243 
55.38150412900067
-33.66996513940632 41.37694160095832 22.55185092876853 41.76749299250042 -6.516653268006436 43.52025301137242 -34.64164125984828 -19.238389188623884 39.97730425257694 23.7255633427267 -13.588534209163264 -7.654986673259124 38.20763692022162 25.170682383686767 10.526369601289666 18.242726896218244 -36.90447106177276 -41.365807143408915 35.558574641946166 36.77770721984285 
11.919706164304134
48.833960651277025 18.32412390112964 -15.967391081478397 44.16186793174988 16.194780053011485 -20.938745339664543 -12.073706778358165 -10.831277040906414 39.958765362127 -15.565892157614293 16.831686765880676 6.484813588865158 -11.115700865726197 -46.057640173837534 5.006091951639 1.3859906803444986 11.736241419330028 10.088963800022768 -6.62539167996686 -43.55573375104807 
1.3522094241391502
-41.228545085516856 16.101838772969373 38.88049308069627 -16.72324952420319 43.10055227821165 -29.09339239199663 -16.987880899130737 -17.212736713221 -38.78693666161172 34.21889155927599 -22.72094122430689 -7.407477343156742 -23.36559736977406 21.047813645557696 6.1314919221525415 -2.433212648463602 -21.640683823878938 43.82391814091099 -41.510810321513105 12.589341483811722 
17.057617709625926
-5.5013720409759586 16.532724401603204 -45.10843934764994 -46.32483689578329 -40.17177114431597 -18.737247803642575 3.270394734523286 -42.81159620815159 -18.960726187915856 -25.435730069857033 43.10941217309109 -20.615732411784315 -14.033144073085438 -18.561391814807603 -41.644602473201445 16.275351284250647 -45.72331538833148 -39.383392724525805 -40.569342317640874 38.12367329224428 
74.52650262569904
-43.05767289440892 29.518137497180206 33.03455039193433 15.591809932646115 -5.282716541731126 30.738524426019637 -37.30458304186428 14.375504918342614 17.62110778574008 36.445540165455625 23.07271121582312 -23.259501560199723 -32.12476271707545 46.19764258283577 37.743188871489224 -0.7510841101202672 -35.00797335219086 -4.078603838525218 37.024388096539155 45.56106669416337 
2.7525086449710856
-2.6362039900978615 -7.817851634943466 -46.758165962050924 31.981737077725228 28.13788193247396 -19.268554356944577 4.241688535285817 -13.758529597820498 46.49798063585355 -43.78993523274715 15.46412223579243 37.735761381988695 23.437967178626735 -16.207121074343874 -5.39929565924303 41.52569761721145 -31.212042186850564 -18.27214079131474 10.80962430253981 37.575473934357646 
27.691880123110035
-22.186876962991743 49.83302434263082 32.20259680275768 39.180400906297095 49.997709498856736 -41.20699711724967 -26.819076338412994 29.510711198419585 -29.323024323252866 37.17569326457742 16.045956915661577 -40.47325729389773 15.366822543203398 -2.5926683495964085 -46.92238839261638 -42.49968641076435 28.179256787508137 0.9457912044709929 -9.013520089074959 46.74590315813845 
8.885011925706909
-26.04443222551509 18.505336706035152 20.758599840024658 -0.6626718472505502 20.40375218233885 0.8884846395894925 27.706953586517344 -49.35581859805048 -20.190976494743772 -25.25273947739708 -49.180616718076834 46.71459176889174 21.89527453332397 -6.299146922740242 11.534897646210155 44.66788545546616 31.04596952387854 -7.002699634153828 28.245870192612017 -31.916887001080852 
59.72489636994669
-0.43960148883903827 35.04266467307899 -44.82095990488676 21.92348220895505 12.843966513038922 2.0769372876240695 20.75347465398083 5.214393156982943 21.425720947205633 1.992456176791059 -11.926059109795005 3.1356682077191564 0.4487939310405338 35.329323553593355 -15.100013596546546 8.399126502599188 -44.18027734056138 -38.11045512893463 26.43071283014335 -38.188593967415585 
92.49746858656155
-15.241162505723828 27.209392167848776 21.81543340877778 -13.7411098784697 -0.9883009760791595 -6.119709854294406 5.204692622239037 -18.998215426117106 48.08373934723251 -48.81883214246944 0.8322290430985291 16.947465323795768 27.377296504646992 44.668088676676604 -24.96924082508173 19.030568660815092 36.87341349810137 45.40759159970152 19.97991301996835 39.314631341862 
62.35530652557245
-45.765539272648724 44.40105089855939 -47.55233398715406 -41.69458609062164 -33.838366631916706 -30.27029021494475 48.97285080667969 -35.379768977499204 9.142097229768297 -25.689780660746365 7.735140832598816 13.994087942654296 15.62086627431782 23.17658599014075 -44.32454393503002 -22.844854326072404 20.178447039633213 31.628242049267357 -9.02018228795336 49.093820413029775 
52.0554576113836
37.07884639488282 -46.14834275304924 1.0059645404050244 7.461339791475453 -4.449224212262713 -21.89874887556377 9.88009058867764 -6.691567777699127 -23.292448072238635 46.29703201270411 -19.50996073309642 31.375887353403954 4.460916874899013 1.3993032426065284 -6.988588458583621 -0.10373893098747544 -21.04113036166295 38.59769374140991 -6.43775858354698 -31.829183219606747 
70.15543242464398
12.499409315016742 -5.3246815157656044 49.05795490872784 -6.817499591730424 46.86620267986521 -31.958363357261888 -45.957644744993644 11.38864576201911 26.773675768439148 -7.178483520178716 36.08078226278316 -35.82072596334129 -13.63261522298199 -30.598122336752475 46.53378191652513 -16.312947583548862 -20.684055342129138 20.685302747040154 -35.76931197776362 46.82108364418626 
83.61215624854749
-19.171562593361724 -22.921215796270054 7.387823920277889 47.54891822361317 14.80440002642915 9.615604145881008 -33.25375769390033 -20.50250151834806 21.245832392714206 -6.483265642642536 20.854313801329525 20.541509213569498 45.73232591742078 -27.690267479813045 -33.41659221851657 16.070701440643873 -27.982086239744774 16.408019982187852 10.821687981413042 20.11450700542008 
14.651416021916152
0.06695492900924194 2.1572022072844135 24.495991126249322 8.024405058360053 -42.02246537096439 -3.1741963448017927 3.8127050701568876 24.088636982773224 -4.048555012835131 -21.871357922843004 -43.19831765398931 -46.183229077938094 -22.485513116488633 -28.331529962771317 4.8216043985529495 -44.06270094379244 46.21368243426096 37.523510589000324 28.9859686233998 10.556557749918682 
22.05662274595769
-25.12778122315289 -11.09317125370535 14.987809522071345 29.739931976887377 44.601780975731316 -31.940505771669258 24.439335952878864 26.1869907321621 1.077676450564546 33.45436259406097 21.17058029629935 -4.5966717840297235 25.521254940662004 -19.39720890058497 -7.692642675023805 -30.228605601859513 -29.66328165933103 -41.31024859643151 -41.28578012638347 18.644711548844114 
6.248492774528436
35.41676214849353 25.15406232056121 17.464638621793824 12.25447728315212 -33.84562716930783 15.422128180202506 -26.388675454657562 12.17018958978501 -22.15571298773519 15.223553023796569 -11.186316202648584 40.9333681672976 -35.483076307913365 -29.729355419024607 -17.81852580061249 18.85812416810127 18.341105664512853 -22.59183414993393 32.78588654603513 22.67223539762216 
37.798223150779855
-37.468182297700196 26.203334375430316 -31.559218042447 -37.12590455816943 -39.35273352945279 5.55036733810973 -36.62625558756378 36.08749107326689 0.6239972336719433 34.275964793956874 -8.965186266826706 -22.274944081851288 -49.96961762685449 -24.65928284263298 -32.38684041255587 -6.17181362264396 -6.106690336336186 -20.59930222138766 -4.3105946196766 6.278147728347385 
55.30781715772402
-46.772897770340116 46.32162887359213 5.751559107889371 15.529171175021645 48.83101008735218 20.29674043111666 -19.630912889727437 6.511850802955564 -26.37406948223986 -24.962924970724664 15.536036077317902 29.816971924832686 -27.550987576279606 -45.07836844158657 -6.22575251915891 2.3916677675569815 -26.62481256706958 29.675862224885265 -2.729445679823158 41.93102160472 
70.99665979456097
28.00348403116874 30.417766090266525 -17.634873151012563 43.20357093787116 -48.221676276293536 34.79998380512478 -46.52907447529162 10.489841387294653 -30.116322978594678 -35.12520112554948 17.69049752603496 -49.57844788211566 20.181294830227557 29.03073800737282 31.944469939850293 -25.856555062571495 -6.888473488348112 -22.250956843744095 42.56130576563744 -43.337522761188126 
81.07078225841676
38.27474135231587 27.4001970391256 -11.86446138678896 -46.0180597199647 -46.49735029097777 -29.172612056669735 -20.498142514841767 13.367876113066657 -18.290176924072167 -5.58727478109585 -37.46122045579635 -15.2421375983008 -46.68334201085664 -30.954707867623497 -28.21705324926439 31.401030421351308 -38.96528529162869 2.624016667168952 33.74720170643583 11.030695974833804 
30.560061894964583
31.561158938584313 17.476743989486494 -48.18213167340928 -19.603268097745275 44.04364415549847 19.726467703998964 -6.3282528792487085 -18.554335554265254 28.329184628022873 -32.09545193402971 -23.310401606711228 -30.329691873767317 -29.688762541677892 24.415754296081573 -40.17210091714087 48.450801170722784 21.16881139062842 -32.84881999351488 -30.238816020663872 41.16446467067249 
68.12420227464077
2.6093554642425687 12.414564689372021 19.081098797872755 -30.836229416288653 40.4970251772272 27.800393102637713 34.83737182009595 6.033861524345973 21.646152752358077 32.55911035839553 -12.444633831557816 -31.09391568972103 44.696955901220775 -26.001155318975787 32.09611022603529 10.81310220857479 -18.76491340707179 14.447818536673822 -28.01024509026665 0.28817427298481135 
53.93436080116898
-24.6217998206091 43.25976125798 -43.40128280568882 -22.25529242833646 -2.9704443263975904 4.659321810091313 -26.453824937019764 -19.721711519163943 11.154572584497593 -1.2360370667981542 -24.988502454477256 24.285003183857015 -17.970749380241045 37.9150924303171 -1.7423894897659409 -47.52805848213361 44.014347189914844 -0.8149748145938176 19.457249114824222 -37.0904559832682 
2.724305103012059
-16.665219007530084 19.996538450234638 1.8805589280310855 -28.745508673043485 4.161776090725276 41.81184191707905 30.266156087141994 32.93708512988623 26.6852698054968 -4.650728875365907 29.42685974387247 -42.259523256431834 -34.70678283521732 -35.30658093972738 -36.97582406519632 -49.30341856236987 -13.725012377555444 0.9938458611484933 -47.65782845058582 -22.365019571079447 
83.09014370312522
7.524875990242421 -45.593547267876374 -3.977602469578443 7.274299874447152 -2.4536787872228274 -45.43866757765351 16.85044064701981 -6.941158193635779 49.589765881863386 -1.8457856394937906 -12.71581751758 9.582047941069114 -6.122945424796377 -10.410456975523438 13.178624291329022 10.994993475406467 38.284723306822016 -18.747085224451897 -14.410391818485955 31.816340716443463 
32.60005657900857
-40.33074941366897 36.05032479202188 -7.434090386244627 -24.22844469494506 11.747195257220255 21.654052154899603 39.0077631979328 42.438598392125456 20.075210979320047 32.87830123932177 -12.740782893143646 42.232116576901575 -7.026920897378773 24.60509384597512 -13.426916249931473 28.17013668178832 -17.634145420224456 -6.063395968421048 -8.223869008662298 38.92907992508552 
30.535534592575452
-32.825056984619735 -41.852389385606635 -6.14628178470069 15.41906710054431 12.729396966481012 32.947422237901776 -40.724243338464646 -16.640489856558872 -33.26605982683934 19.85430986534307 20.042987708452443 -31.91947325933221 43.80241139829474 35.25022482670484 21.11806544217241 -4.857397447566356 6.618236539014745 -41.41217281284648 40.68790204135419 -37.74728446564841 
34.95014312459237
3.0038008346190495 18.431785618224737 -32.462562339086986 -32.795193896408364 -3.1084750731290782 -9.57169798237426 30.25272166284087 35.77194029134753 -27.677635255094646 -24.361781845889098 -38.60806597030377 -18.813131769467617 2.0056432708389877 17.9824529823659 -4.733030763144008 9.5300773336347 12.90314306816149 12.741384985046203 37.37553118601697 -47.49708862981574 
81.6647603296756
36.3336734373634 18.73100348907535 0.2629684562235113 -15.272266022770907 -45.51011684110746 -27.680446218748212 3.372376208112705 -15.777386959544756 5.418193516317693 -36.53755521247979 32.10662833728918 -20.245050249553664 41.766516439765994 12.599786513512655 38.891167212657265 45.68246484698045 -31.982642756849533 46.375232703805736 42.77750450226593 3.6832179018012425 
78.40884232460682
0.8894333893990947 43.64009933342962 -48.788908247386544 -15.442714150748614 -20.396688454925936 -21.830169970742297 -22.13930526489237 -28.336240614599863 37.61054288453245 49.7594078368069 3.7145481196352534 37.51915258058493 23.86184952630937 0.02056962402736673 -33.57878288035113 49.47922594959451 -36.58793561847338 40.942461557931225 17.05382776802881 1.1631706242826283 
52.874143736908806
33.59515913498443 -41.27580667471075 -37.16370312877457 -25.99737435934323 -18.198236403157164 -23.521466681120263 -2.730582981500632 -47.30769021626815 7.347086959276709 -37.82341073812153 6.3245463084910085 3.666175075196435 -12.93957928354866 33.85668945185884 -17.40135441583569 4.73990751944374 -38.49550419627775 -14.48489425445738 15.164020791977649 38.788615094529405 
20.022154294101348
-19.721163881220438 38.776185665372765 26.404618874711034 27.536912111273494 17.62670537186149 21.876873200727545 47.723541229742665 34.77301545798558 -36.38550210538235 -39.69794188963398 -31.99092369605735 5.455210836234528 31.985565992074044 -19.18824885016991 38.32522746090979 1.567906317426079 43.599178173973215 -38.609552251845145 -10.011981787162526 -9.102015281257849 
21.784642469111503
43.72411946399346 -20.52304318544823 -20.144954668639336 2.030003451626662 47.34163324535315 -30.90014725890382 28.95738029319017 -4.160076604644978 -5.384407524047482 47.942848826355686 28.391494370274387 -49.351882033605285 21.14952328403237 7.500775721178023 -3.3024056319765123 -9.6544988810179 -22.96454939123709 -13.128696945794246 -33.097119699493206 4.285984494318676 
71.0479066506854
-6.490448246391267 41.319110347916705 -23.442369577292155 -27.952586744452645 -12.72183670205068 28.740415980187905 11.857701256145923 9.6985614518209 -12.10889205498983 25.921794375016177 -30.514164657801423 10.064837200337315 28.83775821879749 -31.011614466770155 -37.22954280247617 -39.275690560407796 34.48705595488062 -40.17997918771486 -32.33076127709424 24.757444631072843 
91.30992077960862
-32.5248272864046 11.335254233318828 13.290194190595074 19.02123452782574 15.362907557553768 -20.8837805488606 -17.76729397002186 -27.06887642749738 -8.859013949600637 -13.244973089881597 -9.564140564516435 24.90845893778473 -41.78718940525354 13.485522039238973 43.69501104964006 -22.9021623295387 5.215402054373207 -18.731718627193782 1.8622787153897065 -40.10545655608028 
93.03518881826822
-4.4130563827714155 44.78574148413604 -46.32972185360556 47.65784068817203 34.02636099246831 -23.12402698750041 -47.64422948127428 -48.44701816849985 -19.720268793547003 -0.19261683117082384 6.224601428017152 6.314113007505654 -46.717495500053985 -1.806209210209012 41.08588859424849 -25.081399420485095 -26.1531879075928 -35.96520684664905 1.5817556299798952 -36.757850039833585 
94.47077492502922
32.31143402594327 7.3987979308647525 -32.64332126763119 -8.07703143442766 12.316753765982945 42.94102295456415 -4.339947005006358 36.7530140097349 -22.86117371289191 23.37502498096326 23.030700325300415 9.05509847392213 17.170921718319548 -7.05354246244071 47.96958217336983 25.61195329478653 -27.394558398499402 15.0801232452975 -46.913367054259346 -20.027311497868006 
84.5753359059193
8.014294338479019 14.308205298953254 -25.931443173472957 44.93874158750589 -35.41686100769016 -35.17332324194146 37.646597662729334 30.65955852621434 -29.750530878202717 -3.9171620856550575 40.10180342436122 -19.68118051530754 -0.3967864719697545 -30.03372569783387 -1.7856751471250547 7.49860497374695 28.27938249783284 23.938404385917536 22.848940987650494 48.612406734066525 
94.61253265748124
-26.072506407918905 27.84982145416936 11.21279599358941 -16.666978007069368 -41.38567317129605 45.164415566749724 22.889331071203827 32.22365553711542 23.121921254932275 -48.34395705425869 30.576628693429285 -18.106443508882908 10.142083268444345 15.11556206634755 -34.57540704553629 -1.3105791067703407 12.176167060635315 9.658304233302559 19.339809580931274 1.2525714061161963 
89.8369648894891
33.99316617354215 -24.11086337406465 12.343518685237065 -21.946866280940892 -10.023390432373304 0.4635693236575733 39.29401198724571 34.53713278746294 43.415071550606825 22.43248635261085 8.80985142799301 33.022160000433004 -5.744952167832082 35.475389732170825 44.83600237302214 -32.45688027839243 29.10092176831013 1.3603472422353633 31.808839562223355 13.43116348866696 
65.42640246659359
-32.85473510122422 49.858648774187316 -14.289096637260542 23.896155140390178 -3.8896968166326573 3.3887526189420285 46.23391263001858 32.89008394228236 -31.313388653695373 -10.054048068324448 -12.848341466220567 -22.37659175478498 31.228734400899455 -27.589766767107125 -39.77445082862744 -44.81847264896112 -42.315027783798264 24.269960328034372 -21.008676865570518 -13.660567860874096 
92.05207302047003
15.112105436657913 -6.060511584607461 -34.78883921209742 -42.04237784532575 -8.554727838517763 29.643123244914165 -1.424344559188583 5.795548190279497 -13.413378375520203 -22.841176397782824 48.151080383779146 17.54720824040959 -37.417953381619604 -44.95386526910834 41.14050052638353 4.752505626129512 46.99224483284691 -12.004652311142763 7.047559275456059 16.052556709425915 
27.865603396038463
3.323049941251554 32.061610111303395 17.307462813953762 11.33210955101832 12.489349383346216 -3.7624907676047954 19.49973984236354 -22.009234203775986 27.310264818865576 -26.753917736810852 -42.53399663789035 -3.3737191946632947 -41.31674874374072 27.6470259531542 -34.043420291559045 -33.22092224969798 -40.58661278427501 40.43684653473785 8.604647150783919 -34.69405048490022 
52.12228776484666
30.05013004530717 -9.906331024719506 -33.6930132335606 28.241327181072066 13.043312788406347 22.143803496071627 -11.34235115388995 -35.26471867335863 -33.6341556125288 19.895048970982174 -49.12684629281908 -18.52794116191091 11.42441273609598 -23.153038887582944 -20.854330952249754 -45.951319249825396 39.07173702364456 3.721679596889203 -28.86700892641352 4.403224303506782 
84.202148629151
19.449216875569448 -34.55922885407649 14.68698646982621 38.81201738934075 -49.06919225018896 4.728566117320163 48.640638718314875 13.183801159411857 32.31827705317454 8.983300236725825 -30.887340907839967 16.278367918846698 -5.7456229522139495 -5.258012406783763 10.377903351782145 28.470893870297772 -1.1489587992065822 -14.091125995946676 49.558670718500196 -17.558418303246114 
57.13959073355623
-37.69959423180992 22.720164240284646 -48.666952487791306 -37.691071532498064 -16.835265459974522 48.10679033569204 -32.787827443128876 34.25476682454547 4.660748224309707 -48.494777421908594 7.424864109529928 -1.2049606274734046 -17.355106357115226 36.86477391567439 -8.391950101648064 18.363580247178717 15.102323307069526 9.075060398638378 -22.076059354082812 -49.92372073054248 
82.17221704072456
35.19552741900711 33.50741493639035 31.77086604206228 -14.044613810465577 25.450937844550126 -18.83183966921593 -13.046406071034724 27.155533757280352 25.951412597922584 -7.935030087740401 45.54305528106258 -18.906143227134052 41.36519336522315 2.370372529540255 -1.116581130354298 -48.25004891413531 47.666806262354484 -19.130400784777535 -5.293579982022024 -10.779764034875036 
62.60282937948259
-36.011412286181034 30.55346232053951 -46.65156617946686 14.66202255480961 4.921616176261253 22.626193698434506 -5.729103107124388 40.106064661016376 -45.67018434942264 11.115985284769593 49.23283640619972 42.01175136584541 1.5077233102856056 12.769760487035533 24.269872838348732 -34.705063270843695 -43.034321598285274 46.78165164918494 -10.787531736526702 -22.668875328806372 
0.05179839321753921
41.056976212105795 -35.04075828429014 -4.942899515018581 48.53790325629225 -27.522888935603728 23.07832954092717 -33.66748152624963 -18.980354045026747 7.0007838386794035 49.534259426569875 45.85993394246154 -42.46815122631684 -16.730567011366247 46.7011653508566 4.106244599782926 38.95580943840578 26.841236088962432 -39.18866777747101 21.438090589093633 1.596157883865871 
41.26049576022515
25.601422842114545 49.07824822821232 -20.2693962782046 -3.123949877041575 7.1570094721565525 -36.490384068728666 45.98668898801492 -21.34551887037841 19.819267361718744 1.5979184636636532 7.075477411055488 -39.80918043552555 -41.49394507729962 39.973746152156764 -49.28716385806224 42.701595252104426 -41.08723186414727 -25.89084013035957 -21.515180849301384 34.99201251048659 
3.7967771088704083
-39.956473446137544 -1.035635321404115 -46.77887589620894 40.91238960538615 4.857847918733718 35.562361318156235 -12.25412440632413 16.15170754637076 30.766371437002903 24.39689346882642 -31.59304152182362 -45.94010189852112 -7.9112366228997 38.89026629323263 -40.67362800894468 37.13177532502827 -5.614311066679747 -20.14585205867183 -20.381269946559776 45.159823721684816 
0.6851814792428912
12.499062823389394 -22.62472580644245 16.392080895294825 10.996682758689062 15.105088983996126 -19.138345800319378 -16.62840620235776 18.204190793758883 28.01653332286034 13.077549115258279 -31.932580101854125 -24.050515050415 -43.825918664254004 -16.34177972875508 -6.7295378314526815 -37.739096520012325 -16.4263317827128 -34.44485928911446 30.21565610686193 -13.547278135432293 
53.84218945457685
23.014857090815127 -43.99463221216696 -33.78533761639664 -42.45416041911804 -17.917707104303148 38.647092095541254 -3.1693585631695314 -6.10224968508939 25.18669574396823 2.381843151960041 -4.889631326878053 42.20730347228363 47.32552762212883 -48.53206255211114 26.886930036399065 -13.285671743708058 32.9435417446486 46.69808149182538 -31.171928026785345 -12.622853291729463 
49.81140526108195
35.66602982665228 12.828352143439005 -21.265799408571084 9.040203277188873 35.16232568400528 -5.60606000872599 9.134828459689068 -41.17480072141937 -47.93309500804095 15.20131809445347 -46.56453059009653 -36.40570869939288 7.719664725538003 34.40570414458266 43.683415272424696 -30.05640776089643 -0.011649027641183807 23.294519808353826 14.360962441635053 -23.925390836447836 
47.11638657335966
13.525773435395571 -48.56134829786254 2.404549713240577 7.921593885831001 20.460767321333066 -32.21299722979272 7.603264651960195 14.02999479878315 -10.004939817836664 1.4219837920391925 -43.48255291652584 -18.43281122525803 -0.18887941101727534 47.61021398543129 24.274624352968928 -7.906958416577083 44.12071208938154 -8.964333593436024 -35.68336064664511 45.5537994598578 
94.7344754616155
0.030460681823072377 -22.80575003732531 -8.361131139263335 -39.30917220809363 -18.701933565197503 -8.338456261537686 40.167954933499416 13.695704996756483 -29.391944125359938 9.940917794827428 -14.00260104628407 7.269312358260606 -47.38268849699667 -25.013629244817913 -40.57709256264036 -6.234500631453656 -38.726631232233544 -10.845129196196204 -20.830883568213487 35.32397149545372 
61.181377583560405
-49.097328811702965 41.794743075004035 12.33500926330953 49.86693091748006 -21.044605306801667 28.70532367786393 -43.85900725579829 1.0427673749637236 -38.14223910732532 49.9538440275429 21.468439746321053 -10.211789265764622 4.890899460869591 -27.377159054110635 -31.52106896647815 1.9758884863519839 46.052187084758955 0.8198360861609402 -5.653298275800822 32.33114021039202 
28.124564424168696
-15.818758404570346 39.91530739551068 18.185261694460337 44.81936736954776 32.26815707783686 -1.744750638494061 39.28452730817861 -24.441284589800105 3.3507731670995753 -31.161023792758293 -12.057307106482064 -14.329510092099483 17.816349350559236 33.569247083828 -21.624488343430837 -3.3989400448759 18.799061690912225 -20.958650355976648 -30.768487071143447 24.207833537005314 
15.618221580125201
-46.81084049180917 19.134132171310767 42.27586500579436 -0.7752419130456687 23.85965035717288 -18.523975849809027 -46.890374693885896 -36.90600128895204 1.8799086781366867 -28.242817126768937 -12.616735192446882 -2.133781164913671 1.8252683945599202 8.43428842271328 11.389542831369724 -46.47543121418543 39.966734412628895 36.549457556561066 41.40976186479648 -20.986631402807497 
60.77037326050765
-7.667638095651064 -47.86598903067076 -44.06200907643832 40.84085520745512 -43.47949778706892 18.893081090987067 40.350857085249174 -7.654076556527478 -25.681896868321996 -48.07959159135341 -35.383661815318135 -23.271935246765928 -9.28497719856692 -35.055492164995705 29.960640722400683 43.904146076994394 -38.68729929893719 -29.880705808558382 -10.448956692281477 32.17341142758838 
0.8550590747685716
6.631800610113892 -18.187884453585934 -0.30133442981710346 24.338019520337028 -8.716199688801204 24.17485458267467 9.69505186716244 -31.127962965853406 25.92584274005823 18.567926687296193 8.355379950263938 -41.60208882746021 8.829319025174442 -48.30148007179644 17.060423741873834 -12.093146808739661 -25.0858740162762 -4.466439248123741 -41.432781695089574 -41.00840443731194 
83.20657216856895
26.380339964419335 -49.36214210565845 -5.6438960449351825 -21.015789763680893 -15.421112574669195 29.96587881193949 -4.662747316451622 32.77124251744894 -8.94329706661108 14.276757830544184 33.54256489291055 -1.3197096335190608 21.859726075073922 -28.876278277706845 -14.616054172495254 40.55323735134033 17.261734063404916 38.16945256854808 -23.41191689735458 45.935958407887796 
18.167602921931348
31.638901137665883 2.6899949639157015 -14.8712469133934 -20.735821065376758 -12.852097759635164 31.06697030890443 -24.6136653668927 -44.26420829964315 0.25687046061852925 -29.754067215071633 28.798247639378133 -1.6503458127768127 -27.131705346505143 13.018048744328617 -3.537342036568745 20.329801137435297 25.98139378731595 21.320164374316875 21.2734260592116 18.676367993338474 
59.33673679413195
22.89346350596479 -23.02752726542029 42.450380565746954 24.12818992508946 32.40546970783524 2.076416872761058 1.0324741812972036 -23.770866132175694 -6.977615609676633 33.868546230453475 46.47722860652131 -5.7256832819549075 -41.65556954842485 9.854197739982219 45.823145297084125 -20.541628802342203 -0.8322734564352743 31.909614516739296 31.581479963445275 2.056439499254445 
74.71197316594078
-18.188540961977907 -18.38447970407573 23.441950435343387 -46.24598781476629 35.91611110311449 33.23512620628958 1.7711055088520808 -42.46690675460408 -48.53502633892963 -19.430373694995385 34.523166348010434 23.3445005068385 -12.676008387924995 39.14548656291153 1.7301330788474303 -44.58608182601736 -22.077348034429956 -12.916585495986332 -9.967967640420738E-4 37.94572215979622 
50.73977098517199
8.442843620604876 -0.6757350088764582 34.16422136542464 -35.10964761576227 -29.019953927639808 12.20782881947278 -15.282494054035148 1.1999154619457073 -32.05061396761324 37.74818810390798 -1.0104734586368167 -47.39037261665068 41.56551535062927 32.13001836574901 3.6666631825477793 47.83770213705154 -15.642424635633198 -38.659929111637766 24.330898270319096 -9.070520987968365 
33.88478565321357
11.954670169362515 27.90245535255177 14.6606697044149 36.146050122524 -28.511296165760047 46.43058469796118 26.71528807179648 3.5045062532268787 41.0654837756239 36.03191589021108 24.14179331047808 34.061219112765315 10.061418953176073 -1.2984030845963588 -36.201978297561745 -8.849498377143114 4.89896773377788 9.273228453538621 -45.67249063945029 -36.00735251316338 
72.3058591824539
44.97937982024163 -21.333156075545546 43.52809176450934 -28.87191464888218 10.865224337778216 -34.83429691624778 -48.929636958955804 -23.82122533712936 -9.266319476268492 0.10827491230323005 1.6534101289850298 42.624460440881734 30.35114997291275 14.75679885668113 -31.187789292726542 40.05493084965124 -22.681240526929734 -14.005015949419672 -6.976167654720392 41.65226993239571 
10.314837939518151
-38.7689331636703 42.14939248901743 45.769271902418524 -10.659965304038877 -44.57260988542204 -11.044345308900297 14.746963995504885 -1.8526130024241212 -29.04472378336195 18.158293214753925 -11.054542159217803 30.21533041345201 -40.56884413751823 13.417102001072756 -27.26808850950665 -9.577514692407675 -21.228186125373625 3.3267345767902228 43.56391369614805 46.008810742479284 
48.41371983328828
-35.31515060971455 5.326118101055734 -37.54150201514304 -29.026581162960607 -8.81722354563452 -7.277503519676777 2.6157600483483563 19.58299063565984 36.15215164623142 34.7961291176251 0.6454598717101092 -13.28338964473187 29.114202773723562 2.542917456460657 46.37630333457079 -47.468691476161595 47.61669686651976 -1.8947499274833959 -19.884926938031498 -41.42301986395623 
48.2067878071465
-8.823961801094462 3.196221524766983 -33.81216096608727 23.376332584663118 -27.986791629937468 -44.668150682678686 37.94944067177293 4.929500280228908 -30.140827287919436 -3.747045721004149 -44.6575211103563 -21.539228724457615 -19.420628023137322 -43.81647254277448 -24.003406487513512 8.494750875138322 -42.02148217973692 -12.635043624908413 -10.055564774147541 -0.6725862028880343 
99.52266694177736
-42.85112617538349 -44.15171069329632 32.72181591222588 -0.910171547828277 -27.897521309314833 -14.62142750532066 30.349404365464892 -3.108699874967833 12.121007084833671 -3.2444453709454066 36.2315554637193 29.850477168550924 -16.282035596593325 -23.077311152224077 2.4240414637189858 -25.50457183899646 -27.53563932451644 -24.098022461469693 39.80056389726893 -21.183992148851683 
35.97411281849448
6.588797733286945 -34.97030521031191 -0.4441097900745419 30.883417459117496 38.575693357591064 34.702859927208024 -2.9456718833200455 -40.05218887293754 -44.44840040251569 8.059311664606263 41.02212391640239 -41.31866786837944 -7.594903856385429 20.867254916356018 47.53064068842362 14.887991719657222 -19.632793236077205 -15.241334756956725 -49.98759030288309 28.986579663479148 
56.361385305418075
48.67851470186467 5.216262014325224 -21.794421149487942 36.18529818434098 -27.90252064471479 48.82953669858547 43.52573415095314 -39.76891151744431 -36.74953960654169 44.87443059943297 44.67364858729668 -4.842203808558487 29.901514522035214 18.00504225287274 5.520520079610058 15.261684296227727 -25.000901169347934 18.476261537182808 -10.084088547469051 -6.752793069954713 
95.07378797066936
45.825144249150384 6.287267944395481 1.6834370322391337 5.343940813286508 49.19993555124681 -21.73835607336365 -36.36226030644646 -27.766982591691235 29.791484721398064 18.116869290039574 43.81058251106302 -18.634391032166732 -6.033733633519056 20.04521919698601 39.952337156457716 7.097424873098312 44.46980630530646 11.013380252309048 -31.57501161868258 -21.75212526264132 
1.4637846395738063
-41.57168361573018 37.47873694523739 -46.05796115227317 15.179702961480245 35.869400701401105 -32.85460096555316 33.33224349393538 17.616430858926805 -9.177013802316537 45.607695793328205 -26.54240704138201 -38.021437107289856 41.6563370897955 8.485405513251997 -19.38678540459816 15.447014070818696 -45.006345514568046 -10.313508492906422 22.339173600930238 3.392804074219171 
69.20768430149973
20.303275198975527 -20.497663869682125 -48.71046445309235 34.916208104444095 45.49083324342412 20.932721518317038 34.34957769412246 -10.826546768544844 -11.653272739651484 36.689183408190274 -25.696472455398876 -33.527701034973546 14.518313952349999 10.267518070902383 17.762018316322013 -23.276133273947952 41.595825157150614 44.92739509491976 41.24350553028867 48.056954794999186 
43.30650493790974
-15.197208232196644 -45.778815974420475 40.58044092776633 20.107074416862787 -12.42612853637263 13.436686252142117 -13.822328032880819 -5.0211490224232875 12.216554190970605 19.247822736458886 48.95258583073728 46.061879840630056 -17.290718673201475 37.922066307188004 31.123063288113656 6.221459247964191 -23.435204328727586 -17.44293305231156 19.957866677214625 43.72246451321638 
15.667984355077103
-10.295981195236848 -17.220770612392734 -12.10606620841228 6.139174430509087 48.78918939834418 -30.896003328240607 -21.001616833514557 33.8055071530091 -22.926494993767722 -28.328051788050633 -47.522643031955646 -27.648689076168186 -15.84043264405436 31.410760012597535 14.32676430858595 2.331692463055113 36.95005183755616 45.312828164424985 -23.437440061367244 -29.02818113892136 
68.48094105420805
-49.25006949839585 -0.4306094284247095 45.03765167253276 -27.802414550933342 14.927536533191102 31.581806724573426 22.05220326795306 37.01112071606467 -46.01867114703706 44.62975541495065 18.744625838704962 7.867287365256317 42.64423459231888 40.986994399776066 49.85774141933881 1.5792567369676362 -47.53682737611208 44.4932093631116 -4.69708255582816 -31.679437346119098 
24.220340703038403
-2.9224650634934193 29.13946433968917 -34.55619712283491 38.51479557728449 -47.60666683083487 49.96897649109849 2.18527399119548 47.38575205550805 -4.3190033220153765 9.073400151326041 -28.66471668732762 -30.590116305785607 21.807654808387625 -20.011202068970203 7.098337758144922 30.88063818256674 -28.11032978879372 -48.80484848295447 47.13701649043543 -43.521623083326254 
12.985830557419265
-47.784262864375414 31.187830828923097 -25.734041507524985 45.05617014163549 42.65797963373625 38.65688056037156 1.895114548148733 -15.286565370346409 3.5908787983764867 -46.75227569671077 -26.415213595277777 6.25116527242686 -28.857517330373927 43.94329493646994 -49.26662139213522 17.01445750633013 43.31406522759555 -31.4416302527441 -17.047394998106647 6.3864448023133065 
22.746026945760654
38.59849009364952 -49.13852807421959 35.49565817885062 30.533755928563338 32.30585791882717 27.154667957543452 28.206333323608774 -10.819971559915707 6.54223493715056 38.26041002337767 33.03588012758205 26.38376408543226 37.55337777857585 -4.671407111752799 -49.64931764897308 -4.396775711725475 15.679122908421917 -9.65909694462249 9.52346805702794 44.19508728932374 
79.71771438818979
20.81024736215916 36.692505552004775 -14.580949513846939 2.922548166318819 14.837725483883318 -24.655090631265754 46.710887808950815 -15.49601407037217 -22.778880700831884 9.153392276974259 23.36526919311443 -41.971512836323114 -33.14040164892499 -10.672196135801101 -35.86722954018005 1.2517621733057709 45.87525658189689 -12.800164149329532 3.223944705059644 20.692243035108888 
61.67271087922125
-23.158671872539504 31.826493089550425 -11.354312275247281 34.58391173327682 2.2235970668165663 -28.52009520924632 30.36122415766455 -24.203976599532552 -1.2427205468162228 -28.484774302130944 44.74373077147463 -47.063981051742545 20.00921029000945 3.2558319086357557 -6.7830626030001895 -46.013546241748735 -33.02516179723077 -35.21152243740025 -41.72382157570895 -25.86738078118683 
79.4917980556881
41.85205468783403 -44.22072142343324 -35.30792050295169 27.212195294123305 -7.245167022878405 -16.831480508550577 38.45337946625874 -18.991723014907457 38.219251990696776 -0.4137239044454404 -28.448514450551787 -45.23187515197004 40.66658889358243 -36.75868433678434 -21.566697206416062 -17.754908151168834 -48.307912958530196 -3.5976096503396917 13.517384521857188 33.95667477379206 
41.34447307530328
9.040214611232102 -29.17222795347081 -14.914373093868505 -1.6879989252325913 -11.591499706495888 11.182614700911266 16.918059042373628 -43.76948704413962 -46.25079774494879 45.44406179407309 21.560381434502247 -41.93278993450147 -17.173283693387766 41.88667789962524 -17.491083765927087 17.897206241131983 40.14024248473005 5.917406527815658 -27.89692726701506 -22.621917415110417 
25.43311866428617
1.1808961883293136 40.97501736389914 -17.158876198500373 15.512406807299882 42.509793718540664 -25.68425319179979 28.15599077303939 42.41157046103609 -6.76964366505878 -44.89041615360744 -31.610940617353933 36.57363997082206 42.0095792151959 5.44607120223818 9.763783415383244 -34.998284536232504 17.73073217549627 -26.399675319907168 -27.45515896407974 11.218284150412131 
74.81006009696179
-3.2200971624151364 5.2059902498371 -23.60570739393576 45.91813064268369 -2.731688754914039 0.6049597749049482 29.15345932116921 -35.754880400017264 -36.84774458075587 27.87688190508281 45.32688281616288 3.2500837108082905 23.901830831331324 47.37111024258965 -41.67253810953001 -31.73990810458135 -44.220181871166176 20.194532594726482 35.83324000652959 1.3358029276609216 
92.3883380362572
-41.21222122078312 9.11328890031912 28.49594420405552 -28.38188933726171 -9.551025049937877 7.5992779592086706 -13.30617450276003 -28.15238986840276 21.83301763363002 -6.79959408621027 -33.135082681389946 -22.55356247503292 -0.8073976881887504 46.37891038339555 -1.084817260089764 -33.53073199373391 -43.50949728977045 29.147902404090757 34.69575107623163 31.883748233485704 
81.5009324504866
38.92279725295231 -44.18979426216198 31.757765059956043 8.631026260353195 -28.447859905691953 44.52660828518822 13.538528352706834 16.431851527905707 31.8731790540986 8.11710867804409 22.887952755130655 -32.36846691394256 -34.21796267870244 39.62383184387822 -11.50415932310456 -19.98852463369767 39.07788706872549 31.350447564577564 20.874394492497032 -42.44016696133542 
5.235086676139056
31.304659732025954 -24.655333935908185 43.07474758261958 -13.223325184280256 47.367614928720045 7.257501499903597 -24.24689044407642 -6.932714497526263 -40.857987504365134 -9.051356871261717 0.28888706751676096 11.112978892313876 -6.768534026450922 -16.990347286009566 -22.381645215025102 35.35002211589557 -45.87050942845664 -14.8366638239536 41.687839384402466 47.42426104337201 
29.947210704737927
2.3644103425001575 31.482854760257553 17.60713085333255 9.884708739144301 -2.296828435516751 3.045828921806873 -24.235971475244213 8.651711442346496 17.271946147918385 -7.6771559923220565 41.68516701122638 -8.030932952847934 -4.638846747037597 -43.581853742161954 12.108665962229395 36.833282267519124 -46.81617186168706 -31.801544720647136 24.91008572418248 40.40212499105532 
22.784485053131032
-22.822692941887656 -40.297783249759554 12.16014246483114 -38.129741880874946 -21.77688864260574 -11.516601060301554 45.44865817257181 25.00922598955802 48.87268045805898 -40.00777888499567 16.49563169007108 21.97293437869739 25.895443652855008 -12.929024085808415 1.7565619815691633 24.957105543156615 -7.75825663244386 7.609745160938395 -12.321678212135367 -17.00340505643655 
86.62190167463869
6.537585972849769 -29.07629537143216 -35.90237407429565 29.701074295018273 18.846726651324687 11.645136714217806 -26.557547815871807 33.258143309898955 -18.219672648158003 7.5718545802130635 39.47855804422615 21.645185759421224 -31.916236353390715 2.4756281543724015 18.78655409019676 48.49737073578949 11.614050551168098 29.00582570402517 -4.672009659399855 35.88136923708754 
81.62145163464939
12.935516055876938 40.0062792716908 -2.0663048014321816 -27.338092649303004 33.535940587899134 -47.568974010718875 36.528631595151325 3.368431784160819 43.097608139653616 28.358024100809175 -37.37130675526053 -40.79584149541145 -2.458051364859635 -16.515744398995672 3.7088842925376397 -28.1607596905419 39.61825901797039 17.10924807277928 -44.99075416411517 0.9383586006616937 
56.35653888858458
17.631155304603197 20.358484416943483 -27.08490151906012 3.2474479643700676 -4.07200086860923 -33.07519271436449 35.60402949322014 -0.9534538133722847 -17.618496172809003 -12.511746179073121 -42.17922873262723 47.15064565022034 38.633009785593984 23.692231958287707 38.42498177409158 32.16997793872689 16.117961739317323 -45.77986720493878 40.77060955751057 -26.37943993119266 
90.00753717236083
-7.043738290906113 35.32237110347546 -7.412975056750682 9.392942993194431 -26.071450907280003 15.73691214274045 -38.2430970956275 -17.61996136285132 22.19381914205563 -48.1483652907473 14.403120205295366 -41.78112650816964 22.81465799939116 -43.20627237630026 -16.307693944907655 -22.32517903056387 3.6902163707813287 -25.18355818499036 -19.877773686292144 37.55500928547339 
92.2415603381179
41.48921528621911 -8.057509920676075 -44.364223528645184 -9.1845659560135 28.5127533865397 11.08843247122914 28.193891996869354 -8.841346641092464 -38.30029626401246 45.45884482149597 -6.07364184701057 14.42854381335566 -7.443854926356941 -22.705960498155864 -44.74940455471524 19.943183405743852 11.418547710843661 -33.038491659250944 10.80887817510574 -26.761549387973194 
63.2455028930903
-18.3678225785744 21.457885029222894 1.9871903267735362 -34.06705206287975 49.131100673414736 -33.893701030785884 -3.050940041085596 -14.583771606764465 -1.3278295964350804 43.4703998793603 -15.6420718324786 -8.158185667620657 -47.76277537053092 41.14960339090253 6.016975876616094 6.736054650506063 -26.964284666611537 24.381003928546733 43.85989027288596 -47.63216481420929 
10.781855136321495
-6.586106780221044 16.849894987821926 31.39663144493764 7.452004589681927 20.652407714757345 -40.17342227299162 -2.5831562056384954 -8.26425800393855 6.546328438989271 -33.7262177385964 -24.8460212701914 -4.43004612950363 -13.332781760288782 39.97012957101171 -47.16235704890396 -28.054030823792132 -18.51095307810432 -45.90302316323274 48.670942155625696 -20.39438868668002 
55.09949560224484
-39.38306340863197 48.33537056765489 27.29276793293529 39.400170253359306 27.59934990549226 21.114777330663088 37.90291096016341 36.31098937537425 7.657369784877254 48.49159290462407 -48.826270878004095 32.07602860768948 -43.22536746854115 40.96298540243663 32.485872895674945 44.975149092353604 29.537735607260743 -23.65583973681008 44.893530622763095 -19.422250101219586 
24.15404209400989
-34.02947112251115 -28.319605517818335 -12.867951716949086 38.62260922792079 43.98005109940732 47.53731256462852 -12.234711244972644 -21.960666569011778 -20.748463892236156 -32.11626572528502 -34.12267090806385 22.255640761533996 29.59424612037961 -2.094190424344248 -4.5579184872640255 22.973401131020424 -6.571340131207762 -4.440172175489806 -11.111677434778557 49.84697005281026 
15.467815855228483
-3.909613101174145 -18.186596474324624 46.276552346366245 -30.196848480692218 -20.46142802823282 -14.009562517654395 -12.684603605908727 26.318304238365158 -42.73391114928038 19.961574006295038 4.476575830646311 4.498851185244476 -31.302825632147268 -30.033032396063973 -44.78661116676926 32.475559660445015 -24.71917364859564 43.04114504595894 18.46074519921882 -41.466860188483444 
25.101710043137704
48.815427347775795 -8.136902392466958 7.33613849282596 38.618844037866594 -13.10283286940497 -48.822138000049605 33.76805873993672 -16.312986201853676 22.653539687877114 7.83146055683104 -46.450620358209136 -33.68343983785436 5.809686425564664 -33.28153011337096 21.694641911616756 -37.44696988235681 23.478024286149406 43.07257175700275 37.388308665966704 -43.591052646342064 
32.0675892429501
44.60138050049335 -22.99634035331658 28.95572628853529 -19.020723875849022 -36.93461835990874 -4.24152179116053 -35.515463729004125 -24.9250875427803 48.09461031462929 -7.104157803546272 -48.92926860059201 22.61508636970278 -44.725095962033755 5.2978652818367 -45.072800953179595 -19.30725503177626 -29.601124247768762 -19.915263427639285 -9.392202783182412 41.146520332769 
62.265029963072315
-21.97902836204655 -7.57717937183682 -3.480130475139056 7.521748068652734 -23.5546867244523 16.354208598430475 -12.160924811881102 12.791073644312 -27.03977681552209 -33.691011161274886 13.815220089478629 31.670632444579084 39.26146376543524 43.72527594597638 -25.467746074141907 37.200181178989425 38.25781840008261 -34.6541790487576 -18.234660925924796 -36.007360747365404 
47.02547176356593
-19.59995891660381 -7.219338928991434 -21.532276406427854 23.161146291753496 45.4860717526097 14.799916333890849 -29.510467938675923 -37.25735830065913 -16.879688073183573 -16.73023219090353 35.197815850067855 24.37487691816493 -41.777379226736144 38.65853837010026 29.935831514492364 35.694163668662384 -44.26886427495307 13.709451313868747 -2.0839499368389554 -43.77711847718202 
82.09148142834391
-4.088190651594218 47.628221652240384 43.61134531297478 43.5408716857758 48.40844920857529 -35.01740137899064 -40.92691544150813 24.908455819162768 -43.36007604352886 13.794390710604041 2.2143786516268165 4.078963080403064 17.732842152576268 49.453816453037845 -14.52161547024162 -10.682445154293717 4.971835080542199 30.489404537160098 -5.931305956048718 -40.670468355273655 
70.65169430884049
13.380941695244609
34.316319987549875
-9.132342789263262
-10.571577891165298
-21.911792801946405
5.72516043355521
9.105611720828577
6.985632483870553
-38.942842403878885
44.73541244151875
33.56779267637336
-29.271620549278452
-34.28455679339682
7.115027973386688
-15.572144992708644
-46.493572895704546
26.57200213517288
6.63770073609313
35.71181714840728
42.94628331988861
