constraints 209
variables 21
-1.648700702680415 2.5443038643506526 45.53938379204632 43.85573256142422 -41.45679904001504 -18.25098081405234 27.167381642282038 -28.471518389297522 14.116041886628537 47.07409821911703 -42.47971231638603 8.013177854492312 -23.02304584926359 36.20464281334243 44.589521446617695 -35.10618155418791 19.79348096865037 5.306226595568255 5.994112268867546 25.19076703720775 49.20168660117007 
72.38415756683068
15.187083811218315 -22.8496713034786 -1.2182729427913088 40.96397431781898 3.704053027359201 0.48232080247121445 -4.082253940223204 -24.57812364231865 -39.466286950826586 -17.522129204273504 -40.50910399840808 46.65714350379875 -7.16551178871098 21.615484042073746 -46.18860150980838 4.786792475156211 -49.00890609795992 -2.935793428161446 -41.722441482423804 -35.843879682859566 -24.60066211912003 
93.91845809395372
11.956665887688004 5.196902322766547 -7.6130169977262625 -23.950089089783454 -42.38523376285311 7.528488944533066 -27.67695533189646 41.1376029224552 40.679327517932435 -20.814863245738525 -35.76257408266223 -24.26183180757765 15.200805080374565 37.966326571019096 38.167307793835064 -47.81603016354761 -28.913788274137854 -17.35495708132627 -1.0337144736291322 -26.35241813046302 24.709788382411745 
14.132279725574982
-16.54330521453433 -21.11307443948607 8.462883483335581 29.684314192793707 16.57521679351676 -36.01386418076568 -46.112760165991915 -33.14740871281576 -18.44374577558867 14.832970732281268 -12.257128040245824 18.114313835687526 -45.78279301672759 -28.875580313252247 -49.30625187887016 -28.01485202363898 -37.94574677451209 10.367900975247693 4.251560420640175 -38.09629739038276 -44.87321267530483 
98.64624419343913
13.199854497952515 20.29073028832073 17.603177133695567 3.8404173454026136 -22.072150789243604 41.92431525692071 6.360091049179374 -43.44522723079138 43.93529019654075 8.13552947734918 -23.827907956418105 -25.83468730575599 34.226735733436485 11.317381921106083 39.79781686998524 34.21230815844183 34.39567200836264 -2.1468827261430405 15.663511352017139 -5.215628705996053 9.90591994753727 
66.8082490874735
35.864281023869054 11.591826828120233 -49.59019800178336 21.593947099773928 22.84790643762838 -5.896910358861319 16.899577058507816 22.29771028762167 -5.584352509622107 26.418425904823167 14.070690861589114 27.49053744604143 23.568943818138948 -47.51863304020082 22.482405179928406 46.05806463530723 -37.74951848880278 39.77876727360872 2.933415868292002 41.96644672523783 36.17262240647287 
40.856253204765856
28.927085916723954 47.86203802493067 31.695724220752695 -32.22331419932352 12.182961960662873 47.017179087223866 25.113390981696398 31.074923202131046 -39.14172466784017 27.372712627264562 49.72125809737096 -28.18694996191098 -49.52485124646171 -3.7088642737500876 -43.30958422963391 33.01596845250326 -6.493740475465735 20.122528733182463 2.036139439516816 -24.9319777441121 -34.84621768147218 
68.79874148165706
-16.13291802035414 38.57715362833312 -19.93661741007937 2.4095559890103786 -38.38034359945935 -2.236173723551147 17.54715610648357 -15.92213799432821 12.126870120497955 -22.392258043878087 -38.6536120976039 41.4391122303621 16.1403238041824 28.786179642166204 -45.95298171599137 27.643665887342323 23.3187587625939 15.863535770054497 -34.03219790520606 -47.96113190150633 13.71593825653703 
26.242462083466634
43.673126112609225 -39.44899248196053 -40.55476728056864 -49.93726431724013 34.21945871299026 46.27557003527684 -8.53216169565939 -35.46519114426121 -22.17345586558914 11.897506694253366 -6.653962870567852 -19.87922863473678 23.871324454375227 -12.698512196670123 -23.67754335256308 -29.473802813111373 -47.06522971480154 -21.904586590903797 38.23083615271939 13.642196205962001 -18.911290682699555 
33.75873477362499
-27.486676688613098 16.37768683695863 -18.30817192775044 -22.259595229021944 -26.986155521282264 -17.25220637471645 -15.328956311280294 -13.93042765748276 -24.7633567040743 -38.36507004982137 3.5964752478873123 35.90542559766547 -14.596392499390312 -21.684974686182212 -3.1847208901006567 -29.059177866401843 -25.0864616851698 -37.85793871800348 -9.508387273015536 46.6877054680872 -40.29898004152426 
81.70989988018285
-21.392906487759046 25.41050852218973 41.51213202225617 -11.638876530466547 -32.191947625016425 -12.162928024264964 -38.74127462046118 -0.9115295924864597 -46.55699539824961 -33.235118785085845 3.3825497146565056 20.67511980156057 -2.7842524687678463 -13.706307779033821 -5.444977374814556 28.345989485940635 26.5865014036804 -40.34609310545745 -39.94200076264747 -35.74715903919689 -8.614376712485559 
8.463355580532772
36.8353913258039 13.791930965008603 -5.938653925345541 16.733378917499508 -6.524963877633361 -48.94641423818289 -43.434872477086316 -25.941556052252178 -25.725229291249796 -31.371053518522828 -0.9148417710265875 -5.838238358624828 -32.933864271837535 21.54989479009639 -16.329372951100233 17.33268087492965 -7.3862733027176475 -29.686094343248413 19.246406319264338 18.279898253254217 27.17771787621048 
53.74643410199042
33.599772100950204 44.53782443798552 -0.7784006825360592 -41.1208531210265 -7.372074976304276 4.801706871851806 46.266728128573604 32.073138205335965 -12.533039763878172 -38.56960101993319 -21.460196711161327 -6.707951924059884 16.08010925695038 -43.15602632230158 -27.671086994207993 -26.269252754791093 -42.534983832641394 -30.343405953688396 7.858352229193514 -4.068929529084123 -26.15313573089675 
3.12340882255695
-25.98810596568004 -44.93313375884935 -20.943774700524344 -44.15651994415475 -14.621213945265943 40.25635865047212 -20.252509983256527 -37.35096263553103 -4.133784079245274 5.560665654056237 30.195827811849966 22.224635495442286 47.51658616209325 -38.24693590747804 41.11758448589438 47.23809172467156 -36.81258511747618 -38.00565110609551 48.29112222862871 -17.371680465199226 -22.60378300469631 
47.22549411013747
-22.287893846889983 38.18350697004627 0.9023114895347106 0.3895053014590033 40.59926818515051 -27.343672683857967 31.491922542580298 -17.47978910899282 -46.22627428715711 -1.5988346992265932 -44.04739987651421 -11.713507158427753 8.766957447957893 47.88164468175147 36.36740370005637 -36.24378388426671 6.469576710081668 6.384982851215085 37.6288909805683 -25.055042134649796 33.215045132270745 
18.893017985489468
32.467489401100536 2.1403361490719988 -21.10044616719511 23.29800232003545 15.308295350709955 -37.95638244764147 -11.928726333546024 -2.9854211513116624 -33.0850524350744 -22.55405596762543 -9.120748633086272 29.527580812290992 38.04872425519295 22.457445917740557 -17.645776084341726 49.5286432317542 -37.734472843567445 20.233129546042022 5.700697273712741 42.03282672374502 -34.50701552972573 
9.690364408511677
48.11161036794857 -11.770193944561548 13.174397527568736 27.88844984496079 -23.926003000714637 48.812386226009636 24.535823392190125 25.541590639887943 21.216043619227676 40.13846042885261 -12.072916962334112 44.56239354241612 -22.547005952941014 21.82072796736321 31.2070388086683 38.583733629926115 -14.478611763859291 -25.79813206640278 36.78801963495964 10.082666158534423 -38.05188567797128 
44.661028783020704
42.22376703436966 -28.969193780331672 -23.91714512051277 -17.18909619432727 34.11986790460155 7.921427573577176 -8.970530759561747 16.382805304414603 25.665094532646833 -3.4257651585697957 -37.856083230634674 41.96059079855556 6.2266980894939294 -32.70537110978506 30.223379397980253 17.71239500632187 -34.777886813436275 16.765020186089984 -44.40679050885744 48.88257611648771 21.874195745362044 
49.47152346574936
14.005434768508223 -48.955564693315104 37.476529323835166 8.520169910210825 15.59452732027755 -39.02236683613279 47.439961068084315 -26.62745950339479 14.09320479754814 -9.47755201674768 26.66096975543023 -39.66848404433926 45.09304004735843 -15.123641853993966 -6.3529084671117175 -39.466409299346275 -30.658271481294797 3.536660385552196 -33.64590581255962 -10.244952691683217 -0.09916173402445594 
39.45615295289825
5.834126098839796 4.51496044219293 -39.5550684151335 29.967186352542527 22.563659501130246 -40.24109719398524 -43.935014505967 41.64263977434905 -25.28551079077338 -5.167090706312315 37.64605191352102 30.50070501997459 -42.34935697440196 36.50810490344112 6.221126231529652 -11.176385475673833 -30.42142382880073 -49.50789124735625 34.6602469151301 -9.651274589915282 39.547544220931016 
6.164212531740665
-19.364153048134437 36.70368377782678 20.89157269672856 43.197009540570406 27.012458788463206 -10.304376583575745 -14.2759826551749 -6.722025294404844 13.64085030557571 -3.572299506240114 4.240164344345686 15.320317670715127 17.993719047470748 -22.795501901750036 -43.64706261578157 48.35312650770135 1.1621417687208506 -0.19888732024321598 2.5812413097115936 -27.293337013765097 -39.561046882610455 
57.909056994084295
36.13002872810806 -2.84053948759032 20.04727187850193 6.435369329673968 48.745731207681345 -42.61041254363484 47.52946839982708 31.819579604042218 -30.799821020332697 -30.626703347999385 4.8938191322252536 -48.353489544311934 -24.849310119173683 30.30001814357948 30.823214211668002 44.57113671303726 36.643577069587764 49.12344707951503 3.0822230023514834 8.935026686160505 22.672756800048006 
69.04427687843707
48.71595154900767 36.44215419254073 -9.025210126875358 15.020844480157265 -46.283933537920774 -34.124828869474015 -14.36387330107032 10.829844454233495 -26.463545391431243 1.0714877771358147 -12.892102133681838 -37.75006737963871 -38.82701770575242 37.24181419778877 -5.131864188178817 -4.383085758183967 10.47887829251529 -9.797918192678623 -25.759189270607806 -25.700063822467367 -41.03074200890813 
14.202951799249174
-34.22439383833539 -10.426081981049549 6.575396492785103 25.77938216009727 38.111925901111974 36.91418091018828 -15.358705108813922 -26.593955206162768 -36.60492467517983 -6.084862854302941 -47.087744933390496 5.732606906166552 8.082199583096461 11.835511921107603 11.347037339299163 -5.213746831981872 -38.63000225057036 -30.80149039044926 -11.707631113742657 -35.2330020233713 -31.504206057075212 
62.92601609094527
6.890493987885989 -38.075257936411646 -3.1918811846755233 30.161761718022092 37.5475480150854 -23.50480909438819 38.77241248334194 -47.76087897816458 15.872496083204751 43.78513879154643 47.97205928324209 -8.824981079159869 42.70354125251909 8.235814755846945 11.684446348209995 48.62221472861873 -14.329232083876462 -18.343682799701032 -13.243698364397204 17.3879626996346 -29.7990350362899 
14.807458548574715
-35.72792890034204 16.427902375647434 -18.047489840037635 30.129568419818582 -17.09633561461542 -38.35027399476076 2.3752763792303924 -17.3538754995742 -19.150613810303817 -23.087953468025802 -35.57746076206287 25.938363407278445 -38.085583632728955 -7.720409544816 46.398889827929935 -39.42571423778601 -47.445229811638654 -40.10332628473323 18.510179717261153 33.48875364979317 43.601131243712985 
91.7666621252983
18.888601793839825 38.549684608502716 42.89853430590286 -11.724068304784154 -36.3020240307293 40.908586392526416 13.242420083975738 31.476609264560523 -10.618601326667523 -39.27800303147755 33.7610167236963 -37.05684575025416 -15.80460002393734 5.443647057962217 2.28868024677368 -47.55638432968337 -9.11818166117316 -15.874528319848515 -8.705761730643943 -9.28277842991396 -47.33937326158302 
22.028840404549342
-19.42704851409357 7.325662110266926 30.683946090772665 19.335696434569712 16.180268656254853 22.846300575160384 42.67355789078259 13.862553637895857 -13.019965354166573 43.60125600073124 -40.32877570015915 14.418581656962658 -32.300624605851034 -3.332895097420682 -49.336826826262126 -31.187689212450632 -49.4730130365987 33.085755255204575 -16.70286081528178 18.499725466755933 -23.93886635161926 
47.997790874188475
-27.007643157908234 -29.52013769240198 -21.191882694835897 -22.154618074202936 22.44996775272395 -13.717755742764801 -17.54839880814609 -13.157361110787434 8.903322617462116 -2.246193451859483 15.757611002730116 47.587076766977034 -42.59533749525036 9.841234273205743 -28.750337033494432 -46.013392514315264 -14.973243303650804 -8.322092827571794 -4.317100580063304 -21.397696989802196 13.065030854707516 
39.02295692218556
-16.13427982101431 1.0579147386062786 22.15781061817951 13.463186030391952 45.5219165802737 -10.657066657508132 -31.300685567862562 -23.223105428665537 28.655788959191113 -38.36323819732481 -9.997947671532913 42.471959288647014 12.277352772950763 -7.292663426748405 0.37231851263456406 -39.251228199212775 26.364181271190574 5.988325700880182 20.59453480871555 38.00190601344373 17.58103181980961 
60.11480915815096
-10.722827842167916 -32.53727909690991 -44.4521259166189 -3.0018615980271193 -23.904936958940304 13.698327320902074 -33.65845647183969 17.44643602693104 -45.83009865290207 0.42065903226017554 -12.564314901826123 -10.112011026130489 -8.337180575671553 -1.577312473827611 -38.571736772850684 -22.06943909826752 -8.890115493191466 48.44703269536744 24.675399046010938 -6.709534889063107 39.11345895690789 
32.40559615091835
1.3448459543124116 42.05094086694278 28.70935856325572 25.607049889280873 -16.578061742905035 34.26026560680742 -17.938208165223003 -27.487677034177693 -37.154621401073285 19.555731849629197 32.0950799427784 29.02652502809815 -16.7802419765216 -5.19959471391558 18.25320277805598 5.448995241754538 -4.553735097172272 -46.35455242819165 13.785258726285242 25.94146068919072 34.13251352623628 
62.4814313005956
29.786897167291357 -7.262406026777526 -20.21300094184253 -47.58202022596342 34.68491583030175 6.3054801475127675 35.57320491740127 -37.26821652057334 -13.06587148177568 -3.7121308095230034 26.792921429161126 -42.35117698336963 3.4027598150238916 -37.71673323639757 26.287851056675436 -34.62256075492333 -23.745473566469222 -41.6056842891921 19.59312778371745 -44.015349282412565 7.092735426686083 
30.958092157427142
49.94589327719096 -16.99107860427106 48.713629641389545 34.98630187825752 25.14661438584959 -37.37168057664944 32.02334121978389 -38.41840704120807 25.790368504463473 3.7538487540560226 8.504781257328219 5.959517229200372 27.529799787520986 32.59346808805243 -42.922133868715285 -6.3060824454603335 38.80106576879686 26.033116178191378 -11.721515826319326 -38.583158681227246 -40.161445900263004 
29.60682735534452
28.38865352823794 -42.55766815725372 -11.176290839425981 -12.121157042906972 -18.517646403461995 -12.353260704102773 36.65785050422478 7.73633930828089 48.30852546458246 32.42646725395902 -36.88164182810768 8.392227494937643 27.514798162139613 1.6673676732144926 14.052179471466758 -14.176744419517526 36.92249280489821 26.39828142322932 21.780106471939206 33.91939142741623 -29.604465384910284 
58.16444894100983
29.029823310025066 19.796294177484782 49.302868304680786 -39.855103853463326 10.485229081373546 6.523403973691963 36.656083126565164 -22.348923135237232 -4.565860291429303 2.946025136668915 -43.2890879698244 -30.117587937380353 40.01588656025639 -2.6694683310698437 3.1533519601902285 -30.322409163380325 -41.78501457683244 49.23756015927252 24.948146323918508 13.488840106894209 -2.983480961538689 
22.328924397728724
-49.490554102242946 49.91958649804428 33.03336693140638 39.73971112747385 48.06043915163903 -8.095736665421093 -24.56493223962778 -16.802222342047358 22.880822778686962 -25.02773268588683 -16.847511305984767 37.248733618239186 20.598004212543685 22.026369904764934 43.102120464954226 0.7451693093136882 39.759913938959556 43.67917674956307 10.568291060948972 49.184767427804346 -43.36556770514494 
72.42945815656361
-17.09887353135634 33.532645753927824 30.51234705950813 38.82352541281158 -36.667370163867986 43.83910735481595 -11.252111897479054 -1.764932764943552 -27.017199131057023 -0.7352881552339454 -12.647118005598202 8.01014611253592 -13.977815677549351 -49.94957256812593 5.16756691840142 36.46233792347056 -4.523153400168681 41.52132405614685 -42.536796695780765 -42.433712532259136 -34.69373700249503 
45.388100049140554
8.288590778390095 48.18623106227248 -11.845882517833559 9.411541957244417 19.95467484952823 -41.71069937741597 47.56660779781919 -37.07930483820628 2.7584198953256944 18.831740249099724 -21.507673586726884 42.72643826781855 18.379194954469313 -13.130602330606521 30.522316243130902 -28.352171407858194 46.3379165388408 -47.0677954064605 -35.40152079163576 30.16940689092135 44.49125973053192 
1.8155624081775956
-44.18698111369732 10.673464734743511 21.740212360868185 24.679879827357425 32.44108682898353 33.2419773974252 -6.035602342562697 -22.287211679227937 -45.5065604838845 -17.801214694122592 12.650464963945076 -29.403165943891153 23.845332785825875 -6.636710486769793 39.76504948360406 46.638705761472266 22.392459952267842 33.41278383494699 -7.87034157267351 -14.3456251184909 -5.295685238708572 
14.801311497079883
-6.112945692063917 20.567788888515267 27.28979078280794 -17.641334498333535 -43.39444480526863 9.169042142999032 27.859456027801116 40.99398799733939 -46.85013864604925 -6.408784485869248 -25.136581687902805 -32.14577680751498 -36.34606011737035 11.803379713404595 -9.896757784925605 -33.161644172876116 49.763576888980836 47.78053836002819 -14.63908210633906 -21.455713483569927 -43.226742802512284 
69.99953475322978
47.7573991189648 -45.474148755907805 -47.636012593848335 11.523274423652467 -42.05222961158795 41.163375165749926 -14.644193872436261 39.17385986052095 -19.720370892907102 45.501849409467425 -11.779318812145846 44.15854039469488 24.68580097986805 -26.913325031779745 -46.94143645959355 -37.999370149223225 -43.64796253990871 -13.87238434582575 -17.678616708616957 -4.2591271353118 21.094879322021058 
79.24748515283004
-47.2231879823643 -26.887022176674 -38.09561665996286 9.622766596125345 34.035646192028736 15.760333702024454 25.250987585494485 -1.500766430972135 -28.576325884577624 -13.450787832462431 -5.474749782958554 41.866373797888556 -22.93900303181129 9.647044550630646 42.37379910293619 29.500200185605294 -27.28133395757237 -22.727392010585756 -36.285694536700454 -26.365156973503744 -6.645302580109849 
16.888284352253645
36.85687343422359 -8.800929803685655 -8.81158011772363 -6.907188484865671 -38.57127319076326 -33.14532874275183 -23.24579019034886 9.58622903053844 38.69361874806934 -2.000557097807288 -4.417304452036355 -41.683014030178356 -7.623042824585212 -12.551759439699062 -33.01048208845047 35.28452162608919 -23.747892775964473 -45.31857559678397 4.908787636843556 5.458808430843845 -21.487102387670255 
32.3507308953283
-0.20958680623793668 -47.108251704593094 12.351917468344674 1.1584161131480428 -34.712530019717136 -3.6665307492807813 -22.816347076890807 43.276322128915936 43.79187868410773 35.52997195504861 -14.403902156865776 -37.8527587136891 20.83360168308043 18.86676194224826 -22.616010379870723 24.81178443631029 19.94069748019308 39.13642953128192 -16.088640117508433 31.829725295436674 36.764514349934956 
20.946429277053223
-36.42941869751766 9.41556705248258 24.106399827242 -39.353459128710476 2.2496843568255187 48.583856203103196 -42.06069496087983 -32.35614278456755 -38.51078920892941 36.90055978499129 -1.4003145890373219 34.586331550907715 -38.59560225009497 39.862636150509005 11.032165816520575 33.13426826260931 5.468040616101312 40.97859627541112 23.30143553359214 -8.097590560685674 -10.106102015169228 
92.29879853486405
-16.45712778498688 -36.35649785600765 -8.36994958675659 -39.55513626394315 22.105460016109674 29.857608431521115 -4.133885269581249 27.113439659332272 37.847550296476754 -27.25043405809292 6.4778161531559775 17.580329126963548 5.378076358424288 -33.179552595275 -19.023135502190158 -14.09324750721035 43.49285728740227 -44.63298747084866 45.30370964408098 -18.64969596845809 -5.862342195111147 
30.776494712572955
-26.804814886273498 -43.09103736766021 35.93668877986204 31.74233614735749 -40.12133135470521 -42.02272764802658 -3.3427081946284716 -44.61021745189522 -19.511173083474088 -3.23040624385186 34.938552684218095 -42.21154634873186 -0.12733852034777726 -23.533867859971313 33.19364603116007 -17.55758561144902 -7.657036345212951 27.963188736568696 -19.197280799961682 13.086429719527949 37.459954014708714 
11.659922785250886
29.545182690871357 -5.519551987069349 -18.934697330244898 16.88960252525345 -28.32271971392367 2.8825823533818777 -10.43766953219798 12.404220913684718 25.14285183325461 26.494217422194524 -20.16930913100653 -37.25298690321376 10.112250992584663 35.40904277232178 -22.816635271291418 27.398296335660177 -33.62363212578431 30.461199249657838 39.41834317344447 2.255756876776246 -7.92019186114382 
10.855945516148513
-13.713105599686081 46.31115104610873 -19.14078580894596 -8.420455476841227 -9.405164606209382 -39.68888517561474 -3.340155852195579 -16.676642119779487 19.67279797620219 -1.2594070343758048 -46.6645058226573 20.020425325112512 -35.90404977964329 1.6431861426045273 -40.40610647748289 -17.918938836578967 -45.69678084003386 -21.406563121634893 48.931746034294946 17.027298585445337 45.160556280405316 
13.561958649919703
38.910614991999935 3.4643174425306142 43.5323514111292 -13.535023940627397 -45.543134230920025 39.19020600619848 -35.43041116950131 -25.134276037449112 5.825935239818605 9.733761919685577 28.692914056493933 7.595862495942171 33.45323257913131 9.723274192604727 -46.85670956890435 -9.009076575893879 19.12095305129553 -3.7724864215843965 49.492439757331454 17.984475865687955 15.702204189710173 
0.5734796001894304
11.649837540527116 0.4816034792159982 -33.799219426515116 13.133653880695874 -32.327491603483935 36.2329631343637 -33.11294528291611 34.1888759003116 -26.92154450383535 -17.143449218231495 -20.96261449414638 -46.78880172199622 43.38403749026493 -36.294974789211174 9.11653678068469 -21.225662802174305 -40.769829083275035 22.952270088092206 -41.80037343788864 -8.2123262390296 28.731761953412942 
30.573609425143623
-11.987863288681567 35.86299011636385 -41.42069824164886 11.819917694016787 -36.82645472394137 -9.63856905409294 -32.05895463962074 -9.663385184637342 7.062202343614757 44.03145151485435 -22.641153275599677 -10.74568751203467 -47.823927035716196 0.13681658878444125 18.600096671168814 30.378732480045443 -25.053985525037703 47.58696661967977 40.82285861535914 8.033150044994485 -20.334719261370548 
76.82034471069917
33.43078895380354 -8.842423588612768 36.53098073406217 4.054623195677173 46.63894618248172 24.944541088879078 -15.2497289684446 43.00595422744422 -32.958857103344 11.592169697078546 -16.753968863017676 29.292723874396913 -2.63596547988724 48.681030294537464 28.703876525280407 -40.522464774356216 -2.887367845997204 43.23199291368239 -36.46563796365079 -45.935545735138625 -36.043496026625235 
49.67815938842367
-35.21876857978291 -8.243211318731056 -25.524567822142743 0.7846320332894123 39.08866064068171 -9.106006214708614 -42.722178050037314 -38.02423744332074 48.547415951310725 -16.775418353572803 41.52472264074085 41.58022745055369 -42.428082678573475 35.035146491338736 9.53680176882797 32.1800871759353 21.91722493169354 -28.856069499474213 -16.568805840282664 41.5507964696382 37.52695564952579 
98.38067385702138
-7.3703680082399785 -4.395151844655167 29.110245586045693 6.912684139676351 1.5988552702460481 -39.69742204094972 -13.822180583427112 0.14041497953854076 25.328753001175983 -15.330600943238359 47.72432749057124 -33.125891009159425 23.823291105236038 12.859530373483096 -4.173885455109769 -36.8836797151925 46.273763758204296 -0.3679246174766675 43.1305889037871 15.013429098133031 -9.396525056735925 
40.65606852070805
-10.454534741846963 -10.597449484933044 -45.282563750569025 -3.26311350776799 -20.606910756309215 3.8684970907484697 -17.939724114300162 -0.6427663974305844 11.877178691602417 14.338746958820963 45.97999000901363 -26.148345993699863 44.91626952719582 24.98268727789089 -25.085216056731564 6.084342420049062 -14.769751743792682 -37.45541329349277 -6.435260757739137 8.675742610274092 -23.97668190545128 
95.22816507348814
43.97956524441339 13.624309526394164 -22.311143754013905 -45.136222679062264 -45.11174325825659 29.595471431948496 -13.331438800557983 -9.67237525887277 47.615991742790214 4.2007098249597945 -47.0695692480167 40.045592039908456 2.5781365746545006 24.265383942780375 37.48700225992498 -38.097340652251155 -38.389247079153144 20.38475974953988 -2.042534199113767 -0.007914256076936965 8.291540710678582 
65.99345337974515
2.384168210412966 -0.6231517889861564 -49.075317309049204 -24.275705790406633 49.34615456637033 2.3990995119497853 31.007589962402704 -36.99162294777225 15.869339811239172 23.061711572777043 -6.232964931949212 12.668900301803419 -36.28498895645454 -0.380800786437284 -13.253207396832046 -39.31292249171594 9.335329571456406 19.753666212354943 -2.5516902221636073 -49.63068299212673 3.1165799534821375 
47.57465372521273
1.6705687992211722 -48.17948152367578 -30.512086801403104 -42.829939048492996 -29.535227449745317 -10.070785058661095 31.05537376034468 43.548595983805114 -24.48596185596762 -25.00400248502126 -22.87195678663124 38.552486114520036 40.26780329984328 -30.312490678272653 39.83514178351686 6.6824791708514155 7.305197722037562 6.174004660747393 9.489975229913398 33.76541279851536 31.17115957326874 
38.10931055308625
-45.06136512583699 -49.992048876194936 -39.67642173154013 -26.462211110375968 14.338419893383076 48.21833292056856 41.84932944372281 36.863639508181436 -12.857068849467069 17.841285344880532 -31.748454659453927 -49.30624329997365 -10.97213635855013 15.939513266231998 -13.119954413653709 11.666030521839446 28.07352276929862 -12.631515001557048 9.4713367921617 -41.69917250311171 22.727161595750516 
78.12948011681152
-8.215854109796283 -6.535830688700507 9.90020762054725 -41.75081737895147 1.46099974179117 29.206861888605403 -14.98745648529566 33.52236034597479 -43.9841498941954 17.54465827967141 -25.122014821339533 -20.932539869138424 -7.757689869752085 17.170297262445672 -30.9678392993754 -28.116773889577264 23.35660435608186 -26.860956245623214 25.436027963852652 34.45773346721218 -49.16618056831067 
4.245123886451497
22.445270834134732 26.969528047008524 24.165627829874083 1.1072654169536733 -49.48211760194343 41.733786958943014 -16.33783399652029 -13.092697624167393 24.3392325872358 10.284784217603203 -21.059740903415893 -17.723412774762316 48.87601148812219 30.849127829341626 28.88475913065112 46.000763967514345 -8.672616108763577 11.952617909730868 -22.36074948283635 34.01419318109991 -4.976188486666352 
56.5167541319451
5.576953133937977 30.581129458569876 21.030966025136806 -19.960707092178854 -25.777879143916525 -42.3884547572845 18.548220365616388 16.316474487517155 19.736862065444484 10.735230882730065 6.148212849219782 14.652847538740474 -39.14229511631605 4.05862936507252 -7.513949535502697 -26.382101006483495 -45.939075834718004 -20.545381280642626 -22.68630194095891 -11.853029108956406 11.255015288972203 
0.7862353964692703
-48.53283386963536 9.147228500485483 -6.556655003448128 8.641133493671347 -42.04887390526111 27.757744118290375 7.569531105344417 6.954345405703108 -14.672369857548738 -49.97401974687035 -36.847473803163325 -10.67732833651062 39.322620092777555 22.001364148837382 -9.661922111810448 -10.135164972714193 -21.10405094915694 -49.89025941732783 -18.362362179160385 -38.842689667052525 8.977697730452505 
87.16097792785568
-4.1046301115722414 40.07652440142766 -6.344464736586197 20.455105745053487 -45.08154910191029 -38.696136681005896 -9.194996003510049 -44.80924282002869 -29.274619794002454 -32.199217448933005 11.986514731929574 33.74292319824403 -35.488481110046706 47.73702044513466 -20.110016457570058 -30.63467680817158 -22.799346874229474 48.155743379371245 -10.30998758567224 1.4859489646987711 25.845883529455804 
27.085205918154976
-19.618446547512182 -0.9973238101124267 30.162665760321275 7.857315523302397 -12.501969818689552 47.84905646902109 19.1213974534449 42.0692502928305 -20.429044638707882 9.588721676423631 28.796401630804837 -29.074935636759314 -22.727964811846157 28.91012069250351 19.562808563218496 -1.379978433895424 16.385884265039152 49.631538613281094 -26.74778127654659 -44.018876162656724 43.5934083976027 
21.18970334885799
-20.977290300980698 37.753150883935646 27.503024526688108 40.57350342303506 -19.531836522925914 42.72024988824451 26.448858608764098 28.277653237048668 35.886493349113465 -17.72106045728986 -20.717874561533932 -18.910586047942413 38.64585719748435 -49.870867787418725 -24.286072909046197 -20.615233898008988 -44.767554473764804 13.425611825685124 18.724719275158336 -47.901295731662366 -35.16694207450634 
44.033114138910946
13.137724685254284 18.64760698315942 26.200067123108596 -42.545975056726526 1.6606462389499725 33.819917535354435 -44.93394817848406 16.548412717589684 22.53199741547337 9.01464906762228 -31.4802021419778 -12.658056751834891 -18.63453684773774 -28.804477380553994 41.524967407666225 5.017991083352555 13.867681097714211 -0.4581910692537221 25.15722590676107 19.61603195252249 -34.188092995128 
99.01522900598543
-3.844828054166797 43.009202741311526 31.982040245187264 29.925565708701924 43.02493225483947 11.409681243534294 -23.241500102487677 -36.934094201625456 45.20783956729032 -39.04867667073213 5.599528660675276 -28.8982849712523 -31.284916586280374 -12.175223463511827 -31.121553628324282 -1.3637652117485004 -15.847150312720991 -21.008915708351296 -42.63049945910532 -24.26204358270436 11.205895457927753 
4.675545878214294
-7.868068725498979 -47.29575863111721 7.417113515765685 -40.3556111619848 20.623890858712684 37.44838661841945 48.49512102471351 -23.3073647422107 5.584966913291247 -38.86421365852125 -7.598525468181151 12.82224788047224 33.55798267159284 -17.44196131677859 -19.88636917584191 26.26548546788166 -24.12212544825576 17.222195914015572 2.229284458098199 20.809145380191225 6.537409179492556 
93.24561153335087
-47.52771772042955 32.801178409963725 18.546576569591025 -7.114896743451951 -3.320186731110688 -24.228097165127537 -16.76550150516949 -14.107523040031758 8.995132689973694 -12.222126574571114 -34.60023428872756 -1.1233307731584574 -34.24042385827588 47.37719496788836 41.29707094978656 -6.533868141752649 41.99218133888259 -14.429082645721394 -33.84486405901242 45.303281707339124 25.364748552007725 
73.09582136866224
3.252863213719259 25.766181913651792 48.224718057741484 5.129822664165609 -42.46224153392001 -11.199133850435992 39.48774869540178 -11.228116090149634 -46.6473549124619 6.361010383975277 15.116441061540257 -37.415825745341934 -41.95625949256257 -22.31006268564669 -41.57884826813793 42.03497841617198 -18.944798987358556 10.043235329716616 -10.436570239383855 -10.143374248101466 -28.427714603400144 
81.43850617757187
-12.587966337467861 -43.866481627041665 -3.142734741942874 49.632109681837676 6.2961510123781395 19.361095817412263 8.129311694819108 15.760978695224878 25.219875805778173 36.76734608792346 -8.82842835247429 -14.049063047905427 -22.253444540302304 -20.135691850096617 -45.19430000512492 -0.3188448177886798 37.0311790925727 39.49771258638262 31.95611498580206 9.807705403763919 -27.62653746373016 
83.58876707734218
-44.766660743005346 5.88748562508875 -48.81613226149373 40.3127987897566 21.797742577606 -30.193024510006204 33.399285570282274 9.635329554517199 -19.277919172244275 -9.291331923592516 -5.845352841145655 -23.073141487470295 -39.84674579017412 44.821225612775166 14.911293331522145 13.803470678761819 1.2807205843162777 15.037740235578397 3.26242027089404 3.391143161512609 -18.54894328022576 
34.94972602749223
37.280475099477385 19.887387892809826 -10.274855080001089 -7.4672180887870425 -18.459097537017932 25.594713259493858 -35.2434313435651 -30.206896522261694 -11.148832400398625 -27.473940386058803 17.076749837700348 26.422358353331788 -15.766465840817581 10.233272090215308 35.704454685113035 -42.12832094865775 25.854556333839312 -43.314633049472484 22.45428302325891 -28.756187535374135 -48.63614862447763 
34.82413180216156
6.400836813653889 26.01576493909232 47.499177615088556 13.850454594841175 -34.337791520505 -19.15743953391742 25.834410961491344 -28.65454155603022 23.998601578718848 22.55597949030252 48.19155245814282 10.00638665411563 -4.321267582813249 28.960481889825246 21.50740037548084 21.077902543659448 23.648924193252313 -16.858253869859574 -26.15993104896235 -14.514721275873 -6.753392879968935 
63.74156219976882
30.72007711655364 43.22674754838536 6.532147420079696 -16.983893686622324 34.19523606370852 41.75800443559409 -29.230143304741286 -17.51712034200181 -14.311871826836473 44.90271328429401 -11.328886924029824 24.57492043734051 48.1794545751432 45.2486018983123 37.719521310386085 37.95909399241401 13.250117708013398 25.039502794760992 -8.769887011631326 -15.961334880182363 24.15939603844312 
3.249520741627987
-35.24843095682129 12.648533698958744 47.40609918357015 -10.173738245913874 -31.99746131732063 -33.93514170360616 2.1141526013110266 -7.9841834502825435 4.740086101412274 22.189034318561312 -10.896442087750266 -17.766948519089 -9.209605612869034 40.129318307792204 9.652241895856726 42.11642519463817 -46.07112855729366 34.39161930670696 27.723787802938986 43.20745631966193 38.3787682793253 
7.504318979073665
8.830642481225546 11.120643982184205 -38.59541843125473 15.14018701164126 -36.278159279280096 47.12047484305651 -40.19159802541651 -27.338176235522848 35.728923936373604 -1.3020516117768892 20.094513526200828 37.505288673592545 -3.1268574542925833 -20.960222353983948 7.649492668268444 17.92986021469089 -40.26834173763479 -15.790745835789032 -2.5078214058070216 -34.5998338235719 -30.420044673939795 
96.4085132215185
-38.02018347680822 5.230217095280075 14.472187867387802 -8.132238214798704 -10.686210291667422 48.10712328825734 -20.309244975840446 42.707733512863356 -9.22965130752278 -46.274436588977544 -22.609099713985525 13.547516115844502 4.288774122989068 -12.99758821161543 2.2856796640995043 5.680597536083134 17.381466333814416 -32.79589762552241 -0.13885623450382667 -5.682213769802871 13.287451498162163 
10.80770845229857
-15.118825251045742 37.69646564516627 -9.127132462834162 10.029909492431287 14.835869050562806 10.781388575082495 20.988982207078237 20.69633821506943 5.506945307424282 -19.166993674018652 -20.1696501086689 -44.51292548593653 -26.03182752229167 -2.7048737868943107 43.29274616745789 -8.417649967779397 8.108342183385133 -35.74554136105256 35.41254510358681 5.345752456055578 -8.841173544503022 
50.15039655454876
-1.3237720646888107 40.920592562807684 -45.272670074098485 -33.53585239057507 -5.6792398966714615 4.478276976098236 -5.516059595630395 -35.20785447034454 46.70258401042612 1.3458879981333425 -41.08486963438208 -39.99060207895436 17.395035200036162 -0.6465653955070394 13.455883681028524 -13.845723510114205 31.880977778161807 -41.52054660399591 -10.170318960550318 31.21696928798879 -15.460456350542714 
64.23705832071504
-46.429439338242254 -22.81035812924013 16.082828979447612 40.23066709890023 -38.528960942669265 -7.462873176075178 -8.319526254289897 43.92702035817962 35.09421644841473 35.672723669697135 7.717093680979737 -31.07765773804829 46.507852436606484 30.074486919969218 20.45949022605265 -13.149212060515083 -1.9571478044203303 14.353168769431306 20.867707481414 -37.43240312654752 -20.851999559436173 
3.8837467339619347
-23.63407271810969 -32.64634166678078 0.30739797521799517 24.53825908337521 22.59630569037172 -3.3735333524129842 36.5065763556929 43.60844301882075 16.010831569452392 21.005767644206173 -39.1222428049291 28.182471377644973 -48.38664156853619 -37.42962524098269 12.924295617720873 7.040838706529684 9.245960575051924 41.75606199890683 25.118862291490885 -1.4377582361536057 16.520826210511743 
34.58259064290116
26.68945727247089 -5.818908828850724 6.83088825597212 14.761280089311228 -45.94814950246933 -45.38594679051191 6.8294910365054164 -19.277199974371552 23.61662438303118 34.373804312700116 9.351331507532365 -16.281869478368428 -35.40650878863588 -0.986011372727404 -25.045941049277896 -20.116082335211694 -33.064913450763896 -10.899898751028779 -41.90818415023555 26.52676434213609 -27.293003137353146 
65.07685522414278
-27.610825104556824 30.869238886621815 27.94028579716337 38.003336893439894 -6.43418152883217 38.11367030708084 16.41732719521191 2.5530234163928824 48.26946738437668 -35.08188570140478 16.861290611333118 40.726587951412725 -47.59350415289623 44.24211636587853 -39.35587443076952 -42.59891624345241 43.51675869081603 -1.9918031733092576 18.39747180016475 42.140018005890795 -1.6788413427866402 
45.13826715963607
10.805406886987889 25.614464433259954 38.7775468397718 -15.737546349311572 21.377489554293135 13.5362768319522 7.812546830180388 12.761104729489738 -12.85487841069829 -13.819864113268274 39.35391076632639 -43.21097577546714 -43.00628813931252 47.37203384632929 -43.62987370018877 -9.455736389581496 36.73772650260297 43.2475100831782 5.3309277901130585 17.282074486748655 -14.934794330328863 
98.13377875394174
-24.16555385535052 -30.56207535870026 -14.877134622976115 32.58567067659553 -39.89622213503117 -39.28825143543381 -7.217582747504849 -13.093975684208367 -21.362270733676525 39.07887196136524 -45.476672106526216 -27.59292934138273 35.5075991667471 46.431374782244106 -4.613332499655407 12.220003321787999 -30.37619543075585 37.91686720957652 0.5993624128987705 13.635792746524785 36.753279164093925 
2.0300220618434617
-46.762428103091956 34.76104461179759 -8.849478240645283 -48.87458515030294 44.692507520416214 -30.301475243582654 35.372265851741545 -28.74146255009178 44.72155636393096 28.512682230527986 -27.822260411785727 30.12511957623802 3.5120377540873307 30.916368308406533 23.373527411768762 42.35720928708058 -40.54547120700688 15.915672873784871 -22.955939302386653 -17.452323803557455 43.21716249398702 
43.57559213264752
-13.184175296406174 18.113156206725535 1.2318826783373567 29.620036061412776 -25.364614735447855 6.468687728078635 9.848118849875519 -41.244531560360485 -18.00164295213367 13.975584244418961 15.17894407299599 -31.591781566287015 -26.351533712466026 -32.26260989383315 13.059238663544711 -19.008673279592493 22.472965821591288 -4.442982540220001 -21.445032497473704 -10.132450494229907 -5.347467991517561 
94.2314397503357
-34.89283004777953 -28.149079028311586 10.080992837496552 -8.151340001278584 19.663837507143384 7.390070159913556 -25.347863295449024 -14.135141967849897 2.0473291838037113 -11.497741132162922 -31.78209424565458 45.47797935137915 -45.67542972930943 -15.92211294535769 24.854374634532704 -35.82271334106836 39.0917401234158 -37.64898951874153 -39.47114917885971 36.336650107343644 -45.64523469828663 
91.13216775785166
-12.656456876724484 10.332671110215898 37.08137960045602 47.82562644663044 3.238229555700066 39.906999372460064 -12.479878258355484 23.303911156239025 -38.633590314622346 -34.64452377552444 -17.973866963485065 -3.611717574334726 4.3164380538736395 6.615038759581452 -6.596867242478531 -11.0154047172596 -5.068800281050656 -8.567413910016576 4.665528512125029 -14.150228427964493 -12.313120314025149 
23.53826509573569
-15.35589387814349 17.514857230442402 -37.57656789643261 18.10900947377924 -7.996687275384659 -39.93350908952317 -14.323598947427428 44.79629017117398 -11.992379288209712 -48.71069643046921 -26.05827853161743 22.205493023724614 -32.23093034745192 -40.90237678687414 7.912247800118081 1.9524734771230428 -35.27245755676671 15.235599230198062 -12.943321810202903 -34.713800014544994 43.75992218220398 
94.90065209146682
19.86868942348508 30.754672646947355 -25.416260080493725 -18.754055556057935 16.696027119845922 37.504544003225575 -30.984468332302363 -47.356666506371134 -10.733586618804978 -24.45679119343671 -26.836395316267094 -29.86093241038965 -36.14092464035868 -18.34465754801705 28.77943642524761 22.710244189072412 -16.47215713419037 -42.345782571834036 -43.238484390562625 8.730859182841535 8.863653804304775 
46.261373654252914
-29.80009386477859 -6.517968824535281 26.491483770669433 19.146469227123745 -5.63063054506442 -15.408219929335033 39.8286366967135 41.5225031742343 -43.27656712630734 -40.034491333185244 47.58841570738309 -21.820198851279315 11.211291038940885 -33.93084508619333 12.0952108551433 -3.0445327320206133 -21.866038013617416 28.352687109590477 -18.31591299551508 7.373302334304633 13.275678590585315 
30.152492214101457
-40.71004067594198 44.55245707536717 -31.8089993369416 21.586898022224233 2.788502464632984 -28.528660765832992 -32.70233877656757 -34.24006622607922 1.732945269230413 -23.71335844835989 6.819729031944696 16.01412220152899 -0.1620414046409877 -14.35442257730125 -24.354858776981658 45.023986020886895 22.89386310161899 49.792721315204375 8.80624939704606 14.197636662657288 27.7514158358004 
30.761122281109632
10.561521194296596 -19.845364660275077 9.599440416011184 41.05066258533519 25.951069380672678 -16.02586818544888 -8.035321859355214 -13.065125736563488 -2.7817611603664787 8.457978237839583 -23.30484748654885 -32.0992630859002 14.633973220518698 18.829403061643873 49.64546571842739 -28.285729169982467 -39.969746627844515 -26.9114905353384 21.86443830886914 -16.782026582169316 45.74339710015285 
49.67174076661408
35.79252371826317 -5.795503391945047 -28.312418251821637 -7.886849517423414 -18.691506450966454 -38.425833651203604 -41.076578215922424 -36.91884370743487 47.42188767988276 -38.527689233356355 -30.643964570956538 33.4652038777908 -18.010213816182684 28.21555588827384 -11.908482937332266 6.112570294604517 44.043443325648084 -1.4453828756866756 27.500267031960917 -11.633701027388746 11.142427185370266 
54.184310845566365
10.18018629587408 -17.268937018764078 47.63087096203601 -31.60011947207978 1.7822604438495517 -39.20550737918927 48.75250217011184 -33.58808003169996 -5.944422239281025 -28.04265246673332 -49.7118439723087 3.070544078200335 -16.511622516935496 15.576631425748673 33.71150233354244 46.61266152673653 -48.433752400685435 22.801565655585406 -37.18427300172681 32.5345574463426 28.938102878640123 
2.683114776002382
-40.65402132076079 17.805210938776582 17.675165659346774 6.063529941667781 -37.62060899067424 22.374116467655796 -46.67240158323443 0.3031612128891936 19.026534955234396 42.29057621496031 11.628102085097666 28.077569395635848 22.485181306518783 -43.260188571519684 3.4611953581331534 44.27874360166612 47.55929892536179 -20.085557403177777 -43.888486481902355 -13.519950107393576 33.46322653478626 
77.87821047167111
48.823957582561036 36.475248682130044 29.06298813382722 -19.55793077075082 -43.646945900506935 -26.92224353046555 46.66378801320596 18.561089692905583 -44.551568101456894 49.66708532999161 -32.965310325979125 8.87386319862479 -33.88215720079211 -46.10480045846776 0.5685757522052555 -11.255610747734679 32.02870232790822 -28.48374685367997 37.30748874627923 -22.470258260088038 -7.446394441537876 
31.479026720463978
12.020469243369014 2.785016921320114 -37.2650971987969 -44.77789907816098 -30.396921818398937 -16.26956597851077 16.837820045435564 19.537625427596055 40.774784325815034 -41.45633145781167 -33.81872100305142 -30.57968434936511 28.382451678528952 -23.096177864978596 32.57998374581378 -15.00594151097414 -39.4248198780835 4.701721998751026 45.000947054861115 14.90933960256045 -11.30219079508963 
53.944451092496806
28.932141383643526 37.530458883862536 -5.042634027211676 -42.379595276125926 15.480465973221442 0.7822687948832225 27.748843621917104 6.65434992602075 -29.639212821172045 -28.298004713498003 0.9837016212587457 -45.929704931893745 31.707337892869432 -2.4575778231775587 -22.153550189755865 -29.90673387465044 -49.966743669994884 -8.301439349998105 9.11184386722067 1.159319555746464 43.68360299689709 
59.78066541490408
11.487072294524467 45.6664577439287 18.771763697449742 -26.167736565598034 -47.59945439092912 9.787366703450658 -46.1414186113002 35.99262718377216 -45.75925915848031 -2.2218449058257335 16.52818544829013 46.82890576449252 43.25573590921586 22.9556280182658 -38.466030344348766 8.113938789043374 46.155982460974414 47.878813265961625 -41.66728741858435 45.00150949442444 -19.079989905847818 
25.258811437177197
9.594351186584106 28.35161193004349 -2.6153295394344056 14.734305387021223 -48.330494378020326 14.384076698838044 -2.091343708074099 44.88832068872135 -26.983721968547425 45.88968319383821 8.730001219008862 -25.254852688174743 47.23249951944095 -23.09634027599281 -21.40466673862419 -15.525423613869002 -46.39095478882255 41.047258714848596 -47.179332475608625 -8.856082186232058 -49.98558125135142 
32.66889528117925
8.150541562184422 42.096543275299965 -29.559718261562985 9.46706449466388 36.61438859441304 -14.101056639460232 42.68221497784876 5.45311422345263 35.035987273922004 8.786635721744688 -39.60053489869827 -36.0873530077874 -9.06607849503974 -46.847550454540624 -1.8080298332169207 -38.54983266773117 -44.741998080208525 -46.14088571137652 28.352525938784993 -3.7476548748758276 -42.26136855775087 
88.02122515786326
-16.403553088623767 -43.618939871590314 -48.41690678365654 34.39007172924265 11.340619112827675 -32.79185672528693 -29.165165833128594 29.587977868517626 -18.001615222462984 -8.970435399275225 45.918802970856206 -9.822821384418788 46.276218220033996 16.44754953221738 -49.27206181390973 41.91148339250678 -15.397323988203063 -19.715098387462326 48.06295792352077 -39.49272424960787 -44.41034331366593 
60.596618464479015
-40.68041115315167 -18.11633089239869 29.82053203729741 -34.23037760912108 9.024463779094063 -15.940041002503747 -9.720783391463804 -28.24776046010281 -14.847112705623559 27.761724304805767 -8.62119831000242 27.13083575761671 12.118745361495122 -31.724722794560666 -5.1820764963267365 -45.92819472256379 -45.09115595944372 -32.79659438376274 42.38751013530485 22.07286703932357 -39.959013138701835 
89.51365533151554
-16.629852614952014 -38.981574291939225 -8.142827875577865 -31.366362007326543 47.318796556335315 10.209530332679009 41.12026244361036 10.336199949172972 41.77113926861719 20.839753292489732 -33.0354464680775 -15.22948206389789 -41.14964691838124 40.81406653463371 -17.042291048886426 25.233462737959528 -5.277349532722461 -37.141399469139046 13.363498013430053 12.138902061055688 21.5264752431723 
59.54494595047046
26.651868967719565 -28.869157764175423 2.6577108775707714 -37.84656696535041 -0.1150787394017172 -44.60036371894317 9.189877841763035 14.225605025322992 -20.185716293014423 -36.00129235142671 -22.272249875784212 45.2068912391681 -15.64242128261143 -29.677398011564428 48.137391725690634 -35.24373241648618 31.578533281139613 47.895379547747666 33.36514894285628 -25.899548905861458 -7.622539619817815 
34.2316844427344
2.9526409706715526 27.235981961091397 37.80577773783037 -32.22888392821787 6.8743428266126685 -48.16665363671492 -7.7497178832568565 17.749779386258908 26.96887333662646 7.37297300692147 9.689977793999248 2.361188052701621 19.50463907757471 16.343894907933617 -38.1897980442539 -43.32801144946803 4.315021882269001 3.261451513583822 -36.03410291723635 -31.503791180454456 -36.542180630066426 
65.81133891957977
-32.18211876958404 47.79510144575771 35.49816092754254 -17.396983438725712 17.92298959184481 33.15781029642399 30.283712062689702 -17.183689070968597 3.6410078521225984 17.531508881646502 43.475442440441725 -35.54924764223017 37.42834936029335 -5.39218449982949 20.116804133460903 49.93810037713823 -44.07956338479397 37.135662748043 2.168685724020172 10.554148352134128 -28.838189534173285 
68.91902364241382
-3.792943145240457 -25.63321734417525 -4.074981639666106 -16.62879261285928 14.37469679436657 -43.61700140554014 29.266314019828556 43.23571696283919 -25.801972878240175 -35.891616830735394 16.29830940551153 -31.553088758172 -8.97552532086884 36.908348769622165 -10.383296036927511 -17.907950543112385 -39.394558583411545 23.3611688712935 -41.09977363347617 38.04952485700743 8.744417535229672 
37.218677424719935
39.91004230218799 -1.883593491903909 -20.05068238736255 -40.358768366740264 4.446801268084357 -38.698314277205405 47.67266271850687 23.049389503934293 -11.21940261570785 23.449881432223506 -45.00721765100968 20.23543429172588 19.651169867754277 -38.52700470861979 36.483664018232304 31.30377220263597 4.142593614631018 43.20699147097852 29.54071568630509 -49.44010062356005 -17.431106295331666 
11.272396852100087
-43.425844164570805 25.643527762315756 -38.03610813912655 -22.693255775234956 48.25131042454289 -7.99787298579114 31.85075550065281 41.549981831671445 -17.636373855639043 47.22701757195058 13.673682243378678 22.00220313929367 32.91372324242718 -38.1751219493331 10.606154502804834 37.236327127107714 -40.33760488294615 15.6733210215084 5.407356319906242 37.436659310184524 19.644887902686634 
32.709969235274905
0.5802108477376606 19.34753499669567 49.060469678954036 -39.669727469531004 7.291650049844357 -7.445463386273879 46.45866991814128 -45.47994681839212 -32.65226838640682 36.88404309881881 -13.70974179038916 -13.075444389852379 35.97318952869662 3.6951635049476153 5.660435157859048 -14.143421622959615 -37.772862045728374 17.451381419416705 36.51629703003276 -40.32797889201099 -21.406416222974766 
78.19752433506613
0.5202035928034263 27.991984817552407 -48.38250817412341 -49.569043656148615 44.50509449729172 3.926319668489711 -48.58583248267364 -0.6558682748947859 -29.3225192232326 -21.24568659457069 -30.538267124303854 1.5290304183319918 7.62823317215139 -40.55599859718714 -48.706472952835114 13.972124652107041 -24.269090795250424 48.94232268353984 13.539279649937562 32.531983272075024 23.651854506746503 
89.34418844797291
-16.779060290807422 9.079733039677052 -48.534147738864455 8.849245595424193 31.291085573968687 25.09600957936449 -9.734368499639942 -25.15904521879737 -27.891158560074924 -11.243767864265543 -21.826946355101374 -42.52667023623414 -34.11969986400683 32.39935368879232 -41.69561866252628 -49.17346389328454 -7.952549337272117 -12.236497117708325 25.511475298427825 -18.006752962178286 -41.80835713575189 
57.48523009332076
-34.38458026915203 -37.61650252504694 -28.775316876545798 -16.902671734341254 -36.63154252774458 0.08654187941614566 25.472629352780302 -17.876471376610546 3.524802278284632 47.30397623612454 -44.285534182382804 -10.143441011769184 -46.829692322417436 2.6692125337122405 -37.68023189823941 -4.980536777536862 -7.144441718881154 -25.305868286582545 40.33660025375886 2.7482479028747235 -40.90352368502206 
89.63455655640476
34.71284731082477 -6.802752458976244 -28.54894139219737 -5.258072606673892 -0.20874585536643053 -30.44307992131494 43.65039071341951 16.16941115139302 -37.19955247226376 -44.613037086074605 20.156626775917587 -20.273637137626345 -21.728728741054027 7.906059312674529 37.04013293520235 -7.774073403899095 13.13979556556815 11.242705682406097 -20.787453988150407 11.346296933892951 20.755359898809417 
51.63996380006569
-5.177966174059343 2.726948819263498 46.094097825874684 -44.77981386880244 32.011536443734286 -5.553046882889191 -45.81465696985762 38.154094246058406 -16.739651451380432 41.08320677781853 -10.909539754589424 -21.058152624424874 -41.82610234478417 2.222292830625669 -48.26946574354092 -26.99798725749828 -43.143881881578906 -26.39963494849732 31.441527788461826 -29.122331726849282 -17.10663383128874 
32.97129759363373
38.342423408330134 33.10708412111815 17.49832480780951 -22.645897715937902 -38.566015770040195 -42.83021499458193 -25.493120639566826 -16.513626835858453 20.802759035769 -5.09297604939367 -30.309474340187325 19.11134816030915 -8.613000297100427 -17.57100219875268 -32.75867407675673 -30.848073456725 -49.531829402373084 -1.2405731086912084 11.306019079862516 17.875753866257654 41.3838002828478 
4.331360777273419
11.090418500234819 45.83129826754225 -48.085569698760835 -14.063572624945898 24.324705647331243 -41.364407948496186 -22.62057005327457 0.8429295630139251 -24.22515912425125 13.62012847530859 -24.316470576098336 -30.46342508514577 -44.99522216166103 49.8921426146337 24.38788737428908 13.900808806306244 -39.2612564930978 7.54432352312174 -41.66337041865606 -24.357917282411112 -2.0576650190819805 
92.54675213518567
0.45170718443855407 -21.62137585421019 -11.864234140633556 5.280705363435814 -1.9839220691196786 16.04955798138957 23.472070800096688 -47.275371511644934 42.09715689890332 10.164549570152559 -19.242332473888414 6.978512694546438 -21.28044652007204 -21.09764905582828 12.86214552020698 -43.88644823955295 16.978140832119067 -47.819999405236125 -48.14127501382872 17.25984279980817 1.4895148611222737 
98.55262435950485
-9.243631724704656 46.39559801899375 44.41195910304752 2.1671264105875636 -41.17100986175187 -15.522821499969652 5.721047292098646 -9.018697927047228 -30.683161697214157 -24.650007764509684 -30.48996840579803 -28.926771427667543 -2.3304317887293067 -22.693883296729023 -11.20875295632571 -33.89600087986773 43.520122242500904 17.205253224833356 -38.39328059258759 -4.139762854439965 40.2230074614329 
53.75143776051825
-42.786734278584525 -46.70895193880374 2.0601480536857295 24.81870294099103 32.68936779769608 -44.43266164790606 41.111957512768484 2.64461646526005 -32.481870412476134 1.4297843226928535 43.310892127083264 -29.7384813607928 -3.467305060871638 -35.54507736858821 -33.66082093496353 -37.28908385939458 40.067474854478746 39.85718365482296 10.802022968370665 -12.612591560092191 14.240646778789824 
91.05794790242231
20.502084922770337 49.284197199338394 -45.99968507757314 11.490976477086235 -12.339410794125072 -41.036928331723445 -3.1011405309805156 -23.023146584304545 -25.42511163625584 43.74754213249142 -43.48304260504293 14.48738511946054 14.471924984633347 15.93852972007413 -38.95917793309799 -45.76586239299998 21.211506763211858 25.777851408618346 44.703224843212226 -36.246402443766115 20.012840383148983 
91.43550000353939
-42.36908846140057 -14.975246031332127 9.522349391295172 -46.52750191674885 3.098054684666252 8.643097562601795 -20.689729340035157 -2.9681079975760767 20.267374131003365 -27.31158176692816 36.278100792031466 21.436217207404283 5.207661203783289 -31.83802244286379 38.47848400390332 13.920585344011407 3.3084139724476955 17.73195927805247 -4.506367613252706 1.9062843069977333 12.169334335828509 
20.014372686690084
-29.212023853446755 16.520583073276484 5.624505433266911 17.729858457586957 13.345163396023686 -1.0058029799759254 26.76803067389956 4.815129750857217 -46.58081645165235 -28.881294767559197 0.6800401890502101 34.931076239922646 20.373807448209263 -28.878102973004804 -13.991123231010327 31.797820465286776 -20.645858718359968 -22.880092248557627 18.64746053510521 30.40030713117821 37.9286088324118 
51.730717304229415
0.4486962247260209 -2.6537240090928194 43.85918081427772 43.48437610235665 -48.74303171170224 -11.478215136565218 -19.19777958985621 23.341152185217723 -26.510305187302606 -47.32231110157596 -29.988141362868802 17.929501820085278 -24.915022038882917 -19.306238311015456 3.012315967681353 25.04159130120432 -41.16155136237255 -17.994509957473248 -37.274847920508876 -38.52510195212643 13.984389388029406 
92.04177109377237
38.681898709067184 -1.5158798983735409 39.33326773848884 -22.489936348495753 5.722140822940332 -14.091468337407953 -13.640143315391661 -40.02115379952834 14.97158898606196 2.465537711303753 35.34312262312365 22.44545818781441 40.91421120267054 -3.2478547253214884 7.99113393491119 -1.559245254543825 39.01706712107786 -48.82830890026849 -24.058787172012043 -31.289792305686483 -5.364019799832917 
59.30405336319872
46.10765288090592 6.624431095747632 -14.175262716936267 -43.836712504760875 -8.943681938071457 20.21037871338119 40.19002017465732 30.337471684818752 45.41744057656619 -13.942313693231512 39.078800938361965 -22.818742057663844 7.805068395079786 -41.65699705781148 11.154520887543065 23.032475393018103 -28.206493796592902 14.828362530876689 -38.18720384924775 -38.150150418773755 -40.7917564955916 
20.927968243035778
4.907033197147371 -2.280260209069752 44.320831087110946 -47.198977536733786 -1.1011975714269155 -20.644464805969253 38.49421732042664 -29.083460652122007 40.81737509864216 -3.9858415909183833 -48.592926024319524 -23.350679981357047 38.30735919749745 -21.820118911142583 -42.807291994508645 16.20460844311306 -37.437124966132764 -39.08351437410692 -28.339875126289105 18.532163041827275 -16.90870463832055 
72.964499864217
-9.778080939170763 -33.12118804397795 -0.9809541881061747 10.461127579479403 45.23562023827597 7.241809030286248 11.04653814841592 -9.413810363154141 16.172215846486452 41.223617454226456 23.178821596734323 -42.51181089946651 -33.64243152276106 35.65199647610835 24.00305623073031 30.520439174559783 -14.010523789535014 -43.18244651260281 -26.446515169336138 43.117925001746826 -7.284808150039126 
53.29426398129448
13.699055241912951 19.571353578539316 -21.738802328574845 -31.953363636310318 27.50841927484555 -23.494306232201744 -7.560899816395292 7.890564969284597 -3.8084454006069777 -33.95383121919894 24.30853337882928 36.3631912770564 40.98677803776411 -1.5444268427667325 -25.640041615638165 -15.32970636125124 -8.243545933778805 43.452483262002744 11.287356431241257 -5.381859595637728 -5.9257607189953205 
61.47072905474352
-27.74727186092919 17.299878411335868 -47.76876240600993 -41.20368956471431 -3.4985221620006755 -8.205082609506753 6.8579421981716635 43.81867696860114 -21.230350488154535 -30.746970537855567 -37.246568928889914 -14.440913193174929 -8.868847277294499 29.473094996486935 15.032734978291344 40.189574450415165 49.765043576239705 9.449815211060354 -30.152079457925563 16.43176096547495 -3.4200096320056517 
76.34990395532667
19.70786385733797 -3.4743645968090107 24.715118923902054 30.992619345997085 12.816300420753123 15.884082865959556 1.643403445082484 -27.85229030613938 -49.132765775831324 -18.400163407643454 33.93584605391155 -13.172808745855825 -39.61868271484356 -22.35276291555085 -26.298293187844934 -42.7643787598031 8.936349787707712 12.921991679516964 -11.697939122935622 -8.84316676337886 -20.4604130276535 
67.18791194382374
2.141009420729425 -10.706668987467275 -26.090931032696584 -20.44963914157275 -27.82908427145846 -39.56208124380923 -11.424314421334039 -45.74803169596932 -22.794992521122204 33.34530392941437 -3.512692390101435 29.386898980092795 -14.787191424154145 -7.2151977702353705 -28.80926975585625 -34.44420232033484 12.480809744462363 36.493467436507956 10.686804099137689 -36.46573669217028 3.8528872087554475 
59.612310890064315
-46.301393794398685 12.703519324076382 44.22193215452893 23.676515674471474 32.362058823716325 5.292721787155784 -41.973702903857145 8.343876992996968 -27.75707604017753 -24.591875431419798 -34.2884423537165 -24.216076496346183 33.103616969218464 36.37508073616961 43.950258520535755 0.013501640167000062 -18.012122822586253 45.09471284067445 -20.13077852740196 26.45286333142323 3.960761152205251 
67.91774676425699
18.616126029049795 30.589612218372395 -14.763924477036397 -41.03607458533659 -21.695978407240023 38.87606904884507 48.442786586091415 38.86606492158194 46.70453294790427 9.848995039753163 -19.57346133165374 -20.406292837515238 -19.982516105968728 48.94883033675657 -30.748036704466173 -40.68796477878608 -4.373238666835597 -3.371119169340716 -41.03410042225322 -49.842474545054806 -12.040781667423495 
36.08322646800952
38.20130665986231 41.36257561338141 -0.6045323279307198 14.2853400659899 1.8460294282852487 -19.66282575401618 46.6384786129905 8.017713575528994 -36.22970865034242 -14.883611894838587 37.027854788699045 -4.8138976950839805 -46.99887595082232 43.008278334066546 8.994757769694495 10.950197609759101 -4.248363357470886 12.327628142591394 -3.81553577323411 -21.93407998310657 -28.642546932558943 
36.7766235981562
45.730537484837996 1.3227211112468922 31.44225869412047 -34.66555636573144 17.746680308340558 7.072611170445818 -11.471169730468723 -5.556547210722314 -44.690674258850585 40.58589378676112 12.831567669284937 13.830538284880866 42.03607469275747 6.331889897753854 24.11098178000563 42.477831068439144 -42.1778971204533 -0.7288325524510739 29.240180722543215 -12.942109562213986 2.378725102819132 
78.85913813398182
35.527908564559525 41.57422459721877 -19.07471094673251 -18.300888624840784 -35.13778691345348 -26.001287195316625 36.71763629748534 3.646207427809756 4.383377390219721 -36.62659543258313 -28.94660736359289 7.651796869074467 -44.33575417519503 -40.8551732501957 12.976369391019347 29.751416488089873 -13.729344623504616 -16.57519268990435 -11.890585419337185 -37.66258648603312 45.09412878211481 
36.422549172652964
-11.12296930542366 -8.779179002891937 -24.0063576131634 -4.531522973490155 -33.16381160525962 -49.02474949226323 -46.94730878808827 -31.14878724239918 -48.08428499566414 -8.331073529224156 -34.847523093875324 -22.885293864968993 -46.92827298506902 19.329161862858854 -2.418444878171087 -13.486529466510852 10.198564197917804 32.34695422384604 -5.953201289191824 11.99951691290417 48.091754006140306 
76.51763913643936
33.72010370011965 40.41547496416227 29.841529357661358 -17.473248500734627 24.84973280153811 -1.5059117489312186 19.242488126703833 -18.571360441226016 -1.0152128017641076 -45.1849092912754 39.63698312640342 16.028541501433907 -11.994219859909691 0.04626747559216682 -39.93312863774304 -20.93275670308016 -20.076144859932377 45.596230527386 48.6903174529935 12.720560434059202 -21.19431065381666 
67.23228521005082
8.12729828612332 -1.835668318503366 39.20066370552175 -2.7325153524404584 47.729602652665974 48.81876759662026 6.091459878251079 -13.40319496323098 -46.271984755194055 46.37434895735947 -32.341338684951594 16.163117419856974 -10.20848329974531 24.814718108438385 20.044611203481182 36.359420715843385 -2.2596834835556407 -35.609685200557266 -49.17880544272894 -47.57539916641227 -29.013433707867588 
54.85974035594479
-28.98919782898881 -45.93426206473029 41.73362621960986 25.304197093074833 -35.720745377336506 8.340777347858385 -42.953175758920715 -33.56647066117444 -23.686022438097034 46.26116154673919 18.615626647914667 -9.459233228478247 37.42028775897842 -24.375204469153545 26.359229326878804 -15.874705714656258 -2.9868687548062525 -4.7344903857991625 -3.0154595657412955 8.693067306859326 49.95119512677773 
19.205943000841707
25.18763367876845 -3.644414131377957 -48.44518700524585 43.12659087597706 17.39670263327389 -31.412383078358474 -49.331362624869946 -49.885511875867486 -44.213331600540805 28.866909356689433 18.274534706419104 -42.169154659155204 43.752524910383045 42.90747686252284 12.929798373089888 -44.96233386079863 43.11061325190924 -26.188733835589318 3.7001516611157683 -38.15078781398217 38.00401698329769 
33.701306038476254
-33.72330266000773 -24.875058721125566 -49.179680488117384 48.262756217134026 -21.389609780326403 28.09630903122347 -8.613058572660016 -43.89348624191879 -31.33280438546162 -48.379349987490905 42.2914008647419 -19.01666781483009 8.801620691840597 -26.618925909178348 -29.619229284297088 21.614679297296888 8.765817853086368 -19.09783184426489 7.32672729340301 1.269875996896964 32.51600727711367 
54.426994766237556
-39.4004602576302 7.2072896824922665 -47.25249068979296 46.501727086401004 0.2764241699140584 28.71067602362139 -38.515841593176845 -3.4599787184669353 16.816738111891155 21.690006888457873 -24.9325279112815 20.68997338546741 -39.731560935265506 -12.320528381304506 7.535408640021288 10.002340333394322 -47.672635498995966 5.553516581228735 37.65016252418211 3.199456001085629 9.252846448679911 
45.39516948105339
-38.27115126290774 -25.729929149483976 25.850249378331085 25.689122666785366 6.950635059383323 -10.33390274335769 48.56300123038274 -2.624661824032856 -22.041770151772965 -4.94693348058577 9.173806385105586 -48.71278795390543 23.341305088025152 -12.633164473701505 -0.3033564960493038 49.111659043929194 37.983880047364565 -35.64509122166779 43.74829407624348 -27.753310982494572 -37.72272336491963 
70.83150707467507
-39.97988910178526 -32.20460114772913 -0.15526543817357918 -21.448760081457785 19.427760990695774 46.42353427434257 -48.30662633680245 -5.092850331193553 -30.901213020719286 2.9210727346681864 -43.39636642553432 -5.41547180965356 33.56474904487985 -12.95340833599721 35.08596946360133 7.852797694188432 6.356856416099433 -0.4036081695909317 -42.621023717429736 -20.646542978610594 13.660920022484369 
76.62872499040971
-5.267228452667048 32.04294169728766 -34.23042193778593 -46.61334700729767 -32.38409926343931 32.374966914649875 11.776722622755628 18.701453241539085 -25.496353190483045 4.857733262209294 -21.708886864213206 -19.47834321773617 -29.44993452326453 -13.202833279359282 3.9031866094639582 -36.29880167176894 -33.28432805035159 -2.661894091283834 -22.27890493585234 -47.70667919878518 36.81721068674268 
68.84118680961019
-47.5009587561298 -29.664721697082484 -47.51454109714257 -46.81610484552973 30.71304299501898 -32.527933612110516 14.161568176508581 20.75010217636394 15.396211016278343 -11.244257853480079 10.031952931132672 15.673109802238272 -23.37225182881263 -38.42984160642643 14.196300148475785 17.323080704945895 9.276853821997733 -23.130782909892822 30.382773246027966 -14.91953185768753 47.9347418762993 
26.780064885900135
-1.8309631950599865 31.112843647604052 -39.074936113299664 -13.889155556999256 4.937248363292298 -25.82666898567878 -33.135001264531496 41.41601873509859 -11.314305014487779 26.364592800221303 4.456350197758475 -21.989539262186174 -25.660716138769335 -45.63685383626183 39.01798333331271 32.686850162997246 -40.65434838221478 -13.225488454795254 7.728019452070669 7.879147102769416 -46.88686646809265 
60.09053807243879
-10.373839594504389 21.628265505453044 -20.75857339691658 7.145971147214027 36.13361525515441 36.94425226277795 -30.484731033529954 44.02216589425197 13.180110094004085 24.022664364908366 14.276000329381162 4.021575549754019 -13.015522238037477 -40.7389663136968 -14.944577711003525 0.6374784594487011 32.11735734636572 6.134630915671515 12.250864553913445 -24.63085448936788 -47.31838352760514 
4.729033455367759
-16.86005581898032 0.7834673724322982 -14.7219542268341 19.090225066233643 23.67797729610639 -35.600201578894776 -4.119010570773419 4.5413207097400345 41.29060928060434 4.775600065693865 -8.169410369014884 -39.27180044453637 35.26868397550635 7.596223901658561 44.855295849747876 30.39470755689932 26.39196713970469 46.62297050436264 -38.62958289121923 -11.248736528412536 18.05280449259908 
22.029292892790053
42.25544323911954 43.78909339562037 -22.579583727781973 6.95589187272455 45.89493336942766 34.00551901585156 17.080946252023892 12.041121940426095 5.474799742030065 16.744031878787354 -34.891951932541645 17.23397862279296 -45.64217080957195 -12.283799804584518 34.663189926952114 0.37271474812308014 -18.18066309869636 10.260664287407806 42.99447609942506 12.812866965441195 -24.494138579668167 
11.507835051966808
-15.90268996291141 13.814312381435442 6.686832439631729 21.857138128352005 29.319695371417126 -22.552275252748977 -20.29876816006444 44.03695042484874 15.8395854969244 -21.543425058337373 -2.0417967846510408 38.50564504203392 -15.78885693205784 46.811637953767786 -4.567314570605788 3.0654579915291293 43.07137934303505 4.620705977787864 44.80413871348361 6.299172245643291 -28.38191641543293 
13.607016586677679
-18.781553565323815 6.80283834902675 18.614600166522592 -33.45432252844953 -25.8898582691513 -46.82385146319762 20.44641415679557 1.8481496239071689 38.60413484117886 -36.65475972756012 40.14915367888054 6.910642077548125 2.723096697513938 26.031053006225164 24.34705185658045 2.893022752895888 36.958779412761146 2.0396454418060586 -14.31447549547201 -28.729316252211557 8.722493900108162 
78.53913246652357
44.61099306214939 -9.197476629363479 45.77204382697823 45.60118820628949 6.245619725091977 2.4840224798508146 -20.080549834139926 -28.976624533049 5.624209895042455 -40.3948214217705 -4.844197818657406 46.811788872563625 27.704974780607046 -49.791198778722325 22.786623725446702 -31.30816697812676 -2.6645364458306915 -49.95448137395048 10.253182636570592 -11.371800227859374 38.74946442858193 
25.5475669440661
40.02216604873139 49.573422746885925 24.190193825377676 -41.60577728685728 -9.741783783303163 -28.472385601124127 -33.10033965570402 -44.08240447143744 9.950837428725059 -41.51964057050878 -35.01639879581386 44.89814183212545 27.74919388579653 36.91892769552891 -30.44409122712477 20.225173215689665 25.965398560472224 -31.674693740056714 33.086029501166706 34.448350347797245 -10.961122883163796 
50.447820877408745
-7.9826936756441 -30.57806863231426 -20.78857797346927 35.12139198434933 -48.506196634408774 27.04434409753877 1.24467028779992 -5.976246343421984 -30.572328090798784 -37.47856851215335 -7.281387161053047 -42.006769326054716 -17.8413795988116 -39.36750725671827 16.78191278659827 40.3970081973803 -25.39835254306233 -26.845966090484474 40.18181398689201 30.52701561188512 -25.95136035636155 
43.89689322038593
-49.01664628863468 9.113911625190141 38.68405298252462 46.73825083010044 7.594783904686423 -5.212106718137797 19.394374269290935 1.5807357385006853 13.548002065379968 27.678352361885842 -3.4043944536761828 13.346675959952101 -19.06011767869832 34.33266437298566 32.572539990487556 -0.08367901589267746 -20.477557099635014 46.747717855002676 34.21815523943084 36.34460130985644 -31.86321953666941 
17.54599319831458
-8.919056089824508 44.741834764413255 -29.482259963231684 -16.80860494890124 39.27254401494457 1.8794945983029123 -11.54664781091774 27.628211929549778 3.0575928583412306 -30.116973062066798 41.86505828308937 -10.160070857205497 -17.157790050443545 -20.700603606723167 -12.418181932631832 40.562874968254064 -9.202909663268478 -41.622108814326694 -3.5868451598807027 25.75297970484371 -16.504320736119404 
57.578430586304584
-38.41666600363588 37.39216699243599 4.717483958055766 -35.87749784599167 -29.329199458473987 25.834227118168002 30.96104707922254 -12.172507471093638 -2.0959267206855827 -37.871704588047805 7.23068093491036 26.516114718806534 -36.00265903364408 -6.3787113239998305 -28.69440405526966 -13.03171466761495 -33.33399954201418 -38.37099272059177 -9.030456414270624 45.68366178532463 6.5444468990122715 
16.07883973937745
-19.4263282609224 -17.35119036070021 20.43540891743733 -31.23468256841271 20.82480699991808 10.85375164813722 -13.347779786143654 24.22301796258182 -21.164092878965125 4.478418507965678 -14.327629355876603 15.209631866512368 14.244933064647924 -0.5296696171126172 -16.597221579260456 48.40526050722687 -38.397011125940416 -48.339404382549525 -45.93577396974877 35.17232258379093 -0.7479726507499933 
39.61609762813592
-24.965579381322623 42.083679832736394 -49.44298314904869 -7.898447211809277 6.946219638100082 46.414941618637755 14.626948695905071 -46.674175907239636 18.91952566112171 -27.089878723608386 -9.446364782516525 -26.927213600753653 31.01244036460389 19.868153594024804 41.71673428727678 23.36767032305228 23.809289005332516 4.961020676679439 44.848029149599824 -1.494285225651538 8.520133921944087 
24.182540993741554
-17.682547096549094 -48.929324818468345 -39.9515636166816 20.94017172550592 -34.502064354409896 -47.00348101857601 -9.809409967120665 -43.45961393227008 22.085645646671992 -2.223521446102197 -21.536975507862365 -41.81843175833515 40.89676682323986 -22.4006931174224 -15.99034338966009 -3.9434290935092733 43.93142884827928 27.49347430328416 33.62447205643525 7.280390072932676 47.38999659854298 
77.485751936479
18.13105575286518 41.096712261912785 -19.1535718779119 -6.668557657983079 32.19293220606602 47.180311975282635 -43.0720782180412 -33.450715878173284 -38.91440519639487 16.840655514985897 22.61965776669561 35.294847644406175 -47.95686612454044 15.54522280304083 -22.292080568462026 -20.96798496878347 7.499418247200282 -35.58053849591546 15.894439230093369 32.012910950124265 2.875815833564566 
88.24349487040001
29.759334595699187 3.2524692886797055 -37.47557725047491 47.95399198783184 22.01953467888424 -26.015455640673967 24.017899677479704 -33.22706373334463 -17.57587300949701 17.512288693999807 -16.816062843816447 40.82324459256604 22.147587150311992 -49.08366370972148 40.114479950066624 -2.545467542034615 5.686384667172952 33.26000136364054 -40.16316926706425 27.49054376347722 -15.96600956972086 
20.731654413738422
20.41580826203314 -28.77688780682366 12.303839920233003 -24.409991884709335 45.96314475842121 -17.784283037247526 29.98933750503153 -47.17096163114199 12.362365225001213 -22.156931366570475 -7.305478430956924 -43.845110458270774 -30.525616814790357 10.981378280016905 -29.561452367114217 -36.83203794927113 45.17114566704156 13.377252096638003 -30.468348704046065 -31.43082366473774 -16.248413463190616 
17.961467324859925
-7.46018135149621 -16.239870921294866 24.1263068165442 -35.26285030966703 23.9999159386889 -38.617299535462664 41.61431358079312 -17.139882862039727 18.31650827138037 34.14440880276423 -38.722731581938206 20.14251069227592 -29.333754973142778 -31.298368232973807 0.423661651193882 -39.550960031207204 -28.244921634938258 -12.576468991495261 13.247422661633593 29.318508365420556 -17.08177826508348 
53.535377908684666
-8.477563995772584 38.631511361952576 19.32224689695397 48.44068765623297 21.856551084865643 -37.74143497087567 -4.076769535543164 43.94740831565451 12.21560876624914 16.36107956026092 -26.645565393418746 -13.325860301829849 -21.739886965202302 40.381003343825 39.06149530515593 -32.91181773530951 23.494186053640263 -12.256844082447586 -27.22734216232424 41.42797060370927 -43.6915396194773 
88.90759028137965
-25.213892628128132 11.188252913048366 -38.294396293036584 43.64758278192734 -19.42401491066058 41.8971077335533 -14.170796586707368 -15.707841655035018 45.86320048262907 -29.410255409147467 -2.6262126445817913 27.160308465336612 -37.43330541444383 9.68474201679301 -38.46425537288479 -4.472625763973383 -42.05465290206847 -46.105764351398406 -0.628009451585875 -45.797694751639554 36.76021838079852 
86.350252915653
8.265201591284864 43.15783431677025 49.431369003888506 -39.69473421048553 -12.34845854511503 35.64384737006121 7.933061710012964 -46.43421969216516 48.248763175001116 24.82755334039146 25.565611562786316 -45.75648715463755 -17.270370996502272 -37.75772622409943 26.76175404346401 38.459579328450545 41.11767276836906 -18.809967496940082 -41.27012473146655 43.31282439787681 -14.860759662071864 
88.73135480877554
38.00601533931463 21.724240941888482 -7.652080732219716 1.00897105468065 -18.118917512122813 -10.3048068371967 43.04438120541438 -21.609580346339683 7.189218541339017 -8.93204920655031 -49.15323684019831 -10.722187262145674 27.087829166393206 10.052814600035 -8.776288730671311 -5.578686197981661 40.22929679691693 7.586884757316156 41.38425372243435 -2.813831804740474 -13.881068582356946 
94.0153477043916
-30.374295642705775 49.46136048280677 35.473229341827064 -22.363136188201004 2.572822209560499 37.761339632607715 -4.9628944013701 -3.669489265045698 -45.30152616877392 49.56044077477978 32.588186726705985 47.782421047666304 26.098115233079724 36.01298217187127 -30.249101504529776 -17.24387237788273 -38.302618713537754 -6.049719334764404 47.762520740695834 15.40135650184115 17.904161404190702 
37.409067832232566
44.47799057619248 34.77175904543982 1.1735397090990034 16.93413949112626 9.66968045220544 -27.477027889653716 27.03600490093939 23.511296096989255 -9.92699094885208 43.18802721593737 -2.153623762645516 -16.77505146040191 35.648185333069804 25.478037885870336 12.84294596214773 8.598020891373892 14.172961031957726 45.731786982346534 5.063321697649258 23.060081577894266 12.550806176431905 
7.9386749083093955
46.24550334839215 16.102886358296985 -29.886583176040915 -11.314758880867807 -26.9501908024369 18.420858988810323 -28.283960673909547 29.926248701968277 -34.23079922781498 -41.302771409015236 26.568578229990308 17.657139749784292 -45.84732944695962 -23.31509008783692 -27.484957936027264 30.36539823807236 34.04835566796342 -29.15557695646647 -25.13165076550945 -22.43581812026003 -46.719937086886475 
3.039509714682953
33.92711541853424 25.762344055164405 -34.49706271369062 -32.34572871380313 -24.054485111510083 26.90075079684037 -43.25894764252225 7.984061147216082 -21.40311787582341 -27.41441491018195 20.89166279725147 28.8655628680021 -26.13379239571534 -3.6248979412844875 -2.31200050382634 11.249776161942947 -21.173716007553377 -14.072896876673724 -10.555577026012386 -18.21505455841065 27.896706330670156 
96.99012911948407
41.36482541793711 28.46473345402272 18.9545114073792 -17.977774585010053 4.277200926472723 -17.989803555439657 40.05977687479084 7.646839471264698 -1.6356709064952426 -48.107562009230534 13.578998891501513 37.20624878144528 -38.20744317024047 15.76607345065564 -19.866382532068837 -2.6513388625207455 -0.902340832649088 -38.428044480184575 46.07061361096444 30.88594961562356 40.768866703452076 
22.68080742778318
35.04656196195246 -37.91530176265857 -12.320928243933018 28.187820589998964 16.83615512009949 -34.89588038737338 41.841379991521706 -37.16858025849271 34.620654672589694 -18.52993336561799 18.42908240226525 -6.002212648857672 15.781299919389696 -21.72475351929497 -6.921742078187108 -23.114048272063314 30.61724404090637 25.22144850497193 -36.800828630633276 -6.853437193129693 -41.57290353883445 
45.670447367126066
-7.645286726156797 13.170739245847017 31.03768007185768 -35.45404711873111 -37.27886671018055 -2.306337432849922 -49.86683272618562 -15.77018623480447 -17.771640855013672 20.49087393109859 16.632276877362827 -31.47854695795502 -19.81578380399632 0.6835012075554587 -32.11928137659188 4.280259986001042 -21.98108657932527 30.531948545456018 -8.429338209318175 40.54649749157626 40.24316404317037 
22.585832695020013
-25.931520634191397 -24.26297870484586 -5.204632716231302 -21.328760681258597 45.226594148401446 -25.06208302872237 -38.33970342220165 -47.56530752484102 1.7747252875100514 1.366916894898516 43.97375627308985 37.026427891834174 27.030451947805474 38.754272673037676 16.784745876123125 -40.00605598506215 -24.061531880031517 14.691506715526373 -4.771360008908395 8.56999862311374 -38.65755660109765 
58.92326288353086
-23.928023299299927 40.27755680885137 -40.08701435775471 45.10826837234109 24.42144312676791 -43.86256005710973 -45.7003098301213 19.75118479968731 20.846713725045362 -23.24724782999653 41.84476684130833 17.80790313554064 -6.751239831517765 -34.842633108031706 -30.4096511312131 0.8926350547653144 32.51240202915925 34.55413859884574 0.33103736894680935 31.06593228698877 31.31374443532185 
13.93168384313348
-24.892184512718828 10.858521108290645 -8.589670868618548 20.036942503584115 13.808968321907678 -21.513330385551754 16.323741171129782 -49.7060619306798 -12.56179159352584 -3.8594724487694094 43.53152527362853 -32.00249848644668 3.129697076364856 8.777709810560061 -26.882754158257825 -1.5260414296659022 -33.865775390381 31.030160888673123 18.28457693098565 -7.110911838392354 21.77029971117412 
90.63307440649672
37.22334216417754 44.996919646016465 34.72848945082451 18.21052057666911 5.522462067063657 -34.63875466706935 33.13680873329581 -24.696891931083975 -46.343260993733836 -22.555032413849897 30.4395460335148 -44.80113153349784 25.03156520289403 0.45072435311220005 39.41143575640605 -25.57071746363708 6.651516727040693 -25.09050591436093 9.52357847080868 -3.2818220393434743 46.68595772397265 
18.7521482533089
-48.60289597805036 -4.27799525096426 1.036731153640801 -26.037761286312545 -39.77496182167 -31.924252300265255 44.47008435688949 -33.10343962426428 13.812421356390615 4.059576762309945 40.9569790595302 -41.02669967978074 0.27923841436042807 9.627033517447117 -7.426998410141813 8.665930938414846 25.49020813966871 0.586422624387005 -23.35892740527924 0.6041823387940042 -39.07988919523902 
7.402794658795742
36.75725606946028 23.071800348881283 18.932735465533696 37.388702241313354 14.921912376699083 -8.695953508366273 -15.653808697251371 -10.022283805786117 -0.7944475267917284 -29.273852468009864 -11.323251419311617 10.325447526304728 14.210725319201671 -48.36275751345471 -13.402017617703635 -3.341409041203846 0.04833241785510012 14.832609162403145 -17.078535688974704 47.59333862144666 9.628774043869349 
56.27025170350877
-37.20016285366084 47.07021475374181 3.775386335906042 8.126207357298924 -2.127402554680039 36.603250273299864 38.999640621992086 -46.55378695644592 36.719445838387074 -32.78288386289228 23.734610194505606 -17.91032776819288 39.25561000007232 -43.2533086341122 -34.59474517868999 -23.224907803283802 -18.401910934820652 -47.90076047673559 42.92107443769737 49.77451016718865 40.451245041381796 
60.630252046376086
17.008761409443053 -26.832341223599087 -35.79522974352262 -30.040309747835337 34.25946710733915 -41.445078669402605 -48.29347665867194 -28.643788005698923 -10.152653229975158 -4.258602602997172 -10.932667189956483 38.24272516786948 -11.416907320225498 -45.85728195849622 39.874290621775415 -11.572601807374468 -15.701826227648105 35.526455302288454 44.83372734702611 -23.659973413074965 -16.487471938379613 
92.19134677855729
-36.865539864539976 19.854446496536653 -29.079466025247246 -9.20023769285924 -20.283485590770155 -34.79653221704865 -48.56295647897612 -41.18285618471512 10.15006143407755 -16.956426015284066 6.377347476036597 -2.124534851744521 -42.02625358319175 -31.097567545047365 29.801957798031225 -13.63403919398504 18.111251249101684 42.0430007427767 45.139123220516254 22.17976804795984 -25.62064480394938 
48.20386277809688
1.9050061131578033 -24.246731296260016 9.120351886509305 -26.273868211110806 17.6735286974166 33.43833723296315 28.636171759464887 21.253114150694103 -38.595125328416984 -38.294124413750495 9.37112148991661 -19.51036444388491 -29.176320395010734 13.804363447384475 -13.315316958855064 -48.56621397928529 -41.254981619980114 -17.76661460130191 40.57529996661819 42.044546777806275 -8.921747028397142 
22.7554334963439
-19.13931867311177 -32.51538042843627 12.69588631641875 38.65750562179187 -1.9103807151856884 23.87849219262897 -43.56339342523867 -32.412669063505184 25.854899906181387 45.951599612956386 -4.7813201348063 -42.47264155909396 -44.803629634707896 -15.032793596354765 -12.428035808105584 -46.66713445922219 -47.572204099074064 11.053399885384529 22.853765822956973 40.74889075933051 -42.009339113392386 
2.313425132141955
-6.004160161882197 10.933906043011646 -14.167434397616773 32.03826963594196 12.836877583088523 15.256523474852486 0.32748081395044437 -45.10869095546387 35.92679107218741 27.49468077187332 20.89954209533994 23.110502909172695 -12.853774040932073 18.555164420137658 -6.718280343507473 34.574487628220965 47.56666633020697 27.444519934824598 -29.264891070253128 26.00462044820651 32.683637108676606 
31.46070526955137
-31.425760402584057 -23.37409911840267 -7.512579277906227 -21.56185337015367 -9.011783711102481 -19.714624897534506 -49.20714970513143 -5.632876912409316 -19.582865654681857 27.32750966770371 46.831673446000536 20.82164042664793 6.637669922244029 11.45171287238017 -45.681897368827904 -31.631655180469764 -4.768682660733383 -8.671966129762254 31.030104352498313 -5.507811209147796 -6.746714002560559 
41.92281464350193
-4.593880608682298 27.56293206951743 -16.31046586152747 26.286833159807927 35.738817365176374 -38.020222240029156 -10.315946917560225 -45.01565745518834 32.25463777601294 -6.130214555086809 -45.4620581162026 -22.607951468984677 12.699803307193037 -48.42107701143228 44.12641750905436 -33.22697880098201 -31.98941206803457 -49.317051091086114 -5.350606869628336 19.331146985351992 26.227621644794738 
19.35857841532237
20.525822152907253 -13.622334866342335 20.0210568809008 -3.3063513998009455 4.7615110591847625 -1.7080251454707849 -13.974565557604798 -46.12166068439031 17.26462456695306 -30.865204713221328 2.6401643690833225 26.207693500298703 45.352717953841605 -8.427541586068408 7.033497884129062 -27.560926732981784 -24.910489652593448 -6.803049339387698 31.794969589563237 -2.713635788214063 32.10933300760921 
77.37706994679725
-32.98673522696076 -17.30390197340288 -23.768458174667195 14.451844762537135 -15.486465937631607 -25.961089477533893 45.43684546759414 32.378186732949516 -42.4298078130583 8.463030161499418 -38.32804725264932 -20.12954126936194 -28.3817306893811 -45.605206295576764 43.46850823843873 -0.37952621133301534 49.31841142741702 3.534445038495406 18.506820843057696 -45.6377725113142 6.787692382608277 
69.68377857687545
-6.975620440939743 -5.653608245514505 16.890355186030533 2.3554414666432706 14.363750549313082 41.21543392464011 -19.810278416879935 -32.64798201277719 -42.02608757372006 40.32099428513149 -5.5055165819886795 -18.633726794725327 -19.176335738625937 1.2009145383796138 -30.11038167231196 13.142247405226179 9.45524694601361 -45.7658933473744 -42.27576064466347 -20.14986160359198 -27.19913656171333 
50.41724147165161
49.23571120835928 -25.933784851634623 47.404311991393584 20.758013408910998 -47.678665318857924 -45.88772055200758 -44.16553685206755 41.95547319007382 -26.5739478569063 -31.502521400698015 47.84686974181014 25.838811639096292 15.596522864554359 -36.181486515640415 -1.7556855595251335 -38.53839032708276 -46.540927102923966 -5.287322222607884 -24.593383812235604 -9.200490777105863 -38.7890500078908 
64.3212795801191
-29.895421514690856 -8.325113151188667 -49.32857462431367 -25.790564748374067 25.482480861275718 -25.16696865913256 23.021250290491352 3.8013996348544836 -24.011971137701337 26.020012605487892 -49.933913356607896 -28.871036790441163 -14.451761868322407 38.46323326951587 -21.3085444398068 49.05361451793972 -26.56575629277248 36.3314902875762 -4.366112518607721 24.11157807861713 30.027551719861336 
35.55205811489886
-1.2250941686062973 -11.25595608794032 -45.90520386025149 24.788159577713458 -4.128434445156451 -48.086846404546925 -11.802409152166469 26.430972546556376 -8.030756872357145 -12.032291774265978 -10.49142289339158 15.13603734504838 32.69947890569952 19.110708994442135 49.57434042170469 29.73478416369477 42.24761678906633 -7.0657874253454125 -31.53964018651232 13.277639765407976 31.982099468444687 
23.225241442093115
-3.7672913527537517 -44.48402867977488 -41.430752939273106 9.609739397774185 -22.124251926125094 -7.694122017039938 -21.14557991042041 -10.410099704257611 -23.48541199625387 -12.78231955037279 -17.127538758246374 5.143443002434267 4.205624453836101 -17.939342791364346 -13.942607487035161 -14.708337767807109 -40.42202031917762 5.0834554060592865 27.053312593031038 -44.09356492722102 -42.74676765453975 
18.28629164171116
48.485523106357846 -11.485398900621348 35.24030685654476 -31.418106649235845 34.63292833655552 -9.028608894192182 43.39699518185397 31.467909068240175 42.149750496772626 -25.387078777529617 48.56903064681404 0.42429244524938525 -12.183294860110003 4.861000336927205 40.16222704303489 -19.57509686650366 -49.24126438471338 5.241818960238589 -16.327275348270533 -10.246543176971777 5.64847681214021 
88.39331817661738
49.09484010077027 -39.260399563405315 28.12167565293808 31.874367320121806 36.145700322210274 -42.91823045005949 3.9627569586645564 -48.54783749125326 28.89017260433016 43.099262284271745 29.57579850536986 -49.96753317886742 38.61932938684684 48.55664614571786 12.838240180527535 36.510703024174745 35.730077872930536 21.629545783682474 -29.358393260446146 15.56008349008114 28.87317567881533 
2.1315114143091285
-27.74438833321373 46.73633800151816 22.781391291313213 -22.702474515257208 -3.8909477528319627 -40.73319548573791 -25.040936023620443 -46.77956474756984 -48.33715048932136 37.50498312180575 -24.191113283026645 -13.537557279814791 -32.24224840384676 -38.73009513106403 -3.2087757261538457 -27.58549761642959 -35.84888346354016 45.152941979760016 -13.144125686789621 -20.347727322014574 3.914331602880651 
21.36302026280226
-40.21794033036367
12.962225351700738
-13.3657384628697
37.72391418288214
-23.138948479601538
-3.554927886313749
-23.100406901405258
-44.81724532609566
2.9253027186162868
-31.624155231080632
49.59588874096431
-40.388833677722836
14.351259210533414
-44.28881134589366
-4.359568994593573
-16.89945673045544
-13.935636894210113
12.043181424840235
12.626807418745877
-9.45190031469938
-34.37576634199839
