constraints 209
variables 21
29.62563221517506 33.36044150007959 42.563918114206075 26.62336721251586 12.941038988872279 -15.235860130148794 27.309710375942387 -44.977566714227315 43.95839182016394 18.20620699596597 18.43686186712749 42.27440224323247 34.05914847754896 -2.5598358134856483 -43.52122717725816 -29.116117267770182 -29.68130441699618 -45.89925865816641 -41.37657502473208 -1.7731469536380473 -32.86559206601679 
70.22356089544134
-22.564902525565067 -6.3044712605434015 -48.95489882618034 15.831984441082597 13.551482083020147 20.261278372259397 19.650683389441795 13.579037757296163 -19.850228533121605 -19.65610409405891 -23.033372585334178 2.139346558956298 36.21358081766614 15.89505731929657 49.59860537819716 35.37807443817029 15.4958223189699 38.248349859095285 30.79846642474567 -14.719145223183702 -21.438990739508856 
14.557739765695421
-17.236509570830506 13.210787010572943 6.40362240724528 -45.45904558441396 -48.533359912928766 36.26554121523793 35.877590457625956 -26.236307884828847 12.856287985087803 -6.660336125490154 9.535107965842627 -42.15480063592886 -25.560247288959705 8.95427654223959 -24.53865374752755 15.735198752463276 2.065648185499022 11.99825014135805 26.304916336933275 -10.39324799789685 28.14593998387251 
41.23212152527024
10.942140311540719 -16.070870686585693 24.609291259102136 -40.262055677490764 -12.923424628429025 -13.070687084197274 -8.446851050953661 -43.54467063724663 8.563432939798169 33.92027628632019 20.86272851319437 34.526002991941255 -42.6381460785344 3.8687328593541395 42.99087369159477 -26.623856175556515 36.75627916404272 -1.9054666010851236 -45.35645974737722 4.2979105591671285 39.851427438200375 
73.13851071100203
-44.708535667934015 -42.25150014063884 -4.666315946051256 -11.39501272978336 -8.770731188333336 24.667188215037967 -28.895036104891336 35.1797898745248 17.329161576154988 -26.18224245554043 -14.36655845610835 28.04409501677266 38.687083602470395 -17.504168775654627 36.72874456025218 -13.451026152078114 -12.965066556380542 18.897596149356332 7.937583391186735 -27.714961081019062 20.093359064896717 
11.028452352990126
-46.13102375527735 24.576113346019 5.965289520285481 49.237192484760925 -2.503418329816377 14.945401779761852 -30.778757299792392 47.29326323419224 -5.151101621161949 -9.752856769580717 30.503162022743396 30.381796153828304 35.48638300907788 -12.073727292290194 -32.72562282975725 27.473034791444036 -49.222196457505675 36.26314771053647 -40.23100152784092 20.22985940168185 -3.773545523273789 
47.479930682287694
-36.755100906955775 40.94916330727523 -41.039884219563106 -27.770262715455594 -34.67981716605097 17.989803634955692 16.986927521965356 -39.740789582211974 45.47381667677868 -11.278060702894244 42.932644583655076 -36.07031764363352 -47.28308721659079 37.23957956154152 1.712989325340807 28.801671806591486 -43.0080925506432 16.910171854287697 38.958134280747515 38.63191456468732 10.032653679336377 
36.29214102035092
-5.005383838616062 20.901736318033542 -27.780732717133994 21.033278291599117 7.803231935868112 -26.609946573902498 23.387297650789904 -35.930064937959884 -12.390181752088615 -7.676139775596347 -22.398384537629024 41.77898056941994 -44.37098638633154 -31.71646568937533 -35.41883895498032 4.6915678385852 39.969473544149935 17.30991026556177 23.76150413453354 47.95970566986588 12.822182422091267 
81.5544990770523
-19.092074455091534 28.9737436472483 34.79191326863803 -33.66614441787753 41.74253167019994 27.360848543446096 44.59505360651474 28.593566364472522 42.22466588970897 -13.948383429744716 -4.664638814376609 -4.443111370430977 40.92471051158121 31.18399106222988 -7.817514445355599 -28.27239960083493 25.357083663527092 -6.679330807939209 30.5163573934111 -12.563873098791312 31.189100214045723 
92.78823039068193
-31.536164522193044 -47.23739351088035 40.91806549841573 7.903258580579056 -6.7576978090056485 6.939985075531929 36.90982272553677 -33.56728159620985 -43.1618842356217 45.23488175104835 32.6176978225176 -12.157059711033781 -36.71377234037754 -37.17662238847481 -4.648388408172387 -43.276454552922246 -12.819588855451137 28.323535086102552 4.142875126572868 26.229696408229557 -8.96806373907144 
38.41585109325499
-42.949003515592395 34.4681050858526 -12.292233810229256 9.377520595359968 -46.31541454954375 -33.54079102537062 -36.582376225973654 -18.624213769294684 30.759241211599104 -40.35995442886282 36.58258316952261 47.0102872754255 21.19105551160108 31.82927719500121 -21.593895733485425 -33.136218515827224 40.52520440998225 -42.842051605077344 -37.91828926852773 1.7151839698051532 -21.575173489012244 
77.67652649948633
39.30979539999207 -26.41163209504327 -12.503808842162691 16.18084040724827 -34.84066430169537 -34.04525299668744 16.90193633303177 -0.7434705085178521 5.298539296712349 37.17713959250035 34.014958002159105 8.623695513968777 -36.768216803568954 -49.32301511174854 13.791270979410008 -46.429555664009094 -40.58157602649675 -29.673521582015827 -47.409013420388966 -2.4039802382755937 -20.987615651494462 
80.21178380434331
-19.14771147969143 -21.658665385396148 -19.550290373154933 -35.81707462296826 7.324144364547614 31.466648261827572 23.224499608628463 -27.499422701592124 26.4891597766796 16.34324415080289 29.93200018831655 10.409424160186354 -39.64112619849476 44.257917049980406 45.020847286408255 6.612388259546464 -14.000486629229094 -21.713787559499764 -9.315236310755907 -41.610556144722864 20.947006748606242 
58.07227053325408
48.93727525765202 4.499365009152157 0.09587629717362489 2.460288545279276 18.15135004940241 47.0222115857397 -20.30263737438861 8.254495188392099 2.2090427064107487 -21.055043930658446 46.77794922287791 -5.658264211220612 -9.105386446107964 -24.437885101868005 -4.4097705717599425 36.992645378274844 -18.722192734379206 24.657835763377435 -43.36617221485045 4.364499269791132 -28.42772552306111 
52.955411570652934
28.334871846390172 26.060846735201252 31.317406007750833 -45.535311296167805 -33.35168419876008 27.060078613614564 14.72013978272851 -9.872595741489512 33.6481634127028 -35.59295925734931 37.60654444136759 7.555027161880332 -7.40356355666426 29.76895769645958 -17.328686363270563 24.673151337779373 -35.96748402363208 -28.711158191922102 32.57654976531302 31.731105415044212 25.1002761168903 
94.12666596415747
-44.06048457755546 -7.595114480301945 42.63117139111979 20.660608456364884 -12.637702679000341 -33.38388822769603 -20.5727232185027 -21.47236127381812 49.39463823221888 -14.790763816038591 2.7390220067956363 37.514867898986154 -38.31557299356004 -20.2262909205816 -45.89187588156402 34.769980103512694 -29.441335218015354 -40.33259460372513 10.547088183341366 11.881203804149962 10.890986159664074 
82.69210812865795
-21.54768028309959 37.084256523263875 -18.649928516602145 -14.108610166563906 13.698742675657947 1.1857353471009588 -26.013368678638425 -21.41425596926142 -45.96039967073893 6.749460946453837 49.604842838653624 -48.970596203383586 -16.76416828514442 16.674332383575603 -8.522514103675697 18.967719856589937 20.265305033358487 40.49924368434246 1.7022246562604195 6.893621613140368 41.51282957296729 
64.60266576833158
26.859819651138338 -29.05388631622119 -0.9821757050874282 -24.07844032453155 12.623333037653907 -23.836659781803014 -6.342888383362009 37.89622648587172 -9.419374538981252 22.197296218885967 -1.4337466252685402 -47.945145844156734 -5.229236720850025 -43.38327135444505 5.153511694104594 -21.016555347220045 -9.701735541358502 -24.43061581207856 -18.263631572415918 -1.6161043837584188 -28.122713418146883 
37.844248082380325
-6.868729532332651 -40.494969117080785 -43.72871594486958 10.268920786722177 28.45308126503292 10.438396605496436 49.33180926140027 -30.1031004685262 23.931495087426057 47.60266287927007 15.70351963635089 11.583955322074743 47.72743822996895 -4.802453080041666 17.250668194053247 48.32241030317445 34.53326438562969 -41.50986547174668 14.87363879390638 46.0966170607971 19.166360133338657 
44.50357366099391
47.622439426193964 5.042472421821664 20.41650669293564 9.010111966999602 12.877223247770267 -15.66168109032229 -30.91681353436927 19.687465366670878 -28.145664081090395 19.524179186750672 -42.5602460914535 21.879605703770054 -4.1904772669666315 -2.1593028806236063 11.287187305999815 -44.39002604555341 -49.951653232193664 -10.30121436129933 -49.689060096285964 0.3272846355398471 -14.782981523991488 
32.53546063314645
7.630153080252569 17.321021995252224 -31.66475025090708 27.080890742836885 25.229316343197823 18.82577457056142 39.64590147490864 -14.543790665175216 28.388189082728488 -32.45933890671348 25.594590672486063 -34.45880837381839 9.27664878876169 0.6220246316094418 -26.884399024834437 36.69539705212354 17.556834599055676 28.16466493348544 -4.111202100175923 48.18593375768775 -35.86419732285967 
27.768925125918166
39.345492941521584 13.569539547863364 -6.862353789199204 43.99791692708489 -22.060497586859505 -18.203839529908052 -33.285152981169375 -45.638740487545384 -44.437105140302904 -11.054193152663004 37.494359903587124 -18.081287474912056 -32.02574958246406 -26.720079270490192 -45.74520192387317 18.679115192951812 -35.279501723550176 40.683109820197814 -42.14325451733216 -26.322921239417173 17.271687058238555 
37.59052588592308
-23.500862427723156 -25.058091972022634 -40.04865533422901 24.1408166397719 22.0503133660701 35.530269087684204 -39.266657642163416 -8.435999845581541 22.5032180044239 -9.623877792338511 20.089465482653452 34.70822319429149 -0.47004775843188895 22.918526392289635 27.81017767428601 -26.871146441711247 14.661682906688299 -21.700119109717086 30.08434340118326 12.307897426728864 -37.204328186295875 
53.3842640467845
-27.888030603561496 -49.658717404221264 -12.467966737494876 -37.072482961380025 -14.862728360035717 -35.17397310686488 29.268519441360567 -44.06222199954478 -18.972303626668918 9.698940027573798 -5.967528362137173 -3.402793031856845 2.3877810376141113 12.422893241453245 48.7048650086699 30.07261668094425 -48.314975069681786 38.18639767326508 6.592112766249073 25.124856153524107 -11.021768102091265 
29.676596195187244
-33.77289728680205 22.63372691391295 44.57704530230072 38.50542051708908 5.831737605490595 21.987303532827468 40.32471121004984 -12.486839570348515 16.048966349361265 -44.25847277683821 -48.81564740792591 41.94317824635007 -25.64681816753238 37.0380122491771 -32.577658050613124 21.87613972954358 25.97352241723368 -36.02501425981926 36.92062533899281 -41.66847481118998 38.215484386883176 
80.45835404745606
-22.986845250177513 -18.911150419609257 37.742007087321966 24.016890593224346 45.729819392888786 27.550462106467194 23.675938439074386 -12.352391672825838 -46.555372091824324 28.862350778251212 -26.68837276917946 -15.035633091915734 -22.336919740449225 -37.971069071423656 21.77415027647818 35.7548180867917 16.047022914931247 4.902307014582533 2.1404148049448537 -17.492162023591327 -24.23646889921981 
44.69602235371835
-21.662746300854995 7.555599173716608 -49.142355431550435 -29.932143843006433 -10.442687827676359 45.18148546879942 -16.412947778683183 -28.164229499427805 -48.01561979649336 23.37706519183145 40.520159572588156 -11.964406404124347 31.295570938527746 25.888398052897585 -40.312848143820375 -44.701374286931525 7.70852732938512 -13.226043714870748 41.18707212742838 -29.578185916847254 4.267624750379973 
66.90348341025593
-39.60791046074252 23.522741701615715 38.61394258578436 14.659131914139806 -19.74648201979302 37.316135020061864 -11.340489556514953 31.55729352413178 27.20236006233398 -14.181790895727808 33.38715266446444 47.59150466785485 -26.249537219841134 -29.820384417293035 41.42303150923678 -39.19611035899495 40.13665087660698 49.36735004287104 32.07975759201433 10.924610245562604 -12.77453752091946 
9.060499857703997
26.2437226235225 37.87585132941305 23.354427884544876 3.3941945821000488 37.78111431401662 22.518855633571093 -11.06090826211198 -28.9192740561914 30.062786110581712 -30.770410433480343 14.383248318037474 9.956282723808485 -23.24095201152866 -32.279348212898164 -30.79482054547258 -7.853705825884646 21.231100062432432 14.984045179210597 33.278931063766976 15.811904648903635 24.646702816085792 
37.311484018204
24.70295215810546 18.83464908070698 29.373435459709725 27.055934805306705 13.04672112971813 24.815896762077358 41.25364013721672 49.13010330317094 31.58924003081728 2.4121898630261285 -47.959003829567536 -21.805345241049046 -22.348432562117605 -4.7028646910102765 -18.42063359641264 -0.929076252194271 -43.76114401170621 -28.06498295680948 18.230436308878765 40.11996249745201 -21.054376930073094 
1.8708399057432379
-24.39265116432384 12.16176695570801 -22.558736908131383 -11.613927462166593 -36.152582577920235 -6.034433809792361 28.841120678495415 26.13882204475273 -5.542320232784647 -10.575911543180773 18.881675741115743 6.801784554980308 -0.8070826444172923 -18.768245247022442 -11.943268554145604 -34.26920833809774 45.47652124844453 -28.781219997259676 15.734713645448068 48.3413171760736 -26.44966834069058 
78.45017724144562
-2.2344672645969155 -23.860143915964326 -36.159570930261644 -37.21928209621207 -35.80129440564558 9.25159191101028 -33.04844669187095 3.7639136530954502 -34.52729302613638 -15.194667362688477 -6.746305517224037 -7.354873372612559 27.798829825348335 -41.31881667852143 -35.799885933719544 -11.374057693950704 41.45111404600583 41.896005510178156 -26.683156240935435 49.66895092956837 -0.7128604195676189 
52.29620608156886
-8.77044535618834 -27.180838509886694 47.06283813303858 -2.753061534254975 -23.855623506485802 -30.649724808219748 41.96767033590632 13.651343999718513 18.875100268649305 6.001040011298706 41.29486245239367 17.90298219294482 -40.1900643080015 -34.85098323759283 -40.72531152780665 -39.730883235717904 -35.863190432476564 -36.023925558370365 36.83695569369846 35.72209608690096 31.196951062520967 
75.51192675979264
-33.56771989631271 -23.6194658082713 44.01228753546384 12.899152282423046 2.0299347845339497 39.491609091792185 35.83296866548956 22.305069256798433 -36.976684751621114 -40.71975210413886 -38.022876218429424 -20.38707043754817 10.012424288620068 -48.98945389784913 17.285710577893028 1.356909906314982 30.296000213367037 -8.750674429857682 32.191137145020264 -38.67760863042362 21.39420479939254 
99.59114083059679
13.699056120198115 -49.1848888330009 2.0360883937421406 13.998789839020596 -28.49140095511831 32.80968223057175 11.784310119690304 34.432660892885124 -15.952984132090506 -31.979819165124248 -17.16711885038118 7.587020793307076 14.370518892876206 34.39233982000684 -19.498017273146562 39.32068315460539 -18.31612564960807 -29.40091480381729 12.567174640482058 -49.235832109213085 30.65713934574093 
98.82807330214133
1.7986242171506888 39.10492050349413 17.768577874303247 22.481965311456477 0.9492328726177988 -35.30331401666295 -48.4212298251284 0.3692011602450478 4.918839052965438 12.408747777453144 -17.858481212678512 -29.454935979052266 -19.065050455685263 -32.9748730043709 33.68306904182583 34.16985479957688 -5.671267106424608 -49.97645783166086 14.23186041979831 12.583011867119467 -45.151699448707994 
38.208299781515855
16.056892741957512 -40.75089177303053 46.43955861754836 23.44094634353914 41.57346237788066 42.31356983856142 32.03822664023966 27.10694085905068 -49.199113935650374 -36.78686363203353 44.15486014171847 -47.023777495479976 28.507618226016234 42.117977876132045 -18.101942241318703 47.76001525576119 11.854858069568287 31.939525816613795 35.569219810752244 39.93577954733442 2.6506525663977385 
69.22001971164843
-48.92437768566368 44.30675067704908 12.252146461018022 32.426872616348064 28.14674083581731 -47.717991983341314 -48.29544993481589 6.006932863368043 18.70213575585555 26.00757414822752 -15.118952581430655 42.0127931022579 -45.29260038637234 -21.751422711023306 8.188734213569802 -29.804702544617523 -11.531962234860202 -0.682973224080051 6.831451220535733 32.16345781624551 -27.4506251825379 
37.35927677736327
-35.328911347672445 5.545003627902588 41.37386278736042 48.9618250342733 -27.595186078206602 40.03779464193141 -17.964500732699285 -36.69644366146101 -12.923602292517579 -1.1755442075285671 -2.0157203387211524 44.97715688769689 44.865582317320886 -13.970537024808557 -24.02806970519472 -1.878127738434074 18.65029226022034 -6.269879795393237 -35.98655457431327 27.654371469824795 42.01218234238456 
70.48974582222685
-43.8927952731442 -37.84600821631784 -7.843161889388597 -2.5364683603998444 -41.930222972932725 47.353157335936004 35.645748488349795 7.834474307043514 -21.920244423082302 -10.796666544619896 -7.112106063555281 0.6689096024000065 45.38826141738345 -38.86864912780567 -29.98535596435924 -18.761896086906816 11.142058803126254 41.37052833772319 40.06236185065171 6.434488681434594 26.37845768598352 
63.145506386787474
29.312965329048396 26.118081527868227 23.989516279626727 43.00926966825101 -20.80655053702395 -10.939300678800713 -46.183714362502236 -49.224670021749816 9.311110444289596 -24.38738409031914 33.022174049657465 -1.7423826479838453 3.0020910362833746 28.298304368522224 -22.492270127199674 -46.57488309831067 -26.80344295775684 26.25497946954701 -25.632530821292544 31.597855461483235 43.45461907602028 
39.7596537443646
40.25262903577479 -24.044670454075145 -3.297030752156793 7.0474770842058305 -14.007950113002863 15.898054945729996 2.5028317080418887 47.20614545973446 -26.06341235918441 33.69740731349033 32.60577164453268 -39.86180879325649 11.230852593859154 -22.611561012376757 14.104582201046341 -32.58497074946194 -30.420769937306112 -18.995026916344536 49.66227669364484 16.303627814981297 -39.93846356737757 
42.025686073074056
-44.896985617848486 3.328701399650633 20.166849749939587 -39.7054731946438 26.074546137925296 -26.559580597245457 -10.54760148112657 12.698300248541358 47.54255614574929 -33.810436308904535 -39.902369224941665 23.528769293510905 2.553065993039368 11.269161125468464 -10.888089981225015 -8.27381562405344 19.999814920740448 -27.636365447309796 -49.93248063034863 -46.90431373631442 25.059376198200596 
50.45353854023169
-16.0320223261348 -11.892495117024872 20.507473140182142 -14.444018393240853 -18.775085637881585 34.03649917074161 32.30579189923553 -10.662130009388918 -10.294922465460651 -26.033991595156415 -1.3506433642844797 0.121139098354476 -2.5777301877693475 -45.42438040804851 -31.909683542972665 -23.493826352464854 -17.312635186420863 -20.348096597576102 -0.5952595268072542 36.17162337901051 -40.60725029701039 
86.90574575771275
23.544889860176127 2.365903863072937 -29.404094133125714 41.949433625190935 36.32006738704487 42.187649565771295 -0.3199429586765419 25.181177620642515 39.3751031821987 17.959449712280716 -24.89186751258954 44.84425426871097 36.58616791672637 25.831215452637807 42.14956009170113 -17.32745058411423 23.169466882751408 14.206567946991271 -37.05232579457688 -32.69624516852784 -24.40086122367425 
8.667650578768637
-15.09115222002955 -24.963969973612155 -38.14358350767929 19.780829080635144 -13.367334944498587 -22.476544833005907 43.58298122666528 25.49774512157424 -29.534174184370144 41.650172969628684 34.387115912717306 0.8232316916332607 21.250660386973635 38.092574777592176 11.852128413831196 14.003630279786648 -8.047509214753646 -18.026492702237384 -45.27775589200763 20.696097192062794 8.588301156551971 
61.531924942533514
-8.708006009162574 -34.58852808447735 9.242503450983989 8.87600577911978 0.20084702479555006 42.980371091871646 44.94383073218742 -19.34275764658848 0.6356732215388803 31.8741558259443 -26.209309688683113 45.897564121322105 5.369390597903269 -14.080536878089198 -26.049399097945425 23.221083302095664 -12.885113584812267 11.277059941148067 -13.977419498211972 -29.613410393990925 26.349160009872023 
11.512735109724625
-29.260313726279442 5.286409760070619 -32.936657170593676 -44.82994468895859 34.10212869957134 29.47186344280668 5.820095612003669 -42.53821389229623 28.769737051894765 -17.21501733076944 -20.949394795784404 -29.471159136407564 -12.094263674895075 -19.179237453452515 -6.300772188087322 45.17263249166983 -14.347800934431177 25.713707939046387 -32.875398972603904 -38.95124396761378 47.03068966705651 
85.13699088927244
3.5917961194759016 22.016930294322137 49.300009426259734 4.422036314068478 36.74090465224576 -21.32580811790762 -33.33384967931163 2.350938168518823 10.093213911396937 21.05534866748701 10.727907864036304 2.4435573912760447 -49.04309417936865 -18.93328273737077 10.15482625163797 -31.54421162372355 17.01998869308146 46.426238012309256 -45.167507760390514 45.324903107339026 -40.53100011173153 
65.71505179650008
2.0734238574527524 -45.057495794244375 -48.352293481066724 17.602687515223224 5.480115810857477 -40.094904240102835 -21.929076499234277 -23.60998957427419 -19.33995266314389 37.786819566103574 -34.96575675110994 30.721137235526882 -33.76920426974077 3.4984640785609358 -38.888652079431836 2.6475461074425795 -26.583377357716675 27.94134751576111 43.50628373515991 -29.81536722312612 43.02621321527215 
77.43423335247438
34.52887834025141 18.083008679066467 44.714519031187024 40.28595302093204 -38.61268167749948 28.74386757193922 -39.83004375832408 -35.594048871894145 -17.957441283685192 28.039753187616427 -10.768547802826589 2.989498594914906 30.04519850105997 19.259138810534566 5.928136610924362 -45.916164142344954 2.076026733634393 22.475214959039107 -29.95218855091154 -15.76391981272711 23.337418859946894 
36.34633000293247
-30.921535558755973 46.443191385290945 -22.00657336963693 -45.312416042930835 25.230553778701918 38.26891129748175 -15.467796544741411 -48.88994857591834 -47.264042617937264 47.26202904084725 29.2252356693093 -8.393799077125117 -8.267250084362232 -2.2950563752327824 44.783573426489795 47.16706856680828 -23.216615262157468 -4.759030552325449 35.86208143820144 -43.65120780119675 20.436939366302326 
14.073363602319954
8.23847621022471 31.163137183698026 5.23456345119714 -14.801375326137844 -45.705277098795506 8.748684353926265 -18.829592897393542 -26.46889397327793 -16.145871401881017 -24.013630169652078 -40.1413543805544 -23.20448281269021 -33.521719420265185 34.555108809179714 -18.4794827094504 39.70847570199942 -30.996310994196673 -20.11974080479517 6.393515239540449 -46.76030920467944 30.398882079417206 
89.00972342369316
48.27820852882347 0.6380339553525047 14.948379162218501 49.65949132431835 24.67642267965077 19.427146770175156 24.32080610605574 -34.497505232284766 45.33778822267712 21.71986106054844 29.25419517292977 41.23165838000608 -0.9800231924867475 -46.029788087414744 2.3922725610110973 -14.989963993763965 26.881168561162397 31.676313428065328 -4.768681518824721 -34.37198478237056 -9.838358099717382 
4.566976969892211
4.188007307397626 27.01954039342084 49.67462435353086 -6.5505903052287096 13.474349543861521 -6.253621756392725 -24.88519214301148 41.16491141585105 -14.233305820236083 47.64144926038223 -6.693748299253841 36.99398021844924 -4.418485765662638 18.009324994968694 -33.75035732185057 6.3718116353172505 -35.17855046580732 -44.38604648178847 -37.80779596740751 5.919674621872019 -34.86906624833692 
4.1407921585143175
45.93176667638605 27.567172874457285 -2.4985747940386105 41.902468303854846 -31.820138610456517 -5.065012031228889 45.99210879326412 -8.735792626912833 -21.953065714214848 -19.832867685954504 29.482699758615055 -16.40279115198119 17.57605492841367 -19.953599038538016 43.050730377369675 23.525280100171074 -17.26017075597663 16.49609970350015 -11.133453244742519 17.81197515519483 -48.571554838513805 
18.46578803694627
45.42494795555827 21.442580200794964 -14.304917725978036 -0.2817912428814111 13.483233230389914 6.28729816190301 12.888227317145294 20.179182045731608 7.2512094369845315 26.189013857741813 -21.711340492548448 7.281696064409196 30.179437838161306 36.401045277489416 40.482231784326515 18.130054605595674 -13.882173138590822 -24.992654402391857 49.93773599226394 43.32935487208323 28.66746793239109 
79.28962083724291
11.122592283755225 -11.029777578781122 44.22434136441319 -9.037130653809676 -21.022822060345835 24.52816825443027 -2.485655062338502 -49.21710113975782 -18.3179122737525 1.3315051342997464 42.34487171929868 -4.763632414011084 -6.609236301150524 28.77127871539497 14.848920130504567 45.85598564373801 2.9632670711087243 -6.428752769748456 -18.32647021518794 25.1604742152941 37.72526487995374 
71.20536372135003
11.365120737361323 42.30097119316554 4.8895145539102245 7.944872034403495 -26.3699612855818 -33.79742503776272 7.515516868186076 -2.963401205200931 48.19948176281605 -5.678247136512027 -23.253842108843248 33.158522954334586 42.70368568503514 31.09736318844574 37.548591954103756 5.56831417584943 -22.738944740855725 -38.24489563293009 -8.700253716255503 -17.745007961239835 -7.586266174912879 
94.33218419062771
-44.70477258005231 44.92344249012746 -23.408161705425947 45.6210817194204 46.62363435433541 -42.21399632441427 -10.535593526666176 15.188277639086039 35.83658231862373 41.904928250027865 -21.66414471027489 25.70587892830089 24.457989154792486 -18.77599194899291 46.17257515385646 7.5410609472422365 19.614522224115504 -43.55280411708855 31.894992021199613 -29.11967739985589 -11.06766671799786 
38.56660658150941
6.246293455922583 39.622571406808206 -20.666518897073693 -24.888205785979377 -30.15026590187533 17.857047488763428 -25.52121629346239 19.086715511870196 -36.00773873454727 -28.050811723996528 47.342069037965274 -16.919624062454062 -30.777078633276744 39.08952949431173 36.76407178534127 49.181618948283514 -27.9696079158088 -33.38223914890618 39.82255765591984 29.09810392658089 25.664636030984994 
95.51610977961037
-34.53151009322314 48.27401826476833 17.59357160859416 26.173274884520254 39.116329288085225 22.820619818598587 -16.863633508105835 -5.147918541378772 -17.2601013319969 -41.28178947447337 -27.509247262610504 45.251179654603675 20.513449282841236 29.017716646077346 -13.327430091307768 1.133020952956322 -23.849105415521667 26.664518507633673 46.811499766737285 33.19748197306221 34.83446761631447 
98.08680252013492
-49.20226698367668 -33.787547392467076 39.98727744695397 35.83509379085524 1.4501187463068703 -9.13022362601562 -16.86740344657067 -2.6706678454726287 -38.82290630938299 -21.083006356459812 23.695949363262798 21.164229655076895 -0.47250653927817154 49.82227679230171 44.84435336955079 32.443280571885154 -47.92087794970128 -47.43791482383924 11.32036299357646 -35.74370890396238 1.7887424030049957 
57.07802717104254
45.71683798172177 -26.315188807373502 27.227899000466067 -3.468544369845219 -19.248367610013396 -2.3855901242767814 36.0548407913911 13.69139877372033 -23.160284126753183 26.152264057426848 16.6234977121441 42.62341408511162 16.623448535999714 -30.40696223799113 -4.193680729151403 0.3039749001575984 1.110100747540855 8.645582856071556 -13.091466490293925 -28.132876391233218 -24.32107284709638 
97.02752450035794
47.977164724226796 47.89698666145365 8.458396119123869 30.55430278828048 47.85895562327586 12.511979677337514 28.43749287063453 -42.506196013588664 -44.96294206883008 36.94339678710705 6.163247809370731 -18.772776855261874 22.57724702295681 4.893190842152592 25.98994297632177 -1.8486619540606029 41.4400548732625 33.16277798366502 -44.416249253542006 21.276908240601443 -26.0338621705 
3.876711328445359
-34.25019249587399 -36.87755475058422 -40.48213793023302 -6.917911966682311 -8.362992352121736 -9.727882507080622 5.060959030179092 14.586651782850169 -45.01086080620635 -33.63888128085583 34.89580901712783 -2.3945170635971564 -13.65083564148729 -29.728701411518553 -24.2012334185991 -17.881715672141496 -4.013156623979533 -38.03552101735155 -3.4903505098485965 46.79628593245816 42.80807530198665 
19.650281041374118
3.802357411412629 -19.06024601632823 41.61769397803408 -11.120021503755837 21.301320855067942 -25.92575300173573 30.84568880056993 16.67726608880153 41.75729920899593 -25.314346406099688 -4.789872918962999 -8.038520694413954 48.67178644686241 -36.96879902823933 0.7783049762893199 -22.711722208402584 48.96011115772822 42.045560159442545 -46.49901271981574 -3.6726609064390274 44.76907153462916 
25.068264115684393
36.53281312484937 36.51616458246217 -0.3842921840535567 -10.549331889689952 16.515295181937276 36.97360994598564 21.689649964833663 21.057689935800383 34.487042648578154 8.02628558097156 -4.537776814573647 -3.7383505427709594 13.19920756417757 -29.404487347373465 41.67125996873952 35.232502460889776 19.352351576329312 -38.7879642615578 -24.69861397150096 13.160842825171315 16.634272061535356 
71.57026181673727
-38.644676639780315 34.50704344558433 33.42657707080204 -19.69672813893154 39.012494186218106 -40.54806069139369 47.661096492309625 39.05441576650162 -3.802946684267475 -28.568450531961076 -39.454531774079584 -5.05915352646177 28.628192484912248 -10.029763396753197 -9.259424332371601 -32.85116377266776 10.101401865881684 13.983893148356316 -28.939273700208577 46.670295925322876 34.05011762995562 
77.30663158925391
-29.11920494583189 -44.91559134838656 -39.6370386523952 10.40159626411733 -0.8271967667362716 -19.19213935541547 15.982590087174913 -19.951540671480707 -34.542274926184234 -40.61835979766542 -47.012061091086444 22.257264635149895 -11.053469299515669 -21.868054218284982 -36.337591844913334 -7.259716169061392 49.757842547928504 14.937254249705987 -11.523657097854077 33.98054137801941 -29.66224040126062 
15.853130857050013
29.96294434495171 -1.7321925881191405 0.07080126521316288 -23.00908597657685 3.1424995125951085 -27.970264892103923 -48.440906600152815 -27.68410597575671 11.450626838988143 -31.6320041998706 3.160278495125233 -39.07479603457429 36.05202281225688 -8.083787017240617 39.11287515382223 14.885117095535179 -34.028078047831016 -17.03146857073957 45.94111570051976 31.851978329017527 -23.3466426693824 
66.28472187311787
21.8195257231811 35.470571958129156 -14.65102289107351 -35.940247578562165 -15.809117493372362 20.938215254948773 -26.81795163027848 32.252723826914035 -19.830643469235532 23.14242696076225 -34.23797687614666 44.80219789222886 14.124002296657693 -29.575492522989876 6.91580625631719 -18.788097592730136 7.326028160193921 -11.709019394794339 43.39667667127151 -30.427150714864126 -4.343468016747231 
84.28928541943085
-37.64143181290449 -0.7050508304571181 -46.89029566891044 -22.216312801186355 -12.065756032066844 45.65322636240994 1.1897544426678692 -13.488067104105198 48.43159778278721 -8.289248162380602 27.28810015531576 45.57262443338627 -28.536810349475793 -7.737528480733133 -11.259312663230105 13.887906818685714 -49.25017324780971 49.151129953759536 23.503494312948547 18.20553832697975 -44.61014824433275 
7.6384998367430175
23.247655633855487 -4.651034751578855 20.061501878695097 39.47220752442446 -49.83613543384545 19.693556634343352 -37.073430980731246 -0.12960452103075681 -5.120991543412877 -5.258333398107418 26.92929777195198 32.85359600354829 -20.373741282015388 45.18874565069376 29.735300657849066 -47.81486293449336 8.173165566004805 19.017240623180868 37.73100106555873 43.63845999935005 -47.99948054392112 
47.92457096712515
-49.69507801496446 18.391800587025998 40.838074854971694 18.785952957371038 -7.942080202109871 -2.942370639606885 -5.098492774217398 28.87245274858556 -37.35974707094242 -30.813635036716015 -3.9617867391112824 33.18910342011313 -13.410900929969252 -45.95913197505126 45.47792094621832 43.567497699401386 38.84100950994625 35.02022187302019 -3.0027316496091174 6.041783527642963 -4.480502537008412 
2.3184267815260617
-13.954132580663781 -34.443459082190344 -25.851251991735648 16.235544011992445 -2.255382660358741 25.1994938924326 -17.379738812473924 47.0159970301477 29.655287441126532 -29.07836133593292 -7.960032702846178 -43.829381375819246 8.833735587528793 -37.89821793318664 -14.990821821905897 -41.05378719119884 16.917357427519875 33.33212363691159 7.943475577371004 47.9382848161584 -38.139359850484844 
63.445985793521466
-26.290520348329693 -36.20021237273564 10.421024483048903 44.07833174544892 19.16014451878729 -29.419425205862403 -38.38948243422799 -28.055745088503524 21.07509145951269 -19.560536079883583 -1.9332353324670777 -3.459827679057504 13.563189085522446 -24.697282349743897 -0.3393473527751354 -21.883074299988216 30.160458794162366 41.49984154456389 41.64568886124644 49.54361275761843 14.657078911852565 
17.48960956290251
28.267769435183965 30.075409733596203 6.113095008564386 -45.503736120048075 31.992171665509744 9.05824729178969 5.573232172047106 -44.79212747019863 18.367937606023105 -46.752290971213014 -25.333067338961335 -13.354157889306151 37.0380524882987 -7.310964935485856 -0.41941336459415623 -40.10336097373093 -49.48286760021292 -43.00031844278755 -22.18534637997669 31.60377762303665 -45.903400101968764 
16.41537494191666
49.689199594708484 9.950186942535275 12.60061401017569 30.105183062147532 1.737094968770755 41.31808619419621 2.7043204326239447 -31.96940148690064 14.924985515450857 -37.10446537460693 3.139213769726936 -47.98179000190144 17.06784123375141 31.205853356899027 19.348766439131452 -43.26495945586812 25.853722977512717 26.86814347487217 -35.979319598339714 21.900171765734626 36.57117343769359 
41.85415516524479
40.41045020809446 -46.6641996544579 16.932443481921453 -22.91117325467247 -8.515804721113632 32.35541482654787 20.311459423982186 -34.55124637164092 -15.35301156947203 -39.49369658709092 18.266365731853284 -11.954976822491183 -0.8138101549236296 39.82812165415355 -16.607886514964854 -29.866292256727156 -28.452383720827356 -22.44118073371153 24.349436551530175 27.079519954899524 32.175577863587876 
58.61371083190243
-13.65770606705862 -19.494992841676183 36.8861854561861 49.18303516231697 -17.633328890581822 -19.910206703353683 -44.393451684872645 30.437873919703463 13.229388413882845 -2.5586164453800677 31.800775823141933 12.60382148815853 -32.36364266532388 5.04104894519314 -32.98297509557652 46.556346342464934 -32.424506397414916 -34.52461781005648 16.728032720339314 32.61130415735842 38.77030899762124 
83.99612117518579
6.000932781385075 24.328574000084174 41.15594429372578 20.90785688827522 -13.479615821793026 38.916389502522335 -9.869774362361639 -30.63466134120635 -39.89763124873682 -34.78163534424464 35.75806499893291 -21.13100300365144 -11.925777439343818 5.284847299132053 44.15835647528644 45.07949122709833 -9.240152383212418 46.17468505746737 42.97825494565622 -7.471004798824474 16.797220489385552 
84.90307878896316
-48.839466802448825 48.38900660775397 28.12870230034565 21.345687634054812 12.135502845563828 42.661535510469946 3.2428573933539724 41.428705884796884 -10.880279675776094 22.992483844555835 8.609791762722537 36.079140386661265 -38.62047944015637 40.763143979741756 26.24033621817921 40.17909724902091 -18.881779685012745 -0.802314226400334 -46.08737210591685 30.162334131223105 12.071539129939246 
3.9316120353691475
13.847962914387814 -11.089040767827896 -27.053355872773256 21.818143967190764 15.481056767263468 32.25462655672965 -48.48402656256425 -15.293447886242795 18.458145142474493 42.64411406953879 38.47776426758101 -28.49153563591784 33.10961064445817 -27.53425282624179 -45.878983902040275 -35.92475445299983 -22.617864287181355 11.98259704716589 5.383393084746615 0.24149966318793759 -18.421346538615147 
15.032965248569052
16.066322894383916 40.8469042549746 -4.757381661170648 39.38618683974184 18.772401111375885 26.63046701359619 4.1364622570441725 38.05026789405866 -16.44410419725756 -24.401545234725365 9.502303689676218 32.84550892734906 -14.671988502938817 -38.20081025598516 -43.34364837306322 12.202658608495184 -20.26568973007241 -27.60500929216738 25.45661767475778 21.413816607802502 -34.47752881585917 
11.503537939184271
11.296960571056601 -44.5412847623045 -39.65562284964504 6.487995600113614 32.018626849465335 22.048605157776933 6.487250514539554 25.207226489822673 -6.506139776472629 -34.32548160337387 -46.79559541288077 31.194493245598082 34.624343224096506 32.216137582415556 33.11688607548166 -12.184924028981762 -48.88942871217837 -41.93790694862247 -38.41685050023026 -27.839791065010278 -33.41350251387796 
37.71206209353672
39.98458792490932 -25.233125140933367 -20.422873432370814 -40.524541348725194 36.550612788356815 42.20990547838527 -34.77507335704956 -49.84879353834641 -48.35227027026542 16.194967068119425 -48.155678193447436 36.46744317806146 48.3827746214007 34.987995884294776 24.10170160323878 13.57968244326591 43.92138393595074 40.84866829891294 26.981750738619425 9.070379598718894 12.098421682259932 
30.592566166368684
-42.31088090278933 44.66244726845771 43.697967604609445 -4.511328311211791 36.24777873866013 27.253787189736258 47.2061768976541 -28.59407426006052 39.79867227815882 -4.100600489094383 49.89117667890835 -39.54546343048321 -29.54045573098183 12.012200177818734 -23.260142554214227 -8.675172915127035 2.0991311111156037 -43.676798226126856 43.08230188354406 -42.8915933339601 17.491159647976872 
38.03622753839736
-4.339720236544977 6.593460960965871 4.0518819085979345 29.13188441749594 -23.55292652580544 -32.141935791377385 23.72819065061526 -40.07998987778105 -36.298329122775776 1.4423517160496502 10.591584848778169 -49.29058990505387 -34.458863766075424 14.462471506937163 -21.69343066885879 8.85815820632083 2.740747408555933 -33.263692598188925 38.880365146154475 -9.51270420890964 19.522295228855697 
15.322881871660876
43.964053105027475 11.785336384727394 3.766661066058539 -25.165491740704095 -39.53641595591456 -3.899579277776475 -18.6123327524929 -32.53730100074876 -16.667641597033388 9.911591561159916 -26.470130260411494 -1.1341064954870177 -29.844641639395252 -26.7098511720108 -30.19617297285717 23.89916298019314 -45.50190539904274 -21.393448528980443 -24.05189157757227 -40.37706182825639 -42.01806340330059 
65.00790837017195
40.10811373891178 -37.88998254053506 -25.339384637332863 -24.41436654663938 48.34755558412992 8.276980690031536 45.51106383062252 19.172304470350483 7.059202481335625 -35.70173036286898 -24.285074235627878 -30.648615805408706 -2.382667287590415 -21.881801834135196 -27.104539456240417 -40.46705341082624 -3.084945155075225 -44.84183887003748 0.5877615935585894 -25.15694038276144 6.3554617039317165 
13.52337440130571
47.95853791586431 -0.9059160844155798 21.41641066694814 -32.15449614969654 14.154970995850022 48.2475887323144 4.084394725576047 9.354561345870216 -6.349539420919925 -39.44882372048656 -8.746102958824217 33.85547135593556 27.568306665706075 17.925035844026354 -16.38574908821124 18.99178869716802 -44.79727965324397 -6.80647291601705 11.596926387374893 -32.48900538824731 -40.180218147644844 
3.401698219847038
-32.368108344069235 14.202927564010906 -46.690707581603085 0.7261170460119857 27.26247380148152 40.76486379286908 -14.628306838997737 -0.6160530908369637 -44.4060512553321 5.053824909039584 -5.337439326444496 19.463742145462362 10.101874943847847 -30.981294813460213 41.68044330420551 26.74594260811152 6.001916976744624 -46.9381309261849 -23.827927619864152 -38.64940468372262 6.183766723984121 
3.6618863937438184
-4.557711609853186 -22.555635198794512 34.13747096372802 35.79606659557989 44.19429775404514 -38.74158758441395 -14.648697646559825 -47.96643417353395 -8.610868273180792 5.313258510207483 30.336103597960715 46.126791363692746 -4.898498365679593 -6.983698111442095 -39.26825411108964 -29.489083395271475 32.46249543437898 39.69213464567875 28.8772227885096 -15.671690578257284 28.517840870848758 
93.62540474151305
-29.223405026457815 1.4267341438846586 -34.80621486083767 23.840448408231296 -17.43117444296729 26.237220346778415 -10.449168803347796 -39.88852928644003 41.410339133706515 49.519491063839766 -30.8810157429787 5.091583539271042 23.104871938247953 -24.33008223340033 -38.65370505331802 8.468523336297842 -29.133999895964358 18.618985380776337 -25.944103135230957 -21.300550268075767 12.27350534407443 
84.30222708288369
-5.7050718203135915 9.146687105868764 4.7855339708389195 -45.72926125469521 -45.92794295906253 12.330856019664125 14.094211288749378 47.21430135440853 -16.781405160192563 38.537365103115945 -5.836708474408091 -36.997794994058594 -28.028551738446527 3.156735415833431 42.962060388933466 7.303955014830123 28.864488749643897 10.908814209101166 -46.28941243865528 -46.066029551249976 -26.871866404198574 
94.49538734686995
-32.12283595604745 26.771508183636584 45.0352762868428 -19.754676611927003 -36.78044759305429 -26.560961970453977 -47.50505300719951 3.9608407195790605 -22.162547797656472 8.879298147936673 -2.3166387189847413 26.443053361009888 -20.495623218371218 28.55335385269902 43.615351619771104 40.069475107996155 38.47290832537507 -21.811029738216813 -12.702630663181345 15.31570365375245 -48.50192814414559 
69.84064213590075
3.466602876831992 9.258008115589043 -5.000613400070094 -47.52031974622838 10.90900727610493 46.863119732087526 -43.917128752828006 29.414750873360447 -8.037681676588178 40.266000554446734 1.5701323553164883 -35.44966565428109 -34.95159391915237 31.25596075925658 -2.767605398180436 34.822566241155 -30.05737284075436 -22.16403261936324 -17.896871498777358 -32.891023923637874 -24.023927517633005 
6.989556334470359
36.04371960739566 44.49065846911931 -35.52004246348524 22.68426465382909 -47.337595412402024 -21.047539611014788 -31.480423794982748 40.66007647319249 44.23745601028777 -24.56122987787338 -24.67134553733218 19.695830774614095 -39.52857540184471 -44.360451536170345 9.843100245029547 -27.183847126470916 -1.296026301401639 18.963277477647082 21.346500726584622 -28.704052947794032 19.636677412290737 
42.86050946495882
-10.522021042499418 -0.6609548178938027 -40.32611338010869 -35.00625139157817 -49.28370588045635 -22.047882537357022 48.65959126251947 -4.293584418445974 21.942349097046204 2.8045119104560783 0.09093937909404559 -19.174285298962424 -36.20440265791983 32.759196142331035 39.81491623879397 -27.958819974532755 -16.72197408087709 -26.720504638486553 -21.234595008600042 -35.06720464442586 22.42279077139601 
72.0609049453512
15.473679030466485 33.17954001122766 17.832757054684663 -16.993272681879766 -25.113867560131954 21.561295142168447 44.50754671558211 9.060836081765046 -48.55115572849191 10.074051516662372 -23.384050871157047 4.430429673191483 26.469351767506595 26.81038757275087 7.733841173211772 2.376102281906121 -27.558197674035146 18.214244951206396 -26.443983889093204 36.01618024559579 40.3223850392921 
31.901022390249455
11.203664192875216 36.486712367556066 49.667821604554206 29.441071859996953 -29.012547437890557 25.31810082506746 -33.89964325219249 -25.663310530146987 -31.150499107212305 16.033851811328844 -44.26142890672135 33.87974932251825 30.695777043108322 3.7464846288618645 -47.96593682617829 -7.340867233680889 33.44375988126103 0.9201424398714764 -43.120151050214396 0.19415080034286092 -8.15153550621612 
22.488994136438876
24.907103961249035 -34.497811419888336 -24.96676172549349 34.16504819621781 47.56265339573133 -32.63416108313469 -37.86002068018844 4.038532328782573 -38.139593639453416 20.646806558624775 -37.37324241575087 39.46851229277449 -42.37431070743184 26.200897119212357 33.47904811509993 48.78095331637128 46.60225806597509 -15.219541747341559 22.964109590511384 40.43599490544966 -13.03252878407124 
23.767654960167604
-41.45369761897922 -38.90431963532295 27.601999217348677 -30.336018041352155 -24.805581095101516 -21.58201443546689 47.88611865120109 48.968463205237214 49.550398134027674 -15.577576621759192 20.84547831582823 15.409038119431216 -34.707946855895734 30.91717205882503 20.145001890293543 -17.55139320282887 -14.489250531888764 -40.252948813784705 24.73037568572633 -13.430703715309903 49.03821349600199 
7.516334793215806
48.8423081751518 19.045524549054207 39.39499562967467 46.9598129255961 39.67959087401948 41.74844222216991 -2.6036850086446037 25.280140220575447 40.162729136336154 -4.0185860874733095 -38.56065462319962 -26.461033899792753 10.050723858787656 22.428174609588595 23.109297459153083 -9.416086535974323 35.08931746553746 -14.997614033042048 -20.02012577793425 -49.98700705432542 30.91986210449656 
81.71929405444438
-47.653007875179384 39.32256151527966 -33.84630177587904 31.667269092700835 6.122972720117033 16.654496206065915 -12.682263137045211 -1.2609945571434764 -9.768368069808773 12.452732340528087 27.302723704769278 49.98920188733433 -46.41699871740783 10.858911994005908 18.496409348855423 49.31758181319181 -45.93029123441406 -31.178643307358843 11.959707329424184 -44.36687056575865 10.015322114452864 
19.66115542686048
24.80458967681156 28.737475737881695 -26.8817901864706 -37.76631596180275 -0.6416275607439061 45.87233677690655 21.17280771274261 6.8433434163213605 -40.25026794754041 47.20805099609902 -21.28658094188326 34.71396461351381 -5.772377597403711 -40.492862566428414 -25.786031045317202 29.08669465776616 -25.174978229473044 43.77901232506038 33.59041376216378 -47.08813705884034 49.90525970092247 
24.948842609993893
-8.509182137657731 -19.379249548333423 9.679369945290006 -10.604297692667075 -25.778680968423927 39.60776003653041 29.958808847606548 29.6721475713977 -28.855416516122656 30.823033539755727 45.208565053931295 -25.200645642217523 -34.999478950415494 -22.72995471781457 -11.608482099607322 -30.76095332473927 35.83742652595757 44.22227294200748 -37.85431842799731 -46.024562660071055 -11.89509566454263 
35.61755892481845
-26.488292421582027 -40.902597649845994 -24.051744468845072 -2.6416813173381968 -27.271114904251103 38.85324559539737 17.857287533304458 0.14026307576031627 -14.456440118920874 17.357302619078 -1.4392164706103188 31.951861725361695 18.024755837181445 -34.04019639393692 -46.57886573854601 3.531289503899096 43.057510004150856 -48.251677233241864 18.571948073777648 -41.16289240744821 48.48525126020627 
30.731265149611474
8.654702352147083 -13.016482647220073 38.29831482400802 8.960823514168524 -46.75118801671131 -47.88949516689901 30.316443899798244 10.184888834097848 -17.047261440589168 43.303743389092915 -13.51102111830722 -30.425587524382426 6.562080368548287 -2.05133287245539 45.23713799619004 19.65476167658916 -38.09615891333831 18.797626971576065 -0.8113851370312943 46.77666922416826 -45.37564948186641 
37.5486073312436
-23.794483367711795 -25.70567048532667 21.591633519745045 -24.12150604577502 36.78239044883911 -27.92469232061582 -31.4387720134781 -31.356590421130782 -3.308070288193555 -48.951065026817744 35.367849420162656 43.35317202708167 20.181688451561385 -23.7931529140902 36.143423225868716 -4.953522132921229 6.075942428832157 -28.19856555909881 6.925471909252167 -43.662088838886135 6.812585171976885 
48.44494518030864
-31.492043112633073 38.677449240829205 -21.254219356651504 -46.605971530556666 -21.499946424897686 12.757598168301811 -39.02920897047643 -17.488464404816774 3.2966186817446896 -46.47705051172832 19.478296538718226 -4.770544719841517 -11.972679945225217 -1.6186876620782868 -26.378831913494473 42.29384039655611 40.53976843657634 5.985272764151276 42.67757383931634 -49.84535471659021 -25.914791299351602 
7.347415513923384
11.71995585199992 5.570443761961187 -27.386372034745687 11.072123558577772 18.050298199491806 49.32996766963602 -47.551550591253054 10.13123922061051 2.137819241917036 -31.050492619020474 -5.400811106858718 38.88055980056234 -49.70397380185144 -23.212795025505915 13.083832312343759 45.90854357506966 -19.738134273186482 22.22228303828834 6.370861958950634 -19.17176248477519 -14.609535605976887 
64.37937103128034
11.414258242833462 41.26785157174976 -41.645271592361034 25.335008176363772 42.74296984007465 -9.914895980294666 -38.96010141852882 2.8255044876351008 -47.320279613545715 -17.775229852296995 -6.2511386940421545 46.18237044528671 -6.997758942594999 35.65865274267195 43.88488544689888 -10.446462346490705 -6.776668334697135 -8.508539526524395 -38.045837764721334 -7.574397550123848 -3.845587776228456 
84.58586802600628
21.031343040360824 -40.95558020394419 7.530533605237899 -12.045661669220898 -35.24294312595497 -4.461637845781084 23.213065644163407 -48.31501732068614 38.48714555693769 -33.619443349536716 -5.1504025061756025 30.31316925710459 28.389152701398118 30.283545835497208 -17.14117333180633 -18.67982707944912 4.082377468867435 19.701734086523885 24.22154688539213 21.834656454746067 -28.1563968782122 
27.824097405041435
11.797048548029963 -49.36767088036691 -2.548657182712212 -17.728371321853665 41.7476368432761 -21.82634738321736 -49.58269242412277 -34.32899207283254 36.14211143742614 8.688994940822234 -45.3455249811906 -10.141936570149127 -11.07749965013867 -14.784860883972762 4.557052946089321 42.67158032959658 15.156450619090563 -8.993350191399486 20.018257151880732 4.1300689391478045 5.861099509673608 
48.89005677083396
-30.912247398379577 -27.758892312524008 3.6724547521292266 -26.101601764435866 -17.22871309770744 47.7749522072621 18.247594211312943 -36.08183334849947 22.90086976481814 -47.958917456892756 -5.474655988607225 -41.89974490685021 41.05461922958362 -7.961559917371716 31.83426214818101 -46.568983054480725 -15.818808770496652 -6.692924042354434 27.325163695059302 46.129092598898964 -39.11551706426603 
42.39105261095995
-16.681405960329897 -43.57182577115463 -18.749953691228082 18.02937320949742 -25.103990122195473 2.8254269252033026 22.645530274939546 -6.9761827652559205 21.426685286778067 -34.98018174176413 -45.89689946498857 -42.81044822566324 43.71062194083308 13.534115418642223 -27.30727601850652 45.87645303893211 17.031059079687523 38.408857886770065 -33.279135561789964 -41.74393608544875 49.64845185060008 
29.376155000843006
22.63999030718695 14.901163552826318 26.131023564822257 45.56565753184978 35.230032769189435 35.14199386681986 -44.59463784616795 14.064631133290987 -36.08623743817721 -38.734875163375975 -45.47628030439701 13.548520621919558 1.993763946458813 18.828091443710377 -19.116960536123596 31.718013132426222 -9.850449546222741 30.19484834081139 -2.0060517816877663 33.42305446893394 10.70906352209564 
41.85422000050123
22.886282111511363 40.123868314254224 45.00965003844833 -14.834508889233803 -43.149053426606486 0.7335264849669088 -37.410653572378806 14.88232579852297 45.456270341928985 -21.09384873326977 38.00010498460993 -39.86172729180608 48.64018702725929 -7.52063475274506 -41.28964702885223 -21.46592359802143 27.167954634223378 -32.95082723335925 -4.134908664018823 25.54911836041404 -32.141632440009005 
57.54989174315298
-41.4025014378282 38.706283335176266 -23.280333200193404 49.23140389418397 42.13678655913996 -11.248368170233526 -33.500301138497946 22.570442494933346 10.132828409999476 18.567223109521763 -46.85689640781264 -44.57781217552371 22.418909211193053 -25.38244895823194 -45.73839393757498 40.112991502590404 30.859648976540498 -14.56300356588082 -48.03820879017464 13.194546886683057 17.982007154667443 
6.997798159926949
42.237985060138655 31.224397686852555 45.76301115474698 35.75504791496648 43.62616626839319 -22.792840394825078 15.248647125422607 36.74724510834902 -21.071865698629665 -0.7745966029843316 11.604138560116631 46.33797190049141 -24.44661316043496 -34.69134268455317 23.74661561854461 -12.983670673156325 -47.610510784197544 16.73351290097365 -17.113060601307637 -24.869285887573167 -25.899993102509843 
65.71736945843953
-39.89172578773278 11.512644484953249 -42.637733993984874 12.862869716537887 -0.46527713387418856 19.654314836339097 7.795640436057006 4.729611266646039 40.69417109924241 -13.56439258799891 -48.80583193477395 12.554259466246961 1.3552414049014416 -33.64668402320493 -1.8342625777646333 -10.590311605815408 -49.5809532702015 -18.212621131295425 47.39325949298551 -45.011625748906184 -0.6278001091436849 
39.045938263404764
-10.528416307500699 -35.28530344199867 -19.641638586458974 -17.23691050144194 20.637146314300423 43.03544212857183 -40.898675981172175 -20.31982301024303 13.695683465462757 49.507261685119914 -48.28653584251733 -43.076420868087375 22.066563166822974 0.6943658861057855 -24.150840494054894 19.598926296775005 12.100603050118487 40.90935600257181 -31.28647164811681 37.85369556555116 28.691524688028963 
90.4744858711399
47.11267873617699 24.51726026594278 -0.31054844085279854 1.4503020373118929 -31.96762418283976 21.009336403769524 -24.261842006526845 -32.32690904761854 -27.842140240870318 21.41500393072792 -16.103922048254326 -31.537932074743637 -42.70167400107765 -7.543680428160293 45.764301717298935 -26.49817856926355 33.85532842281039 40.547705335316564 -26.16685990112678 0.17503677726358546 -39.72481488103718 
86.20425044164645
13.372066237185322 -5.984948533409195 42.85122631817558 30.779146964393377 41.42615574274558 -2.0326800264181415 11.292503873627105 -9.161542975730065 -30.654584032006692 36.79342240912199 49.15138860965769 31.438505437907082 20.76166645655988 -30.77924384360844 -33.49678374778195 -48.84684404610038 -26.959057730737946 2.3356019283073053 -48.80301525626568 -41.09469251969031 -43.02236136761748 
70.23674253294591
24.54681414388388 35.48896914662603 6.859925848778012 -47.88855593939583 -42.49024993184085 -8.874717137428881 41.02422291742913 -6.33500965995232 -25.803840870217766 -35.522085629581944 31.62982069952291 0.22964369542010843 -19.015100485900447 -41.73973841860038 -8.376998657925128 -10.101654133040384 11.566046640888075 21.898966513032676 -33.27669758935132 30.67300622410933 -29.09010168754198 
22.675213738794998
-29.247149734653487 36.8868158261439 -5.538317262174445 -6.652620905667604 43.74296744124395 -32.94551377168335 12.787163760287093 -43.534407947647495 43.99053124489943 -2.1761144301939908 26.44517453698829 3.420814380983053 7.599855254804609 46.847086872141034 -48.96114263764456 49.7280642835734 22.03414913310185 31.15829650878645 -11.801850909213272 -2.874535055515203 -36.18612829246602 
27.040785050810577
14.671888302432677 7.777793279425573 44.737596211751836 42.38436601636941 -41.241345354590784 36.205267919631325 -4.1357196270209045 -26.820450626574612 -49.018762349539436 20.51535712981712 -6.015895469285901 -7.935975630809409 -5.789547621587168 6.097337434879371 1.4183513719993925 8.731645089724061 -2.6302615837187275 12.146485762677372 46.7270364388731 49.53364232205816 -43.59718098808192 
4.216735098175106
21.266329175167783 26.7462908032564 46.362439482541845 4.4576610307669 4.526040688095648 6.748811202882244 9.278998951103766 5.273734557100006 -40.20920669961866 -9.250172446694563 -16.106325628657572 -48.1492128407088 -39.093316017967716 -8.279818837976272 25.391415167905322 24.32665307822488 20.79861137074242 -23.16548497316887 5.944956171724989 -18.65999680464434 -7.128297513214356 
95.993491895109
-29.818209854399903 23.27342330087005 7.543513006945979 33.89308195516617 43.61183373867283 -4.286223471946748 -12.108005648853826 -44.37308437027496 -43.39573699261727 31.485001206960362 -39.23248692350181 -36.047859758669965 -48.322179195036654 23.06541394027346 42.70545528511394 -49.8811525599006 -12.330342130095474 -23.71624410497535 33.58922991033742 -0.44238405027624594 40.77353535171824 
70.89510020375965
-4.748176307051409 8.739245543844 29.489032013189572 43.969936454970394 27.067251758318662 -19.834692550870624 -41.80083539571618 -32.013407517135164 -23.928384197217557 38.71767229108656 -17.605407402266138 17.099378668018375 35.26669320662232 -45.51032309788102 47.48839374434408 2.2617006751005775 -9.50268494613551 14.7411511660558 42.71615298850976 8.715546083370242 -26.342961050806245 
10.764047231616425
41.7919040191439 -12.184315810896841 -32.035089660426294 -5.785050466749212 -27.20877736791151 39.23904658931001 -10.330588579131792 -38.134733200709306 -28.84141793598427 19.33666772096359 39.77392427046921 47.73944044622152 21.786853117829068 26.717740636995913 -20.758611258448123 37.25604000355639 -11.207439724809895 -2.887780804467475 31.624049152315862 -30.743848984082888 -35.08859485013801 
36.1405740390053
-41.82249573629283 -41.30202514401063 46.36420546216732 30.826218510678757 -17.743459961008703 -44.68388287098399 -46.405698308654465 -41.48174626393704 -37.84646892428686 1.6885286075975614 -26.546807247033822 -44.65087178638397 24.52843114620694 -32.07631892954128 -5.7880493658253656 15.433900199073676 -25.807300110315346 -30.425053557819403 41.20179166728171 -33.27520301754943 -9.752225095161002 
70.4088645065847
-2.062092528973757 9.766783684018534 3.4419663323081338 32.29833183990874 15.256463332906733 11.55692268828372 25.097972174976107 -49.218581634634994 -30.704537932020493 -31.70770634694501 -35.923557460335346 6.720963744922649 28.075933758410457 -12.001697814268319 24.979342980589706 -27.980317184809643 25.99071330907212 46.8612433639739 28.16013664174676 30.489996904909887 25.683827981325578 
91.54597896097721
30.096062165288217 13.747405817364097 -32.39569099449153 -6.138338823472502 -48.7088827271863 6.39065828128583 -31.05597074022085 -36.15455813775203 38.11657729156461 -5.2483905046659345 35.71993644756475 -7.333846558553589 -5.140780873856755 19.142076642992905 -5.563154108355562 27.706955494455258 22.735642869753093 -9.205347949245102 33.06771789510685 -21.231992343005146 -6.255571703991272 
1.5888530271392365
-34.9858434653284 16.537207540384813 -31.033919956534007 -12.826394983204871 -5.739380518433876 -47.69085912455022 43.284058210032796 -47.758472194057724 -34.88838115315129 31.389331983489598 -38.51158853605422 30.480066011632474 25.70199578979198 31.703000204534277 4.33686756073368 31.119020005701913 20.8960832631863 -16.16551470096249 -12.613524735303272 19.013539448538666 -42.75758342741229 
69.05558520624201
-49.72779652773275 -14.153768874886488 -49.6736429221198 7.858072586625056 39.59714924237994 -3.6984923993286785 -26.836128200683575 -26.912335979645775 4.712336957399856 -15.040133998154538 -26.794610132470144 48.98376867331331 32.40231374225195 37.17930883075516 15.069503736557493 10.261365681073308 43.856088056818436 -39.6243511814112 36.30206789267642 13.82842147464256 -34.708822351391674 
90.8829684805697
-25.743028070044748 -20.18579221191279 -37.78812283156765 -14.029955833026222 33.620708629905465 -11.708976379025003 -3.4789166874747863 -29.391919396025813 16.153603520530652 -16.59624682364047 25.568326035805626 44.22959197016158 26.896367820914463 -42.42119091095843 12.704934933928058 3.9878838032131227 4.39140868556558 35.065962941598684 -39.969469252729226 7.921002690350946 -3.6058805188103804 
36.273660101084374
5.753349093945047 -16.05633861027075 17.100145674827075 -17.80958661133171 -49.049866059846615 -11.264876142817926 -22.90958396071452 41.641904128270355 -6.500319849786997 -15.639440789662387 -27.00349892386208 33.215465866576295 -49.422674732819 29.857925088335605 -39.68536384977004 -31.609357697657735 45.33602440649996 30.04199084806463 9.847552644725525 -37.25345560868213 18.262880183170196 
94.42158060081245
-34.07101229624902 48.07376283293061 -0.8116717978363539 35.39572130333161 -17.113378691451018 -10.199359432410027 42.038386225632934 26.788837362385763 15.124838553118394 1.350702503396164 -18.84124326806734 -48.69524062329038 -24.240359804041077 49.88013589060159 15.402757161641418 -11.376270744740992 -41.08634335859928 16.30113740977508 -35.83660564770915 34.636207228395506 41.58016294410929 
56.57913022939688
-31.856828491394594 -3.298187264565364 42.3906223651755 10.998705503773309 26.89345330151957 -20.158846622789326 16.671154780695034 -26.574655033768423 -24.981424710621546 14.413025338020532 9.849106028363622 -36.4531227156689 -0.571918293754095 -22.901231209856874 -25.42835681110701 41.66074414487842 -8.866168859891346 -26.08970144644672 -19.175926028715327 -32.21987884287011 6.826914273938733 
36.457716912150495
12.886430507666937 34.664017353265834 -12.167305390556436 30.85703313108779 -47.85742028024141 -2.1665283890762623 47.03047964100061 42.42799481893515 -9.443091230530975 34.71801926455146 -12.06230842813364 -21.273404099719293 6.059471539634117 -10.216371896384004 -35.603398929625165 28.476349870021636 -41.86883055825636 -47.174686712674216 24.165063437669644 24.60693350223015 29.55642282267941 
23.56471739387942
5.200896272677049 -14.121625111255376 48.61148935245953 37.27492691503382 -30.457131761552738 -46.53656395573318 -25.11758703607516 13.361840505717893 -33.570471309010095 46.380426991535515 21.457347468114946 41.66346548025217 13.660397565087777 32.81318257630443 16.4137957037741 39.68551247485193 -25.807689192076122 3.1244797986384327 -22.67793054933911 -1.9263133114965854 -16.422998837559618 
84.76369171818928
-16.087933051245926 -18.669838487132175 -46.915714261949596 -40.71096000745921 -13.89874906350289 -33.8863285386264 33.21847543234665 -22.630715251258906 -22.74253021072227 30.41976072028379 -27.176049005754177 18.899262543164923 -4.128926399678868 -46.480281949468726 -49.91088564526858 12.258219503653997 -7.263453506883522 -1.2562402704689646 -16.50382604992813 9.259365018725518 15.294631419372251 
79.0260852666589
-46.87243805788929 10.483685256613995 15.961774447897994 48.58641846626732 -24.271994644959193 49.46049541786721 -12.925600172697514 -26.795294920627576 -19.465403225293365 23.55181469562781 -38.49859150268695 6.252673902176362 27.12546799203909 4.417153196928723 -4.971014710216146 37.97797627603684 -8.599045796085392 21.57980540409382 -35.70234602163964 -8.506336405646131 21.299444132312885 
38.885315692773794
-27.627748516760963 10.507801903862969 29.963323476835228 35.537307703667594 -47.04871231109343 21.03503762949198 -49.19118289161418 10.915355458932375 3.7729678044435033 2.163962066625537 26.3166574071126 -44.47581904579211 -40.049133260890535 -30.588823937559606 40.34897054374456 -30.807080658056485 38.77310991999893 8.274949782659021 32.410881925901805 -37.96223451789918 48.92463730057544 
45.30843378160079
-48.48624190864677 43.72085854093392 -40.8570828947675 9.364411394361461 17.160179646051915 -7.817249374435939 -36.006716048142906 -33.379441052002335 -44.540890940348866 44.295354400291345 -32.24916019318758 9.576314020456067 -30.507068951963056 -32.22316401288106 31.30161449782672 42.41937341286915 -15.203646279169405 6.229358235731375 -8.473481313520914 32.99194205316387 -16.829541636542814 
87.30523732456822
-32.19265743178467 -4.956121603043641 1.0434105832494183 47.776462376468416 16.094890582220998 23.54187424880149 22.202695252720034 8.67720809363486 -22.594928931508505 -19.48910902732961 38.96196487131651 28.70835127116969 -5.3404202193693 19.21606055029251 -9.311095744077058 -25.262313066813448 39.463597810176495 -9.549673796458627 14.108766338602052 -25.501074746512586 -1.2863411391015447 
46.27510474156519
-44.08843265127766 -41.512804832456354 19.85468886207947 43.768283381251166 4.92913765954949 -44.43175045986173 3.1559486800500665 4.1659160307502745 -1.4884246924992794 29.96311473336253 -40.44858065713477 1.2410132166929628 45.720878895011595 36.03944713435709 23.390948465409195 36.84480213453895 -11.427153568977502 -28.264545040626786 20.87422943161259 11.242950502391345 -8.203377230857022 
81.46163381845567
46.99053503650971 11.211188567298635 11.444481696439468 -5.029727865924372 -3.5371979777014033 19.811877926855516 43.17283295839344 39.952068297552245 27.495561610516233 48.35503298201618 -7.871397456944528 33.01381527194461 11.051903093343817 3.2543854416312143 38.11351279612202 36.21060599244743 32.935469136345716 -21.678900849901417 -7.938007482185597 -35.54944022192602 -28.870700586207278 
56.49473631016599
-47.143202032875585 42.85958558528674 -33.35596758409013 14.093198915178007 -22.880349022040026 42.58824638023518 42.5538760308129 -4.629733758707765 -31.147483758187246 18.562297165688335 2.9493919556323647 -34.498468309777564 -19.331598308484732 33.32303859950693 -38.78790725299691 -43.92356208768668 -6.161133782342887 27.37311563243459 5.316458788931499 -11.243761971262813 10.498674216785133 
38.33794220548358
6.790893836555078 -0.035313029747626956 48.08634207605273 -21.227522744329786 19.519854388693645 -7.68969198477015 -26.537413254573604 5.587587261231484 -5.254814378156446 -43.10383830031878 -47.863004027480194 -47.16023110139742 -40.57452336428199 44.75495131996885 16.646450525463152 -45.97746814977961 -33.46196286231783 -34.64548892785949 -22.632782032477927 -49.982700391991706 27.958851726983994 
5.450565937917906
8.905817843269425 -35.49382755582009 -16.76830012163162 -7.479177379489521 45.70209754866265 29.91845760015424 40.83835628419932 23.59643406356055 11.591216777696403 13.87742074916617 -47.49241230134768 42.51384920712428 -10.190463034211206 28.633175412779565 45.65147923223478 -23.557743955535425 12.292670118450708 -45.88774938475999 44.19333149020369 35.99862985427353 10.102231838769981 
18.983835307010978
-46.14778409645754 42.34465906093942 20.431152837771535 -36.46274973987382 -25.62495849092682 -30.633336177534552 -10.124380030918502 3.1847548261933127 28.257724450086215 29.37179519992665 48.525080292106864 22.04829307800935 -36.82709535829041 -13.309271051021653 -45.09004818708093 -47.64166383326618 -6.377620512809415 5.159172275999069 27.959992718707426 37.287480910288124 -3.74177510188688 
72.65748927597177
-11.135399316688158 32.361054285670946 -37.1326447139889 -1.2801865588429635 33.08951553785171 -26.268566438634476 45.190060496717905 -0.31899243238638064 40.79273559157916 -19.627633344992013 -3.4561705193933108 -30.088090947134816 12.495760280562486 -38.35588952620618 26.64955018336542 -12.599709390854429 -13.895540850621103 21.699700961070903 38.107971643813784 17.267038215566842 -48.76273274078814 
37.84724058102643
5.650078423671147 -42.23599699608337 27.30658932104724 41.25261334468544 -7.41418559657491 19.88214060145431 12.912627233727349 -4.738490255750548 -27.19860926240225 -6.094556166306717 45.847144979168704 49.139290616768236 41.206151336305254 34.07830627997775 35.36788691608602 43.17162425985555 -49.29419788998527 36.01094946542459 41.39272969929499 -45.161538522021125 9.57956601746892 
40.52955447611628
-21.124098357158548 5.168381217580709 9.564585159141679 -27.615173444474827 19.866858100532497 -10.600106097682271 32.00173571669529 -37.43530344595825 -49.38428303842942 6.720851529879937 -2.9272839856160218 8.913933086313023 16.577430343788038 40.12656532000052 -20.540865763727755 1.3454370098637725 -45.71986424453725 29.33184292040717 12.680054899703187 -24.864941575677413 -34.23857184834327 
37.191662642926616
43.91523491413476 -41.376209366248915 38.63957723885403 33.22970324363381 -18.702879252420257 -49.89180584190167 -47.125032818773924 -43.356485585708725 -3.5446266962803605 42.78200464284649 43.89036433136131 -24.450345479728817 6.523562916742009 16.298848940363058 10.956843933831252 29.251583068394737 -38.1316346606054 -21.141950210832583 -30.384444570825732 25.95774115733097 8.477458791338918 
24.67252665931452
47.39369489670048 -30.353343909957054 -22.756975147435256 -31.74015385289065 13.186457826217627 6.67053877906352 -23.696412726611847 -20.795527264829015 12.414885983957646 -34.79166201743897 27.157699344114093 -31.12866845683001 -47.5670693918969 8.823716823362794 -9.561251913409762 -25.99216456613307 45.64526114779201 -10.846995069385933 -26.95905968886282 41.25349735431789 -28.589380513009964 
12.142646778419607
-5.287677648117786 41.283371580936006 -37.95610718582169 27.275296499707892 19.28145162053427 31.643522734423087 -46.906769344784074 -40.13191262560717 23.360137647298686 -6.706212311872129 -36.44307647412036 32.79631743443568 -16.334574478097416 -12.544870240000115 -12.182014619242196 -34.109842768668265 13.029803955249534 -33.43411165589487 -12.187339926431818 -1.2283574762057583 -35.280608834154236 
75.98328980962063
-28.687615970930548 -43.95633125357135 -45.14438574283728 1.5236117058964993 30.187014713202373 -37.487734441860496 23.53671427739819 2.01638355168334 -8.869634644999024 -29.482029608100103 -33.318837977501836 15.755114256697397 0.5674495350893167 -18.528387086746978 22.66586018469937 45.05897689238864 25.326042648467734 -20.66559079546465 -9.492207551119044 4.1170047832617485 1.1435133673645126 
95.05173968928928
-10.361444872675264 -38.131697407378475 2.1930988522850825 -12.155447557424182 45.24699425181839 23.878866641676396 36.55213398484027 11.781856507224006 -2.284051641346686 25.007600219839148 -5.102014272008958 34.2022868964812 -10.1451220819866 48.11118242086499 -7.2942472292191525 -13.677718206226963 -18.569060976057106 -6.8805861705855875 49.83504420580185 -44.23709273789965 -23.073132662693784 
45.519793367090266
45.631463857497295 -24.25305096904925 29.504759152622228 33.62199184589811 -27.468321671464224 26.362345590418386 1.8307097490639208 -30.06997220463089 -13.350749891273281 -10.442360947898365 22.715943218858314 43.531914615681686 19.931691730011465 -8.570354973246317 -22.544053435731204 -32.37640118642716 -24.782539166646345 -27.11701137052247 9.299828508030473 -10.883946876670223 -27.11506231579256 
2.8858216579413787
-10.342038825004039 35.73140633018514 -44.226342878949396 -12.684546369167052 35.456690666137106 10.076005949748378 -12.328612059600843 -19.21779200537863 13.474739607008857 -10.114604919503833 -0.10107277891368938 -21.16065122937334 -26.453349525871662 -41.031860428858295 -49.61226214705283 -46.368556486149025 -4.8055510487080895 24.332552233199124 -39.86616116692792 -2.69694493849115 15.549462929712888 
21.56233064814964
-16.975292589808774 -45.6157979361301 30.35198358635236 -27.285811883470735 46.77409720328187 -43.111447990589 24.367337344619315 -11.157426597920292 -24.936876366372406 -25.995188129516787 -7.267424068528264 2.7136320546854193 -36.02591292881243 -47.96860379470181 -39.45110269531408 -23.647454487780738 39.416934266069205 -0.401139817936091 -5.539367081390104 -47.22453624312581 -33.513605073006815 
18.244248967662568
27.012403123727395 11.589271044225882 16.55126727723058 -10.954063942533296 -17.7481147626126 44.09939511338145 23.365436725687303 -47.70288731322141 -0.653641695460685 35.1480163118908 -24.396331030898356 -40.90937505946181 -0.09300361525412626 26.111935506998492 -0.03666852317702052 31.207355427999445 34.26566510629816 -13.678491246500279 -13.663364045389613 38.84487648801873 -27.875240448094406 
88.61897263054266
-5.453871280790992 -5.507299418550019 -26.19861706856551 -31.143354727533712 -39.25042993335174 -34.345129529608144 -10.287017558437938 -1.1576196878838942 -9.141480876149046 -20.85972770873309 -12.197716311498816 17.571795769681614 -11.821709902590229 25.285522329044227 1.2752245557856696 46.543784593784565 12.96518019275127 21.74482055261919 22.326286901378793 -38.46218607198296 12.710207818436416 
13.375727132259962
41.451472891463254 5.43862117200333 -6.30318299349257 -32.73072294063793 46.499914332101625 4.525898974384354 26.743311867071057 20.11748872881853 -49.20910102293809 44.10358638820826 -6.970897112560323 48.88073365306154 15.42388637572357 -31.574551953060983 -20.48294124592549 -34.88794853182815 -32.66516689355645 44.58063648458237 27.722588126825826 -21.68499883823526 -8.297011181363466 
20.33496317161817
24.44334065514225 34.356147758356855 -5.011951215378986 11.880630607893636 -1.4482816869602075 11.22284718477593 -6.821664055949164 29.02922474623064 -45.934398326075055 -3.68848764176807 -21.243473231203268 -17.410222508179118 26.45109969957072 -23.04894503440591 -40.559868991097936 21.5057739296072 -3.525735956347887 -0.9892330105612999 41.92977607335516 15.78196118409555 33.907118131990714 
37.21140712467835
-45.3008970249839 35.31388826688 -27.993429027308792 -24.847201402470642 -34.71412389325579 -25.559871154323556 32.92304226732537 -36.90923454853833 49.59467507025521 -12.630857132710574 34.05899344503854 7.140789236899472 13.397338915600145 30.58981822345919 5.885745172043322 44.85529613804037 49.518059708695915 4.956696017045537 42.840296505203355 -20.984036460504306 38.11593111713526 
2.3479802565892216
-9.337842104216087 -25.997947367846596 -37.97166092914777 -10.37358237932532 45.893408613190985 -32.759760690913396 14.314580572175146 -43.90980844578426 6.253588361980647 -37.989033763062906 20.939710226775404 9.682989667623488 -35.785787304153374 47.280874768214304 -12.035524657631967 31.93943083120662 -19.663978592325947 -14.74958434312422 9.657990610888746 -8.025891706578278 7.795391304394464 
67.95023466967999
41.62550606098512 -24.22052246818317 -34.98547190173472 -29.510508072398554 -48.655481227036724 8.679895025492591 -30.576554750508254 -29.546185751777276 7.428151065195941 -14.00387762595021 -47.88007675369641 -39.529942341668985 -41.514433669339724 -20.193340551101112 -29.44299752258641 -45.90035603069749 -17.37504383570444 8.149269651387826 24.375771692911044 -26.008239016980006 -40.554600226663105 
87.08813652833287
-41.88543736428015 15.622186483499007 27.789704666477306 35.77908004643788 3.7638874963440188 -0.03688269487584961 44.58110282713416 19.997317724838354 -24.000217083850938 14.073861409423827 -47.2575682261978 0.5492732812456964 -16.58355329713772 -10.128235157190488 -0.5027027140140703 -0.4280060718333658 -39.807568003360586 38.23734288127035 20.278373752552213 9.930704341096039 -45.63718015355559 
88.12705101792807
18.018882704322706 -49.24284606982948 31.233167589111645 -21.488299336151996 22.77902461507 15.628352713119682 -36.54070522858984 -35.27195846050374 12.459912739541025 18.96735869531237 -17.06979742490519 30.22556627906974 11.78337358393702 20.95485551286002 -36.170240583356346 39.710115930516054 -36.233264754464756 -48.42780880473513 -8.883954216789562 30.330424004004 -14.402513611162192 
10.353681471810706
44.14550994007163 13.823227192772713 -20.886457037373418 -9.992053977894031 -8.71758557190757 -45.57285961582347 -34.979462805425065 9.27509975587715 48.07229032993551 44.8949945738554 49.528423907225175 43.21866078226087 -1.0785739663380056 26.078888001587714 12.265416212621481 7.608051763643871 20.21268790331824 34.33173022783461 25.128062031850334 -11.87039047273295 -28.598759378917016 
65.36356447514383
-26.847942207363417 4.871055287484808 39.872037777122415 13.210529245765393 -49.460804114703684 -32.14360326864004 35.204231927052405 28.61882592512302 47.65157157802146 -39.63472771680159 28.975904832606275 42.41555141459847 28.084998509555774 -16.64721973240583 27.355842786532406 16.332896229077136 18.85936548036699 -43.507140054550206 45.46732978628657 16.271607044333052 1.3144289338174033 
49.200328364885074
24.872232502842706 -48.86576520705466 -4.524690470742378 8.443716218134092 -1.4880794456979842 -15.87179870097463 -23.547228598727386 9.243051663672496 -38.94514579711553 -47.16678999132249 47.86913307757281 -21.54621362439886 46.838944975665925 29.347127764803062 24.351414924221586 32.770129508694865 -47.53991882371453 -37.5310889589667 42.80914390682818 27.837988904733507 -33.45348721297575 
20.14676196520908
30.51502746339456 36.94986489105254 -14.628001410446224 -7.685812254615584 6.93239838276245 -34.999033188105145 -0.3009829295493347 -28.24384922756825 -14.215734011111827 6.217968551597622 35.606499690597516 3.792092337378982 -25.96555079632692 -27.37128859112993 20.04492381195307 -15.667932948803866 35.25210891834884 4.323335715092959 20.47481407056867 -9.743183658413798 -3.7431889324219156 
72.26424309513024
-22.81695224527346 46.09211132777014 27.99195889532568 -0.26560563950590677 6.7345661201954385 -33.40776241960671 24.250252174255095 9.470437168737135 5.505445653136576 16.1170067240607 35.175652322315344 -49.890800327332194 23.356523285057364 -7.418754018863304 -13.607980149261401 -32.21685881474051 9.24504499490002 26.275211417562787 29.1594707122983 -33.46765312462183 -47.06486103750942 
31.998921984546826
22.135187937538987 44.65769499381538 -40.04387485865575 -33.27704015059191 41.11630591950876 3.2218823062606603 0.5710146268484522 -25.61726143233799 49.56816344364856 47.61198283327765 -32.244203479639545 44.432891959004536 39.792081018760186 43.40928567867283 -35.94658789716304 -28.567134120302505 -27.737442756066557 -6.23084828544355 12.654585136176635 -20.795654840331366 -1.0354233411058473 
27.095695195503712
-45.82904825047876 -35.0042452805683 -44.51250269483008 21.003105355428602 47.30425387446304 26.6084735491486 46.182768384965314 -8.612541854414815 38.97858351629682 8.584075617421206 26.868515453576293 43.8899041685371 7.490986493347286 42.321308557516886 10.364801657929767 19.114161511452053 10.849010591847751 9.386171125155386 -18.430847519734083 -37.33178441324068 -8.29794837725143 
77.29787858767267
10.832743594062734 16.432267687403453 0.13664441174633168 42.71812862184234 -2.926616459791674 -41.58810618243838 -3.905901260359556 18.240521967500513 -44.637768552649845 -34.88254455262596 -15.717761291779922 15.871614104601932 -12.352998064398527 32.617871308499375 16.191156502993692 12.81451151398344 39.825114388770544 20.248805417670795 -33.81368212441426 33.31056756723497 -46.443912173841895 
24.41244027042224
-48.35947956626232 44.064121303026965 -32.99673402481731 48.987978622857455 20.679543609585494 40.16992054991182 5.120667919712552 -36.42092102660442 -24.64538105005677 43.482251710117595 27.151651195748144 31.15645955955938 32.91809858628022 46.00942528907879 -33.318272296620144 42.61091829823329 -46.63301262690539 -42.8132440184404 7.888787490643168 17.314053344663904 -22.467705531329763 
5.775734443241642
-9.440351258939117 15.991021885104104 26.730478403731013 4.656565774962139 25.992715667485854 -34.95830874364639 12.356425637227709 -40.0741292571852 36.08225867455728 -40.09645965562177 -8.214160572616734 -5.519228405292743 -1.3193657336641138 -0.8682531195653453 -14.431926302663236 -39.334802027452824 -6.23944025143247 -49.42108042330137 40.12877099298274 36.57375481601318 -3.049723209152141 
16.3889134551074
-19.93502568814901 36.252994636752305 -40.3096936395074 44.47626911598552 44.603600549958614 15.309516047452192 48.56119802242287 -19.25518145039089 43.907518046371635 -29.67118899374682 -9.742477957761842 -31.494004708505486 2.6516805707943476 13.028319622337612 -16.765926578145084 -20.610508510072723 -19.344907112054287 -1.7873092192982156 -7.773890761393197 3.49586398222349 -26.65732728759287 
48.368769911574674
37.64613983735593 35.62278292603345 -1.5756829720123946 47.132382185829556 28.28565644557031 -30.896416396314397 -30.583206384491103 18.878462345189618 -37.19909985009251 -0.8711070679709678 41.49734349309135 -27.669300539499254 43.13757744656374 43.37904553319521 -9.333819729977542 -37.6436937913194 1.350232740810057 -40.622884770708325 -46.69167976773419 16.006112614467384 40.1977117970074 
25.179356572109835
9.983498974484782 -23.620310331447325 27.447005315577883 -47.148069172785945 44.636168617808664 41.039742057917124 -36.00651372253007 -27.360222445625084 48.4059058986214 -39.530440493735554 -33.29366081554316 -40.184431642621696 -34.16823081624243 16.461817357260998 -31.66618659566408 -24.09631890686923 0.48250190347526 -29.65342814115417 38.85363619970049 -38.69383932953243 6.907700422799223 
6.610805775516804
-24.67021873015006 47.31469249361855 -3.706614097016306 -1.2685576752313494 -9.362499706221804 -47.925378322719425 -25.6813380661158 40.93825420551586 -44.655660142335286 37.27409031629969 11.448466557722305 22.14260032432348 11.58567997475405 30.163378218557014 18.260676332421795 -33.58746400181417 -17.05097307010587 8.966626893135334 -38.60589396267117 28.144276818142828 -49.81784745286056 
58.83005188771535
9.317236233031942 9.474587272330346 48.96592894604447 30.157886259133477 41.35578171935818 -37.501816827754254 -26.95653625152922 21.519259118823584 -11.719511518445955 -0.50123465142822 33.6729610880175 -34.733716077244104 -1.755168634557414 -39.32815901715511 34.67248156787667 15.585620738614196 37.97558394832879 30.711977223812767 -28.749404458608254 25.912871385834237 45.85745199628923 
3.1567660978326195
-49.632351120378615 -44.5288827426328 -49.08364714026372 -35.475837699891166 -39.451811582657434 -36.84797177009651 -40.30593952530146 -40.950443037567865 -10.13411453774976 -18.960086865030632 -8.379623389464186 -0.7767055793565731 2.247990506982198 9.586200954312098 12.727118217851938 7.349073389595318 34.297265014517436 -8.22621295796879 -22.588381730835017 8.988003072916719 -32.495002532113304 
54.56779596993273
38.44560627914878 -49.57721058975437 -35.9704321801684 -47.468733234545915 26.53873561766555 -20.82905322565708 28.140764122667846 -39.30864461354724 32.50419138102208 -40.90452573354876 -30.019127331639538 41.57363036524502 47.43717709857491 -10.19393095225196 3.469287060351199 -45.22085986659646 29.30529819627725 13.813291908149317 5.978264101614464 -13.439143414247965 -32.036784942169085 
74.29284839527895
3.833088416056853 -48.43675169215045 14.842126224209125 31.33648423237753 24.74084168545032 -40.7793190872884 28.428018891203166 5.210679383738416 -24.072354002062756 -6.732605966045057 -37.86918610694545 -8.586260398495469 -34.93491572048577 24.393879767357802 -12.740091672804546 -15.783492574272316 -20.007739831440517 13.291454610780264 0.559809841719705 -47.10863058889371 -17.2092402656435 
14.158886329862696
13.122903610035365 37.97883574315979 -46.05447574363005 -42.79804480804704 -44.51536908446073 -26.28956924817536 43.12547396243029 22.73888507027371 -37.680308790987795 47.10123827339629 44.54346878786113 19.231554815138793 19.396080985109833 -25.755094730131955 16.905965622645525 42.89450263532011 -34.692844654608045 -40.01150523060394 10.638560472181759 27.49070973048005 40.99010639766465 
58.43407897601366
48.37432306613539 -10.494783907777204 -28.84743062374573 -31.39150995023212 28.61765677619036 36.094621804353565 43.467365895322104 32.16222938248012 -12.952800764474063 -18.957394136365803 23.758592111073952 48.10297055331529 -44.9029856797511 7.408571206634086 8.390679633804098 -16.66125092868902 1.2561750883342242 -25.36141595940311 -31.314818273156575 37.20032176064937 26.952539104549516 
42.61481640868
-13.571549217823808 13.131845601250966 15.937392685326955 -24.548285768222733 14.396567142152065 -38.6165411076002 3.763331347729334 43.80413313307888 21.3122057107541 32.80891481925843 42.2485779670848 -33.96523965861478 -3.2386097389228254 25.765977310264404 -17.253284817259427 15.795125363479784 -1.6636291653556157 -34.36325836026091 -8.408423405221498 -23.593439682531383 20.63414181096691 
79.62967961734377
41.26282759841486 40.88447616803947 -46.271593956968346 18.294635043399524 -8.38145253468214 40.53140175107053 -22.65396824788174 -20.42339721279913 -13.03307665592407 -15.268799335706284 6.2174269377835785 11.253625281773147 46.799905239383094 9.908963330441722 -38.0666090936017 3.248667533499031 20.687508183600883 16.578074094387603 -2.8705559928754596 32.57486207681387 11.132169158486803 
69.97799679562183
38.93177085984381 -9.431914084354787 42.10842070843927 -47.98665721298274 -49.66267213885081 4.580300823416884 -34.4361778444369 30.036843944962527 30.563818669719964 14.45165162746585 -46.66699584674563 -48.52416639445355 -11.606360169202034 -22.151131516616218 17.71731592854809 -17.616067208474476 26.14908672555066 7.952012456497457 40.408477247825175 -17.293390853272214 -33.82554431648297 
41.9911522202663
-33.514661352564474 -48.61864140320067 36.56390421349106 -0.22090519053907798 37.888637353234714 -19.649735827075943 8.362289719728366 -32.34418785063956 -0.9205138203215526 -21.855302395041566 42.579386341994336 35.154758184817965 6.513011621505797 -39.09097083128856 -37.903740330680655 19.220773918272215 13.10943785820082 11.562155479818145 10.905783029007132 33.953836821991544 -20.91939492707099 
26.252759368424037
1.117621258961229 2.622403237385008 -18.729218597819298 1.3461960325346993 -23.228769457341393 -36.91530814330959 -45.403669217136276 13.887969930115688 42.73877040115666 37.77570242943051 1.219611111668783 13.820758947726375 16.863042975626712 25.06236937210066 45.76829416905656 -22.810976830353635 -36.03612161632969 -29.96127558802946 -1.7879985221058519 -33.8528005699217 -38.54029535224798 
39.72752716346169
9.934011355851922 3.794603943453268 28.089243854139895 -39.8257088793504 -26.913481671717477 -0.3079199142096414 19.58163698714786 21.064233801427804 18.493723920584216 5.372598779468696 -41.888479727001084 17.26214994720651 13.167856982051532 38.2399174135503 15.988900239318994 -23.930230715879407 44.92890564474534 36.95651707991884 18.271924236192106 14.01470064864661 8.669759849653616 
51.75404972723668
-36.146055467269036 -22.3704475300432 -23.515890580885657 29.05654838878216 -9.935448696681306 48.94940618499521 42.17532008826646 -28.611309112927486 21.93752520180054 -11.64968510459807 -20.40974187891882 40.74843353571829 -45.96306173970337 44.87102068709187 43.772796179453394 26.455373169279056 10.09593340359428 37.304667776418384 -25.892461210777473 16.943223532678815 13.71097535538346 
48.116754717368714
29.42509097985132 -0.9531854063133949 -18.052363187361575 -23.35984874962236 -3.5340355747156664 -41.958930982718186 22.952312653053227 18.017507299782167 -34.84902831776519 17.021420744873993 -21.472529745744296 -29.994076166923765 -43.21819776329375 35.172193840374135 3.116375220435984 21.028290097247535 24.596196903800987 31.051483973441947 11.756507568677499 39.75020275430887 20.027937865249143 
59.22811289041856
-38.7008843553999 -31.019043923589397 32.57266831721695 46.43823562375371 -48.444271510685056 24.841567698096725 -33.66367848426165 36.886288730322974 46.02062083055809 -34.087620355210625 12.143706731107173 5.3968700541025285 15.431605121914544 26.46728852991413 10.510622899954761 -28.168683803386728 1.669718714611534 -47.078807595518605 -22.166396436864655 -9.485338922089461 -15.638255095217914 
93.26176345997992
-14.172785167345914 -5.624248694529221 8.037686196696505 -34.493786688168726 42.53957666962235 45.08530523813789 -6.191298029186839 23.11821406885322 22.202610159572316 27.683738435586918 16.26919424059045 42.839691543356736 30.724221125151985 31.02260434786814 -26.309908443660056 -16.463245808219504 -26.194515479615234 23.80053946636916 17.558619012789933 3.4284881913411596 15.466623404183338 
20.056619474074566
36.13312161270696 -22.538026127372735 -23.808604529626564 27.69108978418643 5.919831912120507 26.616321794913105 21.950231793295615 38.91542146352019 34.84167701064315 6.563127816693083 38.03833716929279 -47.50926971627011 21.35760704664287 4.380209045427399 -35.03438055141223 14.195570932854423 44.904083159330256 8.910098610507397 -2.438752133288837 24.171205259448286 -15.231229814212647 
2.874210025749069
13.006270924819653 -12.375576235405127 36.86965984331887 -27.00178107750133 -1.3163898626241135 -21.174928411156692 -39.09880727344772 -1.826376521642345 -3.4644959960988047 -2.5825699512141753 43.92220029483059 -44.92489120346889 -32.95577839219773 20.771656041242537 10.698782268846287 -24.327262263416916 3.0026718054195314 46.433512826267346 45.97850344093331 1.7226323687689273 -9.08265607208211 
24.687641293783493
19.360590475145557 7.589277598484067 26.18673838035886 2.8316699864303487 19.540080187024728 4.647110003295104 37.12426675076915 -10.034531102767097 11.442147341236762 48.02865799308671 -37.55461307319371 3.931932614049593 27.12614901012411 39.630901352815286 -42.985528622678444 -19.497368422263982 -10.672844780796467 10.061189933900629 -28.55223201509852 8.983783649992525 45.11606929055587 
16.598496084931856
-37.40550286047192 8.124990217997698 -43.60231922330836 14.265336943443359 43.969007261746185 -28.454829094545875 -46.17068948081088 -7.249758063577971 -22.117374111702382 42.847275075783315 11.230946196114168 23.19016967886452 44.324622911841104 27.17524437154789 38.6711050637591 25.716793936882738 -4.432450500643462 -41.82615376646201 24.150868973702757 -48.809871881728704 20.022930945572497 
67.14394664849634
48.65561599969706
-47.16189392384099
-29.055628421282233
-48.20559237243282
-7.0544599593577075
-19.355760153517576
29.05008591697279
-13.260445100255467
-47.90843163640906
-10.276758461819512
-3.0941754319377637
10.032802811835175
31.75617360595264
-19.07256033286655
16.622019475221677
23.398943986960035
-6.401141514706929
19.779954029214352
2.7643795211215263
26.39401792535537
-8.776620114896204
