constraints 209
variables 21
32.5331745683724 -35.2327271690348 -31.871525685691125 3.4780877448496668 -8.82623963907745 0.3044820391120524 7.349278034199116 -36.63175316984375 -4.385556188025838 -40.617920394562276 8.208131269068922 6.419387627958237 -38.68087003123113 24.577702972908284 9.185674944029742 -3.07535286014582 -32.003772872703294 -27.28685760140639 -15.753696998024871 17.840382380362925 -45.447592561767316 
70.32843540984702
-24.958889127499006 -14.53819994507407 -26.66134928808017 -16.82073034796202 -4.7839825306993475 24.24765551896671 41.74100323149054 -40.681176911557685 -12.691029271803068 -8.322524342817076 30.43789078041263 28.626040123578093 9.302354935643152 34.13801000186626 44.54046797285385 -14.432011266362565 -9.896373876638577 36.57389654525714 -13.648058850699542 -13.465132219280186 21.05929241641465 
51.00079262979661
36.626346727441955 -1.7380995903667724 44.0643775898032 -48.03246145278997 -45.0231541548542 -20.346797168297748 -44.08847473213711 20.667166872894114 -20.521954514377118 15.74845390561444 -26.769062437170142 3.6348871572245756 0.5264770380801096 49.62401238664465 -7.295611956654888 26.834412888432638 -5.33218283608614 25.6958686396123 37.19355557657079 -28.577671513920244 30.36901646169092 
16.192639910424568
0.0049792257106133775 33.59342625491624 -0.3919894316508419 -48.50744396696779 -13.279057379126378 -2.351731048982785 -13.32676075194675 -35.43079739391911 6.857655912938434 -1.2125110272230302 -41.290314094283005 -10.03344290397289 -13.930900171575367 40.12560810546117 -48.682249856829394 28.524607263909047 -46.30302450026179 7.030483512003094 26.90573060291831 0.5026850794451434 10.174170444316744 
41.13270875309121
3.5162702865566757 -38.201651069551744 -5.878747332565148 -3.787353446253995 -12.508382982189893 -49.36449355862258 49.93246718537296 48.66097757085829 -5.387874734718864 15.39619900956069 43.2298169204837 -23.677992870800825 11.236893333476829 48.196268416886284 -16.22923809604724 -48.73282420147254 29.49503933173297 -36.64408786792674 -6.772857292772862 14.409597607158787 -11.27943662460438 
65.09190867411368
-1.2899961803477709 12.858593335905312 -30.906626170561935 44.55906958205267 41.99691873678785 -15.473370827782986 12.843469740238803 -17.205726028197887 -30.87443708062002 18.739212510858223 -6.605066657364375 13.167198301939656 5.349241195696521 6.461674796456087 13.470793507469857 14.617666165091904 26.40712381102678 -30.755016316591487 -10.55055144331397 -34.739721950793644 8.644004181672017 
72.10605805211654
-28.842189000491413 -15.137162740778997 -22.278629410363692 -17.70367371697256 -46.194114577953215 34.2557645508918 -21.506340607835394 -16.724483154859996 -38.08796498227531 -30.094419084744352 -42.91941572399558 -8.803989027974964 23.83769333417939 -27.313743125101155 -19.751574909397196 49.81630986967936 9.944847492422745 31.308010069981023 16.92026283923424 -0.9994955053410308 -22.590890115372787 
12.913942079813879
-28.032896278032425 21.82385647016035 -49.634239340167206 -3.9693252203966907 -6.611088559793522 -24.207052939034323 -34.66434051745671 24.35990736417169 -29.423388702566022 -45.19793346488324 28.772436801069063 -36.176365463692235 3.5530972612727325 10.185855000806818 -33.908032872801726 9.82650418593277 -49.07663027593421 31.591450364324857 -10.310423911076825 -3.125383929475312 -42.2790618341847 
1.3816820292893217
-22.77997909454279 8.490821045483003 23.419642102502948 -10.105832631366177 30.809815243441037 -28.207646248387384 -4.912902053702595 3.119380287826111 -17.10902903285715 -1.8525543223676948 -39.01201175434047 29.224120680352854 24.989750267440257 -0.9967049911838188 -24.09753439991412 -44.1649509465462 -37.92635301895228 14.278617304348202 -28.993063912408335 46.110218535630665 36.954198395769254 
89.63972541689927
-11.628407863271661 -31.635143760899552 26.762885549803244 28.529886363765527 32.96098141550135 -28.61906292616331 -13.338137551645616 -25.002498916283113 -46.51894136932325 35.518279599226005 4.720774335503961 -45.830575164482504 47.49808237455177 8.358318081366157 36.28547621299177 8.641478001855255 35.961858708894 2.8498624492833997 6.183991546088144 21.10910383287171 -32.40226340845621 
45.78950130714989
2.759581381943079 6.236752240855722 -5.411046458883838 14.95757775208078 38.990311026528104 -11.934535554619387 7.552779799981138 44.34393456304572 22.84906309706568 3.1838893040610614 30.021105619007002 8.635914168164149 -38.42256255127199 -15.561302242527965 -49.53196967958105 20.50438433319205 22.69155513945931 35.13620958794202 13.384106923667929 -12.788163217112036 -11.692730588669008 
49.48777865314078
-0.021092897248053077 -23.32012554071845 -31.233147005769446 -28.52271482885732 3.8005740779073065 37.391729401769936 -13.431260702885915 -38.620137373355625 46.89314642939554 -48.63133704015187 2.246446571415497 -43.1632337198911 -11.930643207667302 -25.05254600953746 30.112325463998417 -26.307929907203555 46.45872635956417 -11.80059533290708 -16.323688441280304 -9.277333418493924 0.6977687095150031 
80.56962893553117
-1.930601716659588 1.9438009443733506 26.96115158074842 47.678601543703934 -0.05392508759379666 0.3482189427679998 7.489705581739372 12.21629522998363 34.10949336635723 27.737674792963233 -24.64680193815909 10.472483147788466 10.497682286119925 -13.26854609221705 -39.10719748287846 5.285043202477134 5.188647415319828 13.087252306760192 -29.37973653151068 -3.948560775059427 34.72669556996601 
99.14558645202673
-39.6922518712736 -3.0632288706785786 24.341933998792868 42.509650217968186 -39.41557055935057 45.52511783829844 7.529329713179209 17.998374440019603 -24.437118755564434 35.8991595240749 26.9733101006385 35.46115549442722 2.850372007161859 42.496323681601055 -45.05160797956955 -48.781450004363926 16.757200678187715 -35.921966811089156 15.095887645263488 46.69400712748093 15.596247844008843 
20.76185457301468
-33.128806392969445 -25.772541849119712 -41.325095965416466 -18.695314863204494 8.975799708413511 -2.8875780265661817 8.912663593810585 32.688356385500455 -31.26739113093556 -31.4259833503571 -47.02542363827538 29.547320312552145 -29.367274302895872 2.706041296255968 -7.607110519169893 -22.90861268938411 19.17638320109603 39.31115436885196 -13.6438143975288 7.914743140742829 -11.349754046949911 
44.138854332315915
-20.32261355891478 10.445756065301957 -14.372200002573962 16.191802745456755 -32.091036809321565 -45.21960607068032 38.749132531492066 44.57181203264409 35.65583258875236 -9.744705608831424 -25.269117579593036 -31.237397112936794 -46.15667698269363 -41.645114275874164 -40.423283937597866 48.2971671869403 37.0297294143319 24.41017092413928 19.603192543023567 40.43345118343407 42.80994852196905 
32.03513099697828
8.165413839282898 17.762735458376085 41.93873553779862 25.359894117980957 -49.13860484639557 31.600988727201567 0.009152706043991543 15.858234349328995 -15.486392528683893 -8.435845488401426 -10.646164020644875 -7.069908816988203 3.3707002388789533 -13.095828482891015 -6.70634651110521 -9.611782482563335 39.741924696694724 -29.016700744858337 -26.059495543233314 24.611233820313203 35.6713000242396 
16.690057299509476
49.467874418734155 14.363750625871148 7.27812337864917 27.65096092803195 -32.90506685571731 -22.852600052086903 -35.965059335544666 7.7679035531287965 -36.01309503595825 22.434986522663507 21.52362557647936 49.911914524182336 -20.143496951657724 28.253202711188948 38.10473924829 3.529737059736618 22.25825945432824 44.317629674614295 13.454900458161134 20.470502400928126 -11.600404487898516 
62.28704526435778
10.071383975097461 -41.484502238628494 15.74951748715408 31.69236849356949 -2.3872404069421123 42.89487719175055 -32.19213638525875 28.708763324901838 -25.66116810786304 -2.499114690732199 -38.89498011207688 4.1778048073510945 -10.067255235145254 -40.44201357899958 4.8341213470639985 47.14984304506132 -20.367367635073343 34.18604006239373 -44.52528876500216 0.7049698580744632 20.869669608071845 
78.59347397816357
-14.651070158738833 -42.07569176026027 40.50400929582966 29.56317278464583 26.258272489276635 47.6216044999648 33.269512344609126 -47.55542138569313 -22.818951777886 41.8083922443213 0.18281312685503792 -4.958718495868283 -41.53234365253695 -20.145722666814013 -20.558284291726693 -24.415809537857225 -45.94715897650288 -42.08284375797058 21.73247638692682 20.406073508876403 7.911150231716036 
26.456508760039032
-43.11491835201576 -6.015828180616168 31.313786640647407 -26.4938686636354 9.46010691640263 31.693209335700487 33.40212796368523 -3.129011143853269 47.12033552406295 43.91206221863162 9.175216760028427 -15.473847086226677 -12.46519440956223 9.053005353056996 6.195529353943172 29.234044376994632 47.08249746940872 -37.366689468683745 44.14937535789892 0.7594966095830884 -12.232602936785675 
69.68472744079443
-20.144691523968984 -12.949535600871357 7.526227272108535 38.597145933292666 -5.604016911230389 -5.634587848277093 23.504634277599195 45.918566919091106 28.755872719794297 15.566801918418435 17.897190299261354 -6.315786656725933 9.679363617360629 35.66324113624488 -48.40895485431685 13.523473697837716 -11.579303976245392 -5.828693646771534 2.1226547769858186 -34.90589174149099 -38.36068153969825 
14.981172540856825
49.35151865260937 -49.681079337622 -44.09878146678101 46.14857223740944 14.77436273098759 -20.54907457698881 35.07882700775522 -25.601163813415518 -41.45221685707514 30.16876309101339 33.39914381324118 -7.882934243525739 -47.943124783100025 36.70494954722602 25.971727743823124 -1.78821875174917 -26.73812074273104 -17.56470531267027 23.335277900633074 8.47762260751027 17.074464692154763 
96.40861369031427
16.893495333880026 35.946034808484654 -26.34025026874759 -28.028357583931694 8.068025049430695 -22.79892935944713 3.8296992792421705 -16.05515169147015 25.578231599731794 -43.24918934725427 32.58810291357942 -20.26939603922657 -27.535338642786655 38.283080447727286 -10.593165759573722 -40.714039263024375 47.3050126178895 -41.002464267069406 46.9576297469566 39.06808265792576 -47.471472796287614 
31.19437873143216
48.7931650995299 15.861131600369305 36.81669431564026 -16.086710916037937 -29.134257755287617 7.819208079574366 18.285236592308095 36.654452204787404 31.79141824277771 2.1107088982963518 0.4743240156098736 7.0767915636623755 -47.58806965699406 -18.774703625881138 24.13106146218695 -44.94314326094741 -33.5236494293529 -16.694632365869175 -5.649734481093873 -43.39493421277102 1.1588641833561013 
25.789775045099173
-15.15340423272017 -17.12573378323905 -21.3513443606004 -13.791692462537931 48.96317847201472 31.85891282225144 38.19238713414303 39.14117039829004 -39.52118805878777 -26.628615999086403 41.7393039058163 -5.841417173759389 -33.642045607869804 21.49528701762756 5.733500528781178 -34.01869605635841 -41.70532957625879 -7.046164167239887 -3.3825370574157887 35.15370303086824 -39.76623127745435 
94.69473415876861
38.255480213809804 25.196829509975586 -14.990614817844595 9.481182714729187 5.755093200360861 30.50961894301328 34.823326705867316 -35.60798618947105 22.059243020934957 28.212223831366074 7.492451513874755 -26.12784305518383 31.20135698832462 -3.3237605831012615 23.226485543477892 46.3379823783408 -4.7399108998338875 -6.337666694150222 5.154614314589814 31.330274015094602 -49.18001085163923 
67.78658340008923
30.901320943259677 -37.17904464840469 -34.8610505960479 -11.537335063741075 22.218842119984544 23.517918325251784 -47.7573036858248 31.517697275305565 -44.98419512221757 -35.124432109719926 44.81126202428558 -49.644525765068195 -46.92152607048888 -31.992948301474534 -31.00821983085671 -4.158535012907606 -24.63679934707218 -28.192663427305032 36.16658655611299 22.009828416339133 18.945637647873582 
76.33464637623197
48.225047868895615 29.243443270041922 37.54429815072989 -48.13898626411176 11.032119677096262 -48.246267322889956 18.993104917514657 -3.009009266795381 -35.44381507411959 41.987833806180234 -25.88037559633204 -7.139133553880853 -32.48681390066544 41.016483731393066 -35.80737172135976 -5.331026884376897 19.40367681870441 1.0067209029285848 34.43475459936525 -13.348999411746753 -36.53611925092065 
93.55933020539689
27.052996210591687 2.102476397333689 -9.67857294365637 -4.008296344418284 18.821834086013794 -23.836135653429082 -45.9590599446587 46.572600333755915 -34.53917855628025 5.822023673869303 19.764179566709558 -0.7339495593425411 37.880456594046734 38.94504337025661 -14.70599446256466 -11.28258246024079 3.8272705284223747 -47.844242228620374 -42.25909717458302 37.015487567724264 42.54099508827515 
55.962488601571756
20.745395570323353 -4.809901968079977 -20.256197050377843 -15.196064032126422 -2.1907914234897987 14.455762602048054 -4.386446437189562 39.528285334688746 2.912479227401498 34.887397937582364 -10.649908734499114 -49.684979631190174 -29.136009871858004 -37.484899108812456 -19.474382433461855 19.16109777766627 -23.27418200151874 29.750713791796713 -10.382793795013697 -17.208498623987403 -13.826649160211922 
48.609665260498836
-32.04843046371042 9.21741929222705 26.796195359643633 -28.632646016728724 40.74921659612457 4.1536010021154794 34.11498468719134 19.090179878987982 -13.962849549231969 7.119735016670312 5.483626231967598 24.90701850324355 -3.093678412553544 1.2889361000398978 -9.933882480420309 -34.062191856095296 -35.077954941753696 -3.9902573072009204 -46.278497186343074 25.471617265065632 -21.5473506117587 
16.41631284662697
-16.099855181680034 35.2874224887161 -48.73633898477825 -49.345259362631154 41.54899787983132 -3.0634706773808205 -16.068180126720613 11.991760117077753 24.54306637591263 20.35640290151119 13.465282914335809 -29.564676536468713 -19.695164904152417 48.361454862037306 24.973435825277008 -3.5151036516597927 -5.957115748129361 6.357064060514148 -16.688332186546297 38.24248629714103 -16.564429464782968 
78.04896453002334
-7.666397604180922 22.353824699891007 -49.39495867241306 -40.029145420720226 4.715250578224762 29.112299700082744 -22.128504306956987 40.32888530725684 -13.7274133410885 -7.453400298955579 5.047069051908451 -19.03753671402244 -14.7239214508593 17.426235928918985 -7.076710950291073 -44.85337325488122 -30.527213871722537 36.857454977829946 -39.87446265425989 8.511915679635315 -28.64142842521914 
6.505305015725726
-21.347445957110832 -34.46638863885799 25.700097996002498 44.46588367734485 27.18845067048086 -0.15716502417433276 -7.611732099544902 29.426123767725485 30.669353366278017 -26.96211008538062 32.41180208428777 -36.013291716499296 -40.39379665481717 23.724965040769746 45.071664619920014 -5.112985667233858 23.309870747586174 6.193094181904534 -19.48586505040666 -42.64074546112929 -32.5657760388676 
86.42908119756737
13.242270711070056 -23.04771551548075 -21.85267869992905 2.103841480450427 -0.5273802978427398 18.90377287207862 2.7604465656604447 32.712424201489014 44.036010420543604 -27.497184668289233 19.789246815556197 6.2257294050176455 -29.021683685815127 -4.1267876403184545 30.190703446151474 -10.587229297947957 26.099101723667715 -24.778935353167718 -4.085695572778803 -29.581977640889622 39.373105408468135 
21.82848242634915
21.92519432239463 44.2292807042228 40.53152303776611 39.93861077358737 -36.498303814014896 -45.652829419753715 -47.962876637928176 -0.8346695909091792 41.879134973884604 -22.731772849171637 -19.730795908875344 36.17439522741165 -31.79367660814959 -39.68070025003683 -12.058507735773397 -7.879048437117731 8.300740855273602 -12.068249626306269 -41.39193320837384 -35.308265440917594 -31.16714877800687 
6.619756007814203
-42.43055308315337 16.58846186861696 49.33961817920216 -15.272249268772953 -47.426977059915764 35.90227971232402 -16.13824963937232 -30.562120522016677 -17.591004288710756 38.06735543614056 -8.981243982329254 30.579058454678204 -48.164913330215356 33.94501058176073 -38.01952192436566 48.4550888925983 -12.77974890261303 14.078073138003376 42.0631732747284 11.209972414109572 8.879694301160988 
65.26840153381318
3.572907915286592 36.17442881368973 -36.719473009707656 42.368809482095244 -34.96159858434633 19.188346314381704 11.129370866661212 15.543908926825608 -14.879867527894554 -3.930291023469202 -14.1896425423828 1.2426836137400912 48.25190821440998 -28.79869714367842 20.723875482809348 -36.26114991714731 -36.53422255555796 -20.367677563744955 -6.216450321373813 43.33338878942739 17.870566663570415 
51.14270743471858
-47.33906870309388 27.17685976512179 -38.1010656935196 37.39391748902868 -34.67562589103997 29.15746036886081 -45.29266236157052 -3.4094517815169283 -12.999316638756262 36.413997338889956 -34.992156888260816 4.003016755197088 46.895065192351126 11.7712759224435 5.1302443824644115 -28.747665931954923 35.837007298613855 -36.24133093697264 -25.742536711855337 12.433711457024465 19.476716926355692 
58.86091632500916
0.5468036805735039 -9.043382352748978 10.738772623906897 -45.73652927245637 1.244039362837725 17.404563766523182 9.946705645371445 23.59302005936992 24.917014884053827 -4.231188935809783 -38.63578586703778 33.01706814573063 0.5797868088002858 33.08584749116622 -19.144210851983622 0.5547379938064552 -5.251966344215461 -14.190627659055231 -19.048472110545866 37.56426914491195 -30.639151090110637 
65.17322495525029
-43.19203240651998 28.110932032942202 41.02367555800417 -36.64747963905998 -0.6112106583809265 49.282381467673204 -34.82839263194533 42.40602685254798 -29.35373353020664 23.506737572114304 7.521830902605963 48.78359161161785 9.566380880124434 22.54199756157601 19.57851319554746 -22.391778247854234 37.64755462577709 -37.95639739269767 4.972978454649223 12.993167313845575 -2.2850235500058744 
85.48033121661038
49.06653477199944 13.330214465957702 -9.070489269043136 36.656940567063174 -14.487137727324452 -6.213923939855782 -26.56773170728218 11.215225421704602 -9.628634977736425 32.169618819398636 36.272874252004655 -40.776465694551014 26.882496179727795 -11.116555488425561 20.10154080092893 -16.67204136527851 12.160494280650354 36.84907772353945 9.562111446330576 39.92677989358245 40.828601126854 
93.09585582682206
11.405193860333874 4.442977032898931 -19.983703987142132 30.129324519001855 45.04761532504881 6.007924785202064 45.15761833631058 -27.754190019994553 -35.36360259774204 21.73266876229249 -23.325762823364492 49.63554433381209 -12.3674485405096 46.231431462160785 -36.10361514020476 -8.582455104311471 26.51192813248413 -31.824669150022224 4.469337295679857 -12.324787710863902 7.387499130867283 
42.39254737444289
45.01266733804631 40.11239989163457 12.189378355388627 43.394408289725845 21.944005164138048 -48.874506627852874 -0.5040040280304439 -25.80473482019524 10.148587698016684 21.887803454584528 43.19182585701087 -17.09282838887181 -8.429620508608735 41.46836963407755 -22.165884516066747 8.82876080312679 -24.179853740286074 1.0580497032596554 -45.05689813306064 39.610954911193915 40.54029569897105 
10.051571337067532
-4.61279281635597 11.570427010414996 10.535925907804597 24.034941838581886 -30.38322189985252 26.33503497671927 -38.42400003612523 -31.34651558661563 49.70691013836259 38.74366973875179 17.28810158874579 -42.113530829514204 -44.99800425744211 -6.7136512726841175 5.714758797165075 -39.56987349315527 -43.388413220527276 -0.6414590812910319 -44.131100861754916 -36.308373431303835 15.089277498036836 
89.21710055013324
44.020435333229415 21.322336392865353 0.33327955629906114 -3.2366227343033174 44.46561652394075 47.26950194865171 -16.920579026318535 -19.857560380173066 0.1752320275909085 -12.998722757387007 -6.685664913278721 -13.364462596787185 4.9873343717679575 -45.13925861499304 12.51862271673967 24.43630124311737 -19.095343217456662 25.430423114595186 3.856805071054225 -37.3606192825655 41.57643705654172 
56.339553971737864
-12.737060624335491 28.133552833413077 -43.81111834887903 0.12209561154994475 34.82775297970177 6.079607873264351 -33.24192504948732 -16.465657075516823 -4.024768426647519 29.26655867141146 -33.78640639301433 -5.833279168965866 -38.37639814191435 -39.12191521541052 14.680700286296897 16.235112378160196 41.857688769428705 -14.935704138488106 -42.98652103640639 0.11292048622613038 -37.403360406629695 
70.20228412496904
5.900779660788004 33.46576245251916 -16.67691110473276 -39.15785616440702 -28.2385404433244 5.776546975639818 0.14679836003323032 36.07345201540501 -46.835177658024605 -27.40059062731244 26.30789476389991 44.41047310846642 49.65680066670954 31.056803845413967 35.681849175718 -11.717353358600668 22.64185944277301 -36.10517093873415 13.930323902166222 -15.169840638150724 9.365222951522242 
45.83757259874448
-13.350866500173922 -26.057241328874024 -9.940527854410476 33.032197496870495 -15.803490546522795 -20.656859634471246 18.964149541569995 24.05206717955633 -41.158054760864125 4.004644580701921 -43.80347435157208 -10.773801311462272 -8.54210151569935 -42.69384403133583 -20.653809979345393 13.988942300388885 12.18369477866029 18.065493934256622 11.185700310722979 -8.505334634754625 12.322965854662996 
84.95577451379735
-26.96598892892409 29.917989607578477 43.192995969179535 -46.202442000506615 -37.92102258523748 10.660849306998124 -18.273567545914805 39.832860062618934 -44.640284377455075 -4.886475243087737 -7.667237758881605 32.325373412429585 -36.87081929334425 29.667467790282046 29.85905627749287 28.694571120075125 -10.038175595495616 -8.646379000479378 9.4464863038177 45.8795762345122 13.240709526010953 
99.78064617113365
15.66115161490518 47.74204152057192 -44.446956419000486 -5.026711374107883 35.48478587457896 -40.94452039612692 10.042581824621045 -4.738125978634855 -22.417046741783043 8.991863220125651 -24.08812264998278 4.5497312808622326 -16.27463916073264 -39.995506812414995 -24.963070411158096 34.08609111590046 47.31495343173012 -18.380508889163437 -49.94873453885381 40.29781351518858 28.689491227509862 
72.88653304976663
-10.723952170373394 -42.715936844926496 -2.8086679249608864 22.10268587624371 -15.482664919143673 20.25385941069311 35.95818340631283 -32.088451428828265 4.021131459261831 -15.512859576956743 16.969608929984915 -8.006855938797408 -45.22859103871072 43.32589950824844 -8.908891968761282 30.298278527265794 15.835833256266014 -11.747474261435734 40.6896388053397 37.14442317920478 47.60839286947106 
84.28850599215664
10.85143790402445 -25.521625863704045 20.567760101160275 -45.25280369172642 -30.684919293888534 27.224295384561998 -38.435347804658214 30.800328144791024 44.93972108014252 14.874004909647937 -14.328967511066878 23.368590192513253 -40.13953407357914 -20.66036768303269 -32.731459816409156 17.522455359062235 1.439926432451422 29.577075430241237 5.323029716316022 -27.11981663260199 -23.293025813844416 
64.60198072288793
-45.31334731003616 37.415739839147136 -45.81925141433712 -21.741813972408618 27.788456925562087 46.64008820971476 25.81006749727088 21.46194263717348 19.218972652087487 35.2952010616348 15.215331034456142 -39.36656209185762 -30.516156263142037 34.50078523226054 17.502097545463656 24.640448948818232 -36.403981336444176 13.719628481309279 -19.377461681607898 -23.182753743121232 -44.80437817306835 
3.9581360325408377
28.592989334431536 -16.51487716429407 17.53110943231829 6.294518709826654 -17.167142164638413 -24.110752287283066 48.90486212872254 -1.8722233835521536 -40.527828732317886 -31.42022206614984 2.080890549609215 -1.533528152855709 7.6821061251459355 4.003454557814592 -35.32813107143396 43.127036824666575 6.9148283380719135 -9.56475599933134 -9.332760924250508 -49.11284735342043 -40.603961168724425 
38.36775915963329
-27.966329442434102 32.44049768941517 -1.7043581054819157 -20.910398554350664 43.71365735133159 5.424982171549516 -18.29101819670559 18.421938770718427 35.36760916901308 -19.152681706835583 -42.08688424713837 38.44597650975315 18.84930357761486 -21.09737535332499 -31.680355612565613 10.542260499741865 -48.32590760467593 -34.511549337534774 1.127629023525678 24.175986662550358 -16.36621675937053 
24.63847613949427
20.887188409382716 -32.399171636867564 -23.768315210558512 -3.348114555600013 -22.98366893083319 19.017020035931708 -17.24420844665473 -33.12981971260757 37.77072507301705 -30.292212122940974 -49.42238101949465 -14.14598364859392 5.248003318743621 4.291403445662326 36.65878239941016 38.13839037197866 41.715340845939 -42.53547958666331 -27.733126098642757 -46.20469438993523 -22.118973551999478 
1.4756465449102696
-26.45324083177949 -25.29115755640522 -20.31222685332438 -5.944052005573241 -29.13703814249503 45.768301891758654 21.787566476919878 -17.352161732298775 21.723302615125476 -49.88911049221242 -46.93511913719557 17.510072555462827 -20.38650196563825 47.09621456747473 42.40709519734074 -26.358632539788264 14.216991486230597 -48.12939009479765 -38.62198662146376 19.452875563880113 17.26374115104541 
66.18010545041095
-5.467607991089942 -1.2669643377857014 -17.353674173804038 31.516630210975066 -32.18357760404644 11.68671469056698 19.461172152029178 -22.267148050226503 -49.1688522080292 40.69374511245731 42.27726475006915 -17.063235390789835 19.692820973496637 -33.0796871242645 -15.795718981522157 43.778013579938104 -36.19373798380149 15.029851546976758 -4.773476384723395 -20.836370304927442 -17.925763698930822 
94.97849958023006
20.788665098406113 -45.00829119029508 41.89802300399049 -17.75669250534738 3.7637520605686134 22.667312073164794 -32.21874159981833 40.81980925122549 16.703548687789706 -40.034372509701974 -14.568767999961686 46.93874300847686 10.665704320429057 -10.766729198481897 -28.041157555624842 15.690061775304656 -38.068100467601866 -25.030674665084284 -46.88957107140849 -32.394409089605304 8.575546378544686 
20.503545344345685
44.42174230142754 -2.2599424849843004 -4.892794956178136 -8.210101878665 -45.23365767033788 25.9033789012703 -14.679595336677451 45.259430966319044 -42.02224987107949 -36.56448904315947 -39.01992727640831 26.227184325550198 -8.943310681818794 29.278326161218743 -2.8596924454269086 34.52373022947714 -44.068169199459874 36.0873414105715 -6.352213120737041 24.822597583239556 -14.175570569094276 
95.73936902702955
46.78160577789589 20.560719428729186 -13.025700082342937 -37.16954850644943 -35.00010700589523 -27.600254117321498 -18.1833652870683 -5.378277175456546 -31.591956927546917 34.85192447095761 -39.34385613068568 -43.62088145470943 -37.166985895101604 -32.0050782504421 -4.532931267258874 42.166130519739625 46.282563953725784 45.125872600830434 -18.34535365861234 12.887120020177825 -11.91205403743033 
11.755616602035811
-48.55438621916127 -24.258096968779263 19.17300089967398 -3.4800877568448527 46.032398131362854 42.24072172906604 -14.337783296292542 -29.614803564396887 42.67766054758991 -44.45812271906266 47.434774720552994 -13.047760202264612 7.69286286513362 -27.887346297248683 48.25119580565426 13.711812294879408 -13.463383328348911 -32.422559215735646 44.72369754168484 -18.217734855360447 48.23557472720627 
62.10519137226699
-42.32910143485586 39.95973559104161 -27.087389543356977 26.801713838542312 1.292060588211477 -2.1625818120023865 8.414157937050462 -10.68951751479242 -46.88440006956214 32.30118054613072 24.860548382632203 4.189038856254193 -49.17893285613623 11.88454086222248 -35.599790934747034 -8.383770742618225 40.80340318187274 14.266803077881278 17.5306585894255 -23.401109001249498 -42.257215322865264 
23.623994495920265
-42.94375541179875 -19.915150957331463 -15.537148786255038 -3.4070712794359252 26.0845992370311 23.25233208954502 27.00472940601297 28.28458150884417 7.420801713611269 -43.26573004096623 41.11373857842871 33.083711561473734 -1.699675730006902 17.649152510474494 -36.76981646608307 -21.10256705615986 -23.39119527639899 -0.9515606949597739 31.595242593030463 -21.93372395650638 -27.431240586078886 
38.75379698271243
31.22740387652769 43.32696751466145 -46.66963392104703 -2.4543010303661887 -39.705510798826694 -36.98296458226894 -13.014519814135653 -49.721775848663206 -5.199169692200542 -13.862934524038295 -22.768904956810264 -42.26683845110662 23.528672635267796 34.9372439120617 -49.759544077278015 21.88981152166113 35.81741772711666 30.37056970186623 31.257088285512154 -47.224829407988324 -28.966115940058756 
74.05596820393737
-29.990956586299177 -8.827571901119548 -19.518776927323277 -20.679773267949553 -38.75232254360116 38.20403009920044 10.01374514518217 33.438556869980104 -40.452696173232894 -9.831178703029586 -15.230632642222908 3.36924201154433 5.95911639055474 -34.99893640301238 -33.79902432716017 -31.92122522573493 -31.80519807181299 -14.667588588873379 -44.017502450436965 -28.020501246743212 45.722268774904535 
2.376185678425502
41.38503210322855 46.05267883264071 6.487996302831846 4.71664096474089 12.36288540325021 35.9056377462385 2.9374811714929834 6.574066450245255 31.85893800983841 -40.68759564983651 -38.412645012573606 -48.76999126695393 7.733260504230245 -10.28691595347798 -47.39028063067712 -2.9649602630198117 -2.76157382743353 -23.30203257374045 23.72131192993899 -24.21512310516054 -26.890457801778368 
19.67814411281006
26.1271298581934 26.238873482054302 -5.89348899770399 6.745198235452186 -30.64980801823072 9.168231033306576 -47.75944649422904 -32.8516818165628 16.48611706455621 -45.44047139105768 13.936643124734417 -37.132043873190455 -28.246754087035875 -23.537531228631735 33.02787648586035 -37.559056738762735 18.166094417161844 -33.540981923124605 -10.252461280694803 -1.5072653555715192 34.7418821789246 
92.84437366577308
1.7789448109131953 9.358283935593825 -40.142991921847546 -10.651478548537064 -39.0571682842855 4.723769414148116 -29.797728053436767 -35.409623777610165 -27.753469217219962 25.397210995221414 13.242777251270319 1.444830216859792 10.788664540787195 -11.883193082300949 -34.82960153784488 44.11625195139989 -33.59227372271345 -32.26842760503176 -13.956240411407016 -10.04967689172512 15.982331990580647 
21.139638903843093
9.142725033667965 12.879360560018306 48.93554131931313 0.04541664675584656 32.52137741182554 45.884508693489266 -27.234868081668072 -17.102487971064498 -22.674437604430587 -9.02844093489211 42.31627118499431 -19.70485138897007 39.64803189601281 6.895329266773601 -10.967476842856442 32.70157782616759 -9.473692506277395 -2.7690839798848543 -25.43427481437348 24.478775523664027 -27.854583655214316 
34.37832661380772
-43.10528617941684 -15.941530500878322 -2.610379697734885 8.70035293316976 36.497477715627696 26.490359742535162 -15.40562417842797 36.231781009547944 45.14083180910818 -28.34084798755513 49.68172784641757 -6.7386785556750155 -49.50378390731449 39.13779954086807 33.819411599899524 -28.424032033929723 -23.94023137200566 28.945166993002374 -33.67406827112795 -35.72932860395507 -22.250631130762354 
96.40205964697363
49.75097397193031 -1.235343241678045 -23.929153890494803 18.83038985705258 6.892459904932402 31.028804208813 15.890100319291804 -17.984007025954284 47.96866646527111 -46.98303232233836 14.617421731897053 -14.843568147324604 0.24579935375964368 43.90725850032889 -35.99520258974178 -25.559141896693216 -7.8715210698336335 -35.00229913475047 -29.223445439151664 -32.54018290101678 -0.9473816466020182 
7.963842476735838
-43.04179723591424 23.31866874875979 39.47718223287278 -43.32569491582616 -7.962130887407994 46.62903080350107 -44.146593188704195 -36.126566042686434 -4.010718080586464 37.47849839328839 27.656999782148873 -24.221446166166615 34.704722028004014 14.029612697670629 41.400972415261705 -39.99741136188925 27.53097914408707 -10.425125910810983 -13.996300199471278 5.201102380869202 0.37081407233323915 
31.675373245413464
-49.03110502046226 -35.543929249570226 47.20697320655043 -32.56364197403957 -20.45879952948646 8.64702067731291 7.925373956509517 -23.976111961743463 -30.666913563315358 -9.076582337626704 30.95855084761922 27.20247246511829 18.875862414730804 -1.1195518269033897 -34.45998299336197 -17.025624500896456 -9.870438914864444 37.153708458720075 20.254741398641713 -21.672926649617075 -5.80647139730187 
89.8864692188826
32.0904252941843 36.64610064216815 10.291565778287058 -40.113403361666855 13.338835502959654 -44.47368596309538 16.562509240041166 19.278363261995906 -17.53402613985827 -30.484583283324874 45.269169449577646 35.06779112047114 39.464381467786225 -42.25070523788018 -25.25443050237114 -47.7216617828269 16.220411647725058 -33.51042220390915 35.734451973667746 27.177083697166864 18.073839572882974 
9.249562398702437
40.724091559443025 3.599867687297518 -25.983268537363823 -9.504559153988389 41.47541187473894 16.497028891947537 29.872958805889112 22.83555536714573 -17.862479744348228 38.55977990391129 -48.68063336728976 -27.838816373051433 43.18172468638785 -41.84954591672668 -48.24594886472159 -29.621875279174038 -35.158795099882866 39.74819298564279 23.786807707795177 -18.830828878758886 -2.174533741274068 
21.73487381547202
32.52126131840987 -9.346722309910362 -46.2142064625361 -49.41556381129924 23.81781039928505 21.858090134814773 18.33993654245107 -14.618051842414658 11.370961907105702 -10.401778200906584 45.42126465179214 32.087106136812125 32.70425606266414 20.652463156331848 -26.700299619323843 -16.92986273599906 6.080399015371164 13.05889831024755 -10.171248202897786 44.18631947365887 -22.156130549905452 
47.897696142179555
27.304977112990315 29.018634627815203 22.857719256747515 -2.8929295559948685 -14.21671580052444 -12.093631705338979 49.465837900069005 41.67876162408919 -32.226508202752115 -32.00927105437338 -35.19350030937731 26.00512160123543 -43.049454108041644 -30.253166904360995 -23.677478955057584 26.200650201147326 -11.157055559523457 25.3347210431303 40.95789851900372 2.8966968362067718 42.420803999339114 
24.59031414666073
24.800334691440938 42.30871043944411 28.087170556322533 -44.409492217747626 2.823562529178659 -36.698713071937064 -40.21689201129085 -41.53508872052968 10.902958466885018 32.72701396640991 -23.2508289528918 13.48996908494977 -39.577591721285756 -13.509113936355675 23.94291571840411 -2.5104518232467186 39.55997547314101 49.59285907756275 9.19409590379069 46.179276699936466 -45.265590707073756 
34.82687984900841
29.88623841545987 -45.66970873179793 10.714085345399418 -23.134460043036785 2.2853425855616436 30.49124669135861 -11.465492983672767 -23.864768667434255 32.593444767962055 48.49578241843692 -43.36000476749617 -14.812486544449335 40.38684984708634 4.095883332944098 42.55977406289831 -30.801847695433636 -17.6941502099644 41.7998990039011 -0.05186617878103306 11.776080842902545 26.694765011457577 
14.357196898571589
28.96295570232806 17.440328300911005 -1.6517780596695744 -24.68021484929872 46.72631005749733 -17.076291719047823 46.601558751340264 33.72446463946844 -40.994487088341124 20.887873400151165 -10.28969341539834 19.177366985453972 -45.72758823175719 21.68512206165815 -46.204253250069584 15.486037555550155 26.943293674542275 -18.521907072593113 -44.409483580423895 21.47246810396085 37.87132916656594 
58.329295651638226
-25.19966373736995 -11.286196608475954 37.05795064213655 41.79821301773123 24.1049085553868 -32.304322402149054 6.069161936184031 -13.865560001155018 -47.34689445794438 16.22648222601761 25.787240033487024 -37.668809829620855 12.364560875806362 -13.050924331858582 38.89788221197391 30.104167043418144 -24.568138285570274 -35.60019079500013 -44.09267340505474 17.28672621889676 16.124491960477243 
16.302931167894165
48.503560581104594 21.182882008436593 -39.67219928380713 -41.348206546256705 -15.279792110216704 14.09560706389533 -37.79277398750179 -40.383470997957936 -13.368725477364826 -6.45139951026318 -11.029927589424418 23.431136775858647 33.19939540354633 -33.354499720819334 -18.095843238679688 2.151227570458879 -11.580161552498303 47.56127199755322 14.704700570000014 -19.463048745239387 8.046969461590578 
27.3363381337411
-11.44219343109485 -32.69612785514971 -33.040528968511616 45.94473220839889 -12.469019039381323 4.597915245450814 -46.3848657315217 8.03338910276787 -32.47187944700455 26.788700873384826 -1.9344781332286658 35.780446791270705 -32.60154568426276 -40.46104751726206 35.64541167236089 44.99619134886905 11.745932933644255 0.5958566376552028 -40.27860377857017 -36.10886446101501 21.5676288434353 
14.863610301626384
-16.22142611301024 -12.138601652471372 -38.94330450203748 8.054642200946851 15.643794717107284 -21.807587898420888 26.737514037403116 -34.41977159848443 44.78845451954389 17.75774068535206 28.557624015683032 -43.67036589242158 -42.57662681339597 32.590566050546414 21.643154592411406 4.600016780471009 23.492771664526686 24.63117879206625 22.13138900834541 27.67777861618788 44.693999871286806 
88.00462480601392
-19.173749219651892 21.435205051724623 13.294064413959752 -1.1416201457006139 -5.620562585699595 -48.20539922705191 7.783668281439525 27.090785647785466 5.281990758304254 26.025352711401453 43.30389070022946 17.22666296250803 -20.841868097958795 -25.422341896775535 2.3002540553110222 25.247396320552923 -49.3147644461189 21.519959472830024 -5.9965980220829636 -21.641489278651584 -2.0792331930881716 
9.63534246051
30.10518382573906 45.478542416701416 38.8991799640265 -25.154492295256926 -41.60658490618015 -32.3411959591539 44.06863626782915 -16.130827312978568 -33.87180823588061 49.69443271299852 23.46960254542448 -41.114966379583294 -49.41289346275056 -43.13713879767447 -21.485742502505612 13.457712172172265 -44.52374658271725 44.026660761160684 4.807830167920258 15.098401723363608 -11.201520032805703 
18.263461013253803
-5.340132606739921 -28.429806386396596 -29.710166981028408 0.7364839896969784 15.765569797081639 10.411347119132273 4.67968526977527 -41.30508003091102 35.994340870669646 34.13803945622564 40.799579340021026 24.294260456842494 23.304680078256936 -12.798534585765864 -44.03965027166367 3.3523965307648 -25.48835906880267 15.012340197387132 0.03657571155509487 4.208131612858935 16.96507040595921 
80.20924386901477
44.34204053779197 -15.47549489811069 -16.84609064187179 26.83545891705235 6.649284500709655 22.180112818198793 -20.166202184237434 -0.7977438439794469 -34.399020242503354 15.317401638418133 -39.517634578423376 28.954871159763584 35.28031178976029 6.167692641797515 -37.28148563518828 1.2206762304960321 43.85212422873502 -46.551556408552486 -9.220904590449067 -1.292639901502433 48.956097520437865 
98.92909002000295
7.22839568783332 1.2321911962537655 26.92775762813075 -14.812450391956688 47.78288173961107 -12.598294835547584 -7.057321539006033 33.630254654187326 -11.534340563675258 -4.975508229648206 44.82370643801407 -15.475604781636733 -24.737807534011967 47.3279728970069 -25.47935211575001 34.09177984411883 -26.9692083781783 -6.836595416398573 -41.833684170824505 -22.360433791301382 2.628447899215267 
91.1215549034095
18.132416845883142 -17.74617270875919 13.044637999694494 -10.155142413672735 48.65327861059403 -32.24221867822344 -21.20730069075578 -30.18993757250248 10.354915107286025 20.437192090742613 21.890461378038765 15.46873609087973 28.42150465057354 0.4613380214460321 32.46883866426792 -19.128799189680258 -25.84912988013436 -19.021364986281675 2.379079519800989 -3.2371844950843 -29.704925995014374 
24.541859435475633
-7.87352785894894 42.62976835969195 36.851764117157785 -39.181387466528484 23.040249342756113 -26.71515606683346 -14.133521706612044 28.468534211547194 23.7965696534678 -3.678121675357204 -18.674395993667947 -16.380486929189274 -36.75662889271595 44.130946545606236 3.364219635748654 -42.4491001669742 -30.066973139664334 22.154553707185542 -5.217360876807639 -33.00744103034184 -27.149317978147213 
93.6784330853774
22.25990985072643 41.87435889441538 -2.466741395229924 -19.311204157452465 -45.327860064435534 37.41144616997157 17.106042013419184 -29.80882778125078 46.568010008753134 -9.91349503988733 -11.279052419839822 15.874281695699324 16.12336456353674 -39.609101774363154 2.4624237231845783 16.11562378622014 23.79131504290713 29.112424409569144 31.994093252022694 31.063778139328292 -9.616162622683376 
28.50822377066694
4.051272804851344 -26.10431851883196 41.46530935472086 -5.1229468723522515 -2.6585650880550062 -25.66457109384337 28.708076226923566 -25.153961564854722 40.49683046925 16.13442968114795 -41.74546537424351 4.11275816857416 3.430445301879544 -5.548972932335317 -48.850124571854195 4.434224668029948 -33.22146705652324 -26.06903378681782 -28.445927324707455 12.330246349069476 10.069956019014384 
3.778399674854993
-15.288721176192489 -38.730698355872036 -19.155336020028003 -37.77962682854125 48.54930022117489 -11.96908001982608 -5.849414937550598 9.506022628524626 0.30137463168946965 -26.51068179956727 -35.31967185497842 25.94501066558317 -27.313004712624522 -41.76118179880641 -7.733949171296885 -0.5220023699125207 -37.041976698649904 44.282371688734784 5.532906866008624 5.885217852973582 -17.489038198933727 
55.430263380221504
18.21854217222169 -6.022472093134368 34.785644875783646 -18.89309482222409 -32.00190150548971 47.97757452686044 4.815284160249021 20.939333908329758 -11.388765946679001 -0.21301045483743763 -4.937784921876656 -19.198102932272555 12.669702129392604 4.948829220164697 9.068317965045125 44.91730147833559 14.731081881888997 27.85274481079226 -33.03145180944777 -36.83493350700099 -17.943782600265735 
54.093626980147846
35.06056967187948 47.924134058670404 43.92504293886557 -39.11718261282326 -34.606956487221964 -29.422784718319374 -0.5325629119327644 -19.975835619208414 -29.270421930814685 34.23021531924165 -41.32719342517895 -17.794435265184873 5.264986133221726 -23.749150035807897 -48.42587359955102 -3.7801122085347814 -17.885083193748926 -28.09360710431248 -33.44079831578151 -47.78256900560807 34.86953782208255 
18.681188953223604
-49.65607372422281 4.20537364470929 22.396450990404006 -20.21952429846611 39.349381781131925 43.74797300679825 -16.402463653422238 4.877681251205715 -4.943399382106421 14.184500016171015 -28.031023230093734 26.33831428133719 -15.630089273535688 -27.329772773885686 38.58324870327445 49.95418278558627 -19.898252293447506 -24.040955465770164 -13.493646179041583 20.647595590193504 -43.60110660913688 
35.084560179936965
-10.316825038872047 45.65588618077186 19.262123237949055 -6.040167911548231 -45.03173214817539 0.3824437243882244 43.268258657157446 -12.595854496035265 7.249050445318396 -24.598846207698532 -17.81432784591729 25.218557668655976 -5.497248331073834 47.02700790745662 -16.618678089820364 30.67016326656622 42.14815711160314 18.416356517632835 -36.25059744445226 34.10839960809369 34.197571370536934 
33.33609870904899
-1.6512350348240616 -14.575131664465424 -37.51592082471049 10.541870444283006 32.018245795684436 2.6815716593228345 -35.36637814085323 33.13106199650963 48.946140466101 -31.529365321374858 -33.52898839062861 -45.71267285581876 25.501998052721405 20.43190905971055 -44.806546115654285 48.50894638115683 47.59604392040745 7.843137996297813 35.9147796727341 45.71426296945329 -4.5865132672153095 
52.31063925032158
-33.92196566101452 34.543155894347095 -14.421944813780726 -42.67326783074472 19.753647535590517 10.724287745410933 13.631087547784539 8.823437620530846 6.984914919593642 26.55367271257552 -41.83039922586188 -3.159771142143377 -37.887908700611774 -31.669112331414496 -7.931297906557113 -32.963068391894794 19.400866915371097 0.024981316992331415 -4.079154514905525 -19.97886649917714 14.320607772828183 
13.493010372727577
-15.843655131727687 16.322724469828557 -15.537827117032442 18.249819884780962 35.2667371793445 15.336510542469313 -4.645248562429849 37.08852238369539 -35.865564597333865 27.667110248053703 -16.664354362647018 47.776901473648564 -13.320656254595576 -7.951420435344737 -9.853564052463568 25.6057100229541 4.864949654317108 -29.625407773551295 -37.92645182035601 -3.259298260390068 -16.436406601963007 
37.363166723911625
0.22072910323400663 8.130892373924816 -0.13746397512088748 24.993307109921346 -22.10450085169372 -43.8485464858583 20.099544708094385 16.089148187666098 -13.888835020980125 43.210327056660134 0.2487225869408647 -33.70949030970112 28.85050388697971 49.22348148873252 11.234322080248091 9.137009224968672 -33.9932224421865 -36.83549798799888 -37.66764112581262 -34.89376710126617 -6.187748405298684 
68.81997486459683
33.02682743519118 32.18463254883653 -39.9160645694643 18.43293071075746 26.519382315973104 -17.086757011315868 34.7607776735796 8.092355802493856 26.54836753763344 -19.16155372885564 -5.0238858855054715 -10.472383740302448 -26.744916783437024 -42.08858407369076 38.30363397486971 14.392349726058058 -26.457694508499173 13.618068163978613 7.83474589770006 9.17325488123224 26.701935263465487 
56.48467037834971
-1.6103227656262575 21.534872845273327 -22.9541174508177 9.092547531117432 14.434232354322944 -37.78764458554981 1.856164720055716 -11.151438232351651 -32.831380856826485 40.489892872387145 5.177310560596418 -41.50363402952899 30.774310847284426 -44.146646489972916 15.806172225570734 12.716695883180051 25.949455050143072 13.581359670445373 -18.708721026252796 30.153261823298777 -37.36717634465224 
27.839902382073024
8.835897656230031 -26.18596105239962 -46.789115805132454 -37.72865830982346 28.705992358760483 -32.9639119801877 2.522068374711928 -14.880613248056086 46.07631424119552 -42.934697254252455 -8.383142906133003 -16.392504517213467 3.20487715166378 3.7907390597160884 -1.498161417819773 -9.411135056119178 -4.591885180024214 47.28648544239806 40.99039650636493 25.411988498173372 -28.483953977246923 
64.55233672072723
-15.697720979333653 40.49651929511603 2.318765259117626 23.207723595911148 29.19875682198405 -4.70999977905128 18.97270401435088 27.881779524025802 -14.790333470715169 0.07673415863278876 7.417015481938314 33.65555164228104 37.90312715619591 -16.464069950585348 -5.442436753884813 -29.84923715176746 39.168281956981446 -10.003037127454085 -22.691999339168024 -20.277264467896504 -14.874068179963984 
55.01543771494023
26.534415314975135 23.70342463975527 -2.4485566962425906 41.19447540714222 44.53209529653536 -48.24624779194047 -8.411109018398207 -9.898560568520011 -33.12998911070244 11.122719885810596 -4.945132436382785 -39.31887354313598 -22.729431457674444 -5.025910198938696 -17.225032543523568 -20.257828583424132 47.649318883379834 41.929655701162574 3.165475471719091 25.894263255422942 24.5212414954962 
52.591455878882556
3.667300604777438 4.7394775011972285 -42.31266517155886 -16.956479257734983 6.65875373073613 -49.82809829454343 7.447226851581057 -39.80294851091695 48.118279349004766 -45.68458913692304 -27.459449685715487 39.331216212933384 -32.42219543487393 -13.069691272633676 -47.398096785102304 -9.705002415008565 29.801857525561587 -35.95469563427612 -3.8788102121331534 -44.426166648896285 -33.85278419523075 
15.122070989975466
-12.266791813829357 -29.21191873768938 46.70225985883248 -21.764590776475636 -2.8826324388576268 -23.821420554601712 33.0748776213826 -26.447156192999856 45.870434558302975 26.247910630284437 16.092170594820672 -33.17675619087349 48.42228249028784 23.964200996345625 12.694835160743501 36.63483428493997 48.39659362448839 15.79762562842204 -18.046438721131597 1.8787754203193003 2.775551769668617 
34.348015756729225
21.40436354383425 49.15520580085882 -37.19047379555781 -33.56471285966877 21.79427579149376 23.78454925545212 -37.180142817991424 6.262676188880803 -9.15165222558145 -37.36252347788617 -44.12517088176614 25.626046267115967 4.813479207978091 -47.827090978709194 28.77596277981354 -43.869197849575734 10.30408026541265 40.87406551889029 -12.126214090862042 31.991263050546692 -21.63088085688214 
71.69841075636842
31.939300436310816 -13.774408809816741 7.719659104400733 27.208132942348655 18.64935687899903 27.922657882007258 -15.29950055874751 47.723572058552904 -12.798809563406344 3.745549481164815 33.859043891302704 -8.857235743829108 21.15342692328244 -37.05036715006926 34.85912604885306 -48.003920093426565 22.79786001962006 -48.06855046284233 39.00694705313754 46.855717264944346 23.198369954596657 
11.687912571894898
-8.199078795507205 3.3955687168472224 -29.509645391096797 39.55365848491617 -43.313343043032525 -38.80221583765577 23.116097854478568 -44.80241858561297 39.59292629540744 -46.171882097619324 24.378502407368643 -19.902056216473962 33.843916336727915 -6.247062576336901 -49.972297338882385 -0.4213072765590056 40.68765582563353 -25.653438051364773 1.5520159183447646 26.977899417864975 -28.04999027550117 
86.53835125372582
-35.57317955526722 30.63253963514302 8.218181866739307 21.574774939118583 -37.21810818678032 16.102097222580397 -31.52284714545781 45.92246219933146 19.779836754149343 28.416731051712603 45.26711069107856 -10.485985650046736 -23.544784195469305 -47.87588842109673 -26.800682385906427 -15.660853518842188 30.846067301695882 -9.477817531277068 28.062551075149386 26.809489771473338 33.956491476710454 
49.70352437589498
-1.2283675521099298 14.376196280721516 19.421034515026292 37.90016598422477 35.05421734653683 24.555248081623816 49.69864220156505 -33.89396163812166 -49.95853428660916 12.816155400993857 33.20595648665213 2.067526940164342 48.82278081812454 4.715516142297616 4.006786464256763 -13.529166655202204 -38.45567183161802 -2.792304208792565 -41.49340199294564 -32.481798158895494 -17.224410413745453 
14.24063352157786
12.057921570763817 48.07327623092483 -42.3622986571361 -17.4543681377015 -27.53542884510477 -31.830830412444687 9.581909824597389 -45.04432615528895 27.079643629737603 14.911130536524354 -25.274044455938714 10.637692243701146 5.524253756651291 -38.33107626973423 -6.69922199696871 4.299907393346359 11.011027603859148 38.94235773544651 10.029427738608767 19.736201787293027 9.838406483665338 
80.39665664236969
-47.84538656199756 6.995222182318287 30.828785637860506 -30.69732678640471 -13.649155332563844 47.0127554712472 -45.68434235600344 -17.019794682223832 3.901693269651787 42.72160770473384 -36.258168816396974 -4.169047081471511 47.292150261535554 -18.545926482564912 -7.987059837643038 -44.83904509189595 -29.239340611251695 -0.12213448670065219 19.457391716294254 -11.769371111775499 22.37493090977263 
59.75707541670951
-29.423965840706078 33.833763862654195 45.840113960172474 10.505630712080482 12.721755093925893 17.19519880453481 26.517511803027745 22.80139123297701 -18.568669829712224 -46.909923763661645 48.026499143021766 26.454870761804685 44.33882737174345 -31.174033851326122 -16.67813201306091 -24.72263796350822 -31.56806562157274 36.092333458832286 17.283337770649794 -8.131064012855127 -26.130428522389092 
38.67015473071699
-13.376508852183001 16.047697918390156 41.66124058708675 -18.39220027913403 27.314977691588567 -7.932663615267785 -7.7845006553256795 16.707482132960877 39.75728647360202 31.820889395323746 -32.90288659693199 19.029955739227816 17.547966453555347 -16.09565629274713 27.28931447433601 -0.38661871234042167 36.99270096413868 -28.285469029544807 27.839776809249756 -19.28445698110084 -28.616828535654413 
87.68154499360267
40.9758305872857 -8.373071348041869 -23.408861093813726 45.28664446403607 -22.393451128082344 -34.53458141069752 -7.328210551851164 45.69247855795099 0.5863162347221049 -19.648354896263243 19.938821929012818 11.613149703960104 32.19656370047562 -8.02266115907554 -42.63165233489824 -22.52252213737015 33.00935749989904 -1.182711629109022 36.20821417604468 1.989609677588163 -30.371432984527203 
16.09878252040725
42.313826556512254 -13.133161358519544 -5.238618043393238 10.130744258173571 -2.9988501081491634 43.835367187857926 34.65494655921481 10.707954607169093 -41.89794379754108 0.8904443843276013 16.139966562103055 -23.95583396849573 10.426745961972628 -21.62182149170905 -31.644896178539128 32.05107442412506 37.982460374845076 45.63197672508521 2.683064455466358 45.768465498582785 9.067285133652256 
39.69752888019337
8.511300747327724 21.36411578260106 -40.2476658997754 -10.894175762520177 2.137244281620788 26.360301420420882 31.28515320002893 -12.295326493155933 31.47009162519177 15.607066006167017 2.591718829723746 6.234818416069388 -29.861899891194554 21.01066506733858 -39.67605937500844 12.637606024301938 31.19248648769758 -33.861120170879005 -34.20594706526241 -3.993057615959337 -7.194048363230053 
96.5632137694468
10.656913335721022 -46.35098177980635 -43.80403856092929 -10.83878635919816 1.3456772719448225 5.889094166804874 49.45992943353329 -33.40953356873533 -23.96413891284348 -0.9345835277314265 -49.90857724623445 -3.240890634060719 37.307368320912644 43.57607913013942 23.653625247690968 1.3559693921841287 -21.30644132720049 -39.10449438325985 -33.58171439181192 32.36669631588383 -6.04902359733839 
31.152912676836863
-4.264629903388986 0.9905965213204766 -15.847113615949183 41.16596175977476 -46.51923092488245 -40.51390703308743 19.60431838566234 -18.25141082584213 -24.863685037902815 -6.78893116833855 -28.904213867092388 32.66272038836664 29.88852726437389 -22.512408843443843 -1.8425283219666824 3.759437694126376 -44.41058967852722 41.90883887560172 -29.254866832171334 -28.344090510401433 -3.4952363121036 
13.319274106762546
5.183528760386594 -37.279844281087804 1.4824243279347087 -22.062533815030882 15.212703522884908 -14.813445220415076 -44.49506840355474 -37.04582762847319 14.627017917677293 -44.09928633602841 -1.451884015301573 -11.57339556928666 -40.73370298656425 0.4931740851098354 32.24916215068487 -18.596891627255687 -16.98694983043815 -20.29283301804763 27.094696421261318 -24.04928759073982 -35.03079886614498 
59.15638276385058
20.67153136949915 45.12132989662635 -36.86964441068857 -5.035405222933875 40.979680460201834 23.880646038547084 -36.35491825242106 3.5396503029988438 -2.1106930267598685 35.63705862751945 24.141320419791498 20.160209888572894 -39.469691478500515 29.24621888382714 34.62144196657428 28.10432476676351 -21.26472064076307 18.230120401634977 -19.92785727198749 -42.275186075460724 12.613580703090456 
39.437884670966895
-34.79523583223636 13.177046606116207 5.91632602290543 14.48870055608539 -46.36374548539246 -16.56929595566575 -23.940890838323938 -45.924350576107145 -18.659521221319807 -16.252327773446495 -3.4986885733885345 -7.427556045143916 27.344104922941952 -46.0158345170538 15.637870120575784 -21.626643001842893 -36.589139376214376 -39.124139135266525 -9.5585425264753 -25.990047247135806 -41.1475438104988 
62.89065438041186
12.799967006268467 39.326440001057804 -13.37599981098613 -1.7155958084325107 -28.173678393655088 -19.1411633403184 -37.49369588340265 -0.329171993760049 26.374594073832398 1.0513059473170685 -49.55305163919977 21.71747379930838 -41.42151434935898 -27.94355598506201 -15.973451367991807 -7.4944812535181455 41.43524124241185 40.60443648464873 -13.46380533685442 -36.35814220542266 -18.70991428283759 
92.78939043902001
20.296543352924957 39.387791806996745 -10.46666528367254 -29.390626736491033 -40.381420215850625 10.86936836039338 -3.095674229060222 -14.289999294904653 -38.79935698669992 -42.13978794217241 48.50339509115115 20.01966306995574 0.7757524966709681 7.678498214669872 7.945080594619199 37.827811143458064 -44.53211413239055 8.415430914971523 -44.957133457830324 -40.6540619689157 37.58535148576571 
32.01347430062962
-17.002286382488776 -38.09575550106589 27.473923224598252 -28.361761198971813 -11.730282578990781 -18.32478680228067 10.571970778549023 -12.661164934623159 -0.8557511345886013 36.178579965427076 -3.045683912310693 -15.832811134396593 7.4609546819739165 -24.189438332388058 -9.578918906503944 -22.27235982599982 -47.94397973250013 -48.746654035437786 -21.417642005718996 13.553933781661463 -47.82482592944534 
2.859265200041239
35.409008273139946 -41.23854533833548 4.446886166370319 37.96726211779966 -36.635504398160336 -22.901611995774253 37.962262418628995 12.597577388268718 -46.49789092032061 -18.179775433295696 -31.4097909915239 -24.916132335270934 8.806535170277698 34.737844641634084 5.863391115143642 -39.05977062175802 -41.42175224736706 -25.65982959904306 43.60264112238585 -49.376078201276485 -10.196318098393341 
61.06817497196789
8.904402940697487 14.842787632847688 35.22373074438593 23.617816245407028 -46.80209461373417 -24.330241378793282 -12.792372146495431 26.575230069106553 43.78575145138417 -44.03499360390276 -48.44121261345173 -43.26169309558793 -45.38634136936099 -25.530330480275843 16.02373464272867 43.1545792765487 -39.02791160521046 19.42329255218388 -15.455243861856815 -15.793914541961271 14.414585599644468 
49.670466613807854
20.19148120647128 -46.002309162651244 11.38462630600651 28.96038753583356 47.22606938395167 -0.14388282660697627 -28.125167076468603 46.50634403225108 -14.098718302823421 -27.07729493547043 12.899432116265466 14.860444338591137 32.36018823839389 -45.37625968988777 35.642906338695056 -35.22783392113341 -49.599182298115885 3.2279090856098804 44.85472602292057 -24.062439690961344 11.888606400304411 
96.75129625328908
-15.607810963237355 -7.590700204597198 8.243983156094018 -8.853959551192439 3.770361569957579 -28.074064404051256 -43.29797391479118 -3.990364844784608 -32.839852990433656 -40.46787678613425 41.93558539816185 -6.022458709455627 -21.517423166017156 -42.40023661908853 -33.8471339413484 -5.487340795029695 24.079403858426943 36.72333649267583 28.924932771714694 17.980903017800202 27.89715466689819 
44.950986731708845
21.768196601544403 -48.29701593897866 -26.79622149826617 26.426182641991417 1.9014082636707315 6.098204578491085 -30.4358771315855 4.753039398846241 4.616251745329727 -23.91309633733699 34.13242280070314 21.26174005035702 -35.65481731784619 -19.406007530942404 12.277106162576516 43.838691230411726 40.77961584310329 -38.70329457215148 -15.86483181648132 -21.90062957879173 -11.713821962243856 
20.685604807379686
-9.099541383722368 19.420138624472585 -35.61176742068406 -30.941464790657314 -32.51776755615879 -18.291531314827893 46.22439812459589 -19.756913124853128 -13.372679588566037 -23.22054303111042 12.6653610513466 26.64389105424786 3.681389088367716 -3.180357544879932 -45.83522950776483 -24.363201777374655 40.87167918002207 21.657529410726156 -7.560425873555069 -18.617115210871603 -34.674263746677056 
82.42343555241641
27.7196205301956 -1.1891390248748763 -4.002376227924444 -36.33040352771862 -17.424020413310423 -20.18259662509245 21.25517874043642 -32.86527012315857 -21.76812359240442 35.66055762974766 21.088852039393416 -7.924459889134198 -38.22028469296484 -35.92772596396655 -34.26523310219083 9.450937913457821 0.8721769986521863 -5.208189154618481 5.961604858835777 20.233022152432994 -23.775076433989984 
53.02259416535274
-20.647000809299133 -8.267867185112962 31.662962910120413 -23.259127859022033 31.62412746603752 -39.938375776201354 -13.537742030688236 0.8352979716915527 -7.65677898822895 21.731209725812235 -24.617298865270786 38.73232890827437 -49.61421810535889 12.846080056295605 -41.941897991169206 -49.53685156126936 46.03124520225637 40.502233483813725 31.303364424879987 -14.946420249202895 33.81896002065329 
37.70675846146781
-14.58141373503856 24.669224327000634 -26.887684342253326 -39.4849165003119 -31.285717616945487 38.1238838300213 -28.2231125205857 -15.93449799224559 -36.74844131218505 22.16005725997097 42.46054917579676 -17.195476615790504 29.18549504895276 -29.66388439593186 30.670467209725842 -0.5650478683810221 45.1196076311808 11.40553705483255 39.17396872339771 16.981803889309717 -42.47626135420571 
51.74934479591964
4.207287910355802 48.85948731875881 -46.462717610903844 39.723706811335205 -24.441752364674407 -47.063032291171226 -11.625821380415132 -6.289614357481064 14.795905185272304 7.33589093274589 31.065625064972735 0.20858305561512935 -46.247682590531255 -41.94007031091588 40.421020378839756 -6.5175893251799195 48.8185273683476 11.541901403766985 46.85713840657341 -25.92089766419422 25.69893402323497 
48.80849279877118
-4.859880425912081 9.95877382521315 33.975262232658594 -17.79929154430812 -1.8956734664121413 -8.972639886252033 21.163344261269373 10.45140395582397 -37.94327096982882 25.54017313011782 -8.09701867573989 -46.5903885859276 -29.15508096500401 -24.855785707671696 39.503167095151824 -36.18540558547064 -42.53851743602124 -25.74674315402239 24.27200208398348 20.260869745688552 49.57690716733029 
19.000428908516298
25.8926353305946 2.858709555581598 48.53777291719898 41.18881442231914 15.563655673007233 41.08293877544466 -9.863472782058423 -46.53855849249954 -22.29571202410622 -48.083929452803574 39.853612860857496 -36.662329693788486 -39.26809733220832 -44.369809978368814 -4.707694391723962 5.813927492819346 -48.248728786858294 16.41517793537811 4.171137446282081 36.902412336035425 -49.047901932263336 
55.54923384449122
-42.49171633506702 -36.217784089376494 -31.9066369871301 25.92088845558756 -15.47314193405309 -38.83692804616075 -24.33995680576175 -31.550016662815427 -41.67042238829586 -11.98724545011951 31.109827864623966 -6.6815973089468415 19.535783830526896 -26.025118711331164 24.084443060839348 41.909583859610706 38.843353712403115 40.60470787392299 13.542262112681222 -11.030840147756237 -31.127450017120275 
8.97624594683225
-5.524098422256863 38.73731957703558 -19.331610236094964 22.264823825333337 -25.789483747154783 -46.33320407080323 40.88267556080834 29.585032484454146 44.23556944509434 -20.17135698933292 -38.07369191538874 35.66468952740948 5.104852444353433 -0.7787362736049204 49.27707438310213 19.861332495080546 39.146582313703576 -4.063575193978842 -22.352365938575836 -32.42150223189759 28.55743625881955 
20.499258365898775
-49.13706960516069 37.31477472054078 -15.088604128018964 -25.31241909790578 39.06579594782691 7.379485267863487 -9.803684295159798 -32.25093013477481 41.26409199382846 -42.26542382490831 49.198171083974074 14.173186973170786 -8.7478254723881 44.4730968170082 18.38496494350356 -46.96202566181334 10.584085198301231 -32.87959109354299 7.399294630591292 -30.559826003652958 13.545360805161891 
62.24508173257642
45.8505971424361 -10.369689987904543 -14.035124309181704 -19.207795906612212 -29.694792104524815 3.212807948856664 -7.772286799507469 -28.89742700499446 14.204265024038136 -11.865661566325414 12.994511635996744 -5.242920373108582 -23.103374177684376 -22.82800988119099 -20.09763727579473 48.186339868376976 7.055981122692444 -41.7539487868133 -47.08323237873353 49.411422722729796 -39.541702621617304 
95.12056538720671
-18.976219292641005 -23.66771551887957 -17.572091655906597 -10.082001907795814 -2.4040776366781174 10.656339789366378 21.217416518219224 34.36273531455568 28.03503595472617 -0.1396573764443687 0.1687790807330174 12.781318291216273 29.18976892279261 -1.4954539228439359 -36.29016983313495 26.62570602046401 37.56486260196398 39.76890021734941 -34.92734617360618 7.649036766392982 -23.515970442123447 
68.25683059197728
-17.922862039549578 -25.1482987828447 -38.86232625919498 35.91285814611962 31.405158917234004 -31.07118000231097 44.8412493725435 -25.67375595003568 1.4978354789367572 17.188460699538197 -30.150366102840607 8.743444236276495 39.54031508737238 41.77325666289747 21.717325243832818 -28.211901582118337 8.95561880564226 -25.493655032996966 37.46392617129075 8.187947545642814 -19.58891321919609 
32.79581684164322
-15.30120887748857 35.73392805097234 31.54796266025332 42.77018490603865 11.378332340364608 42.24743873121419 8.47677657354059 18.18061694374505 -35.986030747041966 3.5075374806670894 45.53810260594611 16.593989013201764 -14.081756893919952 2.8906687899364982 48.91039688298238 -1.9859014426054742 36.47113895391993 -30.09875958455529 24.353577535745004 5.306629951196406 17.40824733506348 
81.82219429764255
-30.29087530803848 -29.333229981735688 -47.223181650094624 -9.609552955273045 -41.265606351657354 27.8566564452088 45.47541076921293 -6.297065893988282 14.430991581032586 26.053101758658897 25.187301009103024 -27.515314417353277 7.233999646120957 -2.1156722746610512 10.037347605130222 49.40121530844979 16.26090809092912 -18.402258625844592 27.446576405204183 10.273224827327965 -39.723845517834576 
85.28902173768078
-21.57174572058398 46.85247543679151 39.10916204277203 9.7361387217898 -16.036252898244932 42.24338143734158 25.97084088116715 -34.37988343493355 22.116008113906844 -27.894268401154775 16.445520385331164 30.7777253805521 -49.81693065875956 37.4496764658017 -29.107676902659605 -6.38050595514774 7.463429377113798 28.134936580024586 -16.427966781267898 19.959763375161984 11.099756014558025 
90.11193304940527
-25.97750010092411 -37.7562282697156 -10.01310788261349 33.99335869611866 24.03770905198624 2.5200052587143773 49.874642616053194 27.720458186195543 -22.93734801148446 33.49440845753185 26.565354756913635 -38.11090426530939 -24.101864643179162 35.616255868250164 -36.4991277038917 -37.27356597303476 39.316747511756176 -47.61621853071425 45.05294439307768 -45.240127561856625 -31.47678875998733 
50.92100541599006
27.475687950469435 42.89563553704767 30.34936985013877 -19.634621878161617 35.7482693593455 -8.074791230857414 -14.34390166580173 -43.280773534539186 36.43049565394357 -19.596403771878656 18.62146785617591 9.556235144270211 -45.82650212027731 -4.605871471997133 -24.57348871917675 23.33746347705859 -27.327711877293336 -35.24962467537851 39.306977078354805 -5.920276971883922 49.61641834714651 
44.406482896740705
-46.9785185276485 0.73236037140083 -20.410411212433964 -10.427001854506202 49.493503942729674 -40.14316391671253 -41.11147125439993 -9.213921404032455 -33.283279357196534 42.0667242476311 41.87599845689432 48.43375957372865 3.9701534730375627 -20.82593437794581 29.75234615940687 -7.316334887241162 22.971703817640787 32.101271450086244 -0.47548069231822865 29.662455688888926 9.805636637896832 
71.35605033447524
-36.52898705324753 9.287947588872704 -8.70840700333946 44.23016529636132 47.545738928482464 -34.66928072103376 42.919802726873755 15.871034378424227 -9.066657907881492 24.08276401901486 34.55913374690313 -25.011510574992734 -1.6369799045635531 14.43653548264983 34.851687395434666 -10.802633264323624 21.807434194030435 -10.771504254082565 35.53965427487556 -20.14025106043852 8.837824453685414 
35.377105082703906
-37.07277747437296 -38.22092242739097 31.17598401588822 8.645898330702394 15.262274568178626 -40.788427635589144 -1.1217251928296506 27.788163739034715 2.0297439910489388 16.39869586658294 -26.89361106028645 2.380437431516391 -36.01953513840597 -31.81231352738062 13.584108776044836 48.827868802788416 21.176384613363226 -25.704559850954034 35.60882269912476 -30.17473464009852 30.415084114520212 
99.38433625616213
5.881126289518349 33.98339850790589 33.10352043641251 40.3568788261432 -23.564663187517187 -5.619027133221131 39.98299826673558 12.139242215265298 41.59826504691168 -22.52161662288573 30.06435686013336 3.712222475255558 4.173191090480529 -42.86977126929007 37.714429075945304 7.2612262591006385 -46.059571978577566 -47.640712928366646 -35.95817947484847 5.055331912263519 -5.914534046636078 
2.10544095525379
-23.43784955957382 -28.971344235995133 -0.6898170167202053 -24.66112783220441 -45.42016172514987 7.025599212552102 -46.847866654858514 20.727548422795422 -3.1943520075032623 37.28478567246597 -8.568515806181509 46.47487181514816 32.43615641980567 28.974814537817934 -26.23531408137163 47.994104378811585 -32.74661952718941 41.458184686892096 15.728489308493394 -31.238015867215353 -47.740172920074556 
82.44813795373315
40.52745434002334 -12.005280384244443 -16.053743563973697 -34.66371553678835 -49.08734483202258 -22.284674055306276 32.49646491029132 -31.292681852208272 -20.381252595405684 11.332057277908135 47.065462562677666 -3.5797137129059706 49.73119818135112 36.02347239662731 5.724415142146334 24.624260096057455 -34.83508722532612 -7.973558059030395 -38.25224063702852 0.6894395509238791 -44.16993948778273 
23.349189998011166
-12.375037677938636 28.27308880354545 22.080485069036982 -23.51774373871124 33.511370861582236 32.6029093779827 -41.315504661103006 -23.643985781683398 -2.210309866662051 0.5488178724791908 -10.172490570892435 2.094215415651611 -46.00439732437768 31.16728570993186 13.55041910506339 -40.961239445035545 -9.431874592025537 -35.85923966260005 36.54718419426651 -41.928323019693266 -2.2827080219429945 
25.897917676438176
-21.610376084598503 -31.563856701019954 -20.84120913064471 46.188795736777195 38.01693837885574 6.059066784395263 -24.452757614805364 1.502153130184169 44.72200767840529 5.8035782494833015 -38.85320848164878 35.950627134806496 -39.11392210260394 3.130597012913853 15.609752475927564 -4.887361891159934 -35.642084104041345 -31.675678003451115 -21.308938561834946 -16.19185421166617 14.643124426252456 
44.73737572082997
-32.69165446718745 24.898782184271553 -1.0362480432468573 41.43706798194606 -28.435612265027988 -47.05896804281375 -38.23204075841945 -29.814992707502107 49.18088297341424 -26.115468205426616 44.4139431276666 -3.1418785900872095 6.24934807544345 -40.004268840468306 0.521914548239252 -1.7801313103283576 -13.712895758050934 -22.199441735739033 6.882433256258793 -23.623721567119816 -10.706720716738104 
16.077887431890247
-40.171073125322124 -14.697863564652891 7.831800216569285 -9.201001117080352 32.6267826729856 -33.50146310029189 -1.874593249806857 4.396419834077115 -29.29912059773674 24.143697767723552 0.726684509008237 27.858873393863163 18.418030660068595 -5.975236653709992 -12.460750111350691 -44.1126889072873 3.6602589799259704 25.089109573425873 39.79411830292024 -42.28970585346671 -45.43056847699795 
47.62943234021717
-44.95655246258838 9.14527599712872 -13.386749032698951 47.917661793297725 40.315801536410376 45.105606420295345 -22.4828153860947 -44.47141851418846 -26.715892628423767 -34.008602932242916 42.62639840230037 -23.355259052596733 3.629573409100317 -33.734423571696595 33.90631330112811 -25.68990701418886 22.741807582172186 -20.995107124343793 12.059958322046747 4.900557178070208 -48.522588077574405 
96.3287419024064
-16.865227743876197 -30.994575050550456 -17.093596694711067 32.34710429808763 48.511069067119976 24.464423752089687 -30.1922044499216 -7.36791774415417 -9.691056732596046 -10.519073559986658 -34.86727640214671 2.2058529129263107 3.019838301244981 34.53264124503434 7.735535373742387 22.651095657568206 -13.436367519797798 -26.773136823090628 -4.619702716210419 -41.811721576498485 35.99153188653963 
64.29817907410053
2.362184901679335 10.427425858799907 -1.300307236183741 29.62226478852557 -19.95974022212923 -8.009703349335481 21.287915976981893 26.420231189352293 25.16020072536527 0.31218049494565747 -24.907603228757658 -14.246271273443803 13.052520351407203 -15.32921427126194 31.940940665852253 43.96180357204388 -29.3760827266896 -38.14698260670875 -40.17630890140616 48.86631036452658 7.516347162487314 
98.85863682673745
21.941846607075775 18.37342599611773 32.89051850301527 -15.34680798142223 -8.00854959660402 -34.47539019572773 -40.00251099700588 7.22078820738917 43.55883898779393 31.10115091696136 41.03408841664884 37.030613529663526 32.1488536936094 -17.437803911021476 -19.26505436342987 -6.480621799721341 -35.363533848554894 -3.603059860841441 48.73588375332389 37.30511673544416 42.82702176304228 
89.89748009159314
47.95052579632224 -12.41387378410154 -24.670217571367214 7.909549228196013 -0.9660378474384927 11.541995188073031 -24.905974680983256 -49.70582545795552 -30.535672186761154 20.54207812198665 -1.2735190961657992 46.63408556872494 9.85527710432357 36.57997513450384 38.10339458231043 46.14445022690326 -40.18078138582407 11.590842245261648 44.810071949938134 -7.201684983389903 -48.96663968578221 
42.17174932514599
-46.414739978193 -1.6470679596732865 -33.882489119564525 22.713424752795518 -27.78273728871592 9.263863990101228 8.514736326867023 -28.934836771138727 22.233240847772834 37.399641684749184 0.7728910089930068 42.59281973339614 47.24263497387538 -10.97956558433124 -43.54283008052012 20.85321363128557 -46.05978385839972 31.660026974867677 -35.6192209590538 36.09643963644035 14.543786289193278 
34.351177628780874
-17.077091755050432 16.420961851459523 38.836088540412405 3.060189758792845 -33.08979327314595 20.644549584167024 19.000008693484517 -39.75267994175222 39.869978748440985 -13.182492602351914 -38.91931495987596 -14.854548335144372 -19.579641614306365 -44.20719611914038 43.17767957470436 39.65018604935207 13.14475475568284 45.381125042391204 -17.63509888993611 -46.35963254723372 -18.49509978481898 
7.357022157894766
49.8554591455552 33.09873971165548 33.178829640357236 -3.0542881172761582 47.07323342781076 -15.421675567442549 -33.33279528777751 -27.59167938557845 44.062414685564306 -29.639230459982713 -27.906623548925168 20.956636189736287 -13.939200768290306 20.078838475066476 48.829626408622886 -23.533258991944926 -5.917769169308009 -23.374163050343768 -2.085893824040305 -45.67583334909025 20.997991325011483 
96.85069625325936
-31.820081555518065 -20.77851534029009 -24.123402983850518 -39.16187635033742 -18.400055844138663 22.842550712598438 -3.7641116642146955 17.499032631467713 -24.44205754088482 -49.89412449949444 30.380908254118026 8.747287819920999 -22.411453980143293 -4.997103960823168 -9.854464261065075 -30.28549896252003 -28.414215581269865 0.05519593271451129 48.12541282035775 -1.7445233181620736 23.561789790395153 
7.027988616274838
-17.11577455989297 23.422645851125708 9.74440129354592 -19.224493133301923 20.634912484017292 -20.36140872826896 30.134369257039182 32.95714712538111 -17.458078534681256 -39.02839441297002 -3.40006569961281 -12.148422920651058 23.060171951432963 -11.780052718015867 -43.83140975157451 -1.390750647588746 36.62090665697055 20.436267081047575 47.382790526640505 -20.97795556814338 17.49411857131207 
32.074465776786184
-9.581464120407844 -36.74792727416924 -19.198164081967263 -42.88299383642358 -19.877354212060695 43.949942287953434 -8.57399985203989 22.341493689132236 -14.793313241922732 17.806039298387716 1.949273140245964 -46.68887167626242 -43.45752424912766 -13.18327962402045 -29.213402443833914 38.72439312131131 12.836137639019029 -26.58947410550343 17.309866810743245 -18.564858877669053 2.9147450762815694 
58.06785990831227
-27.962367562743008 47.75502692270736 40.44154345132026 39.18083495273447 -3.143741430730465 -49.42401696657529 -30.917118268987988 -3.3617542708893353 -17.24151619372868 16.401263920919064 43.98190116737851 12.983978589852882 -19.270100173025963 -8.450670703383047 8.851156537925029 -31.014627792879224 -14.816646895295484 -11.404381385962594 7.078308634083484 -15.93862932929241 -31.26416131854557 
10.543103185117708
-10.053904142904578 16.25857023140871 -37.85802560755904 17.263170306770775 -24.600181986546264 -28.67342282466392 -16.157345525797474 -33.57567257220701 -33.24743688577708 45.93231340031517 49.857045721170195 -30.573145108427358 -37.69949069560488 46.16624423450122 36.640629792278816 -48.2125908274097 -25.97240241889841 29.231776605395567 27.05144038494099 -3.0316951951579796 26.410911279708003 
63.572310166504394
42.71131714379773 -17.177971752783918 24.795196043067605 -9.321234549657596 -45.18161920432651 -9.377703168260886 -33.113115866045696 -49.566341115451436 -30.138409145890844 28.0787183791939 20.62509968123669 1.0860980645123206 6.707670187128002 -40.21700404432657 7.019115763227724 24.815308341467002 17.175328746270907 31.21027313321325 7.498754668116447 -39.67135656726843 -46.518886513855506 
55.70007951292245
-38.09368457494217 45.05327871511133 -47.16413443829599 7.767120617136001 35.46554531224993 -18.780944667307008 -8.009754348548782 -19.35712901114808 10.895284266639159 12.493263058478973 -37.32771703658698 21.124777107886445 5.292442173443192 10.816394825747189 32.629515955192005 -49.389364483521206 20.49091592223607 -23.298786919623037 -13.617254122053438 17.621484160514996 10.310188571149567 
0.4957258409427179
-15.181978079445514 4.167126925770937 -11.560671725362113 16.973978426921505 43.387938842609614 25.984208642060935 6.659129909602122 -38.8931746108882 4.962937665358616 -25.022465320865596 4.687205658547114 -1.0218722241103961 -24.732243765251937 -48.87892625434047 -29.86215872023641 -35.449863094718005 -3.6422405777479128 -29.37405487160174 49.92046989933105 -19.654950863971308 -43.26561575882213 
67.35837434948658
22.857652546279056 -21.901935702215305 -24.5315160718923 25.29145276276074 -22.61454740272335 -35.94951178927887 -47.905136375471656 41.20030661580482 37.90621222339715 42.78978065088262 44.06085809948837 18.861023217019678 48.69563117142451 23.40664382479325 19.156303182068058 38.68951974616344 -44.776786065038486 32.227627552603465 31.621817921949145 30.057269786583262 19.327107778644574 
97.49490998346621
-12.473179712203766 -2.553373506461952 -33.108608255290974 -46.896741121965945 -2.471769616873921 16.1592310624807 -5.4940683800095655 -19.13255608805877 -36.73462382180615 -31.533211456899444 -44.95406130064288 -26.21836296274096 7.416094375342041 36.894292806417454 1.1903804200594976 -43.654357060906264 36.833614409913665 -42.24848887276767 -9.394547364457175 42.27103924348863 23.203288320647502 
15.079391597984603
46.851342569589505 44.74367753627283 -3.6971931801312294 22.853769691992724 26.0275315555988 -20.09285916763408 -28.78098328126397 -48.41040952505507 -39.24607161699453 -29.654810548287724 -27.230927214530976 4.414587334436902 40.292172542119275 -37.920636264620846 -22.106930552315607 37.232191665853094 38.443422903883345 -34.038697003392315 -30.070033570289624 47.76919253351775 19.316061498572438 
72.3275698043562
-12.541981549190808 29.104471420526494 35.138693063825116 -33.6019602030854 -45.22443744886226 -5.2991129301634885 -19.99910050972672 41.137249092005646 1.1174768154605275 -15.986791256853472 -21.26377951270173 -35.8386963066264 11.347173921347277 -49.57926198924212 -28.881110519181508 5.761316313094447 2.133557543031614 -33.4659241028286 -1.8721712104908121 -23.772476131357067 -15.483172995241425 
5.851227381444368
9.238512101962094 -47.60336197592168 -43.71336012033027 -25.71092484717259 -12.464728555543466 -4.291892762174321 -34.259406274406246 20.29198010384826 32.89369711569796 27.043435783271434 2.1605663508640234 48.02009486176611 -47.43521591203677 27.23580531760713 -2.261046724548308 -5.454295430725978 -16.800462167020605 26.375661752339454 -29.293579162294904 9.036755173551178 8.684736785452685 
79.9011369245347
0.05725550938233681 -10.417550709785942 44.117658873132285 4.9504852956798615 -1.4620122588080093 -8.383381286263315 27.82949981502246 16.566984583643148 42.459456198559096 -29.17967435670995 0.574368882172628 -39.91496602286831 24.412026926162312 -37.06404632546422 -46.167337779128474 -16.610517098842607 18.10821282378953 -16.899185694894236 -2.3652742695795013 30.72846716087537 -16.653525823024232 
98.10910154104174
32.39272190304064 -31.626658630607995 -6.51550893860535 -13.563243035930206 8.935625691053495 -28.34243340584175 37.82974581495252 2.9146480798713483 26.274360421489803 -37.21029876887236 36.99980417330997 7.6112038091163825 47.58105231563036 -10.676088997164179 10.574177488484104 1.7864580088311257 11.448454808085195 24.284688988151515 -46.745809995603096 37.70519677169885 -22.297380394972155 
0.6808079014928636
8.266828684940641 33.64774589744425 -25.126082042164256 -34.49326287602206 -25.106932084615007 30.6326433757648 9.888517624673199 1.3180787063993264 -49.22931329941756 23.16628469513202 -40.375471911409754 17.08086368269997 -10.983878667372828 -17.239614240996623 -11.316026444168457 -45.76718105594124 45.22946958010294 20.008870047649523 28.06383511524514 -11.24202990188261 0.09125809106335225 
48.69161152443523
5.366408602462371 35.56429297353921 -30.470912160956477 23.67320065815568 38.77129921226734 -22.432666731126837 -43.67311857663286 -26.70928230884201 -5.801665544994961 -1.3789500023842578 -45.431064576557574 36.47525783578884 -42.07722302226977 -3.1996092381795904 -8.544509755941377 45.02774087570512 -4.63880121212847 42.528397684114495 -20.20386844022255 -37.72967264820733 -49.171533485757955 
74.65393627976526
-41.11819343617073 0.7205104213725875 -7.226766822238758 -3.1756254382741744 21.455798267887957 -6.514198864698159 24.33146334780949 -3.639107923908554 -39.85147755639058 36.75262047063602 -40.005528058617 -41.66767452582 18.010555539638432 -45.95613457901284 15.770022853796533 -11.363268506013966 -5.327196026078042 6.845363541909542 -27.577939900250104 -8.361785448469782 42.18231076037051 
40.7522017047991
49.206675895614865 -29.73029584333059 -17.293342644960482 11.461738742104266 -31.021047342534924 29.500806059468758 -5.930497230777846 30.740836177273465 4.627320912454124 17.68299733605153 38.47431915040464 8.920668980599075 -28.500832637410422 34.52281852815656 -45.20710274807167 47.523251324651184 -29.186609267085284 19.29692865674683 -4.560245817853172 -46.70045297839578 -4.987322510709056 
58.41120263805964
-34.87691731368895 3.259903562914566 -22.409726769794624 17.51932973990226 10.657417925749215 -10.796763455108419 7.13310010334137 -39.845350990669125 18.542768749479578 -40.19776101169165 28.155038647227045 -37.80778182105513 0.15939145961475276 -41.52234971295354 19.751284979115482 -30.553542254221234 -16.80295390729666 -23.904634734448816 -22.81332717622724 -25.677110115445146 -17.66799217137612 
48.94603962885328
21.237942491821116 6.680897486645776 -7.815324134634253 34.51748887364077 25.441884800384102 43.92757612962879 31.235133756787775 40.246112485563756 -17.64157466063193 -4.148826848749351 -33.35639708830979 -36.26576375761831 26.539639602320364 10.815753373113225 -33.182834781613614 26.84609821944059 -5.897201307682167 31.677129384659125 -38.916238233295346 -49.35399400250024 26.637543537767627 
52.143274780389106
33.97893433030818 23.317905488589503 20.634309901028942 -12.709181424807326 45.42033584752318 -40.99353883828255 -17.296811144681868 25.5624018333328 47.43959576073526 -18.05452538486255 -24.440600936036393 -26.191950723931757 -36.83942899609245 -2.7097264880746934 30.083609681763434 41.79690718290814 4.357656589278456 -22.25353333852056 -45.27763170820741 38.1140550778498 30.197274766923073 
53.38827885871373
-4.924065521452157 -34.52966913729444 -8.339765049958757 40.9854034636389 -16.272178085999997 10.191391568366171 -36.33784613134247 38.70814576264566 -26.797585494926246 -31.984444199123597 40.03372554882016 42.256386654360654 -36.60596206906597 36.31819621136917 -44.70793897788518 9.258676965456992 18.892897880986396 -18.50621450606337 1.5289447199336763 10.213536002013825 21.34034645016051 
9.46493889715433
28.761323650819833 -43.70411148112515 17.27791606964226 27.151093505177997 -47.26609296314486 -12.972771840734218 2.9116865859362804 33.217776389734524 45.43326057497471 -15.891013365701347 33.79547249145651 17.540622435754784 -49.53264095873616 -48.35567542362157 -40.35656530300545 -19.443341459643605 47.98401091492944 17.52433731714393 -37.68529767549202 6.03860724659048 -8.05380546245837 
15.930455516984821
18.46964638419493 33.81626894456936 -43.648201644857934 6.705610648912874 17.479476064761258 -17.417704636233935 -43.620153530051134 23.77251838381666 39.87782971014627 17.157979950133665 -44.53523230462149 21.828171683991798 41.97512260880741 39.45794217082471 29.944844649558163 8.219507211131251 -1.786622093748214 -42.11909903231293 39.200504166340494 5.205867786742822 24.421357097469794 
5.966961026176765
41.092590389754164 -13.260209446885376 42.33678722492343 37.90017391442447 0.030374671645482465 -26.551665705220106 48.59455724567957 -24.201619667991825 -41.85647385849302 -0.3270207880743641 19.836768085847297 21.720619329626032 -21.19819782159478 -12.773051782570889 19.68251884550955 -24.06428116962751 26.120805576465926 21.954489858786914 -26.99758086752755 22.233878796649435 14.111599752340027 
81.22754663985677
38.27479169946122 -49.07357356253678 44.77658483961055 3.190940776380721 39.75753285952797 -9.332837574371723 -44.27648803248003 -28.131973124121824 17.791754238041946 -38.658028755633566 14.764073947118234 16.164513343104318 17.760189761753352 42.01173585562141 31.483049208477055 -14.641015471992112 -33.94447564656322 20.25675054267049 3.9084563851983205 -31.155626980867 -25.129229985649836 
2.2592652162097826
-17.817218778768925 -26.314527029848435 -23.294165844068495 16.573908738407212 10.529810670145842 -40.016685997773884 14.191494186798352 -11.225843257539935 3.8311731957987334 11.088048607139065 1.16401163343307 -0.9737845742144842 25.771175452977204 -16.622273471369333 26.880615295022423 -39.87000616296786 -38.22186255774827 -11.37880637786278 -3.1518172353593314 -30.319885948660385 21.884843500127133 
60.869020439637126
-9.055595759068481 -3.2617805507793065 -33.84962276262951 49.36727386061958 -27.65718752070212 -39.228937597543364 18.4300432699048 9.164621125477687 -0.7899632117845954 -1.402810338492003 23.049677277507882 31.884112386060863 -24.7742818673533 -6.301691121481667 3.335128433916964 -29.44330990642694 24.682512947549526 11.48968302348267 0.9672672335995571 -35.53563607681877 -6.744317916847621 
94.00720566205402
10.777382654149967 -37.38335023502711 -43.51125402264457 17.95705932398529 -23.132637074954676 -22.215247902543055 -35.37621562536701 -38.81279650680246 -17.166410977817137 26.943686352679777 -35.38808612469134 -45.621875225812516 -48.60697572561473 28.523347981199734 17.97157689645634 17.113649281413075 -33.14554268487956 -17.954682868775315 -23.380755905646755 -9.519127294451039 47.64745616617844 
1.5229660110247623
-12.120765820958937 -18.038509720410723 25.51607412093746 10.42817583461575 -25.413694268036792 32.61520965448169 33.003880196137345 -16.921141977816248 -23.473210467662366 -48.580951477224154 -38.49852728688672 34.9771136678994 45.42098216158443 37.114788999008056 28.39707586677754 22.928771778828036 -42.768385218674084 -25.97004787967323 -16.234551760828985 14.700761473817195 42.79021549133279 
95.0760851160416
-5.4502398061710124 27.52354655003974 40.565209837895665 -47.508630032611066 -32.664248389154615 14.921687047642038 43.852653350572524 -25.117179461177198 9.586878202636484 -47.843667772736495 48.75249836110764 17.736686383390364 -16.3962011636358 31.98922683150994 9.000351229269363 33.80389472935765 -22.50899915405631 -15.47139323184907 -30.94330052950812 -0.3693055568167338 3.057986714258277 
27.593174410104847
-22.187395008611677 34.99290384859138 31.851858863862915 37.331041954605254 -18.147079644625197 43.105486976805665 -2.587220803667037 -47.24358974558069 -40.574913096201826 31.217418765616998 24.363238174689315 -7.582562301419614 -15.906389474592451 43.56513964973597 -6.913345405842023 -33.41537690204841 0.5173814086359627 1.6461069633604382 12.520286924045479 14.149748806389155 -46.131040784648256 
50.38731220048207
-47.01793323916219 -20.148782922183006 39.12205598263294 -46.978156024641734 -14.02960801926848 -25.50757630998256 26.765417667488663 12.349907695920848 -11.479470951129024 -21.504429328646623 -22.54161210172896 21.548952910192057 -4.029240801672515 -42.56589945711755 -20.27457741069848 -36.18910125510549 28.88595107906049 7.11273336505964 31.9938829753293 -13.177348611972029 -22.594217039708575 
85.31484396068676
43.11147345253248 -24.53054170469473 -0.5706576633098592 17.512717890808744 43.93668553100568 34.128886914135194 -22.182616713974635 34.63701297334845 -13.322320580658712 18.53650619038909 -13.811956822690384 12.427483651928824 -41.63796128602637 26.442637778657485 32.901378879317235 33.937899510233024 -49.84810645606162 16.142808364351836 -11.527451170431036 -10.556243491893191 5.17589517561666 
22.452838900827743
-47.07692187807875 -38.69773671760353 14.131592503728655 -19.18724003038377 -13.525883965290099 15.239805128624099 40.11880969665236 1.942046214744849 9.505161609091232 -15.90712248285098 31.99656809933272 -38.16805166233023 -24.153772404090866 -14.795705504037024 29.013247250001598 -15.151056864451803 37.24101066268109 8.477218234171794 -31.458389615794367 1.3366561230261382 46.21306647912024 
98.51534794516382
-23.828103212462203
-31.312525186121132
-5.950920115718802
44.64287656230297
32.46244342642747
-35.91476617755971
-3.786367450258332
-6.138441130896624
3.748708616963313
34.46561775497092
-5.060900052693086
49.817062741107776
15.69713785360733
8.099856416111116
-2.489368554720386
-21.268644472332475
-2.983435551704403
-19.595963909783322
-33.89918427975059
-22.076014853292413
37.197369913853834
