constraints 209
variables 21
-10.207122162285408 23.030732847651052 -35.490564597668964 -46.90755234120794 -23.87178912129909 -49.377055310491414 34.21178710590314 34.225888081288986 -5.26106574665053 -35.19656305811537 38.8781491833208 20.58505562656967 -2.0083887929246345 23.09788991435316 -40.16976696420693 34.27825742566367 37.623100846262574 14.03269611788508 -40.84893250880572 32.38990062203622 12.41270946841776 
97.2111282800811
26.44226976944394 -41.171709352007014 36.336727174669306 28.85066852934534 -20.48146328996139 38.92981456397334 -47.55974108015523 -25.982590625390067 -37.12209821715206 46.424580340693424 -9.975301082082467 -45.061922897771645 -7.037986661284378 -34.17434351404117 25.73731042177735 48.53965516662339 45.0215012388265 32.38609794889449 -37.23717458204311 25.761195437093193 -37.17272167923795 
6.474913541202387
-13.444899833119251 20.20187393453027 -0.4805896521972599 29.55523730422685 -9.58972435406411 24.31395658064214 -34.4390496362061 -35.09504199765616 -10.328932175032094 -12.38124429743398 -31.93506816646886 47.80206538748044 -40.53481505452153 33.31832960261249 -25.311515976966003 -42.89590812557458 37.619084428314395 -32.804913144155165 24.838838330371303 -27.01706254341766 31.75157017788142 
75.83605713260204
41.1117314077495 4.033508131545659 -42.459924507393055 -0.011891432346274655 -35.31646808877842 -48.9434285360043 13.76565848444892 -26.75509897187408 49.80420634656083 -25.47674078278722 -31.01889545812898 36.285933613996846 4.588954025319161 48.06072027353821 -5.490233453852298 -27.467477143893383 -42.0178008391915 -38.74458975232077 28.971067514870498 -37.64484410556369 -33.93159985817782 
31.652567148101785
0.6418586525986285 19.861097930320952 44.829819042119865 -1.962540637363432 -34.29885556734664 -41.189233510820465 31.002356514715785 44.91596737205262 42.7689018341371 -17.644176885381746 27.856136770278667 -48.4308174540154 37.13809398468541 5.061529197911007 -11.47153059346774 -31.86134820596128 -48.287858846448614 45.07042085972439 25.962518923642506 -4.094013893887762 -24.101461841696192 
19.283889902241313
15.555779832646252 -10.737460259100374 28.572427567334444 35.082770626181016 -25.70169230824075 2.8219442549715126 6.712368017474311 48.37760920511617 -41.518636779100234 28.710259952070643 -42.576283762347884 49.67378133710571 20.98294414795049 6.275599759975577 47.80336783669374 47.356175552723016 8.687477991053449 -10.708970779649988 -45.53712856984675 40.54266954093532 -39.22732953493855 
74.18168797166727
32.5152192434022 12.62519797799262 -10.602641276471367 26.888989623595606 -47.55611529704594 31.01170253859955 -14.250060520474406 45.69188380787227 12.510977359340103 -41.39818593545039 -3.532227921960306 -37.362851182186674 44.22464773732841 -31.82639978744848 -41.88633216799818 17.187710390599847 28.874166438111402 -47.87166612310699 -39.30352067278005 32.28004588288742 34.2543976913074 
86.9346644978571
35.148420111539025 -14.811269476910738 -37.560386933579835 44.1331725919961 24.222699078924634 -6.571756767010704 -28.170033259034767 -12.09319286403003 1.450687798674025 -20.62085594295482 -0.31787208160318414 -37.00777969252499 48.59872373806907 36.407812531456784 -35.05105897539262 -43.89843970238664 -11.509624978666245 43.955927983679544 -24.508807871557437 9.043796383888633 -2.8891995819793266 
19.40790990677406
-1.4121087979811264 -27.62077046047541 -13.414392019709986 -49.498380798196514 -20.840257864327295 14.71027495650074 -41.07259771474514 -26.37044896002663 6.233747806492055 -5.39371514264576 -20.63100280562726 -49.4151045769618 34.91519341916808 -40.320470280875384 7.653024144093635 49.13877157211434 -31.503491811292626 10.474147064301818 -44.176505990893574 -48.707942107321514 -6.679170985387962 
5.59931963311
11.865611108900943 -2.8727843981218726 37.63133258396755 -11.067547408206998 -20.034067478985595 21.89254381912994 -5.124325394929365 39.737743547525156 40.21575938596045 9.283357838500272 11.79822280738113 -17.810036372465312 23.256414007474888 -35.1584017325146 -7.859028079609672 42.06287569783879 28.665821109209602 -40.02259260451441 7.887349304134474 5.236222333472561 -10.18835039871042 
59.32323713545197
41.721413216164095 15.194721245025846 2.4469948825848746 21.963104005735502 6.738188021951572 44.837088491838955 -10.499628638809313 10.53661383085894 2.4292105687793395 41.68260605757598 -29.687395246332116 -48.70056249280418 -30.419418738345417 -25.04273099242942 38.998955044595846 -37.071089906913144 0.959172443253145 -41.93885935661332 33.66559935249728 12.195499144481083 49.52584448484738 
30.562980850458253
-4.114627070525103 -39.42210140462298 -48.59712159329644 -39.86213874185093 -21.861520864357676 37.48153055331244 46.93604739073818 16.757868531294775 -44.150395654580755 -37.07271787585758 39.93009538689847 -21.03430370715299 40.203725937712704 45.40933352468328 -17.500400563237882 -44.794711361880836 -31.90138444474514 49.07794430625218 10.965556896110797 41.953366182383846 -33.60712801011532 
8.485139943202535
-13.158757962012281 -5.209892886260711 49.03406123420572 -31.16177661406676 16.18921956245751 -41.43315517861005 7.70235189801781 -4.961912139805548 30.49461859816158 38.47312105557289 -0.7192009286185552 23.736361158596807 12.688148936331501 -4.924977233278106 16.7642218408198 29.227402350946534 43.065491079762296 -36.70877833827521 -45.85562802423054 36.19821993678143 21.588118366723435 
77.7926681752098
40.3599274785951 40.191441272787614 -4.586238400068886 35.45645257264978 22.57556356760915 -9.90658108953744 -16.50691143873808 -10.726157107500796 24.85518769669936 -3.958303622250625 43.68243406981763 47.50705564540283 -5.2798356990071085 -49.14701200767324 -27.939332729011866 46.908867406369595 -22.86583550163571 43.40490170085431 -40.99839045584327 -20.53635127592842 23.132057623861314 
48.36170317624724
-47.958328734848045 -21.622001214101203 48.61100926781505 -1.7836476562294337 -8.30435044644289 10.943655010540631 7.727777677341209 30.82818734345608 -6.888061534180622 33.414887752706804 34.89694305235763 -41.53242560099424 43.821656965672005 36.187109972731406 39.560624843793605 22.835920428081963 -24.175501748524887 -3.6669889568549436 8.70096480964876 -15.388533729284404 48.86737064977153 
8.94697209998958
-16.507490728028408 45.77828981520659 -48.98978423808622 -11.231851067044943 28.542338563303005 18.328030530615692 -17.563398115796716 -30.80294624299117 4.841610923829933 -16.11920268403958 38.95506664237722 -22.909948815860183 -9.147032430846892 35.35384115198829 -47.24963831961679 28.61070813171804 -29.91600427599468 4.013545397172258 -20.317866527684437 -26.06357240426027 18.04778333851806 
3.078331732659645
44.7917674747259 16.76340119450748 -23.312685645529374 -37.50286683380347 -29.333530859141256 48.32236991041111 0.14128816817542145 38.61007562697192 16.92289251825953 15.012269646492342 -7.845293860953575 -42.89491148627717 -46.68905401847609 -16.22165948655885 32.48834847601225 -11.983848206736127 -26.198352839607107 30.0058183611052 7.3570367954473355 -42.53404575079514 34.51122028202656 
98.96985479266499
17.227399198734545 -27.56226178037996 -35.573146878594876 -16.22313797799407 34.231576853327425 -27.931835682532082 -45.362080194150025 -29.748031990997227 21.00414835497098 -28.214957619378257 -20.860409735628682 22.37185179561382 2.9252815534984933 35.07081675526122 38.2642144888209 20.61171366265002 6.5539427752090305 41.71470835268558 44.40899260731348 19.9696954665406 38.46075592998574 
71.12348618183685
-11.033152600034178 -35.54840697123183 -19.279119623391207 -15.407186233986913 39.23058277204487 -19.556791851061316 22.003062164804447 21.398204089005176 14.528804756347284 22.667271043347426 26.49182923907479 20.14660441637568 -18.034725328160416 -36.6836763912725 -33.19451802561358 39.03670576632307 -6.128306114484118 47.472571507566144 11.62346791789507 -23.49195232273782 -38.55281495659857 
36.07015786117012
-36.08765433100193 -12.783912226915895 22.046008670335468 21.424914125331867 -8.559548630026455 47.35237414229661 11.188362018580179 -20.24889053199844 -22.302913907379295 -1.9639812488074142 -5.392643414776458 20.10432583040543 48.3828593972745 -14.16527932404965 -49.49143238398096 -0.1659483092637828 -3.6863940121650174 -24.569424780041437 17.70682760362257 2.899133900064456 35.88103272956299 
81.02797352194044
41.41822756358779 19.29380464964592 -32.86088822222638 -49.69210344409789 -44.77643954070746 21.35146511606905 19.13592459279569 -12.435022453539531 35.08269203730799 -44.162029787815726 -27.713479063864032 21.120709191920156 49.26771410838893 -40.48428863099191 30.383097472162206 4.188200579881098 6.69590061105707 10.25427082169108 24.264577310876817 -11.929070114876652 -24.618121731767605 
95.78302263685387
-18.78151080915911 21.910003287847275 2.5916121390930797 17.825510007881363 -13.136210231798131 14.151380951360963 18.76914354572152 0.6250257317649925 -0.4359361426339987 -12.51336740732637 48.42030702179011 39.76530547570741 -48.65366030164676 -28.772182370013567 -17.12413571376303 9.70982751079029 -16.14850659064588 -47.090959352808795 -7.780118401567208 46.627670045789074 23.01805710359774 
4.364363806816851
-33.342679500115004 36.843480827946635 -7.998034810081101 6.6137062415336985 -18.79173180550796 -29.356385560199406 -1.7393988758529133 -27.40453985365101 -28.145672357851836 16.189999490471635 7.780272460393178 7.116516686590856 -3.8738852766665772 28.937877731389534 37.10198719073176 49.347490151584864 26.609002840965218 -11.776934521005224 -47.898710008790204 14.772905681068679 -8.042386588644831 
94.57889314584888
-38.5964592197966 -9.286812542528502 36.74772070108884 -31.13743687679741 31.86696555752826 42.36730446082609 18.85765650493228 17.415149418356307 33.741454980616254 4.781935487069333 1.0594665326850716 -33.75097089649756 43.91195853872286 -29.764910928559352 22.113403312757583 21.651038257665974 -2.9389510215022554 -19.770881344191526 -48.10234484724799 -15.390806051546 -23.36395323743543 
46.62010564958883
44.968383542834005 32.11534887012537 -19.818151204595512 -42.63237343280751 7.43357020719926 -20.334311747745957 -23.098582853006867 18.970931967277707 -16.862697500962867 6.175485934799099 -0.768374615565314 49.864632387347925 46.88954208105589 -44.955914443247195 -25.227015622888526 -33.12103467984788 -35.16038278285173 -26.74940193839572 10.087518119315753 0.326793780436887 45.0799753862226 
64.13036182781046
-16.320152045107463 32.361500229320455 -44.81994269908465 8.876675986904289 -8.097641329829408 -22.043026994584924 27.588371661384244 6.8319427254138105 18.576019193243454 -31.807104276321986 8.704179654609604 -4.7231991670573805 -33.20567148601221 -48.5143717185573 32.908461998788866 35.6954208325358 -0.3214707630246352 49.98694873351347 18.957109265951814 -4.610366276939601 -14.221931200810758 
45.5799767477211
-7.122417433478148 10.83410137617119 34.36107575935591 22.733641162660504 38.87356641174678 -7.690715389230029 36.01536314633378 13.934074419540089 -32.269607905237336 -31.88152574825015 -5.218709640471616 -22.506665298329096 -29.172671285190475 -28.910314857759356 49.463548612195055 -12.757075357820668 -2.898903667850874 -9.917232840928833 33.81979101499675 28.951566793168254 -49.83176188972342 
94.86658329370134
17.999723990246025 -20.73625371165393 -46.69772369443764 -5.99932904456174 6.90911577056432 -10.462428269251909 -28.92512492714594 -47.74970273069646 45.09894420240124 -40.83247860356902 8.208451861844921 -23.41661020103882 -7.669322568991213 -39.19034875468035 28.551049651172775 -22.057667755154277 -10.855526319660449 23.383960200786902 -49.92750106855115 29.753130284507904 27.557863006029663 
37.81050142391958
-24.60581080750731 -26.47097349983254 -21.55174752647081 25.14299356555776 11.603073599209914 -33.05484989222435 4.22339606806743 47.095641921576586 17.96379838095929 -19.594707472346972 3.059699391284518 44.915915127042766 -4.368875085600166 24.39150057652887 -10.710898582250685 -35.86191961171077 -0.4219113910106955 -18.218372144708674 13.440953016854095 -40.04067586568313 9.693662191239852 
76.83958126930224
-35.00382840889017 -19.187703768122855 45.36689344540163 35.72750364004163 -18.91329306163454 -3.835034783939797 45.86286841778207 32.15863892544098 5.174093229792078 18.660713146612835 -32.59097988100656 -33.79575606986727 1.1667482302653553 -29.581401073017755 -32.85129012187722 -5.712682309094163 30.486323162623663 8.645769115309854 -46.01784845399723 14.040550590703006 42.269323492584235 
6.671043260218967
-13.196838826997478 8.97541441039872 10.190877435179367 -16.909310015159875 -8.246592158035547 -25.196242265855663 -26.676547342465607 33.92448496135978 -48.145852685017175 31.77294683529452 2.9939194104340316 -49.487868797889824 -5.261275685289789 -24.480021154803556 22.77834392803514 -0.6627954442270152 -32.802629487971316 -17.28035701060663 -45.425502488869 -0.9522352467951976 38.85914221303247 
17.196246088373478
-49.882015390867416 -45.35016297831377 21.5741046892351 -22.81198008831822 -5.64144029483721 -0.8180084610525853 25.922147621079304 35.09779679213092 34.78909174428796 -0.8637155464572857 1.7631156767716405 47.33313692131695 -0.8796590846490631 1.4728435635983175 25.856192770960803 -46.26642842037405 12.620496572443983 -12.717580215575296 6.314804269887141 43.6021640568746 15.989285472650494 
99.98326138534668
-28.973490913397526 38.50314247041415 14.812113190230434 34.39569269665891 -4.844273636242477 30.756893303383947 -37.5593954805435 -42.88018506939214 1.4603425060355022 -29.041910025605777 -10.428378685426921 -21.651232896359485 36.391579173380535 17.86231910308706 45.847607385237936 10.582038964678489 -15.190252037692353 -0.3689457921338146 11.476974041989727 30.660325918906196 36.6368233875198 
36.69439415676254
-29.82609241376536 8.12548633848985 -40.11995548705962 43.38549320911764 8.642855284431363 -24.883849111190713 -33.800983889201646 8.020116068814964 22.383671528707012 40.84161442465778 -22.44792082601301 49.23936230753286 -37.2307806153643 -2.866387540230434 15.446022207770426 -39.7969618230169 -43.85201103920983 -29.342336258076408 37.926412124487996 -18.384238120257557 -37.849948253045675 
2.072691612553623
43.68421392079999 -10.412639135073512 15.425528037036102 -27.240392326660377 47.51754377023042 44.97372487849874 12.72042561715024 5.696667889500283 6.875761555523987 -22.886302556398753 -34.50443329331768 38.641346433397146 45.326326879987846 -33.227739241805544 37.22005270671343 4.9855799009281725 -24.476814544568615 0.619662704046128 24.021552113859855 -39.51677655560805 -28.38132689272331 
42.72076683300671
17.551385658856205 -37.49440224795424 -20.950745076999354 7.2783968539413735 9.723299837346623 42.56304100251566 -21.761325985993953 -28.731050231383847 -39.589560495644704 -37.462566206831085 38.00036929119808 35.628163254806225 -48.76403545848875 10.402639237865074 4.284291357597958 29.28936451819311 -8.73156742728802 22.16690356741819 -29.59842837716945 -48.353879993789015 23.733891630879512 
63.35322195438018
-34.02629676965728 -34.09428436122556 6.782401340810061 -34.45922546542869 -16.408728618031276 -11.68058055991147 5.897500106419706 41.322510490238244 34.5304481465794 16.4200335141295 40.712871058091594 -5.508975869001588 -12.136154818614607 3.166742277043788 -25.198700489543334 1.346884597798912 0.9155125260525878 -36.7081586370253 23.426747806301094 -36.26937537221243 -6.75177005181358 
43.16339145048177
-18.69882150767628 24.71160414961456 -48.765550720202825 -3.877536443403919 40.063539909850036 -6.17599906609594 -24.24940061951758 31.523082897832992 -26.500914982002243 0.32225800361401724 1.6476647512638465 47.59758143898436 17.44302592607876 -19.864753231005317 24.389310307910492 15.789551619174517 -39.136776910160485 -44.9694400889942 -33.38796303009923 -42.65883890348988 -5.207493811268229 
30.957272919828437
5.350192692518895 41.69108720572558 36.58188674474242 26.617616193325276 -40.718086192004776 40.63388981762387 -41.628227729741155 -6.975018799376322 4.590322944166083 42.21114321554779 0.7290807837281221 0.13777538641722487 47.89769348606782 -36.050769956610615 45.073878437135775 47.6155849321309 35.21841910699817 -43.67186614612866 -48.179993467017546 3.32622704608756 16.990066565003474 
4.260240215322164
45.07989640247513 -14.560764130111579 20.979959593195304 16.8775392385771 39.334588166402355 -18.226588515558227 7.2280555600443535 -5.92973836441346 -41.354264785053715 -6.476967052021443 -7.824812882649134 -28.01053972459606 -5.21286646413364 -0.4305722517885613 32.73897825348703 -20.879397880428197 -12.900830409685703 12.291583944572494 -44.661938490287156 -20.4452667524591 -16.07974487959045 
86.12152470488637
-0.2715343741976781 40.72836696490707 -36.87479900707369 46.04722002250726 23.00436702007677 39.1727265177216 47.601194959405305 -25.152185880820344 -24.771349203734616 -40.29248190195477 -49.582135773925486 35.05299029275773 14.897016183876033 -48.966032554558424 23.99866204459954 4.450333053952761 -20.197351283056165 23.826329058810927 -32.22337306463577 -27.57843756892108 -33.14325680372811 
66.19068838980343
-30.381686629887227 -21.529433089020444 3.0334750486276008 5.754321899449565 17.725491058725765 -25.986835308679712 8.846266863749804 17.668464487526336 21.775001271358533 3.8305880128247765 -34.37450062436726 -36.54813665567307 24.732910099586178 34.545685659932516 -1.643920428820202 46.8720089798251 -29.920086963412462 -45.937105035816316 -23.053415086646865 -10.044528730912383 13.11068713619381 
78.12004399836847
20.539957980066575 -35.261693026666386 29.520732127528277 27.93210247855191 -38.16098342898552 -35.48796656766218 -20.33007353458156 36.36398400597642 -8.591659279923732 12.090180975926422 32.712932836730374 -0.848390623118199 -44.47264612271428 -17.984991854887724 41.212210499542664 12.397387643402894 25.40770082706186 8.643420663839386 -16.099643655466892 27.89835942636529 -9.548655841185152 
12.695761872532996
-38.065903578948976 13.822265554626156 -46.28598725886698 5.120594807858893 42.28317031751044 29.828817510593368 23.851992991266798 -30.97684556888709 -9.17693080379658 -37.05949195811704 4.568467695024026 -22.07530355856776 27.251341384863267 23.299294425683442 -20.061054060617778 -18.235506751500452 -35.876926980452026 17.40255927666732 -18.016448537591323 -19.174291348911776 -36.89823787731201 
50.49374502879912
5.467289781505691 12.161011307537095 -47.05223848455019 -40.50987673178756 4.147603278687541 -6.8867616532698435 5.817134315443418 -6.837838142217414 -37.44809586169798 -47.829047756518875 -38.8804432687055 37.23601942409279 -12.144020410349462 28.66835382096427 19.484761300415997 28.672683732917676 7.547476916515862 -10.266587999162091 3.312675874894275 15.584335712434566 -9.70302950219498 
45.407720555903644
-5.066671932294085 -2.9194458744688845 29.822342054641638 41.00606000673956 18.57823445720686 20.793972673455713 44.520567974856206 19.553179282248806 28.165868860191395 -25.082940019679413 49.25420753281696 -23.470132339356365 -0.6704353236722156 -13.711265514537693 49.918215083678646 -25.820105723301467 1.1669480468718163 -23.59846414277278 -3.7240298682321225 43.27394549058418 40.865840567530626 
83.15707448912558
4.041682216923405 -23.503811664656837 32.66228158119495 27.77963038990856 23.299666276667494 9.513660734188612 41.51218675327681 43.50462231790215 -12.910839892477767 43.30819166403616 -8.591152085431084 -14.509110620750867 21.346759176026865 -15.504898323041125 8.454343691518048 9.862611214292507 35.38673126445303 19.122432299267217 -10.406350633503003 43.8688100506551 40.71281382665349 
39.839062741204934
49.34605508034252 -31.144636772819133 -34.80668072521751 16.339482634545405 -1.0807504374844115 3.076515415943895 39.49474295846109 -15.362343853793433 -45.232734036493504 -47.670097558822356 33.15724558785347 31.991812762615666 -43.04581836879338 -7.018885393333839 8.808731369520764 -28.803337706827612 1.6113083707737559 14.15087255965895 44.752534200826545 30.478934661136634 -43.67359879976163 
23.669934627515854
48.52693455334379 33.37677461446226 32.479122059411395 15.863849108991971 47.023075234991666 6.753009538826923 34.33785876613831 -41.68827856583775 -7.63887611116251 -15.513169075925717 -8.841279281623379 -20.569797530926703 -33.03724272532108 -30.591996885234295 5.578352811765143 29.065916062947466 6.121375039982681 26.682183283571987 19.267968337878756 40.23659380203016 -18.140264662461135 
58.12553954117124
5.116779224376721 41.74318343799564 7.977920426667836 48.82131108644042 44.138817246264466 -41.41771383875622 32.932921251221515 34.93056034902675 34.84787356820996 39.920248174171135 -15.445687667381556 14.733818199175673 13.021113495103307 -27.15267918495178 18.588843188656824 13.709936891703109 30.572634035101075 24.212244058696427 1.6800078261020062 18.85292556761874 -46.31586921982313 
52.54477757510897
28.626976783185086 17.447131490077055 -7.609525311595341 47.405611413299226 33.63049449219895 11.165599381780602 -33.50608600766775 34.460153517615225 5.721707241727081 -22.37394201053172 45.98129756879793 31.15477211649936 -40.31690279041577 18.43341652191461 -21.955417589967652 -49.918959110670826 45.50901519148751 15.257258538577972 27.355569785073556 24.945591900989257 1.8165872057839607 
63.63732749565045
11.421720566221772 -22.47978765262576 -28.393972948069813 -32.020489207092595 8.650547219849635 -46.97114550968815 2.382706056703718 10.599402942726691 -46.824031196620744 -23.8647600644331 46.89155321489899 -47.30999455036138 7.550758540448463 20.026813069144296 -34.42226444985218 -14.265284278502556 22.084942294433873 -12.952231387838552 7.375727257474665 28.156213531862633 47.91090083062747 
20.91596989064356
11.542264077086863 -46.1135247988692 -30.218396790597158 7.765574457102396 29.986907468402606 47.06256768291766 -35.84076852385046 26.089197943935858 16.91722310092254 -49.80246626382241 -31.672771038468728 -25.889463430707448 -29.396097496324202 11.945076143664778 -32.9403931251818 37.20032940817423 40.68436299495852 -5.028600916236101 -35.19293976540162 -42.34436882471218 33.66172194018489 
24.467013790031277
13.410305503086903 34.494350893278124 -40.88072318394506 43.47588093572439 8.026794821970483 11.87409409626202 -40.341094652619006 42.48879772777816 47.25771810958466 -38.67368992278828 -41.314902653749876 47.642462857620416 -22.61195698343823 25.203860839710913 41.89460903917973 -15.614837235442415 5.203076095279847 16.572068524508452 -39.3050098735701 -18.3854088631048 -30.97915721800032 
14.230416306635618
8.76354659436106 45.06280609603576 3.3803179869597813 -49.36597011718562 -23.428431441113606 8.097924893451982 19.251400363046017 15.191177536777701 32.93691387891998 13.131566607257206 48.683210674509624 -14.25503442382903 17.53136646883364 -12.534249869221206 -29.516855120184214 -42.99545926241205 -46.24257479399716 3.6823148315481973 41.819873747442 -43.726951434641705 7.5224785555025875 
6.572611766660142
9.569245427509486 24.026694412817648 24.176599562522895 46.12463759458697 -35.22716373285199 -10.268755138832454 -26.75650407275576 29.229352165496167 33.754712753813564 41.739361873910696 18.562382559896932 -8.462510339351837 -29.75730541089159 -25.805821423669773 10.071879188759937 -4.707371162278662 24.26620050807209 43.57156526433063 -37.29472045415879 -21.01411923757025 15.653590723561237 
32.82557475343128
47.729855296694524 20.32207077107857 32.627628879442355 2.058545322736826 -27.648919680737784 25.256772566644173 9.29853291020651 -48.780557306808724 -35.4839783700956 -27.241809982333454 9.779783616098584 32.54097297356901 11.588341199425692 27.467277053581867 -38.797228810078025 28.258095824806247 23.93072188395257 30.574156592509965 33.08197226450308 -47.39243761596117 7.418705636497606 
42.998303295680586
-43.71670192215564 46.19014029534999 32.52335115911072 44.35458981541541 11.273901796680065 5.484222321145452 -18.161771630417732 36.20676124964393 -7.617383659725704 -19.368438152460175 42.78972861216805 -41.245534043776075 -27.52411594857277 -19.427139336879762 -12.242198544313197 6.369468802084732 -49.24508971007297 -3.806960562419448 49.94761084976656 19.291282649236024 -34.694516761489496 
39.34297666374367
-39.909180391411084 36.3118520567852 -8.417282846554905 -1.5634064442960636 -43.58146266731558 16.42360452383606 28.188761850666964 -20.220844921118886 18.33621520853363 26.174599259652197 -7.897737507156755 37.864708876989 2.844078733612996 43.86909847959505 6.944219115893702 -2.4123995210289166 -18.01504502680553 1.7713844264920837 -30.08445494106867 36.64505932164842 -10.535364440576224 
23.115207639795344
25.717565668860786 27.364832562335124 -14.921816959936926 11.990759229864466 -40.932679097717994 33.773950565450306 36.68892578075409 -28.924422372937954 41.3454501806096 -28.068351244453538 1.2450704132059869 -45.304613420390396 31.465111607865907 -30.61840458652666 -41.31774709944652 12.845341726735391 36.22626448903941 -46.96449006654485 15.548538388217438 45.57168688616102 -18.779660459736093 
3.882382526406536
48.80171034075485 -33.49156702909243 29.77616159579506 41.62445778028123 4.466968807429069 -30.616927323588104 14.488748493191466 -7.326775144672851 0.7064217743510497 -48.0499874275776 13.548392955490975 -49.10431837358746 10.340027781011997 -21.92015223334669 12.38820443460601 -37.91686886216748 13.970977007331207 0.6271402734524116 40.09410910863892 -49.67812020983644 21.606713490858084 
75.21895038764343
-40.427980905086855 -42.722869230114924 -41.96986154915845 -31.749160632113583 20.642739769969822 -16.141480896971125 -4.836223680440355 -48.853388749081006 -43.96408730377337 -42.18234706206321 -6.717003585523372 -22.66735454570259 11.680074326717069 0.535133922397236 -17.827366902754825 -41.6029171453916 -45.263254095789485 -18.4134731664628 -26.81533609271536 -8.451194165172979 -4.497829965577495 
80.6337824663631
43.64286484900359 41.76056242686393 -7.398847053322278 22.770674777726967 -23.846368192077506 48.875201480420785 -15.176768038367648 -34.34221536173393 -32.87951981464232 -37.52656574220782 7.502172452860968 -5.385325236823903 41.12295332164045 5.446175614086194 6.51555099285104 25.293865881117767 20.809027012996452 -19.016066298567868 -41.21796149508942 22.643276907355386 5.5633152555967555 
17.0903371073171
44.55966256757176 19.570840915301346 6.4516847893371505 -12.253613834191576 -6.100763348826085 -40.94298171279613 -30.193807402669414 10.496513055601874 47.282826620854664 39.41795370406446 -2.6975136917061135 -3.502852040474579 28.777944904501254 14.004078018051715 36.49515659388061 20.962934374378165 28.96396681635565 33.825990363855524 -27.485247187950034 -10.534665487354154 34.437993532397485 
74.43143732604841
-1.006515612396484 -1.3171764340549004 20.883195614308775 -43.185685108363224 -15.72508995733778 28.971512759209773 47.483479308483666 6.218561727719994 -22.423806694697866 10.519448382128338 -48.105973242479664 -7.593062279298422 19.00977871404909 -25.132553075572105 47.02813003412662 -39.70336644193962 27.23463221049836 -10.776158919410904 -36.40356326439368 -9.179275491180228 38.99548094115882 
22.270026075131256
-34.36442190349956 28.45652737386429 -34.078265610991174 7.048238803934012 -9.81112840487505 -25.93109342075509 15.6960881443662 -0.9574739935538119 26.85263514664804 19.54863768503556 -2.9339244464706056 -24.291581297515165 -41.922662440963734 -5.817009267347693 -8.839887522183233 -12.523705664800467 26.913725918748455 -48.22234755214375 25.182854103373714 49.64803175863865 -14.680309550408275 
2.256212714206274
28.80300678784411 -40.373995332499604 3.194574019215736 -18.204553406998404 -11.59007395079913 34.55805752467167 -14.016736876855958 11.511631308767655 39.90376248419253 40.75160074850008 -43.006701548106186 16.29519125746046 -43.20299496664547 28.104512789181385 9.493946656038197 -37.4019829658055 -2.8562527666296305 40.320057835324945 23.217004022218006 26.809785192862662 -29.82384535975725 
94.81755054012339
-29.945157116609856 24.316655502547064 -28.48409461552074 15.020078475893442 4.552035562478352 13.41779864174675 14.441739306734974 2.0950353009800438 46.21263457729458 -12.017834970088437 -46.0675630401876 -46.75714484998132 12.695994767275167 -11.94002270531739 -39.93212465467152 -30.726230794022126 -44.350217329370366 38.62048805273096 47.85909823713472 45.48202068079796 -15.77036629805302 
23.169480973563395
11.691590858370496 6.72145414583337 35.28065881503876 11.207161146763752 44.304239010879996 30.105921107864745 -36.29320544642274 36.318969474032286 42.589772563932826 46.90254423337623 -18.270196109413593 -34.85100287047311 15.490689011797429 28.95531181393703 -28.45953427106547 6.587655823120109 12.878039021225973 -5.628911923367383 32.27032911352613 -14.787715212598293 -11.461357900104687 
62.2196317128051
-0.7368858168026549 43.351453541162726 -4.740345216005679 46.64370840319532 -8.699290780735481 42.10067174575585 -14.512353015076165 -42.95502657347197 -0.2605755664782734 -46.80064618970682 -42.84736534446593 -37.09418222159485 32.43798511201781 -29.114194524120464 40.98583595290981 -10.67316354030141 -35.09047408979376 -24.320868428570474 -26.9768764834885 32.50423360738969 31.305571069005993 
0.49390317249528026
33.974513018971834 23.140861019758006 8.640893488750613 -16.42445896103083 -34.24677302374502 20.179277007380662 9.093757651429378 -7.5486603482570445 -5.303767760129205 37.264591493259616 -2.733002359843475 -31.57590258006352 0.8713671428275589 -10.010489455282723 -8.0289564297467 -27.90759611316851 -26.645516118765823 -46.75654394880839 -4.609151935426382 6.96357328929804 -17.526673903433363 
84.882212088944
16.42443310758769 -39.56766953240558 -18.246889022729984 4.454038960406173 19.531558654645067 29.230348876501537 24.662086380126127 -36.13725053583524 35.60679732395839 39.90874840550215 44.243610485754076 10.617804507117356 17.19206200743649 33.9977439698947 -2.665409888485513 23.715928563146036 6.769460239172851 12.194649845077535 19.30838271651953 -2.781614382640626 13.926073764154744 
72.26341630484198
-29.85644937992 -42.76750176921745 -35.14191040937451 31.28603227913875 -21.891865354761343 24.275564042871366 -4.017537436311834 44.48800704131742 3.4624344866463517 24.893882347243377 12.350073473313273 20.067317573874192 -48.67852081595804 13.929044021429668 21.105146005742554 -17.71187658780193 -39.818246896843746 41.968299320613 -19.588551690696534 -46.44232914620746 -19.395066214409628 
41.28519917921538
-24.93340088079491 10.286781778565647 37.16476300657476 7.971390828350643 41.451549765169176 17.04136800109491 36.00137162801677 -22.020146393954796 16.513163531793566 8.824470463640353 40.19072527828074 30.44445817756369 -21.846511427020097 -27.714691257520297 -14.374891359215404 2.9102701655310454 -22.299770319479705 23.23390270253239 -48.78616258019831 -29.996523447807387 39.058578914936945 
40.04681737240464
28.951713146492736 19.58945539976986 13.695445241299083 -9.618353353416765 -38.23404553149283 -41.3880509907422 35.78284889438923 32.07485863319732 30.04068040048118 44.57587734964925 17.628054154721355 -21.820303946040376 -28.668747747806567 -31.969184059192134 -38.056237011506475 -9.192227196922744 12.019101271575863 -43.56821164818507 44.56252464173606 8.770158919517712 -25.47907653085737 
80.39843194482953
38.87525545787405 19.970674648816527 -0.84557512248211 19.66320517496004 11.574545999343563 -38.913834326438774 -14.123944232701511 37.89383997786176 18.20924707685515 14.27564637113386 17.844479436144454 23.09471247945038 -33.39243774420693 -26.507901048352945 -23.873200354522496 -26.563595348535518 -3.5982893679909367 21.427826731240003 -7.147173441049539 47.132214233577116 43.687932161148225 
42.206324796158576
18.735974605199374 49.374938432794735 21.28146872846338 -5.35946829796454 0.11763932513040487 -0.6332612792515278 47.076870926723714 36.20951015546446 -29.44478681958296 -43.880519785953744 -4.300195002070282 18.86253788964298 -37.5378467143026 -17.02756109275274 31.937277345360542 -25.6583597687839 35.421783078091494 47.66879817118665 8.359034249936904 -31.079344126862907 -0.46512447962751224 
37.351904980736506
-25.906419900640863 35.29091665209137 -15.47579878700526 15.986786062502844 46.89815810877185 -17.219299878762982 -31.692340243572083 15.481919653269287 46.462718063908724 -3.822402874584874 32.36478508509255 31.180862885349825 -26.68628185000095 -41.87000022983916 -44.54025449961573 -12.587229196189142 44.7344085293998 20.435944878977367 -7.852761853444889 49.43548171167865 -33.206017235183936 
55.484559156581426
7.975928051332119 -15.625738260216217 29.87879058330998 40.697399953485785 -40.58258017784665 15.6539224407896 -35.95541054812873 16.024016115171975 13.286959581952281 22.941529927354082 -19.940415090936924 7.37808477861882 -2.2145875236913213 12.76142139076434 -47.81623092095369 27.357492778578845 -34.719692822188165 -26.2861892553213 -30.46908687809402 48.673794091077255 25.55700544317314 
84.62283109347449
-5.714734380809524 -4.576512365632304 -22.490596961261076 -36.04073916687743 17.09586649019718 12.665573431961484 27.102735980156112 -15.472092826954032 -7.352899000890034 5.726929653812249 29.929498576750376 28.678967914910885 -28.295023152093613 -12.760983834694684 37.79259757551972 26.197329990999634 19.864284409695614 -17.88349773112121 -39.51172971967778 -0.4567137608592944 27.77270413363489 
68.5204078420091
-23.67544825483121 39.262613817302054 -27.21640290995936 -23.694609950227797 37.89926598267711 46.153602917933995 -12.209935695308197 -26.467148423706664 23.2749649251284 -43.826977613582216 29.41860483255445 46.338553624222456 -23.073652400482413 9.082672079481746 14.811524727523022 17.7754727115353 -30.300912031616534 -17.51740334106062 13.902968872221003 -42.79034783673546 -17.492748988624385 
39.14663178551629
42.394294518318105 3.428849108596687 -15.39028450120751 27.470451645847447 -0.4397605554955959 -38.169229616302935 34.04437817781411 -17.638154144632125 34.56813320980174 -11.110201138882367 -24.837864074772533 -2.9525585895456743 5.168210870688974 45.558035864359766 46.19093992347682 -24.960321161380218 13.413797022396409 35.3386248322272 38.37351756429089 25.902321537935762 -35.50400362187585 
92.47627394066036
-32.539396028700935 38.472336592763696 -3.171748668830908 -48.95804249709946 28.20483645935505 -49.159452324418936 -25.808082839619072 -43.354174537431945 2.9887376056118597 -12.337103645911384 14.054794683780983 -20.905676906438885 -13.166528772292644 -47.73117770266913 -49.89963835038396 46.514642643007775 -27.22660567495474 -6.447353907782151 -8.443829938269268 49.3015568424743 13.944614481972152 
65.77851711986217
47.08571621167293 -44.30119756202461 41.72416739557596 -36.80111837655612 26.80884226772281 39.909178716776026 -27.13041184036823 -9.218899539875082 22.441500139415936 -1.6654674312594935 -17.152985784916233 27.356240295081776 -7.403468712445452 19.878880496947232 -42.600779497543904 48.14868876595128 47.96283819232346 32.204918684721335 -40.106789092393456 -0.08525271686057323 39.381149961973364 
17.416213943429415
-31.89960339342096 -36.18715062553213 0.7603759906881891 -22.15561445777594 40.800520942090785 -1.3523355086037867 -11.670758967696216 -14.547353877472567 -28.036099203045694 -19.725216584313532 -12.106205390750127 -33.17591879044588 -21.745248650069414 41.72228754680782 32.57207307116681 -40.21493361511139 44.2116888239609 22.980009210481285 -15.096990437958546 27.421298151884997 18.699770650337285 
9.426795035432068
-10.722505912618452 30.575893937368733 16.09170441060033 -26.489325664729957 -6.6847917119004165 40.87606393168231 26.12415833254238 -14.433702291032624 -29.88830885949931 -27.0830765993038 -22.511625577234273 26.548612977316807 47.20585081789753 26.437991419643183 31.9525711797466 17.98119851162167 -37.331060892149324 7.159986513229519 8.176897936083009 -17.437709090923093 23.891736321145558 
88.40655775979384
47.36999255852791 -37.35900597893228 40.44753387818561 -15.28239164858762 36.54946421686219 -46.8292549802531 38.834280332384154 -16.63208982065626 -0.5930582370177433 0.7666318784928947 43.949952136632675 20.036747403092534 49.641515635717084 -18.862352933546745 29.83113292216366 -9.168673091253886 -22.886173326354587 43.43457193783513 0.48543077986403915 -35.55123566330393 3.2861868061012416 
51.9486306207391
-39.42576581853848 -4.5315396401724755 -0.8474943554012668 -36.884348446890456 -24.74694940551796 42.598722958526366 6.225036711376397 -1.0750196745978684 -1.3475425963015084 14.158502003307206 39.13321729189123 16.601893048162836 -28.716529701104754 -2.842819132833654 -22.996783711467728 28.82684106379476 48.07695793868882 26.04235362525941 -29.974989593151726 -1.2256305660206976 20.81742314882021 
62.51755914115014
-2.5228289041616563 19.899034980768647 41.40736245666628 -11.211007167386768 13.967761886883302 -8.334720916137542 35.699106560467214 13.18224037324429 11.763035688649879 -30.687356787683584 21.55688306910845 49.27708544974685 8.813960355924792 -1.73268958611267 9.362588127415975 -42.45948506511513 44.453800704197235 -8.04453962033935 -31.645450095911954 31.895034911444668 27.728318780158816 
25.543458454818357
-12.01063629935436 -27.2585117237343 36.933429396148256 -2.4755518425377616 49.94261901572516 12.66254290095803 13.173397476489612 6.090409380616691 -46.58483069895837 1.3650967127725195 25.616006854947088 -2.1266734807211876 4.087327618785594 12.376846751522038 11.609328386566943 -27.091395039158083 -14.635801819937157 -44.405669652845184 10.938078538151487 -28.431597107086894 -20.518905493807182 
16.98672648652064
20.235781035589156 26.732127588987936 -4.411181907630926 -0.40818718669544296 -9.067737908169882 37.605789004652905 -7.8856988673469885 -41.60257459003108 -17.89572628528223 -39.62847097007123 -48.50704425768841 5.7838506471366316 -41.789689306074365 15.243109370332945 -23.2052077996453 13.90960468965261 -9.070994675958389 29.52270256032108 31.81722484163525 -44.24493602752084 -15.816287354297017 
21.898850467161846
38.893181311052246 7.4954557280265774 -8.075747444660898 -15.505019495274496 -18.036030044298645 -18.54323728352535 39.349955523298846 -13.927552161277433 36.39213702833949 21.115092998386203 -10.003451170229681 2.311506922403886 -38.459701149710554 -32.5678549753287 23.47261188612353 -22.761737597736875 47.31772969901648 49.27636082716819 1.6196859444572311 33.63508011354136 1.6972866921580945 
9.761479855131228
4.483324935240894 -20.33345008379127 2.630992770671945 -44.958841826556515 11.720733236399703 3.97254673734696 14.843428540713205 -47.569619030884525 -10.066137705651123 -37.875442259323066 -10.342184537770805 10.681451394303373 21.90514576506628 33.610877390730636 24.31049740693183 46.82430673052434 -20.173671027526886 20.410880416074846 -43.864714493150615 -18.81196491122371 1.349119814262444 
15.738076220525787
6.54990592357364 5.05239069647854 -25.35031094545551 -5.323813414123457 -30.04738851007297 33.835231125543714 -23.31269180719141 17.202019400226646 -36.56227631257828 42.803766468484255 37.450708785657255 -11.516548976166419 14.664757657674386 -17.995404367152346 22.22402308724992 -8.63965103282267 -32.733547957124856 32.43946421941939 33.76744302803006 -8.439196453340926 25.856899112346312 
46.470803939290576
36.79603820107258 17.47457422065264 46.001698681880114 12.023044600958187 -1.7465976566175527 33.200154649470065 -1.562157064411032 42.35280932095196 18.615151461260808 6.101475139270754 1.3818694757415173 20.99307203358734 1.8205159742269643 18.254662706370937 19.94051645044162 24.933413506026184 -25.581416481175523 34.93494884230701 -22.561006163230545 8.180558066102208 18.12901978115042 
72.6882346109592
9.907670398648818 -47.449636581142705 24.255380029654418 4.5514226106133435 22.018834552915436 -17.125497116231593 13.252392605223172 -49.36986561510881 -29.559087600084332 49.762112859633305 -11.763085450981379 28.5119513949126 8.878366355856116 4.638655966282222 7.345463407087806 -20.11214040820757 -22.008815057849397 -21.008628202745694 -33.420366050975346 47.274134503043285 12.938795772362901 
82.58262173954131
-17.856176172263673 47.87136977040487 -28.531158732710725 -46.15045155597549 49.26816628916103 -19.63303284125023 -43.72778528494577 -20.2095620721185 33.122657346656865 -45.1181531591764 16.751401364247798 -47.654756702472866 16.666909952443305 -43.718236141232445 -32.59998806640514 43.60975170573313 -9.8568780824669 -13.281940968272075 -47.33282801902092 -36.82011532788684 17.40823366303222 
34.53226400539249
21.48119364202546 7.504702728901371 -44.58559007683586 -16.446507363759522 48.532780829683986 23.333653729492084 34.8854173737207 -40.66294400377481 -46.031291613977196 35.175679122616856 32.599590292291865 7.037343260886594 28.322830503834865 30.14482652881648 -21.321541576249615 9.37743248345383 -34.6880807298648 2.649013038252214 45.8933975981965 -17.427465399421948 41.549727496469586 
86.08563863743933
-37.759153121677315 33.08382863058603 -40.716646373477985 39.03979750206972 -27.099944154587906 18.723833307293532 -14.06813721885083 -40.56219198162559 -46.824526061657856 -16.096072978271813 -17.492179653880115 -28.309097656233405 40.13927866762299 30.709242141483088 11.928223931953397 -30.929156657677392 7.427755725073013 -4.994401812341131 -42.2279266174617 -3.6086417378037865 -44.9914372996429 
69.92775711020425
-35.782381030802554 26.526262264423337 23.724144523886054 -42.132241831379815 28.693101963852428 18.377187561089855 -26.970077442940443 -13.52337168729234 40.20057179067648 -6.389150951231656 -20.415908834675413 -5.787681216403804 -41.67681793582977 34.81785582756358 24.20915362478243 -23.388757765023406 -29.397926899588267 38.70204851368874 35.23365521458291 -14.269708090565118 49.269844921005856 
4.4914193609445485
47.33577930371237 -7.899220629958826 -47.7467257381471 -0.03132887060597511 16.748825902567916 -48.94474750315296 -22.09116617959873 -24.648461100588705 6.051800944268656 13.432707536101141 -11.869741931379565 -11.290015365709294 14.75671098156009 -15.562813391090458 -39.73177196737204 -34.31054990179882 -14.482642812896572 13.819323628864723 14.72803271932959 41.016349865223276 -39.97727129072371 
45.56995975648716
-7.83818370371845 19.594039700195992 -6.498551042302395 -34.04061295619786 21.847828600341003 -49.04548434395725 -37.74812702744236 15.02543554149048 31.149869676336834 -17.586865011025523 14.725830115361916 -31.49197751300773 -5.1241237995235025 43.48068654131997 23.432257535000687 -45.252575996970435 12.905440152401646 -33.080858690960795 -7.7098045785797495 44.20798979949964 34.631749976951426 
20.284505686756805
-37.951003246232276 38.05856641836124 19.564290804311412 5.882150889526095 35.006788923184814 -13.364533523536537 34.864412538136264 36.767083919448126 9.496572870540554 38.633286034799454 42.63659363705777 11.753649560465405 -25.527421425396447 -42.486543847944624 22.47411027256655 -6.6438475405035575 -34.98217305693451 -7.110068398945522 8.058525499108946 39.16394087261202 20.70708368234409 
11.545933713758572
-9.461799599424673 49.3615380264153 20.497679563828612 -24.744779922629856 -44.038120490336226 -29.06358802526029 -9.815990806166553 -49.27412019479783 -20.780932716510293 -7.425979214511877 -8.560298704026337 -49.245855118997596 -7.260178296160923 -26.678213163550634 5.084814394211321 35.07032804699085 -15.36774509457652 22.810731339209354 15.453691872123699 44.3784210286795 -42.01309043372588 
41.15544721196033
-12.397685850638794 1.7355114245958134 0.75290109197568 32.61021502925769 4.582362009186944 -8.313359761890538 -26.10849560267383 -21.358992088872007 -1.8775470720355045 -30.534712947898214 24.438668181150376 -6.719737615342247 -37.20476558350151 -39.910774023373186 -30.34129166155617 -13.536794833526699 -8.887595871019705 30.32592352570215 -21.352792717966295 29.501667509192856 4.977933101242449 
5.271341402476615
-1.4580695662558298 -49.06672055293936 -12.456940303368313 -44.319613882688984 33.926366482762774 -9.309000912378075 38.74494253077711 -47.79314565706926 -9.938758388355431 -44.130054964377386 -12.325912863782577 -31.64472966764813 33.25520771047057 -47.6744489808303 -4.596017340991864 15.216483197470353 4.986595396426949 -37.080922199121886 -26.970343089209138 7.953467673085498 -49.6860162548452 
55.433555122669006
21.400117884277208 -3.4767191906484385 -14.335916080659672 31.01525594975159 -28.607028116516766 41.26570444578192 36.26119745962542 17.452823666882395 -33.43226522995985 27.75853027489822 19.263338076615725 -29.31174237570815 -16.352288528731954 -5.265887296036844 35.095861259866126 -27.33910253514058 30.518492439698832 43.871226870174496 -43.47581298523879 3.9176776951462173 -3.705469629417678 
60.920885504112455
-27.316907045932524 25.37988591230814 -46.50660089668741 3.894235710600036 -46.41929558303757 25.238738559124258 28.470738676704556 -44.06477302491712 49.52117124007374 24.159062042850437 -36.99288807796934 -1.9797252637554408 29.440797749149667 -15.197530041305882 -12.698734740655901 29.77163969184606 -7.671856918924647 -9.861619646312057 12.612615903145574 -44.55917767588031 -43.300596880494204 
89.09333933646761
30.409052823025533 -43.48725132105666 44.52617693980454 -42.20397705714242 -25.88563512449391 -7.5988882138086 28.063485868401557 40.007490606182344 -40.586994858825605 -43.65027236892033 0.701716143105493 11.283102223526676 -30.441948585939727 -35.075708062136236 -33.733097162990056 -42.00529212903442 -6.758394164776874 26.37348867826161 15.11959877998801 -25.451346676345498 -45.67488963004885 
65.65790929013457
-30.046699645445972 -40.032793908966546 -4.90966857718179 -17.91025177842245 39.36925577450667 38.458031770483274 -12.339918103257844 29.29584543941172 13.105155301446338 -12.321590809963766 -48.149004857217456 36.61109067894439 -30.778881481154173 33.10783988243081 -48.04103976412123 36.0287974079081 40.59705952752604 7.274821327493072 29.841128634694684 19.47916427360225 5.771343982661939 
28.54051460418313
7.146644466208485 27.476456115286837 27.45143768409656 25.724110848333865 -44.3384448829255 -37.929881961305256 -39.04698970925262 -27.938294577034295 -8.528347501605552 -25.445500208260462 -5.625255640268257 -5.177452345279491 -3.989755994298527 1.5364417378645996 -37.5081190006874 -4.636458425821154 5.046169070503396 -38.27047154409519 -2.847674636853249 48.48490680564258 35.28060583146164 
30.23826795631188
38.384884357427964 49.65695964268542 37.45958679042879 -22.884937026667785 32.48004045210776 44.019976854285545 -25.227692286505555 42.61733904043807 -14.020593471019637 -47.98383530909571 25.793674311365052 22.861723643028213 27.81078094267066 3.094767102215002 2.34280475488076 -43.533296644070305 -44.268436311862516 -48.86161515587325 -45.63254605498636 35.29473790482122 7.793998124174294 
23.090594748684488
6.32763110879808 10.54929660374706 4.721531847107052 45.722037912751006 32.53996526704604 29.251877958979094 -45.113618870315086 -45.445896354198936 32.5576393768618 -34.48147592712246 0.004094113777597386 13.666426023426403 11.899002234911208 6.074963734713293 6.711802422491331 -34.553584245576374 8.301273065771895 -39.90603395829325 -23.127489684939828 -14.70391198532657 29.16396535478343 
39.70806254638338
-42.251347587987624 37.89347073681856 -18.03996978339677 -0.5546591666816951 -17.88614398246939 18.812930784377627 -13.86906048546198 -19.644511163460663 -42.07730746441305 -31.859260865271565 -47.6547948319667 -22.262151518366412 -42.66607976502775 -38.82071053870916 2.988160626234837 40.152762911763816 25.68355055468217 -34.58461680467014 -13.635928216748091 11.792000456437847 42.42982748087046 
52.634992139396566
6.329934756338837 -49.69638655599974 18.142988147048527 -29.6009678327153 48.94360776783341 -12.188911048415406 4.288478670865345 -41.948397855927375 38.197194493841664 4.136187858735482 25.85305038725383 39.01426475581211 -5.980110119296199 48.12941236029553 20.788953436413806 33.326933685475296 -2.5272251390349467 25.53156059812875 -15.197752686307219 12.227943952302148 -9.578700846440022 
19.934359032841698
-24.813013018880948 -39.97701369906973 49.95955998899703 27.177695184817665 23.207863018400886 17.574521514314185 -18.526369096855166 12.915515859413262 40.95965137499182 6.450403627509068 -31.530383608445323 48.10196423059597 -14.317450836708133 -26.897565785319 2.155277708999982 37.793886637128125 -37.8116195048667 -1.597410759410586 -10.747567979672112 34.93535276831291 2.3532871832765068 
39.44673074224576
2.6305644948802183 22.684368137535344 -40.44157097997321 7.742612666726359 -3.909607418183235 -43.63850997061728 -4.489100823318161 -9.26896725349905 -48.010602819070705 29.24460534140843 17.05293076296043 -7.953980319818811 -31.610376014127716 -34.796388051546025 41.36817162686124 0.001972633946891733 21.021325651484574 -4.436652319847433 29.419647496825974 -6.497320753623114 -45.40568324166647 
97.60258238129211
29.504768230123787 -40.10077423545779 -32.14783612084129 -42.25856852408913 15.48855492936437 30.280776006220506 -42.74733796637111 23.739120765966334 -12.422982419442754 -15.735734500039499 -24.728725344411195 27.118508184519698 27.41838752848365 38.55610674159372 41.062530605854164 -10.446673784566805 -36.12926067911392 -38.609037522684005 13.5776595343264 -24.90134072038258 10.950250858758814 
98.40977108950021
0.2249985771626939 13.914652477130737 -14.724809215351463 -45.37885163556624 27.77297857259451 2.528016636998572 -3.253547813996313 1.7973918483711202 46.43387119854803 30.695442374126856 33.25629550366 -29.01171143287289 -27.070404971156503 -4.422510230559439 27.89265875608217 45.79301102337212 3.829324088073669 -9.798843953131865 5.407269133659355 -6.387634481893635 46.56182399207006 
45.08376421963646
-46.358500512879615 -40.68925296467706 22.24375903239175 -40.589593174520665 -44.84526660841017 -1.4508911776572688 -8.171534056271753 31.301673206519354 44.4757604594803 -3.492619153243112 45.06804049526332 -14.522055732933822 27.198516258855875 1.796699965543759 -29.605242710461287 1.0210613840699665 8.569281747017541 -44.93104580544306 -6.933783255555525 -38.04630553731877 31.263182105349543 
57.16306476376427
28.78187474138005 -10.99870876333322 14.723679896952177 2.5845514079860834 -49.533167138935916 -37.82900508676854 21.739474342368766 -49.30309415227497 7.032129311858334 -39.32351659707756 -48.140967340860804 19.210342786142434 -35.34098967662672 29.257145254858045 -24.20622986142439 -37.61445112821393 -36.482067587499586 -21.91535035229586 -19.86336686426773 39.827039406972716 -4.178634588736273 
87.21938356591895
-12.476323092005515 -9.177205770775977 14.72270334577992 15.973825420501058 -46.20803887210146 3.8938917311132215 -22.188083463481522 -37.44054501535369 20.737903631811065 -38.45016619234279 13.821819308372994 -19.961689199053335 20.755981085751813 46.202343874730545 -23.352877964407625 30.86983692106766 -12.061493824408402 -35.22758064913856 16.891745158356002 -45.76180244982564 29.142883890781818 
36.73246026841226
-42.101884171558964 27.864803238482267 48.08367468141212 -6.842661764469916 10.57545225938091 29.15523667957622 -4.317574164627594 2.8152656335440867 -0.6676452491729421 -10.700585215118721 40.70914804041398 -24.588598144327335 0.03227036006335027 -11.661766058602055 16.17496638246668 -8.195869360557374 10.12870100519725 9.229583631874462 -1.01360404187281 -23.654001302084605 -18.999717433323205 
4.591061180352418
23.047324542359846 -42.54169978574481 42.99416322331389 31.066315537847302 9.295699066619534 -40.869619207447094 44.79940066186566 23.156422521911125 20.08760834879969 -21.758296421581914 10.51033225172123 10.87728022808561 9.8922519495936 30.436791502969044 -9.896777368168216 33.74849835418479 49.437117154807694 40.74018991234256 42.03770311573348 -32.61119120681502 46.2433845167611 
64.18057577112793
40.307847652668244 -41.612418507863715 -29.082559316979317 46.400278808229956 42.50598707330889 -41.85853741692437 25.61508694331934 24.558362155301438 -9.67430846129146 6.989857538301628 -41.229097020260426 24.792582083672215 39.41851208223882 46.25229003431568 38.48589412278196 34.08749130534716 31.632526332338415 -22.334573307573248 45.89245062056912 11.603000263042397 29.398872961486987 
97.23689569141548
39.366311123698694 -42.65022500370358 29.39578331284858 3.6777003977443243 -29.368874878803098 -25.445171302352364 -39.392045842976366 -29.655543513702366 4.601863165664312 -3.8572672015815144 -49.48770830523076 -25.982694905972913 6.2392360375304605 -4.535098782434822 12.359420082822645 -6.141210579912183 9.737929998467898 16.74141211120393 -33.616426495406856 29.543610818922858 -21.952623056084853 
91.63688765968244
-41.73817797560161 38.81861986744411 -5.9755406243466 -45.02604720446345 -20.74320536430354 -38.35298679758273 -1.5566208330320492 -15.205120129615743 24.215442652582325 30.610161353142345 4.638703860123464 -30.186028415883428 45.95953652878953 -34.61490669854821 -25.266646340611643 -49.23962566823048 -22.40798702118679 -37.11486707567444 38.204104710321744 -8.807070260421654 -2.1435316388606864 
74.04577264367263
-30.037055051453965 8.07580612640821 8.925395232492441 3.2573391242380225 22.183429086664603 32.735603098791046 -19.143909102581922 27.09060208344073 21.776902095664468 28.777722272953184 -7.558613391753667 5.230946886490685 3.724320834602544 -34.87824386703343 -35.704359918941165 48.431307054485075 49.39511369720043 -20.477251597440294 36.75476642091094 15.813568709459261 38.535346497066016 
20.77717119955964
-7.467714988872984 36.99268982436858 3.78321856976104 26.26947033603993 -37.93830532257657 -6.73270835473194 -2.6292964818013473 25.597157712384274 -21.931232756824237 -3.4849402360774633 41.095926484170846 -39.28067134764941 -34.84440273057709 -25.54923630186481 32.701674526306874 -21.594366453655155 -39.958424919098945 -43.45072638963268 24.47115835485691 -18.28031270358148 -41.405326637107244 
6.20547940170627
-26.84699714643277 23.85295034186356 -23.10020541834251 -38.40247082987275 -15.746838143151962 -10.16781301711088 -4.650877809313933 -19.760630535370282 38.28226051443367 -10.544447209771413 27.102764470263622 30.35304733917961 -8.277324631289162 -21.730502494855408 15.256244940834307 35.96083848917509 -8.719636316281452 -17.51939443301638 16.664644646661316 -38.00826552206064 26.41233719191257 
78.40360280297715
-25.388471367764474 20.71636086755379 -27.828628283659597 -32.62127059641105 17.37404559842554 -8.5310049637514 42.085383887668726 43.04875748517968 45.22384457382181 21.88477066510511 -20.910347520919046 -30.532056543369855 -15.483178301833753 20.77478870064637 -38.54416159294433 -24.277789337521728 -5.737133936371123 10.281356340064761 -9.78740600523038 25.57196068021092 7.93017048141278 
28.100050550481637
-45.271748027985794 39.08584696293984 -18.773122588055745 -40.67507930400488 43.92693548348319 27.315957947721984 -4.783847939106835 -18.132368175019508 -17.964831654472682 0.7718562314985462 33.359040946995876 29.420864017471914 19.806874704379368 27.782926650429246 10.942755126579286 11.580859671262267 4.850409466327157 -0.20442939013655348 -14.159703677467995 -17.98650227623576 -12.017928378590796 
57.23376351703449
20.660642313862084 12.442848888500016 -3.5436824411982144 41.75857081269608 -1.9130240779106202 12.760645746044986 19.47366580845032 18.594193225548366 13.563694683705165 -14.300309884747819 6.543084730953119 -43.95478852780841 -17.518697516338086 18.283697004442573 -24.923568657603845 -41.58833458470633 2.6214679805732146 41.660643749870175 -39.98172835653596 23.215677052706567 6.862862425321815 
85.94621610936126
15.36521714712326 33.98535119799136 26.011716919828572 17.34845287513832 -4.895323189893432 5.798692130535443 -42.89081253210745 21.1142525665812 -0.5962533820175864 22.37235420859915 -1.3189244165233447 -14.267079876730229 -29.19536051390249 40.687019147162104 -28.86642992727785 -48.64854513449275 -35.266019630910364 41.97327247072596 -12.137950569104916 8.500849086428019 -1.1910600601922638 
26.338862215682155
-19.371736082892244 -27.997871014980223 6.22407346475363 -17.599770157417673 11.374427119995104 9.315495953955612 -20.07160428934931 -37.01169214645141 21.881139046065528 22.615357382051158 -3.646860827045529 -36.66950083781286 -17.46077184262701 -30.481353862417247 -49.87370842847583 29.067913025697237 1.993969000028848 8.663314272050947 14.510887110054753 18.048847033661247 -49.466645077397274 
23.22843697888163
-33.77023808480128 2.0466004284693824 31.83044414408471 8.006891031289356 -22.109727436205716 22.38173950966423 10.013007715757169 -46.21392368203227 -13.60174342249605 -43.114074050153846 -37.977946519397165 26.561759334523074 -8.448690944690071 14.726487202798381 -21.165950000239608 18.504528098824167 25.42720807164828 0.31791325414086913 -16.64004922244925 42.618000014076486 -39.765871971890085 
27.87851750981012
-32.30258547584501 -46.32763678097604 -10.034968008418723 24.147524151954414 -22.099080272798577 4.266427489036431 29.49944443026631 -21.640149753761083 -9.452325828047826 36.76584307393624 23.72157781367615 -14.21706935372481 32.11560537653261 -30.615280875838135 48.7745366646711 -16.048078092965724 -10.447077394613558 7.822372163372194 17.74616856016418 -0.8033255481357173 48.40706619432174 
52.63648756284556
-26.11714279468964 5.135884769681034 -26.505915173047466 -23.07152412733413 -34.146661642040385 44.52087615351728 16.32785499442899 -31.063584920516295 -48.36456176624393 31.14349252774076 -6.608250167575534 -30.224620553557223 -29.72560481956352 29.479595446562143 29.823674884633306 -12.16540231865455 -45.937839834943496 -43.67827674173452 4.198710292284957 38.235364383639066 27.612955803756464 
10.861477058036828
-38.168206126401586 38.27316063582764 -45.13895034760117 17.514228314191755 -13.61372612888259 -12.088023963149844 -49.81745773265166 9.235799438125113 32.56231273410731 28.16835797323793 -34.356267690804756 -11.837235349306255 26.252522925749915 -0.3827450807189905 2.8043995361253025 -24.884929493951034 32.79041834613598 -31.728784594182567 -25.44486702278126 -0.1682792167129108 -21.21940759289046 
96.72908710906091
-39.85637858113381 -10.232741517268053 -11.512241903901277 14.759855452398057 -45.154423653412266 -13.14113964095047 -38.124843137319964 35.38179633530487 14.661764556914918 8.880835622044316 -21.87897044212609 -29.983341168220534 35.97341279372229 -25.16458336445003 -44.19481481134993 19.44313050515504 -9.735995989988822 -17.71430469420372 38.94595753978811 -43.95665645525008 -45.183726185702525 
8.618644712516543
6.6811398725417845 -32.76925933073166 41.71902440950991 7.933138940741614 23.624740057180432 -0.03287460640892448 29.569105014116076 40.579995358215754 -42.205284116747876 -18.07871642169997 44.929732243299185 3.3379938678159036 -6.504892252423765 -3.9089459750223483 23.90708774044907 24.791974807263998 -42.35074353878077 2.605286806042592 8.132907991810036 -47.31397778597294 -40.18087477324961 
83.9416725988931
-6.008424289917691 -12.143118061008494 18.5089610822142 37.94088300485372 -40.894032129011535 12.809742246924912 9.339851335560844 6.767116776155746 35.897179323301316 -27.91949714070042 24.295028062876682 9.359544073394119 -11.541100487614962 -13.76421434577729 -24.526015459341576 39.93877505014429 -23.96188119535363 -28.306113505152496 11.656843356204526 5.776952349689466 -45.91045046812926 
44.50690113262643
41.46861714447613 3.709632820840234 -27.82804274701376 7.826374354767417 -26.953669562032236 -23.237886467494995 -23.11964064536891 9.981743354664005 -13.149767236757228 -0.21755466642468946 17.558868269355102 12.932946228924905 -44.37638022908551 16.117850679221277 -17.285321180826507 29.315585264718607 13.494061042669145 36.140837293685806 -34.14546193076976 -29.620950237483246 -45.17787630952481 
62.82580260965116
-29.10921552461996 -3.174952675483752 12.64191885464524 29.596473534403984 19.31483067066314 -20.113974405086076 26.4011699834263 -28.690954052581098 14.011738804863484 10.939989854910756 -40.8033413498806 0.5054186657558404 47.89035406290232 44.54024906388338 -34.18568944939996 27.96546636351563 19.429182260929565 -28.054313318867674 44.62136587748475 49.106799534414876 31.789037320469134 
50.06912027966421
28.721423407372527 15.925013899871203 7.319230864248574 -45.78158196729617 -15.228599935388296 27.936935360939174 45.08485880249934 32.087022824974056 -8.52726590122802 -45.0160432383141 -14.531438434215602 11.157577808391359 -36.012561389812646 49.77199797533531 22.950831677020886 -47.98561487940498 -24.60709615979657 -31.330738249160383 25.84883501628414 46.017454764077115 1.777621607790877 
45.55238713394364
-19.90561383507705 27.372947576279856 -16.306727537329436 -44.613774585123586 -26.942430008626893 6.84179539990776 -46.5830663484342 11.741906435388735 -27.026728120377886 -12.839601376107822 24.840405708665358 -34.39751666117571 39.703603465338986 -11.295740324167248 -19.208041055120706 11.574885330512267 23.370104010961185 48.00745518537292 21.209081896263996 -37.97847611047782 -31.184754632756306 
1.4579287408918118
-45.18089978771218 19.64436329141232 45.90366853370821 31.82055141750496 26.84779224673545 -35.3011713756925 -31.65072532156642 -13.803033880388817 -24.23556873618814 24.284461517939164 47.05512583541011 -29.386737304925603 3.184959183600988 8.053750027517161 47.87888217979622 -11.366446457093083 22.79327445689728 27.200075383106622 -11.712763860392563 19.22954299272341 26.503911880722214 
11.73029870554524
12.5387012924282 22.59323937469972 -30.922360622546886 4.796997349549805 30.834718552016326 21.661961486679843 26.01482113218144 -7.740102195211939 -5.694963954647811 -18.168165022257334 23.789651983304594 20.665613244243204 4.743882751903364 1.6680217520650444 -23.648345571784013 -32.520716511257646 25.689425378773677 -16.623066360068627 -12.690903624651995 -46.328717631331926 -30.260349628334016 
23.38770392842331
-6.677677237410265 30.656656177245168 -14.076341968077877 -49.40274032477038 30.97318130341074 31.10453017553965 -39.501894168097905 -7.334650262980567 6.740118053624535 -3.7208034359303284 -25.285635442020304 -30.797117167597154 37.69668411948372 -18.655809933684488 33.90266312760106 -5.220974492858723 9.164582156894163 44.4551099754526 -6.354667247360823 24.379488489357215 -35.20942987077371 
95.48659845367963
-39.13796472860239 -10.719526590800818 4.379910077094074 15.883260186645117 40.30562311990391 -47.74019045320772 15.307228878540016 12.39398932897798 30.268063832256374 7.648791267265352 4.439046983541019 34.34359127679156 45.221664189284354 -36.06467667282794 29.24043948221437 -33.38480975637368 -42.32841292010995 24.460945933438865 49.10156897082844 8.661397894169788 6.671424424571505 
75.2113767621929
30.908207276499084 -36.36822735001164 16.25444366135605 -2.217729717565952 46.49348854264068 -8.901376114353674 3.458774228174498 0.308826038417898 -6.1534198226842705 -28.117243724428963 32.6757418913605 -0.5199519362802079 -41.18288575167111 -5.8747376716331985 -9.273806359210454 -7.28465272126644 9.542575850092263 46.0210107902799 15.37052809055983 31.16332698385291 -18.060910195967594 
42.52402574166396
8.883923594167875 41.38953199644652 -28.665647340150624 20.854458165872032 7.878960956588735 46.45205904092661 -7.315285439199869 -37.218614405763816 -39.2662814480756 -44.4791275093298 9.806727940373918 40.42523314345242 -15.215857461560155 25.278744991622077 -37.333295820891344 36.71811188661721 36.86526933889033 -3.9511932008265305 41.010196667675956 -38.320104477603564 32.83670609340187 
20.92563503412648
-37.52351035305871 -28.687553058280702 -5.596509498203773 37.14390528054142 13.831560782087251 -2.8161639596747676 -15.155695308341286 25.500678233624868 5.06620083483751 -38.33096997263288 19.1847387666147 -34.145666575908436 -32.15572171422782 -13.667007345683537 -1.095892446721166 24.555310771589916 2.1494304899030467 49.08668682703704 26.440124897852712 3.120748210259414 37.96669674924733 
59.516012287454515
0.5564517079878186 36.547210725526085 32.448952429338235 1.178232420215764 -19.935973496684266 -45.63730071003811 -32.74374721346753 -15.320025894155329 30.43774478658233 -42.14885105153064 45.61945183751381 -34.004588525652466 35.54592907190525 22.839709441987836 14.167799897354925 10.752802684673021 -34.98922377986652 -40.9789355000431 -49.32654441674509 27.112053529268508 36.64372737488759 
93.99012867372375
-34.39584258809888 47.37549532407493 2.9505423415921754 3.006483021897168 -37.261443030792606 11.618657228122572 20.87659589174406 23.950899916419402 -7.9129652591014334 45.39728516787149 34.76370317786768 -18.973588273538887 6.97405204943157 27.9814240061864 13.915583487840408 -9.538652183363418 6.376428881928341 -32.413119967844125 38.219820385417265 36.803813743205765 3.475143766916446 
85.71896179712098
17.950010457645007 -10.645857268811156 11.866642679229123 -35.987125990126586 -32.827520038684895 -25.136170979836436 -18.007199500220995 -26.150291674658522 24.107856688346487 -15.163458258539265 -47.91295809553995 -8.453509615171647 26.348438006967342 -26.401187511387867 0.29742303266755243 0.0632595262938338 4.008191490452042 46.76502079645333 -2.364345302741711 -8.060250804029003 49.682901372080266 
98.8033633917804
-34.98555247967303 17.568671289781648 -39.47616093437656 33.116472071076345 31.873782842064514 -32.067784249775784 24.7790807109904 38.38244852470228 -21.24002934043866 -8.42708961762333 42.83235623536427 0.859032220259806 21.709706813368342 21.83942118952848 31.070143425182565 3.935731445654966 -37.595438855603135 -17.657448198678814 -44.16653053784254 3.4257014593022745 -15.200367540836346 
96.07610321472598
-15.738333973856065 -30.078738184600894 26.293390559338135 46.80184551683301 19.011103666021214 -42.00611453880393 -10.505996276925359 -19.93260094984367 4.632748410108725 46.101634689483745 -10.74925577754955 -14.379707676469081 -45.1819089915043 -9.226058229749746 48.85728978686576 -26.998918617886424 -48.22612159702926 3.975734431756109 -30.802876635742315 37.74284505236879 11.661737595570088 
43.509914131757675
-4.910602889171521 16.87400437276594 -6.660293168255734 2.899215542648548 -5.793000100753908 49.31586368792516 -48.431677884540505 49.395534201853025 45.676809538351264 39.28584675739785 0.39482222590847726 -13.403189516533175 7.835367375680434 -31.03806457296968 -42.395306813129906 11.608622628301745 -2.3984146645174675 -29.56669502952768 -13.06931683015825 -4.230377994341751 -32.45877091826485 
96.35672622153855
41.13505955022991 42.66705017769549 10.93636425068243 23.757846405173268 36.13180709543596 -32.499485346799894 -39.963880045011024 36.06091598164082 -46.008889179740805 47.809335020439406 -31.846552844593845 -45.29984287452577 -19.030640620006334 17.16070557761607 -17.614176610146394 33.56042794095126 35.633606890783085 -39.39697581698015 20.476151269604742 -12.9856006492005 31.700257184717827 
73.52072670323173
-37.30664201669897 -4.531994895179345 -49.616480679077455 -36.015996920778605 -42.399506152968954 21.095403346569412 -32.15009119790297 -37.231160244274584 19.191415430027575 20.839304795033243 -5.199081327079448 -45.070194121082366 -37.884606831666204 -36.22806041192376 37.25673796522466 -37.85994243486602 -18.427671667290156 -4.4433858687701075 -19.710351337570053 -14.029886905586054 34.94944791246617 
94.01916528360198
29.756578869626054 -31.141125236946554 23.38372604169038 26.73332095436905 21.005987797042863 41.73752329907005 3.1724859895659208 4.043385908817967 18.085115947548218 -44.90114244009621 -20.682022593683758 19.09225569855579 -17.85062710849951 33.761722028245316 46.479947631123665 -19.807724242732284 -16.423573421861946 4.6621949769398725 46.223562906048954 -29.72896351862423 -31.28666627364297 
71.71020555781041
3.688267743564545 13.14363035868962 -30.76415973845954 -47.91764846687715 -8.333503349747595 -12.99244696436753 -40.22523535245708 -5.721364328389711 45.569373730065635 -48.17415680124556 27.765147853426484 -30.14706953294318 18.869919108093995 49.158685244779136 18.39963543494322 -32.0659982604262 25.35240939749633 40.52316394575517 -42.88164572858453 24.48590016009173 -38.14000776666392 
23.505407551163472
32.24329927493275 -13.286319626041767 43.22081381929087 3.618922422185669 41.166059678907146 47.10226974399781 9.646217100395106 -45.70260786428829 -35.076513991118965 31.28352651711407 -13.86707834950537 -32.57019392587415 38.0466215795946 -10.741619284584544 -16.73570843965765 -17.50974754758481 23.244149668439306 -29.54186832319956 29.29412510388454 -16.415676232636123 -16.217807486071344 
9.710904265776122
14.509663050952398 -29.371487550901843 -29.651745255667795 13.386349634823837 10.608814002295006 43.39859060183079 3.7377865358627673 -37.176305987436976 0.18985458139624 35.32747360521 39.877642632318626 45.60525142206228 14.440151252385164 -2.297452053173423 49.50149672829721 -15.680396042825528 30.72373616202033 14.307083744572552 31.218106661469477 -42.83440576057135 26.005848745972585 
71.56975115343907
3.763956585848682 -4.919595781076488 16.91583087567949 19.930917914006358 -9.09219551755995 -3.968045058035699 42.73804648271121 -11.596163088539832 20.77521148178974 -31.30208445369249 -36.26620268631541 -43.79657628545943 10.287111633968593 4.960656724042131 -46.064564666677576 42.83482878423325 -5.042892796112774 33.479492919907145 -35.08277697862562 -48.82145340846321 -5.531934818153516 
75.05859119409662
25.035729962447192 -13.121648089457281 -24.75068814290561 4.610977012874407 17.245822247598596 -18.267159468226257 -17.298492045885695 -25.773927327501735 47.836644996315684 18.81093403343101 -32.232883884213614 -32.81975543157315 -21.704801279846052 -7.343782328215795 25.22006513039345 33.686867879183495 42.99346530808262 -10.78551305814581 -5.650886032608845 5.764469754785452 16.508270466750176 
87.01345791171012
46.635073394862786 0.8084834554191289 26.121362760966733 -36.35689847336442 -0.42708138413988195 1.2842506537730642 27.41050026721254 -10.270426820619107 -49.03440931450069 -8.584110495958882 -26.169432581621688 6.365291514822012 23.81699706037888 40.827686866478686 14.797056323646103 11.35219586765448 48.377619415079636 -0.19825405367252813 -48.97746263446589 24.634788536521597 -15.053203355785747 
61.147557176798074
-39.28000020438952 -36.055926576260724 8.711642139296806 49.63631658536764 -14.224774534010976 37.94303476419867 36.20324336380716 -28.465269805086123 33.10367221580421 6.058840848710766 -28.123368395246573 -6.0198496599247235 3.145587942642038 -38.293508575276135 -7.128224452746778 26.770904022403414 4.816366767320325 18.753140419953624 -29.811378513801003 47.60266760104889 -45.782537836090164 
69.84187887677462
45.31000535826753 45.86383244795327 -16.973578579756186 39.588268590382086 42.732006451294595 -40.190209967986014 1.7229115859680348 25.682488160567857 0.9121605589042829 -2.7318744802697807 -27.329127702109513 6.574435023388567 46.82164519628593 -39.016278779329305 48.565209190178976 -4.311313581957442 22.58840867288295 -3.705199370160962 22.8647702527293 39.01077571941225 -3.3560596937256406 
91.03801724773884
20.57152979945768 -14.594286377835417 -43.66279966342792 -14.587351139882855 30.079304237694288 7.174253621851356 -15.845017260429948 42.9910612835467 39.80351888740461 -37.87804663682556 -34.511233983020794 -6.8554065302457445 -3.0831573514335844 -32.189455300214554 -37.68608383663478 -20.138934365263918 49.75384775203432 -46.319259887278605 14.19786041548835 42.26213284113555 -29.688974952739066 
17.380060031567
-4.270381374033505 8.085744407694698 -21.243119800381226 37.89886261690475 -32.236079225809775 2.9810097466676524 7.9800295978034725 40.012224983548066 8.798842636721396 15.669764565068817 -47.05844013458337 -37.95509890997004 2.35673116837264 11.861225330017923 46.96113744895966 -47.878876460307865 -13.58605682362581 8.2630909748191 -4.945314214883332 6.830467708074806 41.7257239842871 
52.1145150776104
-26.945281349756467 -29.36434802686313 7.318298201141424 1.3733950679916447 -29.51734967396229 34.36754544314428 -36.52893345488626 16.022444661886226 15.005776481488482 -43.20269890867148 15.1875668094617 -48.08440870433909 -33.200196633376876 -15.45500749726503 42.454620125815154 -4.831811457066692 12.251156156254808 12.478682188529554 -42.48509471907105 -12.698328253725307 18.17154440042023 
59.277384318287794
23.92893496602032 -30.814805341465203 30.060549563851197 30.975937544004054 47.37825262875141 15.273953032747599 10.940283356283075 -40.92072996739526 43.96237373703562 -11.274210106397433 20.899440008204934 29.228149854624135 28.16783791274196 22.68483950036631 31.722375536278975 -38.581994255146455 39.73850695555683 -26.64710535868372 -44.15792833029924 -36.58311526532043 46.351991896917696 
46.42626678374262
44.34418412902444 -44.70171606895447 17.30790930802354 -29.942044463827287 -25.13738170439661 -45.10103646470135 -37.64055564402111 24.711906667077983 6.945367504292385 -28.468528620179544 -30.629543580235275 43.108231143653214 29.8326351001257 -21.57434946484793 -45.34382305124216 -38.08470644931481 -34.42246642925511 -26.857128663866835 -39.33371543951041 40.92653000095926 19.05293634226105 
39.60130779642259
-2.905005663543328 -34.83301150424045 -14.373631911611426 -4.629917457621033 23.553497174052822 10.706558890323556 37.14802205051859 -6.465315398622948 14.615924441957645 35.9138808006427 7.385396353942163 49.705510519849625 31.350782959222883 -43.53300510454985 -10.848813323074246 -18.364016574567742 47.3755635893673 24.64379597969335 37.10946801437781 -18.563770142911164 42.02303609490512 
11.247390693816994
42.6084130328687 -11.487235691134956 -21.616486072076967 -18.02150107786278 9.876092389329358 -4.865744916786632 29.788133650793 19.14905718277467 16.529199935354498 45.917878011831974 4.724023664016762 -35.66176944536971 -14.41721069150713 -12.449605694147195 47.22296301207402 47.92404406804589 31.012441072368773 35.70252334246162 -42.559050061683635 27.38091074333289 -35.59148346545445 
2.364791620547946
-14.553140425430314 -22.184665054588827 -33.624541932629015 -31.27245918841144 0.16418094877151646 -34.58088478815178 33.067363364624356 46.24726914132552 24.960548283994243 37.35139613063669 5.61436262107172 41.68610133382725 -38.444356137992976 -19.982035573770297 -21.817412872890518 30.68062457817959 -5.28126041004311 -18.201815407441003 -40.976182817078566 48.79089542303217 -18.34698649279327 
35.97704339928106
28.109150129257515 28.999991485886838 -17.985516925853396 34.97176542025339 -5.195639165183621 -49.72107278739588 -22.810758310531508 -12.100504419239599 9.532846438416641 -36.898625848539524 -39.24658483277833 40.11463896379411 24.485388465902602 24.687088039088906 -44.033939885305685 -14.448635662829687 30.17418722823932 -40.727479875975376 30.696030290874702 40.53892137401101 16.99195960673866 
6.851598273308513
35.35954919584796 -8.78561446255182 23.92513779791534 37.5992118070335 -14.753906786856042 35.739489856621205 40.18350190489788 38.58443923834908 45.035913066657116 -32.76472430902554 19.746844448460052 24.400128940746157 -49.63668773231302 -16.319774809730248 -46.307419605135394 -16.020074261535164 18.95559852113405 16.974707978341954 20.656458480183943 -47.85658817634487 -37.82159163857749 
94.9564769799612
1.891831071917828 -13.695468647532763 6.743846795985689 -12.640945851083096 4.131223062526516 36.29801973130907 -24.1112879127559 -10.463126980455186 -19.182794664059433 -31.57692694276686 -40.49415651856453 -33.761965293255344 -19.742106267464386 43.57304045825988 23.512381397901635 11.787606430374034 -22.124376930209355 3.7144247043718224 -29.835433346601548 -17.248585781582534 -31.04433055095367 
40.99806555814208
-36.920586864052396 24.482298853003286 8.165184643461266 9.42983238807188 -26.600535015080485 43.90784169614797 -17.399286845521033 40.29775069976979 -13.162479240723236 27.500608376771424 -3.7639432549976064 39.44699601176164 35.26409051673231 -34.42102040481174 25.3804231250911 -22.986313109869826 -18.948947697786032 -28.081332181852137 -22.87984672783272 28.373022129100406 -12.43918588044194 
31.11204894598624
45.70556311886756 -11.17327939138989 -45.02896642233403 -34.80550255422522 15.457737361625703 -36.050612219981616 -12.949256887404104 35.76388722156169 3.008373113806165 -17.467167042884256 -18.445503495811256 -11.84848274884152 -33.45091856407231 -10.287986308199969 4.5769713059977235 0.15968892880290042 35.25479919316348 4.125706184666775 17.5111812887764 19.463272315563117 28.159294208724077 
14.859611152844565
-25.820715342930445 -39.020487141820595 38.49895617477978 -48.5608907021909 -4.744237336531462 -11.657487981721168 -43.095553686979116 33.28338528287932 -42.721556877762126 -27.92430158657665 -5.192054105171785 -6.1977800604434705 4.343737335356025 1.137738871991779 48.04712509965775 -21.288749188379242 2.008165619812928 -25.775673635318796 9.885172310255655 38.16101648337951 4.969040146637305 
62.54033867316393
2.5295316443361813 -32.080315932147705 2.7729617823874833 16.713826958611378 46.72026366427305 6.1188448589646 41.101595394704844 37.105453201691546 30.072252745561656 8.966300980746453 -9.8901035642903 38.9738714739871 -33.40627425717242 11.349320133294448 45.84284920222997 21.78969300164711 -37.83315446125858 -23.60366081536126 5.9324416587394495 -4.552319296339071 13.764464033562426 
1.8346532076693345
-43.42252178864479 25.208801558483742 -26.209683900203974 -19.623874166557933 44.2345493003846 31.910861864534183 5.168290619558022 -43.617457462347964 -17.500672802515638 -25.681560814977487 37.66967660218408 -18.293322821587132 -37.666973463005206 46.43989177016827 11.455534992909001 49.87476817521494 -7.910214967117213 -5.778819204733857 -40.07533387401134 -20.329448996465526 -7.273608695465363 
43.23341066680361
40.695905167811034 26.70058110141349 13.126631479010854 31.802850429818108 -29.083239176622122 24.665074875429212 10.648286464223702 12.489396138649191 -38.92130481858784 46.82804824566466 -37.19843352702337 18.901335140724342 -29.867379621092528 32.57507502735534 37.3936228300426 -5.458611811268966 23.93648759727685 -6.033545644406743 -49.47552400628508 45.710995884110204 48.93007933264218 
52.83823255949013
-15.504470828165516 11.456862468310689 -26.57953129359889 -39.72710943385586 20.99261413578199 40.12579195139787 39.97481008799602 -32.84380002930584 -31.168730363353426 -25.699104805986074 -45.84452699686968 47.056165849652274 30.102783043521256 -26.275743295955746 -32.80421669139576 20.80457564669385 -46.26475977034645 -0.7317750786805775 -46.79710376239806 -4.068845940767019 -28.71532233249756 
90.09944337775899
-4.912333317770447 13.494902847489662 -3.802831710537312 -9.113137090813773 37.659589896774364 -10.12330140891865 -5.1665282194170885 -23.763042885541275 1.1882437975900189 1.7417751727081239 5.223643735477815 -24.503650951168876 -25.77913774043906 -11.349776114111776 -12.180181078983743 22.644227005646144 20.559038070537127 -10.311785697353123 41.4411022968317 43.20378944521542 42.03573836620768 
38.01213779700036
7.155357365943793 42.93411120867009 36.09721526983233 10.34240422890489 13.018393225854311 -18.479180437089838 -24.817453322037043 17.213191181867828 -16.608130294105614 48.56596731287134 13.506920521686382 24.17893808659271 47.98704649018002 8.884579106009127 -3.9069772348611735 14.19790333132201 37.83219431926675 -0.5526720442715529 4.758149420341873 37.057698309859376 48.03738014209995 
91.2658611702102
26.253003015018777 42.97715626329244 -19.4689599375223 -23.900695819746797 -31.138679700265783 -35.58652220604278 -46.13144980672447 -49.93246698739468 -14.492122908972348 42.62312982544077 -18.236176918565683 44.08880512474404 -16.214395174797893 -6.330524548431825 -22.829314071406472 -5.483624668919575 16.30086840932823 22.339657536520093 34.54162714112353 -43.56922821298894 48.34923238905637 
71.8278103544577
-20.682766896153694 36.75144410438813 -5.827658088359058 42.06115499437054 -49.249542212017026 -35.33653497459294 -2.090205078401965 -29.80985909047783 1.8456263543339162 -27.187898860263747 10.84818679376719 43.033234307972094 -41.507137315417374 34.29999883325566 -17.317237614011994 3.161562317560197 -21.195590466218718 37.72882259436166 41.24545484216121 17.82813626489775 -6.7899078434288995 
35.359213438249284
-17.483727923595858 3.090850137382283 -13.955048612300594 -32.08008551840278 30.723363877850275 34.24809741687827 0.16288346728714487 3.679020403821575 -43.049646440885844 -21.8997671106561 7.535846223319368 29.097261564236234 -36.09223425128071 -47.43020949965568 -9.15096980599678 -6.284668579597962 -45.611290254629196 4.8577741869035975 23.778159646215045 42.88423790064448 1.4172516993948392 
50.58294270867021
20.935828416840124 -31.47026797917799 29.21114962559055 33.245519763142866 -47.60036936757278 -29.651102749214342 -4.181025556823002 -4.123724551608653 -17.714450081550872 -2.33102609018124 40.65484158249578 4.876505527068787 -3.99406587314963 35.65557533290031 23.142344119034902 29.82388276210669 26.652055712183724 -41.36054317233856 32.29247908739177 -37.58621276795768 -22.6328227234862 
48.03802139294614
-8.721297954969728 -47.27482955634543 -36.37332449005804 -37.32019581477375 15.935497149877875 -48.35542179460115 -32.98230003809426 5.297188842365671 11.595113804965415 24.551491654724714 0.41148805408501943 -49.46535397892611 8.790466342892934 43.26265199631338 33.3473519899141 -12.973189378072192 45.090386324678406 20.75259436297226 15.998094397000145 -21.06723805336944 -2.3032203234054407 
76.31211948777658
-29.73767121259685 -29.23012063854571 -40.578536859231384 7.575999274461189 -12.66992208769927 43.47269092450301 29.27376882872707 -49.75430215834253 -17.506273216870838 29.30917065916489 -41.871711637927824 26.352458598231763 10.027181281412169 8.618935959113031 49.80536276980358 17.550624781143938 33.63193086439475 -7.705093546347676 -31.614702748038802 -48.79941176121256 -18.75058564389558 
90.51188619090105
43.69043348639555 -46.104693477727075 -13.035056312861514 -19.58727860086339 -1.3923619121110065 9.60382598946994 37.279158158448396 -36.705416271773906 44.28691725393951 7.749853603899268 -5.80119128606286 45.29502400160371 2.240242248062117 -19.687173051030715 -36.60057249024909 -15.340520685104252 15.977885219618486 -43.56637950503659 12.138230053094354 23.37889680002648 9.057906041248252 
58.02641073597674
18.646382136861575 -38.681747241552976 31.287649511553695 20.5428577798653 -47.594477653158584 36.91365342730484 10.304460251407164 -0.6957768667666642 43.01424651223206 0.09788319530511558 -8.12396085321324 13.711636759230004 -5.723980141143514 0.3211737383234876 8.999190168095971 -10.835809771862834 39.69074392234026 15.366050333347488 -32.76101365647346 -20.340867829927014 15.708062362908365 
65.11216091679601
-28.261385888167535 -7.182084984825025 49.90116106243431 -11.511002641238242 49.943526962760416 -6.52358384287249 22.64569517846988 -38.43858134850599 43.321734796593816 -18.002849593304248 -37.06079695855246 0.025017859053363622 -48.77463909988976 29.105879746722778 -18.327819161460646 20.345285588007343 10.526933378453208 -49.67554236090137 28.96271858719416 30.356638589504882 -14.222930552489444 
69.96640887794335
-13.907520147917154 -17.65562791470787 26.368564653177557 -42.8188390758471 -32.867546899477496 49.46465372942029 19.555148111576173 -35.322575463064325 10.522815182671195 29.814674643333532 31.16143740789181 -35.47422784742636 -13.328055633735147 41.5471338644622 -20.566048836821306 -45.16506285410785 34.06542649671806 -2.8697504609752613 31.721264466665048 6.115954031261282 -36.57331197772018 
85.18653032368665
48.534699699576564 26.79272549763671 37.14666382062205 44.30053966304091 25.029246318556318 -46.41280975407756 39.50068386913607 34.76799587240923 -3.9423601921366753 -35.598237179805835 2.0965437965546414 1.4654682945259836 -22.31113979801155 -31.1587428924879 38.54852066911404 -26.147938984041485 15.44552719799475 4.6610293195314725 -27.452133232809583 -32.428538393345484 -2.496956879096281 
7.197642177414876
14.30107847957757 36.2047638186509 -30.29348628171139 23.23281217816951 -48.26694263280115 -28.568502006332896 -41.500163058720716 -39.23897555362704 -25.096981164620622 15.18838962937815 -32.27540650479364 1.7756465139567865 44.75682312650389 28.372300563900154 -34.26534352369195 -43.542048123676345 -49.3598455086609 7.215929794012624 20.385726578619582 4.048002001993666 -25.0772263534374 
0.671838689691806
-28.80271180309988 48.19581672405114 -2.365151077109573 -40.02761480135906 -49.65225804498369 12.735848547431196 29.192125402049996 -5.00977558869571 -22.84824262098941 -32.40271542761728 -44.91245599854171 21.106030429353765 -45.71780780091157 3.9572153978879285 12.852590770775542 -45.00286841221632 -11.762826440377069 22.763282703240833 -1.3574332122790125 -41.907208040249415 41.41623405900677 
11.39689421954384
18.47562775322453 32.398894372412826 -1.342308632164091 -40.48231786840274 -42.54367347469481 44.97682709462286 -2.7973054201616137 -42.975624061260895 39.240113966821326 44.568371927485146 25.789712249102266 24.586785640163384 -12.453973298963597 36.69047123707753 45.94643356825746 -49.65182291145677 -18.299370428054118 -48.01926329888676 26.53443509180292 45.16676134926935 18.997011449931662 
26.65663350204166
11.21512549515927 -16.84033740154257 -41.92158355990877 13.65827392585797 -42.25609711911136 -35.66785764259559 19.60690469866961 8.376800047771802 -2.137402283638977 -28.280500839967715 -36.846805504097105 3.8273667982272954 -32.951332456123936 -3.261491109928002 42.54461587718339 -13.292238343846577 44.49283842224389 23.33985281208595 -34.16608777075744 47.99074084272755 25.41516572469162 
44.07249211888272
-49.39762717271476 9.530172034292029 20.192801510765563 29.31547605417593 -29.513412277898855 -38.38186925635455 37.7609865102371 34.702213853364896 34.6188967161617 15.512095836490502 -35.63785957885102 11.156779505558148 28.097355184464774 -0.34152630437620246 -7.0438962713974576 -23.018709908454948 -31.348145003267337 18.670634252663064 -6.532014543310439 22.07805204473776 2.348832365765233 
0.07676349894516488
39.538229256884435 40.659528277996955 -30.52231140373899 -24.565215072893952 23.55290035927699 30.693913270974733 20.687961833979486 29.618691057270098 -1.5296020445040668 5.853429119076573 -47.0030364686902 4.912641190011037 -17.67587106121664 38.87715700744205 -34.536592038602535 -34.993814612823556 49.26892353059162 44.02964143049263 5.123375167930163 8.06606277872509 9.652281676017246 
60.73108682373495
-14.789324724890676 -32.23300802688269 -49.17017672449343 20.454474161408072 9.734508386518861 -43.50405536217302 -29.692451484520866 14.629482180861544 31.16305757837985 35.90141226289906 -16.718125910368045 32.56259395365407 1.2624870856353567 46.541200328804905 27.761609373301624 5.277320763329108 49.06652613149045 40.5893210207292 22.194389529988598 -26.301960052599703 34.502663222875015 
89.3945978142757
-47.11667961902861 -2.254628985459526 -18.623273352080595 -18.859402001077385 -18.532133862182732 36.68069238750191 -10.781583012730565 32.93856936293726 -33.64365335484189 10.431791615985652 -40.08385801456538 16.39208244967726 -13.764386617636838 -3.3487216869073606 -47.87974519084484 36.00409683234935 38.646824759653626 -21.096150308730998 -5.930370223953432 5.754201094111011 -37.89550912274239 
87.64808590237374
-16.54259093914998
-44.65814737800095
-10.413382741553853
31.32842714471475
16.03228815129677
22.95339978723227
5.558112736570344
3.7579301253334307
-18.831256327629486
27.231354649014065
13.484151572062864
12.078662236656953
-16.613059672695982
1.8166570669111763
-22.55400224177744
-4.84229761474797
29.180203109743942
12.050137588431085
32.170366538926515
-42.897030147752304
-20.81198247042183
