constraints 223
variables 22
43.85306283894077 48.552902033335215 -12.41017330383837 -25.285547695434307 -15.538733495222765 11.355114262939296 -12.252408397052562 31.14986263024447 -40.355112428962194 25.210706426169907 14.32863521332412 42.14137631255922 -46.83299086226156 -46.84363390951641 -16.651200637773087 14.073453533227251 -23.817021327572384 -0.9535260905202207 35.07997238053228 32.99143584255853 -46.897815047365576 -27.081668912390388 
76.14873506312327
-48.729416536832005 -11.694910955945126 35.66313461529697 -28.55674877915222 13.18100278246984 -9.584619171994781 28.047267461514124 -20.430817594668436 -11.300353718081546 -24.93466853235565 -15.852048396865136 -47.35368124600261 -24.747346521494862 1.9557716850190232 39.911920659221266 -11.086710718683122 -16.971745537263125 27.500319474684716 -26.184751806302376 34.90855810344458 41.08254701823189 -29.543133467629012 
8.497002226024442
-17.078323802667903 48.66743823200653 -5.312477201298705 -40.241049616279355 -1.0404707209563853 49.04216527123948 10.551537953657977 -7.531938711170817 -3.3518704484995965 21.486696142055862 -15.575984544540688 31.668061524653254 43.29124705183757 -28.682493368708794 24.44647899546443 -18.399135456743455 -4.267005236934118 47.41311586508398 -20.14632434102166 25.358210662281834 15.722226002529112 32.0888943217021 
1.0842153956463374
13.528381624386277 7.152406971185968 29.11764429980967 -41.628974696245734 1.4723835243655614 -49.14858425289885 22.27448748252148 -42.37922684837723 11.758541658888909 -13.478538368618096 -11.008365861293726 24.129783867288808 -19.196033622487686 5.98015716617433 31.540643235273052 47.0471748167036 46.91586160371645 -22.970512685062914 31.616800376678896 -9.515694163128721 -49.30476069248492 13.080280406404341 
93.28226488248951
-19.21717347369797 48.16006672055941 40.08549845244329 13.931720614569002 -26.308021250113157 -18.035570972191262 -10.613528244784312 -36.723783362488916 40.06898180804738 16.734858180477715 -37.24799551711195 -43.702017909037735 -15.795245323113562 20.81444063393228 -25.8089750582316 -22.289010039325262 -25.0096446464824 -31.400091340163495 -27.954747595575203 -47.330888469141065 26.87791235325996 45.17641938684956 
34.4191285523704
-38.704310768623486 14.953060139620291 -41.900743431826506 11.18006205188398 -36.934574237588535 46.424166909393506 -0.05875370320559625 6.5627715856193305 -18.84849381408531 39.44694480263148 -40.3808150154648 -42.16264431591744 -3.442104768136943 -20.558712264912494 -49.4679015260744 -32.448565518294274 -32.81121860202357 32.920496457282695 9.188740296689602 -10.467462519300206 17.964188915272345 -0.6586935896125894 
69.27118919332838
-47.86232925203878 44.67279019417913 -27.4035880590624 32.975998226436175 26.162795474512492 36.45998903186765 -34.49051507564119 -6.006156772436043 -40.62430638403855 49.68137586844516 23.05596318717133 14.63319572757608 4.811522496950829 -40.69129245022908 13.021117918319938 23.36299035680726 15.771124261273513 -26.842461469643208 36.420290256174496 -21.556106190766233 -33.11208698345126 18.912750258405595 
94.24434290035367
38.33723782518064 -12.320008565758513 4.26014789981172 -18.04324258795026 -9.77476908849362 -37.32010554971122 6.389438791644594 8.657050794063458 -35.754376720224656 -39.464867672622496 -31.28415408518357 -46.06155457528014 2.938457963164197 3.398532528860322 -30.125303112064305 -17.793962759217287 12.922185864168647 -22.52189237544816 -17.124676889042675 31.584986267031056 -1.0391710955186113 15.791991064734546 
10.757670131047037
-17.463485414649803 -30.646512449691233 -45.02524104913456 -30.822961635323054 -10.087203751564857 5.972014708120952 -20.592785238660515 36.04936236087022 -18.579892171674373 12.29216799133728 17.992538804733897 3.7215607434888156 -14.677139143288173 -11.591877123208668 -48.42256745142618 -49.91157105934047 0.7094626703967108 33.2897283091562 22.317725544847278 -8.340384278754634 -35.24580485060164 41.4364777846117 
60.213626986143154
-6.212728090036471 3.147594147258083 43.6015950618127 -43.409336800710875 -8.903029456833224 -27.768890130412004 39.40428928944529 -30.52193799544929 -35.378483140075225 14.360086844378287 -16.582349881245996 41.637137924421324 31.219320719957736 -48.367607028338824 15.714298672969989 48.41804805283897 -24.433952892415622 37.35830126696706 -27.12869325371019 -30.3259758247044 -4.659765795376316 -30.48945954309874 
26.08057925463596
-2.361996604698348 36.18068022127372 45.8816578664821 -30.719714406181875 -49.03267491881492 -35.42465571142225 6.789166321126508 -27.882436400055987 14.087994351552666 -35.951368073650755 -32.092801252471006 20.07219397995165 -39.4792710878739 42.84587235756588 -6.8332960923938515 -12.784532036328123 -0.953151760099658 9.770897891894506 -4.345529010654346 25.848064404274908 2.372808365237752 8.9146320559245 
33.05454113337938
11.655203024817574 39.37796742917513 3.7196470186394066 -16.586073609681797 -46.96306592281451 34.080985301767384 -33.842374943037754 -3.1223033331613337 8.915922927435425 17.135977747036335 -42.24620229308621 19.52692403802898 -39.40536892069567 18.97039734938427 -14.225653539632532 -23.433836121522955 0.12832329081785332 -22.397665565500358 -19.900137470753155 -16.15455069804443 30.199866079243762 -1.2742340961299874 
14.139961423439285
29.065076581318422 18.626809655817837 10.827998778143368 -13.398803721415462 26.99972878357842 14.400769144186341 3.9044146107147455 40.00242410838604 -43.308229516191545 11.553677578145617 26.761327236186546 16.538805087368274 32.80180788235863 42.16498174793384 44.9485743686126 42.227714708592046 -1.832081041399256 -9.531589810784503 29.039295875651888 -13.77323260311362 -49.88676003503719 46.28645468675036 
1.275035273456493
-36.20371871768421 29.154817795074308 -42.08475736898517 17.520165428961505 38.58548780207643 5.5050245767122945 2.1020389108593136 -48.97963128338123 -17.246159449963216 -3.880009166505573 -38.097920930996686 -25.364264135789448 -28.104179604912783 33.037899724208074 -8.02895990151439 9.019753979085422 -24.18036593033117 -17.6367976754765 -44.75605925322077 15.64130993357 -44.06274642448624 -17.508885507762074 
84.97081429454805
-34.40241291331115 -4.64470232885261 30.030035246007174 -38.27598485969854 7.841475105986461 -31.286769051424667 -7.63217497812191 46.26156575513855 43.747984499103396 5.397439819550684 -33.058873363851035 -23.974527990583283 -11.130155044686177 11.966763771305125 39.0052214864444 15.573460827738188 17.283300538261642 -2.5429363085376124 12.065209489243522 49.387154402442064 39.100892506844616 -11.310533062508355 
48.117511955870015
19.26917653999712 -42.4712176952734 31.788972592160903 -41.5359156894215 37.93627092347491 -11.728033305514032 -49.17290724988749 -19.90010164668726 5.435010393015503 1.1415040844777877 -25.165740029269323 -42.462377061982494 15.651207003935397 -38.60633906060716 -49.61523623759989 25.421659218698167 16.453688658403877 6.631680407730286 28.539018445273996 -46.60302980481682 -21.09239839541912 -5.973381703219118 
2.134955839479613
-28.563520301591815 38.51198402884097 -7.835486081652199 -27.747585456139856 41.19401692648904 -5.439202596257346 -27.997068994139283 -8.868588884964403 26.93812633948562 -7.50373274457958 -27.779332470285787 -37.09280124666037 48.23531817457736 -31.48222859005242 -24.32976099381632 -16.767931497207613 15.789618283435374 5.729140129348998 35.69351181021811 -35.81414951921781 -38.29144536267225 36.75173675611927 
83.73664874749583
21.834165360232177 -24.045985955323268 29.000231972978824 33.00127507217593 0.3754118734471703 -48.15034024401205 5.712454813238111 16.79463422586079 19.024613610555676 25.25491554983705 -11.655659474651323 -35.207808772006445 -44.38581150463866 -35.6212469600995 -5.914562795216163 25.601987183910012 -25.65120874567799 30.19486152206386 -13.980011788654231 -10.179195075111267 -35.766591195626305 -18.966997275565088 
2.8531685019813624
-45.80201190626425 -20.599142207820908 39.15968282928121 -9.858451397368604 -5.426458312038839 -37.103019060314836 -27.975478140245734 -34.38858183247747 32.93291626929134 -8.561267745052895 -33.66301482495541 -22.581921120507165 -7.778332434796376 0.24248272214821753 -10.748545545361445 -43.9061507312351 -18.511017935094777 34.22686098891778 37.67685186748827 18.451939341016868 43.479764630692756 24.726473458444445 
24.09034608723869
-45.14203503906825 26.970886678566032 9.309887815599915 35.222926829612575 20.050372280592484 16.947858015423577 -3.6226985506039426 -21.40205109853901 2.0855771645146817 -32.85595740230476 25.92034849836756 1.1419713314631181 -35.99685562906227 31.515294744994264 -6.841510912003137 23.950571047075627 -11.549096742545707 -16.101349479689922 -17.276458376681603 -12.21996699923401 6.779364525955714 48.404540600985825 
57.64584784073487
44.94910483602929 -38.99060004456396 37.017724648879835 -40.39732825023343 -34.92664289958456 29.59662683215609 5.432963247746571 -45.27856594494353 -5.5821585621186 46.060494590115326 -6.67280710062149 2.6873968211100774 21.64215702269476 -46.684398307181965 11.070781997529167 35.98748373044131 6.325220542947342 -34.06269864807481 -28.69379211873726 10.828922630154572 20.895362812755707 -42.386832591839365 
90.87327853272214
31.60343198053117 41.454631011706795 -48.32353442905488 6.235794445819842 -43.27526315844348 -1.5255062714984646 -31.11274772664595 3.865387118304895 15.24916053918848 -35.54662556878454 -21.478716047812775 -34.03607280969466 0.8961514424998924 12.364763963644322 6.346484633044156 -28.543170596216385 12.917585743450445 26.087933674110545 -23.788841842898336 -27.634774444866082 -18.278276972530872 -17.99846449641487 
50.737775525682316
-13.534134590920644 -48.76027188892 49.53366657658694 -8.9894100026399 8.573317433233726 -10.270269035896398 -22.299721350106438 25.16497680487437 -5.170170481083936 -33.95463970053947 44.5270452242506 1.4307927690545128 17.064056693653768 -40.64719703743581 46.738135556583885 2.4517281951699985 -32.419458293368685 -33.137608300129145 -1.7914248816706788 14.597032370996743 18.667690987076014 36.34782413697117 
37.4152093160034
-21.498401828454817 5.662759086667165 -21.94191280105464 16.484499064928144 -4.785119231325417 7.588098925154597 4.084254099073171 7.423732797116692 -23.89130007971756 45.17375280125749 2.3252701657173063 14.735446136841716 4.088448508892007 2.5072444103398013 -23.096014062467695 27.853206246388922 -31.328162648388258 5.602158204233909 -22.783395039123967 -18.299894036305442 48.14374531903684 -41.14703949741312 
43.755848526185034
19.159664559574253 38.26536465699061 48.64421389484697 20.43010828157786 -34.63790012420694 -31.089696703713265 -27.691821437889498 -29.6920983391167 -19.572836020329433 7.519847908999331 40.1755293688862 -15.450989284526607 -45.33187158759847 21.4141662721551 28.639747092081734 -7.2593573953889745 -1.7503635366402008 -40.234333251812025 32.95647523331196 -33.06092018066946 -44.09443551534788 20.43538954344281 
29.9249508050219
-38.57576892782912 46.5612335086914 -13.107311386723367 12.649369279295165 45.50655068283129 -12.432420100560172 -43.91684122959646 -47.74613385884868 17.682890722213656 13.743280119179957 29.379121521549195 -25.274476697386362 36.01975517635418 42.53394845747998 5.641668507898444 14.985652586576663 11.849583012034195 -31.66403706775104 -2.0573109682872612 24.840330671823978 -8.302373609298783 -8.604350160275473 
43.63987289563816
-33.363035551651286 -4.1859116138934525 -0.3171215974020569 -8.732758408298423 20.254490080537565 -9.231847668754767 25.75140482932747 -22.90176518281527 17.480510163642364 48.26762716162699 -5.163426735936305 49.25794119817574 -5.1205029445538415 -17.300072192691132 -34.6957540332118 -42.094384888923976 -26.06800032055474 -34.15286652464597 38.05318453410132 6.278108983276631 35.52551579276097 -11.190058090814226 
27.586265361333773
49.27939759636442 -45.196493765051116 -21.617683109811882 44.2043358713717 33.8209240643958 1.9297964223231787 -22.04930884597137 -15.860328676682599 48.26200118168727 -5.49857577655839 -28.55137869951011 -37.56562703635467 -12.930965784744508 8.143703333392402 -37.02022568053375 -48.01774394738316 -8.793108043503594 13.247136637690595 24.429237341263473 11.391102952147634 -5.204757892859249 7.856532327357655 
38.71508661332231
-5.814578305970784 -5.7927750731196355 -40.6015029653681 -2.710748136828535 32.35812876519432 -42.94261942229601 -48.76578424100973 7.078716299175859 28.39287071993624 5.420226059432224 -46.049716518218645 24.265092913682437 -28.383060358048162 40.14049522764009 5.851039042244864 -39.86728120439321 -32.891895774053815 21.24046739239695 -7.7082757942211515 -2.3276216267665717 28.366842013648565 -16.800517179618005 
9.292505680189
16.709825920324775 38.57884527565737 43.27513172144785 -16.70077963201787 -49.964697900207675 29.530894258246434 -43.944731232614075 46.00746450931264 33.342274982779415 -37.89350562759539 -21.925588576312894 30.842420076761357 -32.259332034123105 17.775940671769135 32.59770868200087 -34.012358466795554 35.19184743394702 26.60878113279118 6.570155063555916 -12.218271916783095 -5.580277222249386 -35.92511045415478 
19.24825928653079
-12.147324120256656 37.684266759162696 46.263697633183924 -24.82410483162216 37.53540303479758 7.260890265213291 41.139346340881715 2.935638673212928 -46.08120146849849 -45.44895840259704 -7.937132181780591 -14.498629927837058 -16.70563973884539 -25.543480866254022 19.0507386487875 8.03750704761729 29.829297321932884 -37.018070150080376 23.10245557883404 -15.365312628500384 49.96279843909548 26.98683304910459 
19.418050640185047
-23.258632161376646 -33.675159463123535 21.591114977036625 -33.56024528700483 -17.05478418487052 28.902801638586112 2.9441217853740866 -10.60971046607375 12.277770222368922 -34.268138526465286 -38.099781162995626 19.343567101936415 -48.63961628158741 20.560985177775336 47.60035321093889 -18.1481780995812 49.47894514404378 -29.25295872127237 -0.9586958944576978 -27.233476509054842 -24.930544921940733 -44.944613292120195 
27.42133698552276
-46.87131479975656 42.11602219509035 18.096093163641058 32.3829526320031 -20.132566909062366 -34.39256161846416 -4.19934469031552 41.2305205500318 14.534029505903803 -18.532078568276876 24.64492629506296 31.782572025731113 18.411814154695676 -41.72773887366039 -43.75028456441925 36.72558031985048 -0.9192342490750818 35.57506227692238 -1.4586798103056609 30.168063767206718 20.87873123207767 46.82830320373131 
34.83000541755494
-34.449074828830746 29.689606001522506 23.63102606012349 -7.03474577830395 -31.848074583664065 -28.897955680580402 32.44943780833968 -1.8475929746534092 35.129222231871225 0.2205713500012081 -35.0347400524808 45.06600146337432 -38.61901198723892 -8.725784275993064 -11.145291954044765 -32.42895895394683 40.45508665347283 -44.343883582741206 -32.93001212553992 -32.33589758809819 -13.675146955086916 -31.859217905992864 
20.58974394250228
-10.828026901231112 -15.945937488019034 -17.236005507671614 42.12442740874168 -13.703619278900426 5.206174203326384 -7.786364800430853 16.407060692493303 -7.73096777731751 17.309992555736017 47.567971318142526 -33.53054941088456 39.18208147344761 -24.224083904779047 8.831222640770442 24.698365946754592 -33.515177039933384 11.363943436180769 40.95454507906386 22.485807784379375 -17.3117200447536 16.636710548955975 
54.89379046143385
2.931973019301914 12.49506269206784 -9.212231506594946 18.743753032217953 -12.670961538717648 -30.127305630780633 23.81742852925683 -19.8981920982408 18.048496241928532 46.51438678854903 -11.764528992884195 47.55223649427607 -42.02580240764695 -5.318000961527524 -40.69790649277367 -23.474307456498313 -0.23210073064725378 13.601721292396654 3.2754626508696347 -7.223339728057155 27.023529787525874 19.38379612301688 
7.216284853422228
-34.6650485062739 -26.238947553080514 -10.136632065281447 -26.393135586001915 10.02560981902294 48.73018933329442 27.810344637945107 18.374104198889654 14.514872507088043 26.638924432941295 -21.36808315243559 -8.137039624717815 26.32810616674665 -40.308832719470814 -28.007810851752712 -11.111098238795527 -13.601096210528986 29.712511288551383 30.699117614491144 26.204938926819224 22.446865635519288 43.662531960328906 
54.75979661511279
43.550816953964826 38.8448019936923 -26.523342715581965 43.680821790431196 27.90903257719644 -47.37559511330301 -45.049908830080334 15.891346003877985 19.67430121952222 28.882740049228644 -10.229130107864833 20.592138707056932 34.15020657863404 -36.90985709053023 39.82863828732586 14.384781363639547 -27.88125926667511 42.66343571022327 -36.42974286739364 -7.289078579610475 -0.8145081390072306 -4.343386832558579 
70.44288236118854
24.43225436224266 45.18528955019377 0.5344693669252578 -38.64026927256985 36.8077059903938 12.140104321669753 -12.26709751774169 30.643189416726145 -12.324911406652916 -17.906934141367046 11.072892983016239 28.044574168339807 41.82022318448175 -15.400514557644861 5.083472347186245 18.209261101245616 -10.682616556357857 17.737792856230612 -27.097733333521212 29.35051989576334 5.050625911233894 16.21034593197041 
18.660441250026018
-47.085112404046725 -49.32360941802876 25.436062989284025 48.12224485302903 41.66644140707952 -37.036453739145436 -28.506090793420146 -38.16249916539746 4.886876330557868 -44.252219886620914 13.35829589383426 -43.821167036451236 16.282817151622694 -13.336899128245626 26.074399897750894 29.37354522527616 -17.28868347578527 4.3639167938553385 -8.646424513233718 -37.99655379970584 -30.02094510332316 -2.8730184034239983 
15.525955573703666
4.434185598652874 45.740247561690865 9.523289425819733 -46.13058357240727 -42.75111238197374 -21.087177754359445 -19.72425651846622 45.04108807605384 24.99923901269692 30.051939657073973 -18.530786914935536 49.66966551614453 -41.549617649753365 -22.23549000943529 6.955439698370228 43.12376611318645 25.984322599229174 -47.48218616428854 -33.90409814934284 34.053599422657584 -29.06022604918752 -8.910061037484454 
37.91168936576816
-32.489679236071034 18.40469651925308 -17.570780627542163 30.26007564694592 24.279371416356454 -7.65896462266609 48.83444972795196 18.833349506205053 -3.4787716037741134 -8.09053928994026 -4.8628811862840635 11.576214515388806 3.8949407596560874 -45.52481059924324 -37.0385089900238 -4.45613708101483 -35.95305640278127 2.014242118030907 47.15785774315722 -24.726436424353572 46.679584534960256 27.502787242243272 
17.148836496891807
4.418467371539236 21.370889518555956 28.360488621962816 37.198111886916124 45.69303701138901 -44.10086772329986 35.132055867973364 46.50555262245088 18.105335654553272 34.032719373750126 15.329501125422993 42.55216264111142 5.002157867869116 39.57805968343699 -45.2791543933565 9.26285070551446 -48.3711867234355 -3.064998060051792 31.339334179066086 45.324585421851054 -23.293894744268727 -32.50846813621805 
51.10050118627265
-22.60808004352385 -41.04715504973028 -24.103575315634984 8.152666064040467 -12.068458591349597 36.5330556669997 -19.419441532010694 17.949782639686205 -1.898081303401625 -24.917259000034807 8.854675563384099 46.52379626455985 22.33372206369198 18.271917564863642 48.49336233484699 25.546962900577526 3.1711867699985916 33.7834024095112 24.922082958472984 -0.4871220337057025 42.45412731210125 7.140566231989034 
45.956096438572445
-1.2717841264690648 -31.935141270390975 15.992117642279396 -35.5028184975602 -30.204501939887074 14.233782645021435 38.26272646774986 43.6760293917893 -26.119564043991005 47.79196238353113 9.00406410857942 8.635310827326293 -17.704242263625282 42.778511210610716 42.83164513683698 34.48033205411849 8.796605030862118 -8.544842303807798 -18.491353961525768 -49.118642382006506 18.470962424009258 41.04990713293782 
59.538613987844414
40.393574326588606 44.22182332044733 -37.55378819340369 4.554787479377389 -30.23219611795025 23.57603914185478 -10.446385051971241 -46.15544447519321 -28.642922652613855 40.91816556945585 16.240368883367267 -26.476701979761142 -14.818843197551459 23.23582503422466 1.4780502211695108 12.67271670406879 31.293233894440633 -8.923573951585915 12.742711323933932 11.184450078280172 6.799935749392752 10.653338452646757 
82.73668486116928
7.100648221731099 -7.782076416086269 27.902933961525363 -34.86035952982506 -43.08111986532127 7.807301503627507 -9.217843760820756 1.3670299605145644 40.629573023640816 -17.895851663925498 -17.79045031052523 -47.79136332219155 -27.820042029431093 -17.918518338925203 -7.208960879372071 5.739412109970722 25.60926592381621 7.200012462455653 -40.165074151741564 46.03935762144428 17.275717663308157 -31.93291602358578 
37.148911732733126
-43.971285985477834 -44.60340956841703 -45.49582193882059 38.72524119726563 32.119277140893544 -20.451489959405166 47.530473222246926 -31.341677952684112 -41.59783283643065 -35.17421885430054 45.101910388592984 9.50243698843667 23.736922765594954 -41.969525922323534 -47.59772573581711 -8.234478260819735 16.376326404080274 46.56864538289631 34.064846129276475 8.348155594086151 -2.3441252653241023 34.65296979889973 
87.91018065377865
-30.524708479296404 38.796377499549735 15.962750792423876 -22.382383631101334 16.031469864801423 3.0126539399069827 -12.911912694823776 5.205163477162436 -27.801407368791665 -31.109128984380707 41.88579125048456 13.274419194022393 21.908532274490014 20.391581887855565 23.300364802860443 -18.315788667500332 -12.138747299391461 -26.144980540892128 -13.745807429262825 23.64870725094758 -23.277720757356256 -26.970195071451542 
92.88683249078842
-7.787268808134996 29.601724706114823 -40.58430503026843 19.724118287253546 -20.360908106783636 -16.96969148497758 17.10554424026543 -44.71648556408475 -20.55026568484908 2.386102654575005 -1.1687720165824302 6.173001866166025 -16.305417688789568 -2.9109536336268746 -36.93727418018739 9.91651050970637 -43.52107122405958 -35.131514391643314 -9.220837207057585 -26.460288786852402 -41.137685827412675 41.02235454388479 
54.92512423852926
18.375780829966047 -0.051160958316067706 47.82484164985202 -14.414948201652123 13.601483008833917 -45.6791443803946 49.102673598426364 -40.44687848574516 -26.310238514219485 16.925098755023598 15.488470108033908 44.24546895978074 -21.734248634219032 -36.89775708309001 -3.0271616338348437 42.7962260353807 -3.221059304218187 43.6580081013406 -18.884785612798392 19.698311579222576 -35.04500432691972 -27.294135856789104 
37.63671067638751
34.49446406308415 -34.83349593915807 -40.53148393452768 13.106518505938695 -25.206438761998683 8.662728396935137 -5.692696267653396 -6.9532953015845465 9.281770121417708 4.024195197738969 23.955722687964894 -6.981515098172167 -23.582400906417465 23.25874993849402 41.265296804545855 -24.883601567784297 35.14451189815141 44.63149817973054 -29.27094955206295 11.785037785816009 30.224206874455092 -40.37820346734897 
2.6298904471625972
34.98628663902669 -33.3117337197142 -19.67371416459801 15.868189568675845 15.4833190543945 45.42539124491883 -26.822292455948414 -17.64504134947915 -35.62914990985142 -14.934039459549872 -24.974964883681704 -35.686041822598625 36.969459041447976 44.09515468294971 18.421232928606585 -0.08181331540305337 -2.184955141003954 -38.47946670393583 4.390754329905221 22.3931918010757 -25.287191860255952 -45.56069937593945 
62.999613922275934
-26.94834700427563 -10.311658913983187 46.49521212114294 34.72674505477242 49.680793443938555 5.156814042226777 -47.51553469526779 38.93604207920538 28.286119193641895 -35.25557388255311 11.264539335822747 -30.32568850259272 8.402068414399785 39.93460306593738 41.63943351095274 -26.42884271187419 10.01218973568323 16.074729014653585 -5.960714678202528 19.79254681297496 -6.421543479480654 -35.73255490668069 
34.58191948956865
-32.199334697817164 -16.23858462941609 49.28384482719224 27.498356301827357 -24.901657323233938 -47.88018365091437 17.87418965099502 26.923890344553385 14.187246586976869 -45.58948389519342 -3.2849836286139364 49.70083071610277 -14.355298289862738 24.066349660606775 4.719825093623676 -22.89141141101878 -27.47516521319269 -4.988192560384633 -49.44620264390366 25.331249760076958 -19.784468915016973 -35.81668161994852 
92.9312715097268
31.99237662335301 45.433428418262196 6.95298254500063 -11.361995321397359 29.231279080214506 -21.784999364126012 27.111669782802352 -8.791477190753774 -37.435493088059715 21.562538678063277 -42.850642784515415 -8.197900621520482 -30.829111201046388 -25.170389723712503 24.27769180827785 13.059294058262964 -0.7420392556385949 28.981406426927137 -37.028279411845745 -23.415889222088325 49.81212639701924 4.5410880460268 
35.76482825678878
-34.81473208604233 -18.6955190392601 -33.66588566684787 20.612896232778184 -7.87675893883987 4.818688483972132 13.068241979570807 -14.6492264330885 21.348080579022124 -40.41307858890856 4.337710101356606 -2.403847130936988 -44.92373145308842 49.06432202670513 -7.184107662142701 11.912985124582235 -31.9568313042496 -32.557977118930005 -24.798525034283216 35.1285953979385 21.38087424023645 27.893267772294223 
11.90900962841549
-4.594282845024445 33.309601952800094 -1.1332386484803294 -7.454532470767248 31.00263154350138 18.69400023213305 -34.6141989781678 -8.109811318358581 20.611717873661718 35.00403400072315 -41.418603049585826 -30.603553419009476 -1.2513276403449112 -11.66657660702991 38.58203853322614 14.158558131099824 -13.128281464978429 -40.13312962777552 -26.59768790484014 26.8393201092843 23.742184994875487 10.55057320659256 
79.6171255691737
-39.771706436392996 -3.005189394127406 9.708826981441241 -20.622188857730215 10.902239788785742 -38.031801400331034 11.962821149828763 32.72091002848073 15.884825491339669 -16.447125279986665 -23.954052649179445 24.139976747907284 -39.746548348220536 -47.853581722001906 -21.02670345880443 18.035266105708473 -5.683127586236694 5.762164347162091 29.511249904714305 48.925714278113134 -7.711950211199692 36.920056162879774 
76.00637207197894
-20.797860600415554 -41.69756144960102 -24.844839106660178 35.37109508495256 39.72011150971164 0.18274304363289673 13.811508440399024 -7.613041864952422 16.675501992197326 46.526883415422034 -6.754151385285525 31.4744384121078 -38.024766215161534 -21.503232608093892 -38.35199695143747 -33.30827244210709 33.71028122377122 -15.888799420062348 9.391523826782588 29.96303913114393 18.3574989964211 19.897059183649716 
63.160346130177146
-37.599637083404325 46.981435038820365 -17.571368580621908 32.05425028306047 29.070804721265418 -6.02327648970946 -49.414168375199964 -30.5421236800418 -6.324991613084954 38.78627711655682 -41.71227786539758 -48.33488232652986 46.34035804499574 -21.45001287345488 -2.9913459681968675 -22.917213017450845 25.096001172865087 2.7831568610688606 27.559971450826964 -41.70561990113634 9.584973888688033 -20.04655083596132 
51.42119188052118
13.346900894741786 -5.8179690586379635 -39.7803257948774 -46.669824952206525 -37.669342451096995 -33.07599778312259 -31.384784658160136 28.89270047806839 -49.34595666752472 30.522855202429255 48.60350077549201 -46.352391090103374 -48.62772499543506 2.219882424368521 17.202397227289552 33.3244131424466 -4.488850535090769 20.352675105117868 9.768958316405552 -1.0438416052642197 41.53389462533994 -32.75506778136492 
75.05549447188375
-24.939045283432304 22.931193156562486 -9.607677314570196 29.292465407091584 -45.71845957578052 6.371547679891101 -33.094035992581254 41.8232006264157 7.6728862838048 -48.06889041234217 9.78836329134323 4.210010075533447 46.2537114405839 -8.370786515396631 -41.14510322211488 29.750790323752653 -23.51146946188981 32.82780251895443 33.97725453547217 40.98971687610697 -39.957374332210435 49.010042323034384 
3.813491593087903
29.07518787562283 -3.5468260099125644 42.03537359347945 39.30267220598306 10.712699560824 -3.7145674046329518 47.17536737552311 27.940306421467355 15.979850484872472 1.8938066379268435 5.066696538937343 22.214136290661216 13.415253755751422 43.08326704930508 43.17463168923166 -16.431974007717542 -32.43741674409641 -14.23251589127974 -6.557533042314425 -38.12493084856637 28.54559492843252 43.145731942922666 
72.509329769335
19.6392646278768 -26.730557698447942 -29.028530826225506 -33.78916209793166 -29.991613033255216 -46.511824058687324 -38.838775162855434 41.034130799827324 -1.8310029993802601 -42.75220529965683 -18.70673627952879 -48.219207961435394 -23.19222191422461 -42.891199347133146 -18.528792341936406 26.898267428440363 18.061703589551897 1.0717236398804744 4.5786560467961905 -9.227661008141666 26.742774627307114 0.2735835076502653 
41.12655952533808
25.73033700757476 32.611402920911985 -18.707150264520646 -34.30408532234669 -14.413300151841845 -16.91424765922801 0.29492016796361753 28.404144076804812 -2.73035681583449 -27.987349337948775 -38.730269217230784 -48.125751646320346 27.399587525441873 -35.01102972230426 41.25759884956665 1.8616902646622648 -3.3528117774624278 -42.789349914235416 1.7289504214526588 -42.00535225454195 -3.7193108894014415 -34.060205023171434 
7.1781362028028095
10.00914408563662 -1.4805493413049504 16.41861879459597 -20.48899344006059 44.41127101215268 -44.857483759385545 27.422216985882315 39.950521790807244 16.67458649519503 47.25806835585506 40.63049289221145 28.95416144704984 24.88144032869026 -16.778283038211896 -33.38720675270329 49.03143339947712 -37.85712726695544 41.398559324495395 39.45712913761726 45.36933369312493 27.182430126963823 19.795978636276217 
31.93913136659229
24.818103505586137 15.145080114342505 -14.44879738809879 -16.385875732722653 15.059203812492512 -6.0068627280183335 13.839659288381156 -14.67093059269984 32.67192521475454 -4.223061859692002 -32.02280551185545 45.389348690972426 -38.66539162577959 16.61876846989665 0.3212628037784526 34.97862625283304 -10.459060002304732 24.424307866093187 47.033217879701255 -26.581625903842088 20.98139358804788 19.136674616915613 
98.84587823775976
-32.533114134957465 -49.86567689640433 -23.226107424757814 -45.31245748718684 -36.90414583129833 -9.369172000657855 35.54144577934045 -44.65427974762658 -46.95405066058633 -45.39799921658306 49.98726681516402 -49.68921000749028 8.95104019993336 7.486696691197558 47.467412159959764 -27.478094905358653 22.934030914848833 -35.32748107273892 -29.88364258582612 -17.05552840635759 -49.68447419438513 -46.13777937405025 
25.066649094823457
-0.259468664549253 42.43987132606925 40.20228011225191 -4.161491016929773 45.25044416571694 46.61134366717701 -0.020092121997151935 38.62062323998053 -21.913719007372034 28.746572223734063 33.089299212460475 -1.410733223255633 27.344391182818228 43.587567380418676 24.487473684719674 33.46362195063787 -38.72341879947129 37.18297364129961 0.5045655100572333 24.170955029551493 3.7164676348910746 16.83350481416865 
27.142953203608588
-14.203936475756784 -41.86050339888972 -35.18928674855264 -35.60581991432743 -34.08474408942832 11.442226967542148 3.8966427696288903 -26.87788515470776 -18.03417490545629 -32.64152467973543 45.15507374488372 -30.79465623883881 4.477827724412528 2.886950140174662 -38.6665535207651 33.40132861787251 -11.204285094612608 -49.81294611567364 32.907771230443714 14.789374058506695 -5.65684218207263 -18.89347742323023 
58.02114467848744
10.66899511700273 7.535216065564434 11.836667037335658 2.4297708727340037 -33.565177277228464 2.117722346113297 -48.85205444848674 41.05862986662346 -34.78134840067967 29.014612867236167 -12.759326970625239 8.882296822350156 -31.016131452461536 26.68962526076298 45.45266578154255 35.58459033347749 -19.723086327326655 -17.420345663603165 -48.102276799776476 -14.185876600038071 16.985072696967634 -43.667210579807026 
56.56576879081939
-35.15899568654082 31.219337003297326 -3.615170409928716 3.497609525453484 -21.96669658656948 -42.16435630423224 42.8338833594928 35.35424887466766 1.8101270001014456 48.12735682831796 11.62344170619005 -14.967296697015065 33.59144068581914 29.86632088788876 -2.2799500859045665 37.93740197403949 -11.246919334462682 36.1394097903036 18.27255542590322 45.0981089614728 3.7086336161965576 -37.67798764063642 
90.6656105503586
29.53253268236557 -14.021813186001218 43.049371295327205 4.930968886429319 -43.916327754422404 24.467215477546375 -10.80867481662893 -44.84416530724281 -21.58095818937943 36.16714837852109 -11.394563991938611 40.32833015274264 35.96096005396477 -20.897564589982665 -46.16192593594277 31.485932255157152 -1.7759358732246326 5.587242496630083 -5.03744543120127 29.083509258117786 44.36832510805657 -35.281841124830834 
56.38792486363875
2.1733504701324193 21.73276218334466 -11.482407613881605 -17.258430207859696 9.290381539563718 48.697206254992395 12.255779958223599 20.823303047751196 -0.1384496398694992 14.426392950079233 -13.782295066279595 22.148166177302514 -15.49088713840139 -19.11724253374568 33.544386286013975 -16.26033383590464 -7.206643389564441 10.951301594285297 -3.233647796453255 -46.3952545575952 7.741094318759011 30.601964531052204 
44.26039502467476
31.7162696442861 -22.068004161968368 -17.27807291167641 -22.901057500105615 17.3483843809977 -40.03435095220883 45.58234325098326 36.624701469822924 39.25458986400828 36.8079952474109 -30.13901632747458 -36.42849536016467 -43.552027893025425 -9.18338819873965 34.72436695918958 0.6655251656596164 -15.762535539015218 -15.829996231692142 35.67991402894957 -37.62058904636785 -17.306335640324953 13.97695979288045 
44.74074175744446
17.8750360439373 42.86213396242846 -35.48227966760912 26.90275211718452 46.158960433209 19.811773542007103 -25.13045296247426 6.015637806313798 -23.91208204792733 -8.999729201484506 -23.40498998965628 47.836533995929926 18.099937860971778 -36.54176560142989 33.222142302911024 -31.612963959983198 -20.590020371501183 13.938146225939086 30.921360628871923 -18.308659807676896 29.897300886586592 22.44374090980594 
78.08483258165654
-27.44471700508705 -47.975068993540425 -48.54995864535143 -29.5602163141336 17.25314147035715 -35.1299077424416 30.64371591584397 17.877958673111436 27.820991516555665 -40.29253156804774 30.158040135845994 9.359308457968964 -35.88744683295951 22.575722465696813 44.046208301009415 13.048688742077474 -8.144581967799155 47.87077252091885 -39.86867980990016 -29.729827626286042 -35.347393382291045 -33.75227774951517 
12.390863606441172
43.91436142607816 -26.793567452973154 19.976568946914014 -2.3219258817581476 24.609840900271493 35.998695738262725 19.385127357772944 39.85206662707911 31.270720004534084 2.243209815779892 5.135852159059887 1.2831734486158695 -33.442015396117554 0.13379312963608214 22.82158232882749 -25.780567592152504 -47.656840484265004 -8.75723842660814 -11.271585874122536 32.64473692060926 -24.56145560316344 -14.617903992553572 
38.60231901263287
-10.971311684060211 19.659129941652992 29.321449452155363 4.8692848103267465 -20.237343601550727 46.70698357381944 7.464171735214428 11.997109242463985 48.09617501303781 15.419791269455402 -17.085415687100372 14.550240627748963 4.032290543968351 -3.399107331791271 -36.673210658865955 27.977336193757154 -33.09001409242933 48.94907323551642 -2.492750617421514 18.28447641617194 38.296390718192 -29.46797885577116 
45.950528403467985
23.485303980863534 10.33096024485922 29.79824226630859 21.319473042281018 -22.917430396476245 -12.191595579598072 10.297923562228895 13.338289844728244 41.82390244256551 -8.943408116438903 -25.915881263781316 -3.3511344387234914 40.58787903987344 11.060287044695329 -39.80872141322634 -30.112161982321496 40.494759339926674 8.301011546791436 -13.360935806996046 -10.426149163489008 6.199494513257029 -17.57206477480355 
67.08506176928941
43.35151724976937 -11.186991907773233 -8.855838034195294 -13.449150366562826 -46.27936350956918 -41.989154110405025 -36.412625214884365 -45.428347918361446 -34.41377023926607 16.626789118449395 36.00327527583924 -31.329452423343852 48.79699899731254 -40.60787857712833 35.65482773668272 -23.76595357315764 -9.703163253593857 -49.53038485475226 -47.32019141014542 18.666576154101406 -40.403934811064424 -1.9553906085101005 
19.003771230582423
-21.872750562661423 5.976089660057035 -1.5262881566664106 -41.56507747715278 24.202992515016234 -13.826813073655707 7.355091000287018 32.71213748883457 25.548009061702714 27.244215486350214 -29.62751274998493 -15.453337682234626 49.82019133354089 0.8990120574400393 12.87840093929978 -29.40724206600793 -25.828986321005786 22.791290606359908 43.92022271337646 -15.198044597027504 -31.903881617637797 -6.908062890941281 
27.77628130359069
-4.2398180778520995 -9.370349538859912 -36.874478166653475 14.057136580651559 -39.62346190637758 -35.33387260819776 46.93300683531328 46.04068028295133 -19.31299615999552 -47.38051829928921 -3.6694494087182647 -13.852076947961265 40.5559558142765 -40.320400154938106 23.366409563011942 7.329578857486311 44.70281183716148 33.60255447072022 -14.965064676337292 -0.3780892830134732 -16.249249699816623 13.271461143909569 
91.68871168702788
32.24350212329975 -34.11110581095069 2.1906533951465477 -37.20310095265699 -6.657042649698752 -11.741043452131763 7.6267180109373385 -18.47009499443316 -48.12918139914469 -30.678185673509528 -8.714363516277913 -6.892511056718206 49.03719642784071 27.229047559368126 23.21612597575856 -49.07052642185624 -19.5700106343617 -31.381002767161625 17.054992866953015 39.215283327712015 -25.893214533241338 47.2764325144247 
1.7811468289982701
-8.789499102907342 4.836826395265405 -37.26056548061448 -47.179303925250046 -22.024268944189394 10.15774557303184 -4.793343899274049 13.646266893489326 14.35503970163981 -9.975037049136326 14.992645664584344 -12.060443485318672 15.928302659797055 -21.42993907231454 -37.70158865796944 -28.063136436326275 -6.416190816209664 -26.152408338425957 -33.79097864577602 26.753110285385617 -9.19547886279257 -0.5618761308408793 
10.599474166189493
-38.719305312087556 -47.15663482592214 -49.6113454964503 -40.975344139274284 7.685245745980296 -33.329946073554936 45.20966673608058 -29.311270577630964 -26.42882932244507 25.903866916014223 -34.48844103124414 -24.76618548473154 47.5656459551968 -44.09606228935511 15.351307106082501 25.357364551993143 -31.629501926425117 -19.22943707951109 -26.52641550162628 13.162158857125661 41.257182090911996 26.218109391314016 
93.36883790917513
18.662390936954765 0.5308656304942048 30.112132174942275 28.434069122334577 -42.98616695438416 -28.334599216143307 -24.07967693157569 -27.489634045489975 -45.19440330323792 -17.388249527469178 -26.59102436858597 9.68453963472846 15.145566156544987 10.208203968326842 -14.376377356870876 -38.519556984965284 -23.70893362874662 24.67151165640223 41.52463075613602 4.428881952136074 29.220897673832894 12.823861948503612 
29.60545062483818
6.4933071649767555 35.814391377114134 19.01135987159107 39.40337351739018 -3.058315562751943 -18.802348259062494 41.59549330093691 -44.98044543681606 -9.006637131562393 1.3367014594236082 -37.55014652383076 7.597205181216772 37.9328754217359 -49.89820942043075 -32.92989760709152 -37.83619478577389 -0.6289787606747836 8.796613459316184 33.70603716613533 48.3252741355907 -7.0532026035062785 -4.459229594864702 
81.35033570437753
44.0070275117251 -43.99797773461683 1.9132745576428292 -31.530655580902756 -13.231088513800593 -6.376181013352614 -30.09047794923313 -22.962920229278737 -31.821988648047082 -24.061631387816107 23.533568748569394 -0.2656043435258155 -36.694611986089214 40.65262792450844 -13.757810684875594 -27.899014807006704 9.619795067233817 38.57901291641154 47.976654017242396 -44.02119344047266 -22.616492092870477 32.241315823623765 
43.6627330897307
-14.238903097616898 -32.88764046058094 20.648376775295674 -31.171064516695925 34.762158599961 28.744187837323693 16.93538977146018 37.38755141736202 -4.551328599691132 21.86685637586821 49.81088133948262 -18.35740644438656 -5.675788797325232 26.68910773365549 -5.389164300022088 5.2332183218409725 29.934342534375602 -28.605513507542256 -34.75042706838789 25.990822278845044 30.760521757511498 -36.899387627621394 
64.470358865877
-12.417531536038709 -21.303278252962897 -3.1468243770105744 -3.462999498914243 -23.66714555098732 33.3535849350784 -30.08406997963169 43.87090479308742 2.7615759124298833 22.610595102251978 47.07514745329969 -2.8735649571817987 -3.858048224610066 35.63760611447975 6.758882033040422 6.810624007247746 -35.21778093317237 -33.96718430704079 47.47853568403606 -6.208401033672082 -5.250558118719162 4.775047945186891 
99.43217870328964
15.903383169684943 -4.5990177433516735 -24.635970852252807 -32.93385310372689 38.34297691650693 -48.642042675687 36.82306410582582 -25.026559756025634 46.66893304151813 7.449598719404335 -45.83564159330953 1.7145177591078138 -27.051102360889335 -4.3230214547262165 -49.53203699260173 -36.021938702621256 27.96690219556602 11.389090697264749 9.901157917579603 -43.04362974223189 45.38944423620357 -40.36617524970873 
46.80579538714936
-34.10795928215677 47.40268592848784 22.040879317718094 -7.593014970797981 38.45960624620071 35.57137867931162 39.61319836067081 27.747225676932686 -2.022083372321667 -4.466589533291973 -32.55194349442978 9.125892027376928 -16.594045311573545 -20.36784642826336 33.67843672094351 -9.375213692307604 -26.343078212969505 -2.297952866039033 26.819884886246953 47.22618286511185 -9.02759232277721 2.961175421099668 
93.22755807298616
41.58066067781026 -19.069525309101497 7.327842417903405 49.51268738033167 -42.34226569270645 35.11856679006054 -1.5335666082381607 -46.46273631759246 -4.6869097783533675 -43.41584950876616 -40.51883084898945 32.00022299668784 -18.76795732238399 -32.11698722594536 11.414589997906312 32.64798834046712 -46.24043155764098 26.87724194191692 8.570916314429958 -45.21328426049696 21.80308624240385 46.39183725619117 
67.1727155072132
13.043161872778853 -18.705086379963475 10.42104775902014 -1.0274333615650804 6.215604079340295 -3.3728586777661107 41.78246660692599 3.1797319685308096 45.575758231847104 19.022371883363206 3.949003809556082 42.4250638619319 45.12719802010075 18.979690594786888 13.245880145572407 -8.524265522628248 40.095308960790675 -44.26415838920934 -3.3182226152136423 1.024600198212255 -20.68168804295849 -6.892471847780236 
5.390374422256494
-36.88270789951783 32.22846431082405 -1.8686000933032503 -16.00952948133 -0.35653166228760824 -38.242958268698544 26.594194561083725 -47.870026470316105 -29.19314341476432 40.76625570305224 7.846176669969651 -23.938967509040822 16.602072027127534 31.505789093807422 -9.783131905237475 -4.699366545794007 -48.93557625659041 5.111158463367772 -2.0972035114289582 22.263025240346963 26.422243280933586 -48.69434644476031 
30.372837190817346
-48.79265585528021 -27.730468323330726 17.23711075618006 6.1374152510661375 -3.0741425266056623 -6.51001961877018 18.775347734051408 -35.846318951729096 -16.694723436168765 -20.098233189649417 -12.384417569640569 -11.810442447428748 17.225611078073285 40.45573311527316 -46.822286289088275 12.145267770997812 -35.78192383535791 25.307873078737103 9.560842997603494 -2.368166804887153 -11.114405745895127 40.200366542952366 
34.70701065767011
49.03172304928583 35.296453782880775 -10.676408730003594 11.447541083059676 45.81767702002958 0.39373826340655427 5.194926018282175 -1.7499286342207085 -22.918526429671036 -3.0798357881342326 37.078369322513836 11.253715511147256 -40.97478206044033 11.439962527072836 -26.917689829749836 8.574464414661719 -47.406515377896106 37.746539096241605 -34.688945065431156 12.882389854489695 -24.524561458419512 6.276627207377651 
62.309014055173314
-31.10322325870769 20.381851960745493 36.108668137266534 28.524701593337483 8.714834101055978 49.802703567494234 7.70523748929984 -3.3649709306706157 39.78415856688882 36.37681897709898 -8.233645732601815 -44.691396889543654 -22.151339086359144 -42.44417912759878 -27.607547610107265 22.350055128497786 -29.657773184469082 33.42039934913198 -28.786998392992302 -8.84429509353285 -5.526160608275376 17.30774073470242 
63.218594347495774
-32.975875630838146 -31.357497491787655 10.334688881871159 -25.25848507768904 29.103482544461144 -14.160199484635037 -27.04797640333969 19.361738496141285 13.620780702136372 -36.657562711046324 49.34101766428226 -41.52763879829138 14.526445440997122 4.266701534942015 3.76419774927885 -30.179467571387274 -11.199065410060108 -16.548779787300703 -8.091950658441782 -30.453076521370203 35.4083778612964 2.6540361523965643 
4.806137788089848
-38.92114111887982 -10.754490188472474 8.194446028658497 28.106961495898673 -22.310749420586827 34.42242520789813 27.93965552260805 5.251578647683786 -5.384536914214976 -5.174978297728828 -36.069204889379314 -20.448158498606173 11.33935453100434 4.147189118784581 -28.037622765202464 17.21091019767556 -5.038316699068254 -7.555801582603237 -29.926166164946967 -18.996604661748997 31.56115409159655 -48.25308818298836 
94.18126145870566
32.6333575221887 -45.989601930259894 -40.610217528408974 -39.02793157782494 -9.285876151455497 1.9281990026583742 44.443913972912114 -44.2952737999759 10.864670258864209 22.2793220117332 -19.990378132186727 35.7003766870378 -15.406917454821354 37.59032185424937 -27.888614852641435 29.082574144308126 24.438465607555358 -7.168231086939215 -5.448809696801106 12.715944010279564 14.268325067006032 41.72429926294491 
38.31466649023723
-26.68587982981595 -44.32065683069205 48.558014665111756 3.987658431077115 -8.66817872993677 34.12520227114575 -37.42830913904491 16.12913295825878 -11.474538536301068 -38.304129222754526 -31.47962192764303 -20.34035997922964 46.96123328004144 27.398604389456224 29.26694450128143 30.062825902127884 -10.230890137993534 0.3416213197779854 14.065146863549742 -48.439276181673016 12.085778571654359 -13.602716777521366 
99.65892053127693
-49.58806341832499 -35.60097536705358 34.722311288980066 40.40447363270809 -25.90505003241662 19.9006065972971 26.938378305650858 -21.67104591316632 11.37728773368223 2.4742392416792427 -41.17275733875938 4.371374259412178 -6.865687262556918 12.589752680738442 42.07027582546881 -11.991440169210257 -10.730089974284049 -35.35584318122183 11.86312193982937 -35.94906509161054 -36.795538919244265 41.184692204412215 
75.16192347533736
2.599927145043921 2.1338716965694147 -23.03132713678805 -26.131606853568144 -9.00911972551097 -11.373326444722856 8.959295105020779 17.436727793613258 -24.99766521311416 17.11445747156978 -32.87377104811582 -39.813776588650875 40.69459948726255 -12.555723103080716 35.31427420456882 -39.97085698252061 17.94757415944342 26.89983344666878 -18.537062637288404 -42.625755578199154 -47.9002288346177 1.9616034022226216 
92.1042659799572
-44.35789145746681 21.047564595993578 -18.435662012002563 47.33588857854565 -31.87079597575242 -28.254286907621672 4.7236228826473265 -10.639355996222136 -30.11657013437501 12.257210319961011 -12.858504147273365 -29.796214695790248 -42.1953888763967 23.332573417009144 -26.23562361488798 12.363243147516577 27.359239984262246 46.95570557715058 7.254887382275321 -20.082003662494408 20.099543821473034 -31.624505934845658 
85.95233328527362
37.014052311494964 -17.397322891691914 32.84934579767702 29.135028833294925 -34.33280446685579 4.496724052854383 28.6568729522983 2.2607922424543787 -24.533948462415022 -29.084128301135102 23.899010305944373 -19.649666142347332 -35.97132601495112 -26.9720361566133 -33.82016294295794 43.7914602886967 28.960298207684204 -30.79659523289665 41.47542286491215 7.580336783758533 -10.420517529652948 -21.05484724324618 
91.32607157116375
-17.620664243741835 49.82439422556027 21.87534907437916 5.945320555272403 -46.24074111367064 22.520493025556164 -15.12511803143056 -5.078876107812469 -5.392995270888498 39.58544261034301 11.898000777159687 -13.10833664719334 -5.081926289981197 -7.233450635732154 -36.96517240230671 24.91027626497491 -46.943506140902734 -14.849352994044182 -17.929548843936516 5.170984357166176 23.053172750574205 24.95577787049973 
95.09002821938437
-46.65182040095336 -46.37321151276422 -39.99135460156978 36.605108207709364 45.01104656295743 -13.65021765645701 33.831247503471005 14.227194837458626 4.405299799839568 2.7451641262527886 42.40474272126552 -21.909691947077036 -40.64811100995895 23.088221888318444 -15.551966788364268 -42.97485720868447 39.09434306357437 -36.69957242116193 27.443125445138946 -40.086880765524654 -23.366584602061423 -49.43883009623331 
6.658873426903755
17.69950548168508 17.419797155615697 -16.873789467714772 35.0692101661414 -40.77951939704086 42.232634478287835 -4.669983132645797 -21.66849768608423 22.29983652729463 -16.346343970721563 -45.1375545683555 40.88525026703705 0.4968004508930335 -47.24630344539743 -23.851513019763505 16.750791465947785 -34.56277776165376 -4.559471865102928 -18.976871525924178 -18.24769278281918 -15.163865503139753 -33.626179962942395 
25.881586203543893
42.65884803247873 -22.87944800280275 42.43518907058879 43.09851517275327 13.131739642855798 4.9870547335524975 -2.551736162573661 -36.25194203673318 6.3861644819192875 12.279545335334753 25.17574092656669 -1.4801444318178767 20.119305557794007 -48.75163377039774 28.577454638111007 -45.785549192365714 -9.473039720986542 30.552667650817682 -10.1045096165602 -45.685189190010455 9.125019709771756 38.29377868366831 
48.3394036137088
13.868908633872465 28.61183675744266 -41.0819226862976 39.976672898627214 -8.718324676614529 32.15189347053918 8.003636921535403 47.89050883306716 -47.3971608227571 4.230878761621383 -45.25429742398689 -30.250847822341242 37.51050083481306 20.626667187479057 -11.61811804525604 34.63792487892934 -39.57145320766847 -29.939686837656332 11.848599229411391 -8.6628023224268 15.07928744917838 30.735685521054222 
63.63632816505922
46.1865638756267 -23.738996154060544 -48.754139944556876 -22.888320768512305 -49.74249117273616 8.753349229050002 27.219002589638635 35.500399176031536 -27.2361121447647 -0.008159953975969358 22.595893453648614 -29.724017149487235 -49.52843289470133 30.515963588863244 -42.42411392775692 -19.125555516197966 21.325615512239764 -15.816312481803621 -25.962448993911536 24.45657486381701 34.59546007314887 -21.24154110682227 
43.63480783578865
35.86475482148934 -20.454548131883755 -33.28695783444755 3.788899869870633 -10.027781266815651 -10.029687106408566 15.957848826965133 42.44106118017464 -38.70158304423666 -37.108017477671474 30.68969344166665 3.700294542901382 -30.93506910088766 -23.703582957019044 13.670131419130307 -46.58484887261943 -30.20787783534913 2.9958551672523157 2.980930011183162 26.218049428589126 -25.91242715738472 -4.465761314185457 
88.66739332473973
-26.26496846231824 19.453045998380077 -39.489649444554956 27.6685890740532 47.423559706421784 26.737565920086695 49.77536587290422 -20.95315753743322 28.89536602659875 4.289942629572273 -29.331484484334513 -24.232921403243125 -34.39904024854834 40.91487842425957 -42.2134296739418 34.13988651662774 30.396902111879058 46.41256170883314 -45.260071831435454 -22.469457700487794 -0.21349591431761894 -43.217580204329686 
75.93007798831437
17.049370712563373 37.51911544756396 20.09753326722678 -44.40973876707124 -11.3227637068928 -22.24725554182748 18.606929597846104 -5.836800484288851 43.64314080631395 25.129209849148566 -37.201185574419114 -19.45325140887335 26.859271568138197 27.880647058657175 13.958528218118104 2.8204186149297996 6.832012658445883 34.4806292218299 -46.819145372022405 -40.22731699332158 39.705856050341566 14.372777850740576 
66.84702212268667
-49.118921773078085 -40.03971323557036 8.954199133347572 -38.74741268451861 -46.645922270252505 -9.23187588536534 -19.739323067338855 2.373112001389444 41.425797478585224 -41.86304308548947 41.69501912568312 0.6803742100782699 -34.69839278251274 -25.306270260137442 -12.340450833376146 25.472607806669373 34.98472140464065 31.33569100376934 -12.901777237935342 38.35803620190951 47.67095448963494 -2.0407214691205127 
19.723385279178917
-18.668200232748156 -43.51925395247197 -11.908236286605366 13.096752580574687 41.31207838332274 3.004701952970038 -13.511237876025653 33.75366228032544 -9.947921794843396 26.470847014505864 -26.375989111874887 -3.795742734946849 -33.979745601305254 18.298862667648535 6.486082868256339 -20.085281222632645 -26.858030136994415 12.388607161114692 31.20997862536153 -13.733761911974 20.221584359071016 -11.302790994401846 
59.809849435345484
25.00895328614243 14.414670904265108 20.491122889195523 40.6423614878222 -7.127430927313384 -47.70404713587488 14.116508339972484 40.218496232255234 45.764961232219235 22.86922864716435 -25.78664730887367 32.59486485728061 -29.615463444888192 48.29140510577305 -22.99421528211135 -38.186089004897916 -18.90826882246556 40.133500623702346 49.633067311900476 2.7256178787561254 3.529474164966075 41.67728473228132 
84.4427452127106
-3.9883266425802972 -42.24796242825062 -39.95300838452053 -36.25046256865805 -25.65373618294299 20.516191804997845 -34.098682708899545 -17.22951232707183 -21.633980519687267 28.908145348391727 -47.0382811355507 36.27904298721707 -16.515159881055894 -14.375758880031178 4.828779203972466 -22.02238559220884 -28.4223249736951 39.99294950895789 12.339212815849244 -29.329629411081925 -14.829415311430871 48.22020634956533 
71.14186577829898
20.024879702619515 -3.9873262007090275 -38.64031486839025 -33.77820609434872 25.043398788697573 4.768806746487627 -49.84588106471267 -32.22260104662368 34.321502409471236 -35.93971578412069 -47.83667575788096 21.156230514616837 -31.24609437736734 -16.806092629105095 18.489115485464353 12.480984560194088 8.554249899405328 29.658185517450804 44.926789768286014 31.14792232658749 45.287727245561825 -10.171288811815415 
45.51748440705187
30.55574265706811 -31.927562711991307 -10.687023599856325 -34.754896239455775 9.22372687908259 -12.812629965322799 1.9782233687424267 -16.983797818094224 45.88375573753328 -1.9680346432406424 -4.055796579368668 26.08060084503603 24.181553427267858 -46.28575403579155 -25.31406311276978 2.6951142819432974 25.29834272654756 45.501503083934 -28.12002230119991 -38.897663242142485 -49.8951633060405 -13.050398411615902 
99.74079749774984
-0.2091584156794326 -43.61472102548293 -40.266040185683906 32.332344178393754 -13.477185268881072 -38.779947375310776 7.037308199932603 -22.29700465843233 41.759591867950704 -36.20888587638113 -46.1936269020201 -44.31950791670045 5.885127542022637 -10.324646297234317 -7.728374030381623 -48.223351830519725 -10.978046472797068 44.1166760184346 -4.16867928043817 -38.11002842439952 -2.7463031448083797 -11.18151629181655 
64.73303885355936
-22.642434786930977 39.71282202684182 24.473917750778554 -37.05701332641503 -14.60398953152491 47.26167712206981 -30.44791550695587 27.175351304917555 26.084158922098723 -24.610410866830613 -25.21578536281568 16.261030585441176 -46.22092262638182 21.4681840609437 2.344513679147383 21.86708769735462 48.21967050550812 -40.348313414157104 28.896240651785476 -19.964667035873873 8.560781410972929 -14.521532119471217 
52.47431341756439
7.090396672715116 42.19381598132455 -33.37534626659227 -5.398444300029361 33.17481123487346 29.44830179910616 16.28013390119966 41.08644390044542 -27.99948005321936 5.131977694757261 41.26181856184421 -42.3739823906711 46.36336031133163 48.35537710431409 -31.751428284999584 49.63840164830634 35.54902108003499 13.2000696164854 18.41673258190353 9.6751435177435 22.966102969675177 -35.471923475945474 
33.274688832992005
10.314369790658382 0.17381810106456896 5.593212556266124 -47.360502566694684 -44.388433427353625 26.929025390977543 -2.8965969006392456 -40.5319190961914 49.98550024665836 -44.04078525552417 -29.00368592373386 35.65006034163713 -20.157313455740855 5.875167488017794 36.42889386236237 17.88877692028896 -19.70553466211109 5.969019639495684 -39.65528319360967 3.4416766357310706 -23.00334792880525 42.60045604883577 
30.471328653387108
31.760660950674747 -48.55759667313803 8.455880410853403 -25.286995269395707 -40.032402165093515 -23.03519929160649 -6.827677253940614 -32.35731346326301 7.619721477228417 12.256384237484163 -43.350023582651865 2.1601169904214927 -30.63586342480408 19.38867586931603 -5.165760997255589 42.371438452812995 32.8502291337048 -5.884489234677574 41.830165052203924 2.3588848515836958 -6.336742964031082 -42.33024795222651 
1.9192777262537986
14.747358994107032 29.061988709122616 -38.68620520998826 -29.61926200339633 -37.16188171669421 -22.052246525838605 -2.4200118436243514 32.975834645974814 0.5679153953550156 -24.2382315555561 -4.562074957298556 30.536895016490547 -24.33464294894465 9.902225877228041 0.5513336614545565 37.308628952156084 -46.885578159223876 -6.227942294985624 6.338043344082003 29.522058166416002 8.398435869038089 5.712896715574232 
56.72232299766352
14.138119696952984 22.986037295259848 2.8502523300823555 -12.730325976846856 46.78016006755465 -31.86604011309192 -0.730555722028079 -42.18013419422591 42.58144945932469 7.319755474348668 -7.03859094350576 -43.21507979301512 -25.993970131276644 -17.519163668416674 36.62196139076734 24.954370712044707 5.658052479929509 -25.275489391580543 -26.34230262485133 -45.04895299528363 37.676997891537994 46.28698018536967 
52.64617402619181
-28.593675651213257 16.52302759179105 -22.74249187216546 -8.98235523123411 -13.525413117272109 24.788844803718902 7.9473121541251 31.870014444480006 5.482455138863308 -19.868544378809016 -14.229069998502595 26.598349138095728 28.309080548708295 -42.500773992566266 -5.878810096532561 -19.585278626931636 3.519592367875333 -1.4632913145611752 9.95710969948096 17.8537312683211 44.32459534707577 -12.618317069414566 
46.68737964088662
-38.996438877480124 8.114359752525083 -46.974054781922256 -10.579654861385222 -35.528010033090496 -25.38286477146755 4.9933815936887385 -29.235291723293678 -32.008722677603615 31.656831165247198 21.295879126369883 -32.89658596568125 10.085370722630458 -7.963950721518302 -14.540297193769945 17.62650398681437 44.367457799098815 20.246252705868557 12.871956561917607 -18.603022846094895 13.805365068449717 43.50762364760432 
65.77878934742522
-48.66302043379024 -32.313132580690684 -41.933013652465014 30.974066707225006 38.25995848155195 -48.96351199413693 18.732887128342597 -25.450800927813923 -27.06235819063031 -43.120072774582916 17.302762211331128 -5.9680836662342 49.67903638116438 8.021735027161405 13.83785917901362 -40.176229957731636 1.0118924823554565 26.89644605603266 -16.332588166833297 -24.946827072321533 49.79536978505507 -40.427143592565 
32.554284795404165
-14.207155611762403 32.45591827876362 43.13571419745681 12.630155321252154 42.047533705802664 25.0266867891378 44.438568929260256 -7.490981278598873 -6.000051193413036 32.284012227641554 -47.38388780213386 -3.5863815069724367 7.709815632423009 19.512867878204403 -22.236165483761805 29.200190570302865 49.7930791427018 -23.70357232923592 -6.162651884627678 46.84265959539012 21.565209603331397 2.213120614598431 
15.093329663618071
15.23824107773359 19.714707080572353 -4.562065155461717 12.28843684363985 24.1221600904004 -37.220184485742536 6.9829145217007 7.372232907001511 37.429988624954404 -49.46637862777931 -4.324853833795281 33.554560863250884 -33.37810438184241 16.839585734059142 -18.04124116056314 11.397431120560512 -0.7161561793586486 -4.378243354527974 -47.779214524991566 -29.024065741858728 1.7466155419918152 44.30079891512928 
59.57897623700315
45.17231733430623 41.51427093022116 -40.62090087376337 1.932991914923818 -30.188206300923216 42.96944197225744 -25.18480163306699 -16.43141280248326 2.6182667057392166 -1.8763301798103598 -44.59016949042858 -17.28218640696071 14.86264046866782 3.106735300326932 -15.367088290274786 -45.78357983817401 -32.904080623008134 -19.360248870528764 -0.847193978790493 -6.237013084407906 -46.49614351516629 -21.08747105656976 
90.7862748584919
-21.727395385503645 -11.810588757967444 8.086561198909322 -19.33049221274049 -24.568855930227574 11.083829573085623 -12.929320413118447 20.157692700384246 34.79452420124623 11.206676139635839 25.267288330532566 -11.707407349437247 32.6405646698545 0.6396997686683363 -43.33715916025513 36.6346528101664 -6.730595802816175 23.84891802837842 -23.063054932132165 -21.161840094809257 -49.43837925870353 -46.11614629670867 
58.19039392449279
34.555035742816884 45.34162010087411 9.502410186978196 30.443063284351496 15.084867773325954 -23.543012897058635 25.41431387521814 -25.77153507660602 31.645810680656183 36.472878576787195 21.605741602919892 -35.58744138907146 16.223018880601813 -33.50619270084604 47.10209993855446 41.790124204222835 19.658296481985587 -41.136629812855894 18.54560724298159 -33.93716383015989 -8.023264641493675 21.35588937720027 
84.60875276892945
21.47895044714869 -44.09695810911896 -8.037948158766248 23.534309307263385 4.715297870979285 -43.89762562269441 -40.515913356024456 -27.012924655388982 -26.49197863221443 3.8875250716944407 1.8941472273464086 -1.0779494858864638 -25.910629823526797 39.96625779943402 1.7729622843034605 33.31828343542354 45.66349940215679 6.259734423544991 36.13402390045533 49.39719024284321 20.95517459191079 -48.09509822546371 
16.551901170551087
-2.6613716658526556 3.2909124465162733 -1.7391937485629612 -25.248450553104917 -6.472448712851971 2.7229605349317865 -46.92917332836988 -1.3212568411335894 -7.991335493798687 -43.61772517901893 -5.110203104493692 24.560059322136155 -31.90408846171743 41.547429545118945 45.46709368149807 -18.42588613223016 -39.02172866905498 13.842159725788086 9.983753719159914 -32.505945570876584 -45.31717725985583 -32.47491237775512 
42.873687972854654
6.024539900393599 24.900539970583296 20.01084824256148 -9.583809875239538 -0.45521586992165197 42.94987051874489 -31.437268439984955 20.36885226708712 -5.417509021512124 7.547662107157727 -46.477321184608925 -26.382903039877103 21.58177836999367 -29.923524640081745 -10.50479468269954 -36.85143850436771 5.391479907912789 29.68196362110426 -6.422251658859743 1.6175992097647338 -31.61147590720216 0.8034135577911101 
98.03054197975672
-39.652835826308596 -35.73568558503849 -2.364831457144149 -16.29495515464199 49.82241939144285 -12.759637705594976 37.53612726048662 -39.8993584900745 14.562411701725779 -1.1573197979925496 38.549054977420354 48.0951695787365 -46.28678144604389 2.3527479945055916 -25.039002579817748 -7.804432198780923 -37.21206524395203 -26.33388575590828 -40.76940049071639 40.580762038101 41.686003863895465 26.52799939020288 
88.62765547951149
-16.740366139664822 29.456324650016015 49.97855140023451 30.57476508204546 31.342767120422536 7.225665481682029 6.328656866667558 -28.049493143624982 3.7273668291413955 -42.704068273732055 19.100532418350625 24.50802811508062 -38.57937114342445 -21.37918244152838 12.105572912508912 -38.9174422946308 44.27749112319637 36.70451258447197 -16.804784570640365 -44.59421430447116 20.104605812685293 -30.577972339049886 
59.208878201950114
12.114680019936785 -48.11693464362805 -20.657147638867666 -17.743693423480856 2.9367646849385665 25.28824268689756 17.8466057303077 -28.290084165757044 20.053450511873052 -44.26413262968153 6.651461828430207 -8.853950359602756 18.287560912881347 11.859220756563396 48.333022726313274 24.962301658395674 -5.969332215088116 -49.37680343415014 48.99352544752932 35.51137763952599 40.72043253203539 -41.79337606115434 
63.44813080783509
28.33021235940427 28.197686964315352 30.335172208771368 -23.87282444359031 0.4063699924419666 -23.582548879860166 5.922808102011409 -0.6497157420066415 34.41203464714509 32.75770535645552 -11.319317248876281 4.710233809930386 30.449133867375124 16.56418750243992 -47.22203074999649 3.0115069282586333 -13.912492228500582 -35.41090565811334 30.690104328443468 -46.45943267718336 45.34122424802766 -3.3740036080522344 
74.0455333975043
14.40178976346256 37.71647407841627 21.912931192464086 -38.41708409313477 42.235150714382115 19.57776082978124 23.770058194687422 -47.74347738232849 -38.16129931012024 11.81735716449733 -7.542150887192278 46.07831359444633 -45.949031160305566 0.1763093361166881 24.386318818228958 20.460974631217454 3.7053867030569663 27.553517362538898 -30.424689232107394 -44.37301041149959 8.550919206278607 -38.74726918187413 
38.660395678655036
49.074584575115125 -25.259886070296456 -37.6444189811851 -24.241532444509772 46.14216858756603 14.817763179389345 19.272028528939018 14.151649603851553 31.388679847214547 20.10046498839631 33.007888079129486 -41.982311721441114 33.80803510230018 0.919348304881936 -42.19758245736901 -24.6705292883019 47.82163333511808 -24.5946806931545 7.527168600526423 44.56592022136515 -38.456318998232675 40.328138186725866 
85.60065490506823
-28.979024274124377 13.989868393907678 -24.04225459377062 -15.838408039374293 -22.733025519926652 -26.299304446456528 20.998234250229572 -23.143176551236678 26.72318343431867 42.67657205694327 3.3519166542412933 -1.1617132845125013 -40.70011709463432 41.57252505893155 27.802978727142985 -32.573360903304284 -46.267181185628424 24.776227376016053 2.6671981238081486 47.3874920143094 -17.507552434905513 7.293719126300942 
84.03629860679007
5.879447220017141 -7.953106258995177 -40.70688956765966 28.45250488325314 33.87142287563772 23.777096556916405 38.70720185971864 22.680870203643337 -16.80997816697434 -11.012873859758457 -12.528137830390484 2.7040741394554146 -18.653981570962642 25.222187195477602 12.777681280594422 -16.85372473863648 -10.097734609956134 -9.498606067075563 11.138266434496522 -6.960219382956268 -33.61634531815666 -2.9081318310743995 
20.129321103404518
-45.81976505076126 -25.407009232131873 47.095301277192235 0.32836002204400216 44.27308022570628 -36.31500684988781 8.387629023329893 8.285821710828692 8.65608745564009 2.463843710347547 -38.65300987513909 20.2839889749889 21.589777708820876 12.108038717757793 -45.675320882832516 6.190999431636371 0.9395873387892166 -12.110451936182479 28.958352831175233 32.892967481846966 48.53066085717856 38.44258774874501 
65.19624491637806
-2.411976367355983 22.538187124048463 -0.24943141220858678 -49.7042859869257 -47.34809182573921 47.983209646991625 0.258128640454224 46.07894341836439 35.83541041383398 36.735921776338515 -36.621688170183695 14.373169432933622 -37.77008481383485 19.385420650784866 34.15339446954208 -38.16765483764139 17.737909321157133 -12.083008283157035 7.941017218367044 -17.768343191550443 17.71121250056386 10.344952845187194 
70.735614272192
6.845857047381706 -41.029577155697226 6.281219401843018 33.09843278565235 21.66691577824848 -1.4051465020698188 -34.12334471921028 2.6576469638605715 23.98601829864947 38.67304519506838 -46.345547963957955 -6.2465686005025916 -29.740560508965352 -17.370347967691714 -36.538353769757435 17.041094359303713 -37.80259537629698 -44.204607828890985 -18.902918287067294 26.728650740306108 28.659560891755902 -49.43758536103908 
17.13102886667277
28.613527379098116 -12.789821980236916 -35.23169810482361 -5.986237739910948 -31.803664000933075 11.080788838588362 -49.122338861701984 -41.22258318611456 -25.11204456894507 -15.192523471472143 -16.91892847089489 45.46749184676216 35.68945884665091 4.954522968115761 -20.393100916171402 29.897347914908195 -40.287360474871306 -28.894256760267357 -11.657680561589437 3.4011622383452362 -26.47772846620178 16.69926318756322 
5.285614731954668
41.96773795365735 -43.480591832517725 49.30110613824657 47.40263567158209 -37.530306163803004 -14.55159232999722 5.557450907099252 -5.863907079992835 -11.340507835637062 7.598577337369271 -22.665043475201884 45.11710054418093 -3.814097164069274 3.384653522962445 32.453073537285164 15.55419500272997 18.091403166731283 30.728607515462457 35.93184133039561 5.325842387465315 -29.91679600356132 -33.9714740262796 
25.82311646556367
32.97820648855411 -1.6725520539243703 -30.511370385329815 11.462796937966367 21.630726917639237 -38.40169794171834 6.197760852597597 -8.623944123315539 10.217899172087222 34.32062965272917 48.581936274224276 33.08723759610636 40.546315757834364 -42.62305077331857 -29.28013358250665 17.730444593462252 -11.678070910084692 -30.493531355667958 20.498612836390905 28.62654913526454 -35.396785863929715 23.70595379524238 
71.69984048424749
-45.113237303918716 13.061668157484178 30.249281839784302 14.845385840136444 -11.377522025546646 -32.018050983407505 -29.225486399650357 -7.005815636042421 -32.51434710337503 18.10963477258278 -3.6556295453243095 26.670829823486883 -46.966522695319604 42.25547012068496 -43.53196222431337 0.7193501149054029 -10.194346432541614 43.99062943883493 5.77923358030025 5.114078069196694 -39.97788987705203 14.818439681273219 
50.39753720234141
31.62272818695439 34.45354120450334 -2.1163196549814884 26.956949282750642 28.705131146807517 21.286637475402387 7.581396681891782 3.867771710861092 -41.85568728886989 31.700458553968716 -15.64702426586566 -43.415164531206415 -21.355094839577582 13.389925111092737 28.50795024846103 -3.5127886660763465 -46.0028328415352 -48.583118676010486 -37.914152980149375 26.431516548802108 46.393142612540586 -0.4612053302533212 
63.57310955113136
-44.87701449011659 9.094807504250412 -15.44037868357944 6.71597128860644 27.15552378966531 36.89230022612968 21.26693546868745 -38.279115231928294 -34.096077015599015 -32.34636320234803 -13.836062473309987 -15.190091445993659 -17.59143939664243 -46.24442834699014 24.474496306777482 30.399277644331562 24.974812351988618 38.298568389393694 6.793897167604236 -30.904925398494022 31.416542037636702 -22.252878587234637 
59.27750985835737
-15.749204547404759 -1.294992408634677 49.999917328230694 -35.595872544591415 -49.99268231085675 3.2415494003075196 -25.1173157350325 18.12024001780142 14.536597203202803 -10.945492208605323 -47.33025886265519 33.56605615557025 23.636184296095507 -9.072195931886085 -4.521328821023815 1.6036040226006705 -28.12757844352426 -25.199368303790425 -13.754279342751943 -45.988213058006146 -38.853982402098694 -41.26517102115569 
0.47786085323967553
26.48278281239392 -20.145610361497535 24.32840658054178 -32.90928328220953 -14.551275296528189 -10.248979201214844 40.66085789928789 -23.62015597460806 15.287136434129351 22.15284040906043 0.6878107103121636 -34.463877616879635 -39.40192326548784 40.32238206126587 13.45967810396185 25.10431964163469 32.01557296850602 20.652308919165293 4.62098219397695 -26.60286017332878 13.41035164986836 41.70562669109965 
2.354000084859853
40.11538553978774 -46.63952636822567 47.21575369791779 26.262528264279496 -14.711891714454396 -15.58900239386658 -33.17371934824843 2.648469146626212 5.134933890365545 -10.086693118174118 36.65120097560933 1.2160485409607915 42.56600544584796 30.129283043270902 -39.338004579772665 25.44549520885056 -23.226712655458968 46.80505727945156 -6.541111114042785 -8.289988470515155 13.730243492930263 -11.436449646425388 
55.159260726768245
0.6669493597202916 37.405191348760965 38.23460267875619 9.937065198327211 38.53608524034503 10.10689782432138 -22.36401333087744 1.17281272193204 -4.415067460010135 29.619300810048244 -4.6618575991911655 38.22454034926602 -45.5269023081476 -39.35452598691471 28.590002687139986 -27.49412918091506 32.064668626794486 -41.43072864365115 31.85281816015585 -16.14184844062447 -45.10032471815002 -5.343645255331097 
31.283383840904722
22.129342793324213 10.72270568958357 -26.445413329563706 -42.97233607411171 13.423218198167454 46.29875937816989 6.31704647108802 -6.669704950145437 -4.341908103220646 -24.796491764918073 -34.84074923181703 -49.76502939246363 -6.124823779572907 18.357081150773922 -0.22465261105553225 40.04530857193669 32.16242419776269 24.7776055871027 39.276468504072355 36.73523527509526 6.110438309112098 10.362728685227076 
88.67756170052931
7.14255183807807 7.392899589472471 8.464359101552063 -45.65256949122555 29.048793469441904 0.3646757439533772 47.60394227979914 48.94989443049245 3.1430993432748906 -0.5034058716615775 -41.11743969889207 33.142338507645846 23.387263334253973 -13.983382940441857 -31.52774666060746 48.661139091346044 43.443750922721904 32.30295663579041 49.03189953311251 -14.588207559617437 -34.40207379727745 -26.62453212995911 
37.97309308283641
3.794793215340583 -16.999692178507296 -23.742650774421094 -19.791519272684077 2.7366611745843628 26.074186526272868 10.03011770449784 -31.653006817732166 33.75872075150333 -0.42152079956311184 12.080433316879315 34.25751051892037 11.904573879678026 48.08520821143664 -20.661755064126698 -7.495487253220986 15.460486659623186 -45.474462807672225 -12.768493558471583 48.366236730723344 -1.858870732958259 -41.022143904013106 
3.6334044362049345
-39.02198697600704 -40.22350761427339 -16.98415355459597 20.253925328592658 -4.399669210022871 34.523979879346385 -41.29588660877308 19.728305153285987 -41.90660886505315 -40.75696170411345 -9.276595105209587 33.08071684932624 -20.61323253292081 -21.092089758360743 25.127016649751383 19.29231530307389 -41.93507374655798 30.79742908692218 -41.1255013978588 16.378538382750875 -24.853599762999025 24.689002727250852 
50.558314103299686
-28.318614763452153 -33.28366759109548 2.3972564464698323 -15.366373969557223 -41.99191454037494 -22.720707643907588 16.73606136005658 48.98092841809704 -28.201522915649267 19.531158657928216 17.345975726041132 8.775774477751561 -10.320929752926652 34.70596842755671 -31.182616319116352 -1.5906500089090088 -19.437363151320064 -18.264329708378767 -44.847082394928684 7.598227133603608 31.877923120881903 -16.832310983457646 
93.85102780279514
7.841112614994273 -49.43516097604446 21.117315316083136 -7.244164136645672 -48.975026203883 42.146313320582934 7.488900422159851 -16.693313610274743 23.252438147464815 -45.51128070083731 49.28191508854002 -45.06586701507426 -46.14311193269555 -3.2113762020014676 -7.995053478849343 -2.9127054333699647 12.091219148669019 8.874327658571126 -47.94729504685162 27.74089525817078 -27.87923283858302 -38.91349021802063 
92.35821490708376
-49.7814948976885 -9.279591013776155 10.803019668902557 -45.285668278501454 33.78183215656043 21.47039341854564 28.0986635040217 -13.134215876760372 7.674148187324512 -15.734984061088063 30.08162497517162 -7.1950326305586145 -6.830719277942663 19.59270695277975 31.123903431627298 -9.338243120956179 23.665793501905213 -16.6842493184023 24.50399514705167 -15.840374321298825 18.979373460885057 -20.427767119070563 
9.905727590425183
40.817367654894 -13.275430105708807 -13.057488983248177 -29.2319189261378 22.907831509143676 21.040514827482554 6.166887578839528 35.65643665593254 -14.358015234808754 -43.09668359405311 46.47079868355331 28.62664577531929 41.128768918239416 16.881275982208834 -28.051703764568124 24.978964160799762 36.368170535283525 -43.572747998439 49.47419623062247 -19.150252820073277 8.86700193423708 -26.33416572783186 
25.259715604122658
-2.23544697397039 -35.57612131606106 0.12122954469043634 8.436041251663227 16.57711089425233 -31.78804992105907 29.94509021752006 6.9447292394805515 -40.85564607780368 -47.505052648349945 -23.058258739649627 43.53341181396479 -49.361473230091 22.144168488181947 -28.948407822064304 -22.200191626285804 10.573145018857744 -17.419008546696844 18.941783693734024 -26.003452286945517 -3.5796174140374504 23.851637822676636 
6.96637093418353
-16.296121846293275 20.12321659068958 -30.752162850705734 18.996700977587963 -42.50315999009712 34.85646492829545 37.21913244381429 26.485825535377145 10.378017410914588 7.0666178033607565 -28.720394161083917 -16.380846094496135 42.016518699379716 47.12115771998408 -35.806209164261574 26.516794684364967 4.72839070665502 -29.17616626540511 39.93358823492363 32.19131052685232 19.653129988168274 3.603149857766965 
9.730073722378386
40.32791254348483 -35.27441670659097 19.35706834675308 -12.998972901026399 -21.05760094490252 -3.188020030505477 26.737798054880884 -19.982844370299247 13.585394409034365 24.77341612798024 -22.91379629844257 -19.123081350535408 -41.000231275892105 20.239627977240204 -29.72375334041234 34.69193310666222 2.0013757235959346 38.52040487161415 -22.594389611767873 3.841996670015156 -15.158471396313402 23.35157436929927 
32.5694393737974
38.74073931355912 -10.577082162929266 -13.933045830978827 -30.120089996937793 28.759981762958432 44.47895247724554 -17.69274044964022 46.44515667860786 -15.207080866009 -49.810189308916776 -42.47855705423055 -2.8031956980561503 -1.606760340477308 -22.30327946209495 -3.7144981523646408 13.256193774597847 -18.49063728522806 -45.41068659524144 -10.141695318022336 21.955132213629213 15.539980949966633 -8.320831130391596 
81.41351116629562
-26.32220131240881 28.7691404141364 41.23592493857339 -40.96876320490984 8.366226866930262 -22.803884402041717 2.350637586099637 -7.19742748949276 32.832511424761634 25.357361649489008 5.204342950617949 -45.70533679376756 -11.053238613267268 10.94488938705991 12.758055066741832 14.143559393634973 -17.679484363844054 29.857371567780618 -24.256285802159326 -13.313434403522471 -28.718848113205443 -3.2225776308696368 
14.823891630333852
-20.68461760061515 -13.266363039016404 20.450414735283147 -17.5986870100703 8.625832014437371 -35.06833605412972 -17.452697460460698 25.797591028638053 15.459503860174877 27.23110323904038 24.325922238154305 33.383765204505295 46.57721226447772 33.574373696580494 26.26230339999863 -4.26638168381659 21.97363062003795 -30.24478954763101 12.405477629817149 -45.01605829470912 -26.262949656345647 2.4390471121234043 
73.41641961209893
47.32424365392765 24.877740435258062 -49.53502096985633 -19.91633345468057 -34.09833227079901 -25.30713377966626 -23.868864441095116 2.565288657298062 34.41518197689123 -28.994467626639096 -4.034011659692581 -40.311135326360535 -14.713664423831432 -20.9900360718815 46.9139564155909 -2.6518512519758346 30.53222969003042 1.47445303836993 20.914447923916725 35.36715922234889 -1.6704261268270386 -34.3018490659723 
48.52920392753647
28.159464235575555 -16.252998813872907 -31.112604311529 -29.426317880148556 -43.90755857073643 28.236101724483987 -34.4882877730601 35.63391944679741 -48.32667668906214 -0.7900884346311514 -12.280766240248283 0.9011231436897518 -32.494098236662026 -11.599136349887182 13.035769533790443 -6.067955380004143 -38.57624510957992 -14.321489414428811 32.341283626984506 13.743937859399665 8.287943762750459 13.620595231169041 
75.51213111156977
11.078676988490777 47.64406575693998 27.369313477657357 22.13682756773892 -10.278550382185713 41.765726545751235 -5.832055578621308 10.357778168833732 -36.564852162165984 49.56834708403434 -32.538767089710475 -41.839167261014396 -13.627579949160484 18.4594242128521 -38.443741044614356 28.32909858017908 -1.246926201539992 -41.60174039093681 14.578758483325075 0.796990426954693 -5.854629178187068 -9.729692877256703 
49.823175988961964
-35.715006169172796 19.865459566280038 -45.86177651411614 8.582985798817155 2.865176361682529 -32.18996519212164 22.01382937300636 -18.83887187296014 -17.49800406819827 -0.5369542865613539 -15.497848859271812 6.998642234291729 37.632497335202686 -24.131903401772547 -28.999216490417233 49.72291464067801 -31.505490933027946 31.033945430290387 19.094827554874854 -21.59478778792179 -13.818996691868854 35.541284216924424 
80.36969114984788
2.4304274419588268 -15.70670889423549 46.04476342379648 37.071081513256914 14.120315794948183 -26.414754110178652 25.915027833519744 -43.126466988440356 40.61469179380025 -10.86465884818034 -47.55871671829098 31.475858948118812 -5.496569264147325 -31.64726071996111 -3.184280196979117 28.823949034570276 -8.684684951030896 2.5182508919265416 -25.45313488126395 38.468336701456536 -28.791888933045684 -15.419488737146125 
65.99977168185818
4.896042634950838 22.067502650221485 11.57221646289306 -0.5633281484482353 24.633182619948812 -48.28918305733946 -48.71915570087325 22.232546519839318 -20.50310629861495 -1.9952660592009863 49.70278126667013 -40.13415568783852 -9.417878087203178 -2.555524705758131 38.32931011672447 -23.164686354043084 -44.5990729605309 -44.89476011912865 -1.542537507036677 8.829771113633846 -25.95112380189696 -28.13509089245897 
3.4882611747779513
31.27834671635192 -20.644756891052076 -11.589592743349954 -10.430613831111799 -34.16545110920617 -39.3193268338322 -0.2217533142815995 49.95888761652425 -46.601710854502656 11.358055524350696 -20.956768638803325 9.131032085896521 39.95577212436659 35.729385089695484 24.257439022784737 8.914951678038207 -20.182085605572098 23.313338438765612 8.854940988592361 30.851254401723182 -40.23620041982817 34.84547250260522 
22.476031667595443
-13.528655324758155 -12.853605938791091 47.764820085578094 36.527922935897834 30.34865468066502 -34.806429738308765 -22.822181155413723 -33.212724754368125 39.540586732135054 -0.46176969526560185 22.412459125525103 33.96306761939711 -42.56552459488471 41.43715241545391 -11.017390703706994 42.376735174346976 -29.969622135209217 -24.81107841137764 1.1145035660447533 6.779668214960296 -31.66189065188325 -0.0629037476120402 
0.9443671694679523
-42.18348620333475 -48.164644398212765 39.345559254490354 27.078274115680642 47.75599269384449 44.82837123317326 36.55876721906046 27.41226009869456 9.849198529756407 30.076149129168755 -43.58959024472392 -11.057197712100006 -2.961345541754447 -47.816370693743 22.01974016770926 -39.245163662274194 -11.27032019894677 7.03888886589796 -41.284335588332866 5.456418178427711 7.9488972226297605 12.963960382586713 
54.65441114242064
39.036277330058255 35.45295907415547 -45.731727366237905 -25.452566871011804 9.452459208648648 42.2139489024221 -1.461583692640808 30.591925756808138 -29.782681338940808 -12.80394577125439 15.267318270431602 22.99715574197107 26.82617613272842 43.45153258893221 -34.679453233442146 11.425580135488453 21.083935247070855 22.302154634654542 -11.743062622753463 -31.78149332030198 -28.78399016382035 -37.26432180377627 
37.665301404749606
-5.548210330580702 4.106971926064126 41.135126478680675 3.4484533449064685 -49.3320415774951 0.09231298834950508 35.0719668172337 -35.619571381154344 15.556762930943862 20.435765386375465 44.13252440959083 34.28215737044599 37.90711148063136 2.9566848611490713 30.610314867002785 0.8055096309564149 39.829005055870795 -7.771045755681385 -6.614821977590303 7.085093408955068 -37.455093552485586 17.355017963416415 
79.42343824596144
-6.588262986322221 19.975794643957045 42.525549284237414 -30.928436363335198 -1.398876694883036 39.897865345589835 -6.592599783682033 -6.32088969334427 -31.124431924699657 27.62171005634876 5.8594420453390725 -42.92501555884807 35.846453362268036 -17.053531868256954 -47.44202346541363 36.034345661218964 -45.42060419410884 37.56738268895997 -22.17959038722841 29.11178361599113 37.74371159201331 -42.83420406594545 
61.247906833476925
8.079636278959867 -17.507676166685606 -29.91342529297196 36.76480795338787 1.6986410716865237 -37.01227662551051 42.80857892447821 -34.785437675798015 -42.33864373484568 -46.61578732294361 21.33971337128432 -4.120962269308173 -14.712890874439502 -46.40390511112332 -2.7812531285152744 -44.87996174186163 28.9104654957017 13.32609343467611 36.98199657731382 -31.201089880641696 -40.106475072931644 -11.402257641503951 
84.75362698283116
-40.7878340392392 3.805641164719745 19.430085641366333 9.044215894645824 -43.01194011624304 38.552387152080584 -12.687515334266884 -33.10708535036294 -16.27890140969408 9.098956243868159 -3.218056995405547 1.16440204139451 -7.921497306508471 4.921366815135663 26.674814284324015 -29.88746884545246 46.69463632578457 37.43223316541682 13.519346617972971 32.24842790512034 -8.623501903512256 36.36603450434383 
12.055003572321821
-25.898496359081236 -24.024626385014447 -43.52781050732544 26.009080532199775 -26.362307327816993 9.73678159502871 48.85245973184165 -33.96937364444873 -12.100023809600323 -32.977150166692226 4.892516555781569 -28.923786987492072 39.862008020153525 -3.9916198556068565 24.975796741974477 24.561671961436616 6.536508912529115 -28.716238602851853 -0.9689929285769168 7.238389303201323 -21.94418931938579 -12.744957518001307 
61.45298043261009
-44.97768401320824 -34.257255163541984 10.813415937623873 -0.9501608031450743 31.89838828598009 -13.884153086169789 -1.0465289604422736 -2.5923450726008355 35.54253762544444 37.32362162498313 39.8515290466661 8.427188916152964 26.448064498851053 14.67841669477636 -5.627527472175487 9.77546068956 -39.887352905774655 -17.23880178475239 -0.9445131682071732 5.608238720999836 6.236766062508714 32.99433432787393 
91.33611783395146
-12.84217567831292 -41.09609521244445 7.630265210655864 33.09420086863025 31.64375075863083 -22.6425986100123 -36.22028659351129 -10.425923250192668 18.4523404343158 48.25831134538225 -15.596140952751867 -32.69429215524531 -17.355688102670698 27.203259382575567 17.120721658673915 26.86223232737808 -42.41209313592164 -0.19928624314869836 36.226751156476595 -35.878430296591375 -19.121634017028555 0.7486837171550391 
28.51038304782918
-2.8433005985898347 -49.30729961099105 43.12636405393704 -0.7648583288371569 4.961294380946349 23.342193636132762 39.50677968871233 31.09563152934558 -11.075611416738226 37.02315943723974 41.517027288644215 6.000558116063182 -31.70017971942403 31.629912394947027 -14.88278229466404 17.212646893250422 26.87320524839288 9.982066152052148 5.1387820535248565 -42.32380615477215 -0.38877428333366737 -48.06832680055106 
24.517314134616786
-30.711317690672 25.285056858956438 49.553872702841105 31.174649727202194 -22.57626043329709 -6.108204865905343 -21.011855350956953 -21.350529264891037 -34.81154650719288 -13.845244091252809 -37.514620148823816 -14.65486166482625 -37.30113551433536 36.46555490812993 2.829424520985228 -38.34186823492123 -11.916764222843035 -49.6620461659905 -8.460094044005409 -35.730126284569295 -21.02653775364591 -27.22461554770468 
52.12649903878324
-37.47064733181165 -4.079205108563954 34.911237135786095 -19.846929926670565 3.123409094572146 -37.527203402782064 2.8628757894077594 32.983372242067716 26.12613570305065 30.57427165170401 14.947512861670688 3.8183101982725987 18.03834627587402 24.505655254100773 21.240019746089715 -13.001993936592385 35.572621200896364 21.74814561888296 32.90979159584617 4.530258069401491 -2.2910920262347503 -25.034346408582564 
97.85587478961588
17.420170366821452 22.94030844474058 -34.280599832247795 43.86650330091027 -10.385891280295375 -16.351940521557815 7.5817973812087445 20.86131976418966 -42.76565272125129 -39.810613341348585 -16.007974804666006 29.731486197866957 -18.730909451984257 3.551337811525322 14.496457385879864 46.87503834987345 -22.004184856734888 -42.68168789745283 -8.05702828228452 40.73174006935972 28.15418229063029 47.22047389050219 
72.74882553644764
29.453844696906515 -36.751978585423096 19.674784031755948 32.53768340769366 47.306101308860576 15.344186392404183 -0.5000274316167861 -29.757938618549108 21.47047347171815 -4.65061751543486 41.38119665717804 -44.80666205126014 10.637945256994065 33.98428802067322 -30.320246797350336 -36.22783945961157 -27.898019724784994 -20.46235714478505 36.82773551150359 44.867918042264264 5.025047070677871 -3.0287766226035444 
31.816967191146606
-13.303254348799634 -35.86815189749784 -45.940112304724856 37.18622590470689 31.453232277689963 -49.710273217173025 11.989196238616337 15.430145047889965 48.8218674250122 -37.73105196020913 -39.803628261636405 3.8978459949150377 34.55001687818795 37.4324030927807 48.228637319374855 11.018778280569833 -3.9150634235554946 18.186468494104005 -28.993731752381326 36.08785611629787 23.70325268768555 -44.26832367020729 
8.115965509746125
-20.138538924429238 22.611943533107308 2.9839380547323913 2.6234540654543466 -26.139560246258476 -0.8241946847999486 -45.50592220426951 40.38245377576298 -17.45426942009601 -47.27295130537873 -37.224529561843696 -43.069505176778186 24.426816001591305 23.33850864600683 -2.3434037564301278 -44.19967326659816 -34.317292310927606 -14.507285699112614 18.107366301139677 -30.561102099438166 -36.9802967499932 -42.24514448495195 
44.44511199230827
31.914238137944835 -28.740310203749775 19.358456954657427 -47.091849545178235 -38.79618863464651 -14.45268743733348 -13.961638637146876 14.291860610753176 18.096203887877422 -41.91618843209856 -0.5036208078603295 -36.32574101427403 18.601268521540064 14.939951234423134 27.560786276060583 19.215078277493234 -22.747820236166294 -0.23012322755506887 -44.59840881581138 -35.40560404307618 49.796089985570646 -11.857621515198737 
22.08929538891574
-28.136114070542494 25.50835279622511 48.725512244819214 21.335654884781377 -30.684234000364718 -8.271386300746308 -24.294954815054314 -9.569293460011217 2.4316306165373405 -43.79470251589622 -19.41321647860026 -42.808843506077224 -4.944729731213329 -33.551682138896595 10.927327536414722 1.1609342177521427 42.64072850868939 9.528129088831193 -41.442668414019835 12.355567118830237 -40.241209138520894 10.622513889497732 
80.50589777529787
-1.482225036028538 -39.99782939647615 -25.899241713554243 -17.895754487865325 0.1524744037405128 -31.988295928989352 27.048206437225446 -46.35865892500565 -28.46485300616085 -49.44717426717858 31.87238312759007 9.463707345872962 -24.56164679217189 6.403742359998887 31.995249141967136 -48.44385839543601 -30.50310581592387 -26.726368864532436 -17.37565431430844 -31.590387161966138 32.93295884663547 -5.94868512213327 
47.20893113024859
-15.62281657616795 -6.211681403062961 34.39183723274407 9.425470715805574 -5.261771042754546 -31.138501689482357 -41.01956751673001 10.400102842843935 7.335880976520706 21.223522634079913 -45.22960685182387 -28.635976609430426 -37.077940244599105 -26.51329753642112 36.07335827260057 3.050985884921772 -26.76096058595271 -11.073286187635134 -21.41237305811188 34.88439524003873 -1.6139894262578096 47.10889279678479 
57.282079656254005
19.364776213969577 -16.836383119267573 -4.1543968255672326 6.510328708349803 -19.943345383206555 -14.140989014369744 -42.88779179296313 29.811790784078212 25.1871727028026 -37.67152963339318 0.9749810357287956 -38.4366355695659 43.10708049884411 13.254178268454787 -21.364897487771362 22.977432932918646 -19.27204992355235 -36.90375093707892 23.368645039247596 20.89896077616497 -18.46218032298632 15.530697446981662 
36.4432208045992
9.436477932386389 25.910711985497883 22.05850714079257 -25.98222162423215 -28.331244796536637 -26.83624142782467 7.99049150495258 -9.417204100215784 31.50104620018955 -47.82105753032907 23.157236395938668 -25.326101248385324 -25.79823577474265 -14.605221213710031 23.462848121480008 33.392705021376784 -11.76749353480595 -40.41352556216843 43.795858642433785 43.69452588060771 40.69138878717999 -23.908519072901548 
42.830092175271275
-9.546738331769475 -35.97834603503999 23.00051651501066 -14.107125426850729 -46.01032905410203 -37.40543285808834 12.322539104890737 33.347477078747545 43.049937193555834 44.35763133225554 16.24534421669462 18.831249948006786 -6.852719837868108 44.946218759306674 18.35176989614861 34.210361088291634 14.730068416590427 39.488676291307044 -31.98520096390851 -13.743315581301815 -19.184233568973607 30.792094871766963 
39.183077427426305
-46.17816803306447 -10.469271340440535 -38.32214781735096 48.38170363982205 -46.32211666092031 23.4217351437609 23.943163547783612 30.991378490833327 -31.78608456387876 -45.54414794168106 26.756862573668357 9.732330052219226 -1.1780526774871163 11.30105078925753 43.25464563816706 14.767649227915868 35.07543915070441 33.78076395248209 -24.318896261469003 30.95404317978769 -28.301971047375385 -11.67865181341893 
16.63284066375753
-45.49381388256929 -37.16026542750785 7.762215399060757 36.78904061836772 38.70423494932301 -23.677651688041333 49.074137235704 47.97286420454307 46.26225782153635 -0.7147165057867255 33.332073870363615 -25.530918347909747 4.588697488274377 -48.94227208913803 43.71459531911364 15.230409781944687 29.408211568631117 -20.8976060133933 9.352770415357426 -5.062989478434254 42.077523053702066 49.520748366832976 
45.527204444145156
-17.16933053981728 -43.58377819676592 -5.120879446055383 -45.98736179110253 4.827183729134397 -48.013296274670466 49.00964294836582 -38.70466156561153 36.61755223551633 -17.504247023223165 -19.04056198018771 -13.06071476365672 43.30053938521064 -9.646491116713221 38.40609268322052 -10.447071797211493 -25.453712499387613 11.4138921722056 24.62690702526116 33.60908760919162 33.37259110622408 -42.46620663052308 
12.504005127423989
-43.20366797852944 11.322583200216009 -41.17333558554507 44.06686822830484 -5.36903064395743 23.16451275034339 32.34936278193673 24.718427319061362 -13.26545298345124 -19.808579250027403 19.44946922335727 -2.439651302363231 47.4825648702858 12.78045138339445 0.11349441188471587 -24.872288969108723 -17.344147704895526 -9.921336959903634 49.3947356148301 13.36276750842886 -26.72310962925456 -12.485823562409891 
98.36277827078843
35.80205178857993 27.989057930553997 21.28853598905124 0.004961674053383547 -45.27940949452268 26.137683886605757 3.088207670889176 29.123368521505938 40.37153243457499 35.13744052783724 -32.039831835422085 -35.49078421008871 -40.52095864187747 -12.238512776266099 -6.371467875223523 11.539779213452853 -10.21320804064414 47.66351947807918 -39.51372349561881 23.831267909585137 18.734012166686682 -25.25536536087167 
48.0780459827587
-26.305626504563616 -48.7745488748605 25.90278368142036 26.097149126198374 2.877450999371348 -16.018717019969756 -8.746750752242725 25.751839723006725 7.445631777333936 -47.90259706220866 -28.915504719480325 -29.18698897561074 -26.36762139769788 17.216170387171033 44.61439326206441 6.737460232264944 35.11335024943209 46.10212258882025 -31.962287779077315 -9.032047299967708 -33.6093433233966 23.436767441689284 
16.406478303812644
-2.156742901412592 -38.161100810971185 -46.70891370324428 -48.43938181716281 47.50848889521606 -24.547298550535178 30.003845162972283 6.627070712672079 39.797959416008226 12.448632113411996 1.0884603753086068 26.53133224789005 -38.73006879619876 -29.387199274901743 2.310578618080548 -6.48378924278974 -13.595407446119786 26.64861618701036 18.223149212555697 -3.161721350231595 12.433635023819356 -49.23247781407915 
60.215225197759025
-23.386617092135186 -48.64812697164916 11.378774196771857 -41.47464619720548 -16.791728164016426 -47.63168867069394 0.9726277325229873 -15.310160140720576 -4.373758078546508 43.38618869353493 -25.845419063582533 -43.45923099661402 35.010432207389925 -38.941534038090424 39.27658175503764 29.138210828991717 42.68924307267271 -14.45269090462412 -13.775575569807096 41.915500377715446 -33.885944274799826 8.32315617501392 
14.658799715584914
-25.163915108948665 10.590286497545861 39.17093842116121 49.37077856205656 -35.49510042289448 -30.12144948304456 2.028124895543229 42.40077187306551 -5.053152871251129 44.54348896654379 -21.638771679463844 -34.81670469424786 7.159367085314749 -6.646392370383062 31.494483809735442 -11.781845859261054 16.56575628240526 40.08625638227376 -14.363587050129112 30.631937044672014 -11.85970330846068 -24.232330857652506 
89.30705267670952
37.48198102442778 -4.7541225065405115 -45.321284069779054 -35.54937236352925 8.768289214456374 -19.88072317428068 -18.61712058639846 -20.27451947242742 10.857106787886586 41.458820304234195 25.58367894226464 -10.704881036973312 48.38318642322143 -2.28634318810046 -18.205409129269732 46.90127478034273 12.68603053823528 13.443427408296614 11.605256731388089 39.081872651066405 -48.5512755179221 30.51162521094264 
17.753598940849713
-18.896138306740127 23.446165929453798 15.895512335145568 1.26421626574367 -15.48711283962875 12.17286973192968 23.539907563286818 -4.4108112929507115 -13.84118612748506 -27.391231453691734 -31.04819427975517 -45.01173276910821 25.13813651945435 -23.505302878979496 32.12721654694259 -1.6888537179950234 16.30134814040224 3.2275660204864494 36.921200148494975 -26.104675119934317 -3.1946174962181004 -4.151538286304088 
53.11659091868518
16.46884803045498 15.648237675564047 -35.41473703688058 31.216440556177275 12.747955867499861 -4.795025700793289 -25.975434367771154 -40.620281744324046 28.84555306545387 18.49126482813199 -5.77396047378511 26.939379236725813 -20.34294928038363 -13.787272032987794 30.95560946595691 -10.413600527846654 -11.933969223685338 43.61531456300875 -24.297861063800617 -42.427073210857856 -9.88707805653214 -1.2659754069057811 
82.25556705277984
-29.817744656166955 -8.804366833064577 40.84427293205586 -16.63728577889951 -22.767202062158788 -32.07808610445906 20.752273826917246 -41.65968486442563 -28.472179651329277 40.40896387898741 -26.982189588136762 -49.486972760607784 4.932218580471513 10.626628787945606 44.284821343069424 11.9575411523562 25.152121821453093 -26.193767928022048 41.60222121338903 22.272123293377263 -9.68731371302426 -38.0120385016037 
79.94947747843351
-12.045769884634517 -45.926088662445764 -28.544547279580502 -10.861597874564431 -20.5428562744717 -34.706078450829345 -40.89300682822767 -13.155253677143854 -45.890196243204485 -6.856384224057507 -33.26140434377879 36.73012337179853 44.82234390130786 -28.903861488042914 46.76491765321154 -11.55308909035108 16.863077878612515 -48.640800436309064 18.079814369154363 39.7757115519001 7.980997603340555 -24.912261042173554 
26.559109600111842
-29.772905238003144 -29.238877739943135 -6.891001153445863 21.1338829705397 -29.853742343334055 30.338272376792304 16.91159627373547 33.41345839410444 -20.308601927862835 -44.541804234203774 40.29470642187705 -33.48704629344333 -41.98651710455612 16.363218852869323 48.34301007521573 -42.958904673175354 -25.452719821609914 -30.907168677433727 22.287588294966653 -26.870213476877524 -48.46960008735993 -37.47199298093441 
6.332473629873947
-49.06236554474578 -10.300732009546863 11.871224780817776 25.67109653908888 -47.76446300829109 -22.432138848322715 20.24250850464591 -16.313597444567385 -3.5169401841327854 18.7771478719374 -41.31493434085897 20.722966025743943 -17.769722805155432 11.710168452795934 34.112374986328646 -13.161102355932229 14.730386098875869 -19.100254782526715 -15.40811295299389 -33.41004700013984 -0.6756857260132278 -9.287187454497356 
91.8487229585261
43.79727009645957
40.75584548474063
-3.6507868162403554
-32.427088388207636
-15.40362824217165
18.11036093363539
-47.93710224094541
12.368495342083875
-16.820845851596914
13.906625986253275
8.738427879230585
31.15577720694131
18.136437347027794
-8.227729813155214
-2.615900114635764
49.56843148343228
7.106822880624605
-47.535672802557336
-46.64358389529688
2.8755507436719725
22.49003621143973
-46.30572647840944
