constraints 223
variables 22
-19.844353183834418 -10.98471871318015 47.610431583685894 21.244008126979523 -41.51338948718458 -42.95763951526737 -23.089170880996367 35.408979151898706 7.601966944772023 -2.923244437472107 5.470903310499388 45.8046313507414 0.8692407943721179 11.045491357500794 -35.980772182846955 -24.633685621687086 -43.896900745652914 46.08449850483508 -11.728748044620161 -22.50654731503191 22.995880771690693 40.61345910000421 
52.113159152584664
-35.235308770780016 2.738522001542144 -42.124750929345545 -6.005495676978853 39.07793533740541 -35.04052658360689 -28.103321512308487 -3.958022511619788 -26.42767732279624 -36.46505572237607 45.53420705767624 -30.355107259371284 41.70871827471791 29.87459815948813 -19.399626220735875 -13.873703692881037 49.5298720439569 39.96260409810627 26.02368118391351 -33.398124145937246 3.3908479071019144 9.734741680262829 
51.57674535554519
11.24210843201908 37.34495225165776 -27.701982224541798 31.91452147422666 4.891399013281685 31.889833841292543 30.05006308636851 -11.503539835429763 33.36121320645006 -21.076979273953434 -45.06868692214391 5.42347241491494 -17.29748731291764 -13.474348154859669 30.843818956887432 -30.697373537889916 22.376063297612703 -28.41224993272612 -6.303738831917251 -17.040466953955338 -7.522518869292192 -41.692203322163714 
76.58554554735457
-31.849645895278744 25.03716204410597 -13.755940714749002 10.301148021179799 3.3825029209116764 29.903503471609213 32.86452506529653 12.639136061372767 -10.464966682613465 -33.16886183071975 -27.563131420760023 23.938592119317576 -1.8232066032147642 7.134160810481795 25.619435433210967 10.803940835176071 -14.687527319082037 -39.37239282658736 2.2587393616131735 -34.84755013245308 46.74364816860201 6.568740560125221 
53.66845836709956
-28.473002207600974 -49.685999796079535 20.92297528386827 30.059531795919398 2.0399147838392153 5.014909879228 36.51753597302921 33.81042303833242 -24.635449927329 17.25965406838546 7.509270689366986 -30.088839662141876 -16.13303691705049 40.59143573976388 -24.918746546216575 21.18432050411485 1.2709321142613916 46.672601931441434 47.39616911339061 17.780624997840604 32.175239041522616 32.60928632752427 
63.57267403598601
27.966370260806997 -45.707006239618295 32.49790568657586 8.814299197908056 -29.635585540041664 34.4585275485703 19.536844884405085 35.80865170086024 -13.419965944621083 -29.751843664642706 -30.87124060901525 26.12799847774376 17.537404386799594 20.486931815655296 3.105956265540712 -5.399377515598566 46.87208705966118 39.96423673266227 -49.45669391350673 -0.5144266207298003 10.36937759231489 26.356883534342955 
91.58021827404875
-28.228289224445835 21.707886686901503 20.65917145899118 -2.7448007813353 18.035291393220504 31.66232592001687 -23.654901760150317 -9.436423628416513 33.02856279381638 20.438943939880872 27.038747619096853 31.78099277485748 -19.464882122891268 20.9615912183161 37.644620304784354 -25.44769839862654 14.016073369982678 -15.304045293564592 19.69048396143873 48.32751317986066 12.184411480950672 30.994026856961895 
78.06107404720211
-2.5664771699682305 -1.1169362522082125 -34.03963167551102 33.351781635358165 47.4023127160866 1.5056554718237436 17.486296035976423 -18.252765170513463 25.133405810801648 -22.31291378405491 9.36766498854594 12.630452762096333 31.05036272235776 6.104363700095092 -10.683607781438575 3.054062709311225 -1.381878882738505 -6.0335233818036045 33.19545135724567 47.7557904287964 -20.579929307952682 1.1352839313980922 
20.95157766057839
-36.423683755512485 -39.54929388386084 18.80774337918686 18.489472173180346 27.938253190077248 -45.6382063192868 -30.696967928220474 -45.874221570576466 22.470873366730032 3.106992085523686 12.736459542266779 48.280707604280394 -45.08405219711234 0.7619194779985747 -43.77473414600491 40.70964604100155 -24.87413275960828 -27.746351251997893 -38.24023044622188 -39.15333917650827 -15.73402640652639 41.315690189112615 
89.98654119812996
3.726344224187393 -39.74119351049018 -16.808458088074218 -1.1113875300117328 6.469936245649585 -12.941188562890417 -14.558135732419885 -11.28904093053611 18.466228473170403 -19.478259229443506 33.66748852783019 47.467829200503346 22.14728669902088 49.43383788576179 -1.9576582743156408 4.981739341235347 40.65351787526315 16.69165523033878 21.257548973858036 47.6422398181322 -36.29779314637979 -47.325890573626786 
48.80989997329755
-19.064148908092303 33.618100797537736 40.524195804634815 -1.475034535874073 -47.71315560707335 -40.24577787349298 1.358550304060735 -12.212864045741178 12.861808277443785 -28.5744178844898 -43.65117380443374 24.155905020335695 3.72925200682014 -23.002010125753735 -7.830362516092094 17.87976575628484 49.12875499278546 -30.08127227666122 26.483595224274296 -6.723913156693584 27.59246532955845 11.245341976172377 
90.93475716383703
-39.97261444078877 -29.72499634771719 22.623383461376733 -39.45241217024929 -44.84853778951703 5.086173841118779 43.68339083404538 10.479297354979913 31.734835411795387 25.08408548321843 43.47204431711266 -26.250783196292215 -48.52396059791593 10.074631672304221 26.801827146680907 6.86965466732088 -15.332725082714958 -28.52349130033187 43.29816966179058 44.228457589602726 33.450006135726596 22.249291775161893 
39.44252477962027
36.6242533446446 -27.98788246661016 -3.9547095436342588 -7.945639970959974 24.531186960990752 40.85123977701474 -47.265713448985366 -24.57540475547425 42.47069880720743 41.31092437122152 11.063425912317072 43.70755899809173 -12.706307110406058 -48.69663101819815 43.45291398176742 -44.80199661692329 -39.77278633494504 23.464398983433327 -47.20860000809217 25.764368120761034 10.215549945872162 32.94348821348443 
76.58320672629189
-25.02113781686417 -35.61354910674363 13.613595201995622 29.912880586334353 20.37961386785841 30.39891934684495 -41.307353677273596 -44.56922920530231 32.81955781003822 -5.020161162499463 -35.399507818175195 -4.0733019619557425 -10.998694056784316 23.132455327963584 -34.667734977788015 43.04695412595899 -3.9331913753304804 -16.699448003733067 38.71100773250966 44.323262317002516 17.505068571516517 -14.802111870346998 
15.589558524934965
-30.079476513933614 -0.33922127619445774 19.06327193377038 -11.596366848383674 -49.62648248393613 -16.22877044333861 27.77746751049692 46.43514519635147 47.07094950024943 -10.271600306730868 26.578816623673916 -38.27321924161636 8.358582839093032 -25.342352028202352 9.040337822744114 11.79591727349787 45.87141192627266 1.9239875817644503 42.52179885247858 -46.87202555783209 38.06817002335828 4.321410888506506 
11.486009935657538
-47.113663595399146 30.92968682216953 -11.02968897888141 12.869443391590096 45.35801540264205 -40.60404159266289 10.842547806560987 -5.8769848015125845 -45.63875584091885 -42.64498793080208 36.853228048170706 -48.41036956528597 13.173234769656773 -41.1400159421535 33.10285817401781 -25.43907613507458 -30.506651444044365 18.7390578856524 34.12298720433637 28.656376220908086 -15.461019074012285 -3.1237735971894196 
44.873007364579884
21.093781133324285 22.578480975945368 -42.82086171960552 -16.244617261281334 -20.029198796392535 -19.962557954994153 29.61348678153962 48.06097532612134 -40.14684112924037 21.771774819539786 -28.328201722625344 -27.97418893798008 -43.23424131200909 -23.817056529144164 44.257679028897684 -47.924968106236534 27.108875430159813 -9.442144939081828 -13.79514450946332 33.84941902218391 -42.92778472480312 -36.65216837094923 
81.51369430551661
-8.745677763664695 21.795585353871232 -48.94178535310565 -36.12391473038365 -20.959578303597414 6.825540389537977 -5.997895788364126 44.17291633200797 -42.67978219684433 38.3432861574784 17.37884975445074 -21.63338168952955 -31.056244316498784 -16.81020451783479 41.969846915822856 15.574544023924162 48.80153039607373 34.88993579160736 -17.798685790192003 -20.902777185887167 -42.10785515372179 -2.321814597263547 
68.40567894855751
36.788841643846126 -35.61326942239842 16.954254052564096 4.820309041022341 11.395542323267314 38.94175715380021 -18.352238212517257 15.194272791328473 16.350430999039162 -7.843689491614533 41.64686503169153 33.83092499874721 -21.997521543050148 -41.66046372124859 41.74652828923978 -28.52390842190733 -28.630235572494158 21.648375055378338 -27.502105147510093 22.66866817325429 -46.754212563284526 -11.824648417891169 
27.89105165394117
-15.997504737697277 23.850890865703533 30.71061989041216 39.97914080719109 21.20539920833798 -13.790955392646445 -28.327920802493168 -18.64726780556848 7.02329261574436 1.0436425648843652 24.09181692837727 -12.201043310788208 -48.3956979159052 -45.77590870579124 -19.433230976566286 -44.469164569078636 12.409893960459272 -36.34161172306199 25.72592037616569 10.04795478695717 1.637003283447271 -46.984898936424415 
99.03597680801055
26.99039896086481 5.717203516280556 10.771436518269574 -48.33807955289158 9.273684981619056 -6.334000217286793 34.82238643386651 -26.381580140214222 39.34319157844642 18.8873339946243 35.2492518689282 15.592585579211516 30.56236384729182 12.495457821502974 30.834037655460108 -6.411914511814452 47.54977388640644 25.298300947516097 28.51959548266707 43.93520158546956 -48.29416419726571 0.29357740009082534 
69.25358985779307
-8.769121563578395 -44.77913054211221 47.86081601034083 -41.48229119327507 2.4174284579939638 34.531851879087384 -48.21040138435403 25.331767713293047 -23.522018140961652 -37.50390495402414 -44.13370443089887 -30.36432670630682 -38.87857427745621 -32.524201766014095 -32.05140364330453 -35.309516199851274 45.34900842114594 17.078217920421025 -28.710775892759145 -21.49693117045063 49.93934247828065 -45.52798265415505 
1.3271789552818825
-33.73280877747975 26.658122777043886 -13.998932939688544 30.246967156134815 -35.57294304530151 -18.60668517630294 30.242832412075558 -48.6867783300314 36.20772867222513 -43.56380364093756 -9.29080151809746 -29.67978442738928 -21.679986162723132 42.77308542999053 7.063390317861739 -7.547232264509127 49.035772646606006 44.522172009036225 -26.97254441352632 39.43710465859847 18.942832370037863 -15.455618742688927 
33.08047020709852
44.06719581470918 -22.57298361983594 22.77673142073374 -15.401449115549163 47.02422486400144 -49.7079749444036 -43.018833589671836 -32.7366321932832 14.363805215114397 -3.08376136656198 -10.62858613160703 17.36679582456256 3.127574293407662 -41.04123879254512 -28.02510653744228 1.0649928502397685 -22.75706217789114 26.865324527242223 -11.39370963444236 17.68607900723562 16.20660791791623 -24.712067866373665 
41.97388589211465
-18.12871993395809 -34.99524690641593 -5.979579807804946 -9.290676897087238 -48.36974398115703 45.30452386472234 7.165403907309489 -26.994034727423344 18.31707119272302 -14.841218226458238 29.98631694926381 -38.92944173226027 14.084050420952238 27.29788282614956 -39.7384225315362 13.737468527611853 -27.45342778764147 44.53940223642722 38.9461938921354 33.36423366491536 -0.8074088667737982 24.92870170583072 
93.55934786045552
-12.478242282815053 -30.503491753690327 -11.069677348387849 -3.045145924784279 26.011973828991643 -25.252267317218624 -33.677866810054795 -16.005370715719344 -40.609646492108475 -21.719874247103366 -8.598734221181935 -30.866432468151938 -33.559846697778006 28.089247050811082 -28.307106032102126 -0.9624391286641512 14.93982981296385 -4.249875016459129 47.55989115514397 -43.905357829549814 12.584594062548547 -23.900947784269167 
37.94350188134135
1.0424905668434477 -46.93241638183754 -12.681303076404284 -39.077855221033346 5.923881221702111 -13.904311047712781 -43.133427170825215 -23.14248919704123 32.19489449321098 19.509591402064828 -34.88725158047031 26.60415822316999 -46.951009084986254 -43.30290898550727 45.60337353718512 27.59083258117333 -46.116649207884564 -16.86667199321561 8.542471092229839 46.5387703088567 -29.677860474286476 42.15110007581772 
12.385174539026345
-10.835726987617498 39.324675395702215 -18.061108432652397 -42.63865108603915 34.41986852286276 45.64471135461977 13.283861895932034 -35.700597438046714 43.66042705623779 43.270361822489065 -9.278457606740886 32.295760793804874 -6.422393826107587 19.462461996842535 18.523491105748803 39.576371198145594 -34.17196731157999 47.62245256493277 -12.65127153225302 -36.6777157750111 -24.01231721516044 44.459131127464175 
17.404284663529435
46.282231116150356 39.79692786137244 6.7869372255907265 19.604734677702183 30.670819831079868 -44.38224063766762 -46.223329267827026 37.4901035235015 -36.84818982992193 28.606725613661283 41.59285190749313 -0.44390674014428555 48.63168086241501 -25.685834506313444 49.09022920205874 -5.829921929809281 45.139481683718984 17.25233019174223 -44.39483616021287 -22.609134990940593 47.24476673468992 43.4320213213104 
94.86597695001255
37.77975152094591 1.266165286605947 -25.050563208049535 -27.340431194389268 -28.315073500960708 31.948929643342765 9.41188142585684 30.129919183346487 17.500793753058346 37.3405963440169 7.323110219344763 19.44736507447024 -41.951626393454156 26.269670481992733 16.5060378242689 34.0758314089652 -23.507615888264898 31.132995925090896 -5.777397792441285 1.9784695662601095 43.10520266630223 27.623311096532035 
74.85761966139415
6.840423817628135 17.70743961375335 32.57924233332207 33.8654900303023 49.75076304599875 -24.24066888109937 31.31572024354277 -32.86441119664644 -48.226136581888376 4.846753575442385 6.593708181102507 39.01432073558291 26.453829331361305 -27.299847493339378 2.8137604012058546 -48.07124077441457 -29.466203424345437 37.904220334762456 -38.93115757410605 -44.111183933858946 31.035276057140734 -39.899296674180874 
53.36755291794065
47.1020072040335 7.3309658077683935 -32.243770277421305 27.6396591145255 1.5168156916470537 37.95769825342812 -41.53841332882433 -0.9382825289282124 1.31772942188406 3.65457019731722 39.24840322760868 -12.208763159886416 40.227069695508646 -49.525544854691915 -37.446236290824906 8.373676615239134 -13.074271333691811 -0.19450468655450948 -22.76726758665777 -38.11263392881557 44.986990141552155 -34.24762119966921 
43.41336760130653
-31.682841703952324 -27.575373304076667 44.56551506160153 -44.99168239155572 3.6984580432510867 14.288504700923838 -24.33048723907524 24.341612915839477 24.24904894849216 -42.30205851487901 -0.6693885301982547 9.618775624577545 -31.99314241216893 40.28513334034507 -47.883958243678784 7.862990167504734 -26.582309432423855 30.227938111729628 48.03653494895127 -6.540530925385326 43.86765049235689 48.88340199480338 
40.626506905864034
-44.40518073180097 17.33075574420873 25.49038974910117 49.20471601663748 -23.352335956862458 -28.896860196537666 -42.50826267738693 11.17145633240493 47.98130011931495 3.020832051759662 -0.26661589387737195 -8.563322900756077 39.60877538771558 -17.390917587845408 21.129951250520946 39.936636773529116 -24.154792110476954 -41.71316735997907 48.343275268396184 38.68504273581409 20.33178183594545 40.05079849353626 
12.602446740803908
20.917860463091642 40.710324269949766 -49.01063185275447 28.00091553903114 -23.370711397125955 5.746954510524013 -44.47267215896817 7.4382676441368645 31.15966851702879 -34.15224700436363 27.478191571605237 -34.16869029939945 -3.515640278860232 -18.320961583191973 16.781706179705708 -30.698873694647755 -1.5340696886685592 -5.000762997745568 10.229857918260684 -36.250204250674656 -22.42973377417813 -19.171007472828695 
8.535528793103675
-43.42748237023375 45.41047549922861 -19.269402060185147 -40.22630240260155 31.207875896587637 -45.02920474290805 -6.76258615949061 47.525879763611314 -4.188940017284523 8.475909331339047 -10.631557020505753 30.984264015880015 4.541841376912835 -16.39054147170573 28.68278457881567 -26.17718721278719 -7.208820174381927 6.148720591826063 -25.52678581322597 -21.181650877549217 36.1273081519996 35.070795502015514 
95.4676477826109
-33.994558253923955 -23.175732204784172 -45.20117389120909 -4.1982082928166164 -6.425300217994057 -38.457227967790985 -11.504825171603791 -14.954138356978795 -27.225176725443 -0.9345671849338899 -43.828354494279196 -14.287331331629375 -29.245409421319735 -22.05467212776021 1.8751983295771737 -23.055967383119913 -21.418282930802178 -19.491035190395213 5.320867288562056 -10.033081269450797 45.60130769216225 -8.138314050683206 
25.08183900879383
3.4302694670107385 45.84737414081471 30.37566017699723 -7.190002299939621 34.87802410793279 47.39675681647047 19.59756536056885 40.948446425276 38.38336199935462 1.355455895585557 -19.404887604540242 0.01085418099683011 -2.2363006884714025 -46.40674799923329 48.468659387741724 45.740741227711325 -0.1844472838653175 9.393233498175405 7.086085411423923 11.327080713858336 -17.34713588241945 48.85863654162452 
42.05622658889049
5.3409076005137095 -19.49803135112591 -0.7798258709001971 33.5381310438125 -7.8291374652094206 28.200840662328503 19.112860606611576 -2.309517551370746 48.47393894326791 46.1698823355171 39.44203453210015 38.39752856472252 6.520921214662259 -0.23405171605732278 35.63415107238505 -10.635104734527381 -16.69566861851142 15.700914654014568 -23.131375656914877 10.760714396306689 -27.110051031362627 42.60058963875099 
59.31286025919721
-45.71549030115928 48.73127223342577 -37.20070740273395 -17.56669777305804 25.878294240251748 -17.470427119160902 -1.8900273446457518 20.131177473784575 6.251436671990973 36.71043218715883 3.579297798581152 -28.24760809931225 35.972779502613065 28.701014609024284 10.131576009850065 -48.05323752461048 -15.909373652074088 -3.0694954125797906 -40.47495354030005 -7.097391363587555 -2.9268246518675127 20.839532530562252 
23.188488529656958
-12.341512987938245 -31.68095873214365 -39.827410589479854 10.275680611180945 -1.0053829876834115 -22.430468300581175 -17.55920673181491 -0.3302317928790899 44.83236216844024 24.261369466069397 41.68058544338149 -24.31085809542325 48.12086936488221 19.19059271075622 -43.50270691558411 7.890907271970384 -43.134197345565994 4.815390925489936 10.870675579068532 -8.362360096297664 -1.744169935739457 46.10766720779084 
17.312954476458586
-42.012433859863016 29.76835569489249 -28.9298620671566 38.7080516084838 -31.01208619621547 -10.313270149491373 42.867847427222486 12.52401771539752 -12.40433507681766 29.636989770329492 13.97994854160509 -40.92098815060958 -49.78054308473191 32.552933746074814 46.85969333234512 -15.845648083567689 24.271003511487095 -19.095892623363987 -14.702439592833315 5.486532543892551 3.133788684963811 42.07211372082284 
76.01451058362109
42.53333146102861 -23.398516730777065 -19.563626671443934 -29.030632700795135 9.397451580937897 16.107920494514232 -10.968713471805316 37.4463670072808 -8.095631169902752 30.965096138857433 -42.43748691089415 -34.80404350158172 -28.430600997412803 -15.654854542595885 -41.87912265857844 -12.266071297524391 31.552250414140573 5.886783250477009 35.108171904652224 28.36104267709551 42.68557634277016 1.5762515158332278 
81.68993144820203
40.54728372677485 -18.722591172212123 40.947299776413246 -28.483996616065888 37.031955958757194 -25.37446956685652 -3.335685864288884 41.5005847138667 42.322857597334945 5.045222415304252 22.19720079244496 -10.870937345476548 -40.765233771277586 28.700031920408975 -20.43383284396707 -43.94006779221618 -38.31044945042947 -18.36148801766033 -28.970909898532295 18.71567646029972 13.207212566713245 -47.82180108569886 
36.10369244467692
-3.8925816309877774 -36.6507790927772 -3.8586887156005645 48.46123560503227 15.313870548841038 -7.167479381594198 -40.56502324433974 35.9980529939149 -4.164145421656599 -37.8853696504476 -48.91791496740674 -48.214313526878826 25.47353490794434 -32.04273290871305 -20.952902812535 43.61998552075984 -47.57578044976447 27.807998526351398 21.06447914278263 5.5340277350614 10.97438112314584 -7.203605691707679 
3.1656644260853906
45.909279440616814 31.46034766672318 36.72326716028273 -0.2862416377677377 -26.286121515322026 -40.90211938890729 -19.371483131750335 0.4934683188304021 36.91657839592834 20.831631609541446 -9.644773697351972 12.767025685640057 45.26926261706417 34.53127599859836 27.984622601545198 -20.804848031516443 23.420618542293653 -49.33812653018773 47.0985782951761 -3.8646190701743492 -30.282005202082296 -47.018201477122226 
46.53332253602376
11.06838094955814 41.07403008799842 21.872393555196425 37.620139042590935 -37.23387743529337 44.919183015670754 -18.420793180405116 -14.134251663749708 -46.695884580066235 -4.4691829655080895 10.945545229962171 -40.39277243836461 7.133121112578152 -16.076013307927262 -3.855207359794136 -44.616763715075855 29.16411660638643 18.00868259194192 43.4687397924675 -27.404576705258133 21.183494290357274 12.862750327904884 
0.40496812017206674
-21.50908361385868 -46.09617899482974 49.739259338049735 -45.962893371292914 38.5787712112905 20.568706991401214 -23.178359516384717 37.22753618110072 37.30034938458661 17.268689189247482 -5.240580210105762 -24.90706339515345 -20.89439401099259 4.988213615573834 -44.338088713040634 46.95882201832265 -8.95570920772677 8.89218864035638 5.4967823363417665 22.28001084059528 44.56308349408232 1.4737844706210552 
66.73491509156358
-47.06025882006721 -23.593223874081502 -2.076516030098361 -9.397481089608675 -31.109060270459644 16.35355881506146 -35.557375932225256 -43.55399789505091 -20.721061769622917 22.97158483988899 3.2130110831918444 -40.515390103627695 26.985658306718605 -12.334059952711755 31.34740887854275 7.62040400324917 30.961163146753222 -8.00774742911203 15.384025787343916 42.994654886538385 -22.2408277178313 -6.454866013851927 
7.7513859032170345
14.624268447957164 -8.63105580995537 -28.31326388202361 -42.881731620349285 -45.27860553227042 18.736723937540333 -14.037290799400871 -19.343357518277514 3.1939194053710622 17.295734085209787 -12.740134243628923 -7.016131755655927 -17.65598485519886 20.374438676889525 -25.40807978760613 -16.08634334015833 -3.0734801301738983 -13.471370769460236 8.856693033902175 25.13359348670447 23.498418658523505 9.643644525537098 
28.990175784163807
-35.459698128626826 -42.61478885367615 -21.921197737638863 -34.35009782381425 36.201613590875354 5.609541960754903 23.17694846491915 -37.10786845038309 23.778377251297783 49.771903058474535 -9.86225006932878 -0.7356685904250782 -34.27315637751154 -45.857122932905504 -2.445801432628514 46.31648477361408 31.715815733826446 -38.87920405711618 25.83751523823429 14.741831187532014 31.431052118560757 -1.2717013434987905 
39.30647914871195
16.1896164576451 39.302703090223105 22.96579612991387 1.8929671722744388 12.249488493149762 31.679809381408617 31.609327031402458 42.2162328848337 -18.810785542175033 36.58920567103807 15.434919928052793 -39.795687372487336 7.734404715386887 -9.545566267876282 -42.129030674493215 44.4916593453478 41.51098185273774 -18.986445836251697 -45.275163364048296 -12.502087326186796 -24.271865497157595 31.16304000750418 
51.89923602546408
43.393506987287765 -30.738427576112404 44.56819975689143 -9.091347695114315 -26.91643191856816 -27.496114079159074 -9.381152889072297 -40.4745265415867 9.892373044185646 20.180864191606588 -46.327724134413096 -31.96992341994043 -40.193618725140034 22.789660096168944 9.513803452518474 10.308654760102918 -29.06533662873875 22.396715104352978 20.578469143544368 23.4370929699662 -31.72867538947154 -21.75960136226206 
10.71575041902969
29.408706645688966 -48.10470535546243 12.915306608843444 -9.857548437096362 28.30824581495351 -0.5813651846480425 -19.127704589169525 1.7171566317613625 -36.49596091518805 -3.2046829483443204 17.550202062617387 -49.217016007470825 -3.6752962077142968 45.52817465724863 -10.337594226743697 -37.436391884793665 -39.793593387936426 -41.13746236297152 -5.006731815213861 -16.539186001160687 12.441161819848446 -35.26915035288049 
3.5166405606751105
5.590154935027925 -34.573829228161316 -20.98671555885465 -9.269447021047192 47.50450437682477 -41.29121633590732 -0.8947366882682246 38.80931592737399 18.293650999287863 28.14116022896677 -5.1665495437463775 -28.493739871583468 27.111300979233846 39.103243389077036 41.437672759957906 44.69734409458212 25.669185346354027 -22.977792270126653 47.63692103038423 36.037954275840406 -12.648812472550205 30.31104187517107 
30.72341690594441
-35.58778996442147 33.338776631135346 -41.63149841392109 -19.82048445369129 22.686100679651943 13.502224796166686 10.427172190498545 -18.512081440260896 -24.267124970969967 37.8004105066218 49.805879293559215 42.60658798558826 -40.2189196351222 32.54532260044738 42.51731823932178 -22.994609719358895 -31.157312710236027 -34.87443446465489 -10.798823627140855 49.21237920634081 29.310802887133093 40.64656358395371 
64.99765525503985
-18.506624248816795 44.773462215096515 24.433357246627622 -16.754218859716417 -46.410736690287266 39.67203622078324 -14.544807780796397 -34.21458057433374 -48.63876056932474 42.63984896376624 -12.530587553377472 -14.83851013139428 34.745015941410145 28.18858110540542 -22.954599315367652 42.173338316258665 -49.409255558143016 -21.132893582483614 30.6176115926517 -44.01819067767345 11.766235727405252 39.09942798801862 
76.33005557669313
-26.618921799704587 0.326827724298397 6.615400026969262 0.6728076135536725 48.861815282028644 29.606005711979364 47.71998589724859 34.77445614358068 -42.26318885965762 17.756708682806092 28.60377015898429 -9.297338777277517 -19.13028521208394 -16.42602259377547 26.47956236508992 -15.761734236360823 -8.5579606964465 -25.644548459655415 21.536876741620645 37.32671526165289 -18.28679790936779 -24.893057291518627 
23.5381606356316
0.7737662146248141 -9.12722139270987 28.576113898440312 -44.662346312439325 -24.25916901566255 33.853782116479465 16.398088970822073 49.68576955111823 -8.791503264328249 -14.629725801868332 13.062589048590766 15.388996518566472 13.815099134576059 43.462126848216386 26.462970435559768 -5.772769018835589 -23.659516692513517 -17.52568217793401 -18.536708326018424 -39.012390033696754 11.593380764039992 6.667646624194923 
36.22041292257671
15.555844539275355 -30.425892513367703 32.55232096268051 44.92378032893107 -21.78686177295609 -22.477436923996898 -39.44464408688313 45.1664259696461 -22.881194371637626 -25.175202877371195 44.777281605426026 -46.66351503818353 10.415696449949728 17.73969939868492 33.36320439130071 -2.780755315833929 24.477619423070536 2.5206277818056932 31.40773666495491 1.4256187127980056 -25.475053746990827 -0.2548896225199684 
83.33294021375133
-31.686352220887404 24.166614397755552 27.528979208674443 -17.677162811451765 -35.25457488424001 -3.616177329541202 16.789629646121483 40.66768897191065 -16.67732669342815 10.052664480314554 37.83636470602141 -3.234305748012602 -4.330111635441035 23.31005011036204 -35.69595650109575 -7.950666144166796 4.884850994510458 -42.10073197237635 47.80955764791871 24.24809168269168 34.45201083433996 -2.91144303865606 
14.698935391164891
-27.831160464528594 -38.284936985610514 33.8380994083095 -25.133852837040894 -8.430311060438434 15.430808614811141 -4.402069847552426 1.8629795747370537 -48.27736268368891 8.977188593125376 -12.548856609353145 3.3826226149956113 17.904882554980787 -26.53587447905258 -23.725972499250524 -48.31212840122111 36.328208868635684 -11.703362408518615 -14.833444311542578 -15.331828182185959 44.910378687901314 -19.33458738727708 
29.613877974828597
19.9479839411177 15.811967459207978 -20.009108045452418 4.671382959601765 46.83223226131655 33.80667425072852 -31.477422585366476 -24.077024957261074 23.862887561850158 28.322595591331876 -34.90379737529754 36.0442297305853 13.374004872560306 6.386537156892125 15.47704763143473 -36.49088069038721 -21.329150748972957 -21.277055312394655 39.768554117191684 -39.68895795028505 -45.678019234899715 31.903584059097753 
55.04115578603058
-48.474091091977876 -24.458538791619855 -24.286397177795305 49.63699591994313 1.1270931071532786 18.75167932410929 -13.205845841436492 -15.468005208654745 -14.330975839529984 -37.84452080069239 -22.858684141776 36.68754008954677 -29.71166459109962 22.50965329613068 39.18552306599827 -20.500170724570843 -0.07159725803415995 -37.71994968800871 -42.05469086267689 16.255650444270614 -47.2247945118918 -10.02806386586279 
85.14363815829049
43.92923278819896 2.599464528042894 -4.33259557531175 40.194698802498024 26.70552645133138 2.032028604422422 -26.33496579459106 -11.386520238632912 -48.708948644717466 29.75649800239151 -15.394826728265379 49.6700823695367 19.37428842062002 41.18516231387869 0.5775862137816787 2.0051573325594916 -43.47669386210234 24.391299609182937 -41.55357164636079 -11.557552290915794 -18.640855832479353 -9.097051871047945 
68.99082895162358
-30.621085736664078 -15.980796535481055 24.42026360593374 -7.552391714672169 37.90251166156379 8.725745829977072 -30.399328008894532 44.65598800780121 39.182099066730814 21.70032401506839 -32.23703313667144 42.24239330030282 31.69364458321317 -27.28423142632814 36.69360352049405 30.14670945019286 38.49129072643376 26.253157188210125 47.695443932676355 -39.72027045772464 -36.998544462362204 46.531917635297816 
24.601248455003912
6.214671225577838 -14.287343911563696 -30.392912549786743 -23.318783056014002 5.554066077441725 15.653221998288586 -14.72157103460048 30.205960984262177 -31.023510449598078 43.69370993586364 -18.268039301997476 41.88325851900085 -17.044042659929424 33.48023058062719 -23.364777017892912 -38.53097419611883 11.760055309956797 -9.800458528213461 -30.166649899152286 -39.440036561951196 -26.428838255143695 -32.60379552625243 
54.84383108647797
-40.09267991227156 25.438414994415908 7.706703927672486 19.023656158833816 -31.45169200989407 42.25633627958321 -35.35508983275088 -4.416796958236944 44.63371512237555 16.07932448374231 19.46782580686495 4.547174598666345 0.037261569059012345 33.819483888587314 -10.3299248152953 34.31353200364828 48.664318115762526 13.738598405548942 23.800121854298453 -29.362783073936328 41.834627210391034 -5.8667562251937255 
41.060756358176235
-24.33376265871574 43.19567294603776 -28.77459799562112 3.550894299334651 -43.9165432566322 -29.66959084111247 -22.49081186357359 -45.97473274167827 -13.54180043215377 -29.444926738267796 -23.332438692171763 12.693159994617886 -28.412394721922908 4.359837222930217 26.661213230743158 2.846785688094819 -10.091607264157268 -18.47290894699126 28.70507354570782 -32.99546353385511 -41.01446813853805 32.1691780434723 
86.58617710537328
42.77378934265758 3.6350391632960637 -2.2405624026996165 48.13990180330492 -9.217494638888525 -12.58602770895633 -4.312555593189714 38.68989051588635 -44.20156914224664 -10.988606151948012 44.95132471912946 24.870206807677263 -3.4508338078366165 -33.500062909192486 40.30715731616287 -33.51338886518005 -10.224037648801065 -45.54168452616211 27.52738440783483 23.937103553330516 -0.3013765484697686 -18.3490411223601 
13.377248854371848
-10.79987999600236 5.338367618400838 -19.748290241356404 40.50033782979894 -0.4878767666403263 -4.959861379878838 -18.475717347778044 19.611247886748387 24.594562372610724 -29.94471101024494 -42.576989755317626 39.22550530651459 -9.34655193416176 47.1901372459387 -27.24685656172412 -33.38611046449803 -32.636865891842525 14.295424147170394 -41.66921697443552 12.75027304421917 -2.3409176548001014 -28.233766835729877 
52.00825371484773
-41.27075646388211 -5.597236214796453 -11.758552129921753 -18.518389175813876 31.461667046022995 -37.154931713409844 9.336371209883673 30.47260557744609 22.41350613241032 33.30289622597378 -15.488342895031195 38.17836899399818 -35.264852242914955 4.576883915900289 19.07622888700503 30.807740620100475 -28.664424792466793 5.376516421868139 15.841409975035702 -26.42598765068752 -10.712253183501083 -21.617878112293543 
94.08799101328864
-38.31039784008608 44.40853319110842 -20.43845431305622 -37.722482364108025 39.709008494110165 33.93867511266106 -36.02738743914146 25.333620667223826 -0.007919672136047495 -25.044840325072627 -1.4792994563174986 27.3386856709715 -36.88945375923548 31.480528731190773 2.0040849985347577 -33.864224527081035 35.69639668492323 24.21061094337263 -36.73201580995368 -32.4048368124794 -25.468380229586117 -26.63578769358078 
79.40149569489431
-25.800549916605565 -40.39555738745577 37.3653682344482 -12.350090756220801 -14.879311888844526 -6.591852326222337 -12.099288419076679 -12.921822445269406 33.10752295359191 -1.0658094305691392 5.351620994829354 -40.99042681581609 -2.730112415051998 -15.387779181371478 -12.317169041168476 -1.1231154609809622 -19.75672142152409 -19.1246754988616 40.576144476511075 -33.63827085424267 23.234230166654456 30.079629987074938 
6.930037543132029
45.56091206991019 -6.90692639831979 29.183182417392075 -0.19713300426950298 -17.593033221609225 -48.17032542605359 -17.11022606561015 -25.540488203508684 -17.316630646879872 10.882258948268728 23.889177540233604 12.388215259006707 10.713124221834924 -20.030863741825655 -3.6239064028666803 -7.013443998431825 -23.837234915182393 43.49745858677974 -20.79423354903004 -2.927649624471343 34.39206602570354 36.27288153879444 
95.84514874852377
20.457467365853773 -45.60698675165994 44.64836550289685 19.704161186413998 -24.470543278517486 27.599948807773572 29.26999665602122 -14.517541758109786 -25.881994659660823 0.7159794896449156 -48.77783184409701 -40.15716193382784 15.88018658979415 16.189095325752717 -15.355957781105467 8.023231316030746 3.02058756418905 35.08471277478921 15.783715101138199 16.92501859478513 -35.630633088475925 -1.160400499669798 
10.976026250220395
-0.23387623070350116 -0.3266776019608315 -41.254525377294584 -15.825438403001954 12.563231099830887 48.41214921348646 -35.0011908582863 -41.56219592960001 8.50812933989139 46.53401618338691 -39.233318440697985 -4.835966553158109 42.72906959020962 -40.788334860095965 -29.043226100260465 -40.11093868159374 -33.02125617550317 -31.947724143320755 10.242909594001716 4.10538707429631 21.466290533216494 47.15134113552247 
10.385819345862279
-31.169028784413 39.35152344858278 -16.037163140071165 -16.997937791357153 -42.44974899878699 28.345352858750488 -11.83497821021112 40.672359294026705 33.669674174915116 -16.588854036750064 -15.46677568952434 -3.356151575317611 -29.225571528175244 14.737553065136595 4.287969757841239 -48.630947120510214 -27.257304551718853 45.95413696015767 -26.531099531475423 -47.26233575701235 -14.83179756606718 48.986858499735376 
96.59191634482929
-13.90453604886239 39.56142283741643 34.001348272698905 49.17899826943783 10.008056059651707 7.444281480256507 5.557564611784713 -26.292728352492865 -45.78467591904174 -7.277218232274244 29.400329348292757 20.105776823077264 37.335818373926216 -42.383526428460215 28.235917248609255 -15.864394990317265 -6.381460390119727 -40.05678440548503 39.39572986896209 -25.179079746140822 20.40292599839036 -22.297743308074203 
72.46381461677119
-14.444448375877386 -29.063953731188164 10.668115146414578 0.7458186257126229 -47.40818645135778 20.809365753436865 -21.897649605469905 -43.11730205819859 9.325232940696957 30.515664460077318 -23.29019834980528 -20.0366931572294 -14.879082468830575 11.490026878000194 23.610398528136287 -20.834198672560778 3.3843474584213737 -21.51294647731997 -14.632786252704797 37.25852146911832 5.16134310257231 37.25976654761422 
36.00592298229959
-23.78317411040609 -38.24094989143879 13.243921791877945 -5.519606939489172 46.76313973018473 42.71180125589598 -25.68522826623664 15.183638625214314 33.813224312175905 -26.127280563016154 38.671564699469286 43.872918276098034 -9.387474758276284 -45.50600303334301 -12.481659498863017 5.772282566108267 -24.227848785744165 1.8657777315828312 21.447927213351832 -37.36459321334118 -30.535132707017375 -42.58436025789728 
59.299224093318806
-38.803934947144505 -12.282708447268732 19.12766255790099 -21.253749803234147 -3.2968100983574473 -2.964814792122752 -38.277842442364985 -11.009377643859565 -17.86813094046191 -44.47539617649178 -31.755921659068353 7.667463458171788 46.181329099595374 -28.777634136336662 24.540269826731887 -13.561992623156335 31.315331951680832 -26.47483579165508 21.562654023373213 -7.269556068240689 26.87004431126917 39.40734023424626 
19.516524759281417
8.70384181124846 -48.35107340186556 2.5432087800676086 -47.41984742534831 -47.251749649467016 -4.556279037338207 0.5005245693094267 43.25393067762947 13.697367522129348 39.565170101924835 -17.152487025351462 -48.64569004778755 13.41847445865453 2.7366062551773 11.316658153435185 4.249815702519875 29.557549627448694 0.5980886949151341 32.09420916814588 42.143481326892214 16.955832790973986 -35.41168254644713 
39.85515804099271
-34.96197622845533 -36.38266257445368 39.11604834214609 -16.66078788562386 -13.522819630488293 5.095111499281977 -35.29770871480772 33.06411004497906 33.23858661768983 -0.22266450842736418 -40.83090028273047 43.19831657347419 -20.13933666653257 36.79260240931808 28.97028902591417 -8.333962017728027 22.217990846464687 8.117033746277933 -21.596058120465788 -24.76684746656952 -24.683337643085522 26.954150983706143 
85.71610947255469
-30.376443702622524 27.063171543561864 15.571702457431698 -18.00035786213282 38.64108247132822 -8.032597417016127 17.51793723851648 -48.688403189715416 40.8230488121887 -13.42766856503146 11.503088308997697 -31.422767921270143 37.32717911771233 -8.139960440877445 17.2201169941482 5.618099300370716 0.5544779787812502 -23.034237519982838 -13.00795940486124 -34.96369840292738 -40.5635923411097 33.23861053580622 
21.371460154450705
46.70649187327395 -5.634527401832493 8.019730921335643 31.681182067493012 12.271732513750557 12.424148605422133 33.465654752164966 47.97309029797796 39.30888055485265 -8.132191932209544 17.326604907359226 36.99574827738908 48.72366009111167 -16.25684081543207 -0.20337759419639667 -48.50054890057647 -3.5448676420561824 -1.9256064069336247 -16.615680761023285 -20.429266961757975 43.713839047848964 -17.774870398482314 
61.210183435931384
0.6766612346006937 -41.252664098895586 19.84491544348593 3.2183138876640385 -16.28754285572508 -42.47850730092697 40.234931282113536 -40.50243300704629 31.584336348357894 -39.27467031873783 30.018233552247636 5.2390594631289815 -13.2773146951792 30.151800216012617 -18.324291773516855 -17.18593268944332 12.409016641993745 48.776415928045495 -3.1903142446603 -6.961676585844167 -44.08659529494041 25.750122237983703 
35.92291231158439
49.895829717101606 -18.82264757968999 40.042403672064424 -28.948599305665688 40.827250652596376 31.140429640521845 -15.384879423907392 2.765428456673604 -21.854958673510648 42.7971347458607 36.777071387763755 48.85375207212681 -13.780543657378594 -8.316096832095319 -40.23613148397682 -1.5681087652442827 -6.213338248004327 -13.265693595799966 35.60719805852702 -47.73391565685172 -8.937833452781483 -28.69614052552637 
90.00208585269014
37.78035300013191 -32.70019428275003 11.654114088435485 -3.8496940762254823 -4.485167158471157 -33.98137540938239 -29.70103366263056 -13.547359387349921 32.72938052818658 -17.673089327315225 -31.645541224207374 -41.55782043582672 29.397155762753428 -20.39519297573137 38.396542084694204 34.4954076386267 12.008757373865109 21.263813957615284 -42.68036424812206 23.627360464056807 -18.591792292190135 -2.616357531862981 
77.30203422997945
38.07164908884165 -7.692128819841727 -24.266138559594587 42.22255031261108 37.3656854324627 34.18019530217087 22.019794351276886 36.73600874336853 -41.69399818989883 -44.10005995375521 15.149183352750498 -34.29646124030643 40.408019593112016 9.811303620416389 29.898185177227873 2.7868393662902946 23.399238872504 -35.17980034508258 -28.43776980673125 -21.246060420827785 -24.205700736603653 -47.33733999413 
75.0093672966215
2.407185421033766 11.744886499430564 -33.32384166971369 24.01074390450904 20.03251983204825 -32.87296829259374 28.201423270997992 -44.19515147785683 -27.117611337586222 35.22285697515626 -27.83193815804742 -9.44075248718805 6.442874079342118 7.3733350455703075 -19.531843327694087 -34.274471022758014 -29.901062027359814 24.623204840780957 9.397696733329454 -38.759803602364585 21.29996569061653 22.648682442273724 
65.74658233123594
-26.893650681904212 14.441075077110227 44.15313343320494 -14.956369968121209 30.097906417278267 11.413873469128731 0.43545844094200703 5.013856868348711 1.1602910740040855 -1.856258508757513 -13.019619315472887 7.48105360701711 9.53840578290336 29.418911207441027 -3.3105419596542305 22.749489019092422 3.744847872168343 -47.07008918119209 28.766100060724554 -48.075693553457036 35.18829983076158 -17.323750583172547 
11.287434146438013
-35.31897515766001 -42.38592523558099 1.7604894755408722 41.14038269332502 -27.32974570678891 -5.534185789030175 -24.92188777806794 46.26886050132485 12.044626505403322 16.85939328143577 43.524891798304594 -7.926482043520146 -7.479402322869454 37.067103407570016 -46.91824757523509 -13.67501333358323 34.93867100176364 -49.75779644733399 44.50040332319465 -14.903865182141793 24.461288530670515 -49.429018087416296 
42.301253142574936
-34.011660504625596 -47.65151639064398 7.1214967637069435 35.40847917104783 14.321348782918946 5.6771182259123805 9.3651791248925 -14.014665563229997 12.975799082901865 -8.57965637848205 -17.32045463361125 37.89608759844997 37.222032174064594 48.97967286755093 30.097253689974906 21.709272197009867 -17.861658214817197 13.562889824427018 -21.851176664869243 -30.72978489467041 -7.883662220359632 41.72671495599299 
41.8533003888266
-42.390961592756895 19.47062821690227 -0.045971764591243414 -23.256729607347136 -0.6863024535308497 12.314595849456758 47.31115074571136 4.267547294133642 34.4858199767034 20.63349678315282 14.031495652972154 -19.002982519114266 -41.98955032040463 13.880722667437404 -10.70228382564946 31.76600684940601 -14.890982933002341 23.44255033692278 -16.454816231872528 -17.786270131528994 18.008247911625702 -41.0387564582646 
73.28548182805504
7.147268903386248 27.04584159045679 -1.2240833629671073 -30.2506427287233 -42.27035431738201 0.6472064760156968 21.635076638558232 26.57431354380728 -7.2964192710108335 -49.65432432953233 29.35432772890958 16.312895291147072 16.693477432579257 -20.61797791842801 8.237193166031766 -39.28659076918659 -27.91465249237113 36.407268270648274 -9.153366059209944 -4.474336476974003 40.066274429078774 -20.57383026601488 
59.109268296846665
-12.989943292637285 -18.887853100816855 -30.643063510893064 -25.24610014707841 -5.620834990780821 -14.45561241007681 -2.5538715042628297 -16.269519195672743 40.07670258781866 10.733414275251171 26.26586090051829 17.525155464040793 8.099576183932363 -46.89134534730249 -9.866209171625897 6.181542273053509 -10.505516278310608 40.34190788217383 -42.465368243497416 25.358004301933676 33.71130794985979 31.902924187975785 
55.48517228075882
22.895117583966297 44.67134921739715 -15.356920035907685 -6.226848926740303 9.137137115446194 -18.79079936614618 -25.854943449484235 -44.386471771362864 -0.35425936811343917 -17.02713281677626 -37.716513790686044 40.50401984979659 -31.03607616251821 44.917494824133215 -33.22647909307377 -45.07495118162912 -40.26763910165345 6.20387923578015 19.44135135462237 47.01753407215108 -7.269804213709222 2.613684701230248 
46.53270934094047
-27.514800667906623 40.30663452341835 -44.480902346464305 -33.41758637495372 -39.29357454752699 -41.8106576341858 34.99540108054056 29.200092390191088 -27.596125108032876 18.800108165425016 39.8407910894194 11.58417850971066 3.2084578923787817 -47.02216055220669 -16.931568476266058 48.658366072884036 41.06747322864402 -13.596612314464288 -42.13832765351959 -2.568281292611829 29.68500891391777 -47.95964916725735 
36.033997169741916
26.51566334926072 25.046023884227424 -29.449565269276167 18.711119974516947 -22.311888745702834 -42.43623432598183 16.91152071755623 -32.746550478065494 17.977015093975098 28.503481300126637 33.36113913144395 -8.637159513861683 -12.057328235436003 -23.926341899771852 6.3075620589995935 -39.13155201738444 4.670132779216452 43.939316434812994 -2.004769533705897 37.862130517317524 -3.5599060677685515 -27.099855392483395 
62.480817620443894
-3.3451836108220974 30.128685278717683 15.089547889480599 -20.12927635132279 10.450831574795686 42.09362218773437 39.28900050109796 -37.20965281791098 -14.311855441546172 -1.3638453415330432 -44.18469975203668 24.699976043831057 17.66812104917689 -6.914620186172527 39.92669844801301 -49.05826069128465 -25.600715335171607 33.13340834653373 -26.192946294289264 -19.70349894764928 -10.494750727590016 -15.743015860823327 
8.925545278533132
-12.65079064915021 -40.40212672129751 12.893143328342497 -27.06731612995418 -45.89434782358207 -3.3076299762140096 16.493570369540876 -41.75833624493771 -16.926839533297823 -17.958010597204343 36.66427344963809 33.057422278894165 33.412321759802964 4.195564577393128 26.30434002853636 9.853961962920174 6.78628349686069 41.132084548282165 -18.010577821001494 -8.836121011483158 -29.8212472283656 -35.99780448071282 
8.802781644942726
-11.967769630313121 -20.778629756071933 -1.6926995963431466 -43.601362639319404 -27.39977575017568 -42.53438844970731 -22.72726263402326 2.2896610320910398 33.02245183802219 -5.446065384460944 -38.27769209685018 -38.81754172784204 46.28467881944192 49.38943701375818 -19.06285354826641 -32.35806747841651 22.47749667613617 -16.82723969641384 -30.217213027123 13.447435870917346 2.694421100975376 1.5695851955052404 
88.81398044626245
20.710667751827117 11.961281305301739 -44.70847317243529 16.117678526371407 -2.8427314176306737 -21.53294753299204 34.01780919918903 42.330311343788836 0.931161569269598 30.8545559230634 -10.14537707089017 -16.433681698072675 38.862638867220255 -23.557277748244488 43.42358374546194 -49.07937783146799 -15.651699533051335 44.99041538775185 -41.809731401744465 -20.241400240378404 28.8229166454517 -45.02493356910205 
66.78831365910806
27.18276327511812 -25.739635705885856 22.347686036971908 -3.1359132440147874 -8.133722134381841 33.2228125800801 -14.660936286312776 23.361534724774558 46.86912049093921 27.68432952519882 -36.869716589268535 -30.81377722319599 3.1035259638915633 -31.81285195709912 1.0639354967027401 -13.167744054756646 -11.20888208232855 -49.15413804176764 -19.439304172947125 -20.17482551741403 38.554911952213715 31.296824020331826 
38.019229912198696
-35.271461035465165 34.71517262122916 21.897073836497256 43.715680585096024 31.981413655091046 32.908862004114155 11.309153546385595 -10.917803696153037 -13.021537055271217 34.328223282309935 24.06519079521128 18.732362761363348 41.57397436439193 37.67479518999352 21.785657057221698 22.214583657297325 30.585586305013734 15.350979094071832 -2.5647390034936137 -30.28722952510624 47.89307351438664 10.462003944622822 
79.33044874646288
35.77699688550689 32.37204392609509 43.87697596136907 42.57001236641128 5.655025644279796 -14.828045451144234 -46.10156681317188 -27.857642725848407 49.90891990934466 -33.25761547704937 -34.98438316453212 34.16999998286198 -15.260763221597607 4.53101450383425 -3.2325110820526106 -10.416118658616412 -42.19746578198349 40.42130094516696 -21.082741348247524 27.97715921420304 12.296279296104728 -39.25260731623054 
84.94097173538856
8.47011230762309 -14.301533563267391 -18.881666479070567 32.25853686044647 -30.875113459364336 -6.212453575455648 3.303116164964017 -25.31371379555655 -43.21922869860549 35.4315868806399 22.072744652440818 30.265998213498023 35.13779718568813 29.123812213019804 36.16492899476941 45.926049091834486 0.49844010223301183 -41.645023023777405 9.431597840183628 -0.6438052003068151 -28.215766938609 -40.34866036909952 
85.74894722868633
-21.971802514741125 24.276163791969182 34.47020019518014 -15.58574650009588 -44.529638599848276 4.984717092890293 4.13334771930829 41.52324506715412 -44.295237729283166 1.6375066884043008 -44.408018284001294 17.21633188606873 -41.81820586145898 36.97941177996174 45.054952138728055 -41.298490981221136 -2.4026106345630964 25.412216462651628 36.375470946302784 -5.393661650664768 -44.34593483585036 -40.042250996105 
1.5797370406206213
37.48087652765335 25.127764492430032 -5.889413851160953 2.034137731964506 -11.831995032920204 -49.47182281394728 45.35334332644935 -49.513951981700075 18.27709971680885 14.191054441866058 -25.060297524939067 26.57648905204445 -44.858455480419536 41.81681718342688 -7.992697109772507 -18.588842640374637 -42.5898664508836 47.27048409745939 -10.835379694615455 20.38971439501205 48.81687457618807 22.883803424492015 
91.40308965524612
-2.2686034278229883 -27.306689335638488 8.551189740205558 -9.482343162794507 -9.001637576241464 40.43198456728577 40.586870963034556 -6.823972565169356 -0.5935650293867027 -26.62082984368691 -10.388535817634711 32.35891314404084 25.826210023972976 -20.47043753404526 45.661900920860404 -20.899407670722635 9.115755338453368 -36.08485498317988 -1.7304918329943533 44.291120595564706 -29.210587812708987 44.724974233934674 
39.42673350972573
-21.24138841244133 28.01551513973814 35.96215092384104 -11.836158416044142 -36.06803331636738 3.5490871182645023 -38.16122550438431 46.88269617812601 -14.908489289079029 32.44388974135424 -11.87074050624473 -48.354534159312436 -5.452968686287576 25.25145258370965 -8.653182992265549 -28.708048181237565 -46.96030763965835 -2.0969772084603804 37.87756200479723 43.559933174151425 -15.753587160396378 19.583623935056437 
62.10113668298837
10.308799167124562 -10.527781080808943 -38.35428476691616 15.046332951214168 28.497422437718242 47.448233760449895 -47.02677665013019 -46.72530069761097 38.74307130520117 -32.39010506094687 -39.805021158200034 -48.5453506461217 -30.91103849696255 -25.687911778408655 14.75990699787475 -48.516845833276236 -11.966287008247747 -25.855112207562193 3.1245671423294255 6.031561030851464 -2.0730781120068897 -1.154389937609949 
71.16693807097218
35.03671338909456 -22.489298640394207 22.259996916441963 -30.57137327180769 -10.072037461773967 40.68789520318991 21.38723770867898 31.900941439842242 -37.7247061760385 -22.47656235993033 -11.24927587280471 37.808582583202366 -18.936729819620535 -16.96389838493475 6.1683434770965135 -46.792049259713664 -34.05998521272045 -40.486314206986485 -41.546775158232805 -12.794618195292152 42.560042133978854 -1.1145757281593731 
49.657825195640825
26.213882906846422 -19.465787849928507 13.111243072181246 -15.818675275132108 28.905227952228813 -15.480337778791721 -17.401776384301293 40.392294180093344 24.37755915249184 -45.372917923406334 35.33043107027632 -4.6243370294317785 -43.45308075391885 33.59222016114907 -47.30095435603312 -44.00501496220617 8.88440219650547 -24.946928968988036 21.945533413793612 13.66814450119714 25.358934015429014 -0.20630979166584495 
69.68133110403605
-31.913485367106087 15.808927994301484 -45.03986499050091 16.123337942539436 -41.43521162932646 -3.0456315752830108 -44.97643738590978 35.485291093801436 -49.20940294188012 -26.125834503402977 -37.339983340832475 -5.609149315772967 -48.54989079411034 11.01186466251741 -37.263963474788326 -32.77497002467786 13.537878455016717 -23.36387060280769 -6.766358365934785 -4.98362850341443 -48.88384600886832 -29.829351222152546 
73.21790714889637
-37.25692861226864 3.870972450671907 -42.0785511505988 9.844759752848589 18.88200092254418 -20.98066226532286 49.467806662236285 23.92624760284805 0.5703973243584741 -49.04615261309587 44.34632404904451 6.714979247017851 -42.074257946103145 17.468160834477672 -33.35407742199644 9.339059257669156 41.87014041387556 -4.511312911891409 -16.25512582402917 -29.28671535339984 31.23130494697091 -11.055008829856071 
24.659191594694164
9.771963423300697 26.94301776374583 -23.256652713520232 -26.664941722227965 43.513202238385034 33.843724486582616 49.76497958203785 -37.293830177792486 -6.385908949702689 -16.127305065439543 -27.60747725471926 36.450261644922534 11.270693957842681 28.388971512434352 -43.72473729257482 -22.882770155858967 32.43629470670028 41.88913040558016 11.875776256144341 21.664679342119285 -26.224054114996086 34.5755943434892 
36.79758963477641
-1.575099113894943 -6.575223828638123 -32.97190717464152 8.975528904856013 23.14062595289687 -29.967841717535638 -3.3433914875619877 27.51746301623419 35.945181239096655 -1.4066902161619623 -37.33507698555345 -15.681854354731996 46.0258935165396 -37.78555104344675 33.92968898213067 -44.477051764329154 26.197973415425196 15.227133285018809 2.5006979963278724 -26.498761327404985 -34.27071701092527 4.962019348138945 
54.35383422731245
-22.803738611078572 46.4947466936125 -32.988339788417946 -11.421073606946742 41.55033232149546 -45.097568047573034 -48.04330114059818 36.36059892184656 5.161274027396857 -19.978438116458854 -19.70087344336737 -48.08914874960413 49.40797547234351 -23.043921940378887 -23.25901521445003 8.938037047615765 -18.00996426409226 -6.254410954694009 4.966314583741706 38.28756189962857 43.15846828789607 -30.061148117150882 
59.72871496449217
-14.934518777451743 -16.128530367761208 15.47322393577798 -25.68354764935432 46.85696037336274 -38.3086995603693 -30.393244211376434 18.361483807921047 28.577257595651545 -37.55465739563746 21.387959993367375 -6.521565935006969 14.043781747377025 -16.493559921189572 45.51145156409811 -17.636054467656614 -40.46649989553971 8.004651216729052 -29.603896991455724 -29.24351707480133 -39.6092748982543 -41.63541066199714 
98.93544412837745
41.05111152822026 28.17617014830458 42.26953031692685 46.60848603566123 31.383363570833154 42.89886839616297 -5.5144640676451075 -3.497663047980325 14.640781960463542 12.54838512310176 -26.064172490674164 -3.713723090957579 -21.869688755852213 -19.5545201678722 -3.00227515801096 38.290257694424184 26.52422226374182 -30.144771818754577 -24.798542767479926 -29.42095141512854 -11.773251720681785 44.85732821636958 
28.342187840461374
-15.723429177278348 -21.55177909944792 -3.3558789443888557 -37.52632760822526 10.383186045390289 -38.95705168451522 35.21766077753375 -13.666078676965718 -12.057963928438213 -44.43835275885135 -22.117092275663452 -10.539648362924346 34.64879924188341 -44.01122229024076 -22.015072146292137 20.58387627673622 10.862488529222233 -36.72036673270114 30.01376577312402 -14.151541135562319 18.463231459179525 -14.918391763891371 
70.50140874670406
32.98466649218102 17.11621336553746 22.91852254587296 -31.93891794414716 -0.22721728317526413 -27.76069051865566 49.63655364308559 10.4698561586397 32.963117880925466 -28.664887406245356 -21.945332294071886 -48.128615076667 27.278083605073476 -41.66353408050969 35.53215023334846 -21.023720020881044 43.202792565485865 39.22778994315783 -11.439742136744698 -8.436478970006277 36.97777167139277 6.442828672370894 
56.50458709928222
-30.362998005339303 -23.460388649149287 14.402701153457087 14.269265421687464 17.267116089216643 23.11224396088896 14.046436937949295 -40.07636029472342 -18.551905906963373 29.733680677461706 20.31945329947476 15.226622914622084 43.227527703674156 45.21000943909567 43.323685452131926 34.503410215797956 17.91535612108099 14.82049460315784 -38.80357495595857 20.473816918662408 -18.644645771700972 37.5547144747385 
0.7731317859406617
-15.598987386407536 -39.957095009557484 -26.25542455425418 20.702802603504736 42.32394935312756 -15.701327225482927 -3.338788418183256 10.922791474113602 -40.84367983674015 5.758557266871989 46.97872884909768 32.263160855453776 38.079440531348794 23.11607403865888 -20.036222665289838 20.439050591002513 -46.074102381684035 43.35409397385166 -8.167973176671204 -30.19727911909217 46.145480156856664 29.628685689634267 
23.91960809428937
-6.034704040159589 19.46425733366793 -48.4814615628466 -28.850395630067727 32.761415605745924 48.492368592879814 -41.47074427592423 14.730747887511924 -11.981573861140035 46.30553858481922 43.54259029037057 -41.89252958578447 24.204855345548694 36.41983001134392 49.32644803595717 -30.11247582063933 14.271342625278606 -37.40122168700668 -1.727688549718522 27.805376187605646 45.86037483751943 -18.423511821434236 
43.20246258708734
13.736654075244623 28.54954195232115 10.049848010577598 45.39021686784422 31.36092464583446 -41.09377847384105 39.18756487714701 34.86211975949796 -44.7228727599002 6.86996697988279 -12.576798130724434 -2.3981244505644455 -26.791978564960097 -15.65792511800008 35.44397607504335 -35.54848393928106 1.3870124260908838 44.85018962522935 -23.943406393185874 47.30615602768209 37.30279809267259 41.76895279478484 
66.0059178788104
-20.375608491981435 -36.31572920164878 41.81611090148583 -13.15817709696666 -29.672753636587522 32.940128111811944 -49.593298474083845 -42.42591763572702 22.83431958789201 42.22475200792641 -44.063754705096315 -6.8752991012983955 4.286550820582221 -44.11614462009019 41.1771423978977 -30.518372640884138 23.930860861933468 44.240465887113785 41.710762682670946 38.97730239340659 -5.807377647035771 -14.486106381473263 
3.6810128460094904
37.26002313430709 3.1377903703178305 21.12125579747304 6.143379409171487 37.29568301999366 22.827218888353514 -36.30673060357863 16.89684579045077 -14.868100666205876 14.491531708387896 31.84300301354513 44.92423223438054 -2.8238523416462016 -31.494346275049956 26.05827404808062 37.4298869562319 -40.61598564567428 34.81792655402495 -33.954487240529076 44.95188116154088 45.02320142737497 -42.210499541479905 
31.434833577895816
44.139182923179604 -40.426509378592726 28.325444954150456 -15.036844597808063 -35.477473570966865 28.842340298374538 5.7298577727286 -39.91577313565608 -37.02900905765794 -30.4795895939053 41.89299420530085 -36.58857093535596 27.51461026050052 20.170743378427304 -38.78077517451158 -23.518729069866396 20.82657401075862 -34.96007617572714 11.130421950868516 41.032550690239205 -7.103121027613426 -46.90093064455188 
50.03015456575789
-22.671894172150388 2.2925866301191746 0.36698377969131 -17.710157727313344 16.003218725246242 -14.111915771414829 -35.1625815916141 33.11880798426408 -29.4933087984675 8.062099095058969 0.22682596479101846 -19.89405627051385 39.40763880414643 2.096390845722226 27.278609175265515 22.771513302648472 -44.326838770169594 -11.125552889838154 9.504328797161897 -23.356661170497606 -6.521031729438221 20.96667664429134 
34.01190733329855
24.17247173096365 2.197149266101931 -46.19801487120162 -22.53461741846393 41.22915635807003 -38.08770300413574 -10.136207505779204 32.24030546490944 -5.029258634833845 45.14918641279728 -23.28809288392759 -21.516623301875406 -23.451063207458777 25.4522808399864 -34.88005206647373 14.05450342988479 40.42459093564398 -4.960645364103669 49.73121983452437 -3.776063657623375 -29.016008752827748 40.958557882528396 
71.37433297693642
6.516695623015053 -13.298604043383008 -17.98974083134638 -42.45696391984447 23.241049654465314 22.26835496082981 -12.847922075214314 -34.46690544551235 25.00730018133339 -0.08884516865401793 -19.812514835790306 -28.657721817171876 -47.06231229368478 12.54341902918155 -14.754540255427429 16.677807254239795 -20.71224634334402 -6.548198811721285 -17.109358655720186 -13.721066878426988 -34.155958951860015 39.88840939218335 
77.66051032975625
38.25054116288965 46.732493551541694 -8.755627133266827 24.408133996795698 -48.78301243317893 37.16653712212421 36.404821365443794 -26.963972722100603 33.84368659500157 -47.81674404033416 39.43622947346587 -30.96122220499825 -35.362846347290265 17.560701895515336 27.93293029750437 -9.270995568177632 42.922625838645416 -31.12118556598401 -15.849611385519893 13.103383065590869 35.51152049700298 -35.918949862673166 
65.47850079771928
-36.98762390541344 -2.190608408406881 -20.08672236185014 -42.140847393145506 -29.37056433586359 32.97825493776358 23.261078866790058 -16.572158806194906 -21.827583831580522 28.255446174289617 -35.323918410321824 41.960117381630084 38.41199641941813 -26.355512750626296 -6.723464268231716 -35.37070339351983 -27.291073183974913 24.93168319578885 -0.2731977531489491 -1.867317516585473 -38.84604357853366 20.34547028931412 
67.14505100137394
17.419336986018592 5.84132777339358 -1.8361941245622546 -11.442112260434278 -13.946766401046077 42.388746057657926 -8.811811183508766 -16.084731576842458 -5.328658306222813 -25.47622281273627 -6.758824499139763 -40.30152004589995 10.047072561905054 -28.111348791976443 2.7075051973477784 39.7986150381151 9.94520642614026 2.1724641636165245 48.627290930547105 -2.3875983239105096 -37.74475236039264 -34.73814835956463 
45.96297130188935
36.196814656502696 30.815934413643035 -40.691832607491904 8.39998144573245 -4.156520253889951 -45.10560146283558 36.441297018873314 19.404460606145307 -33.42171863758592 -45.54073457791312 -0.6827672983923492 25.249483545617608 46.861293098372116 -40.81225864251374 48.76856015235535 -32.665295145345176 -30.843492564134834 45.572546956716664 17.534082530200195 15.362481755448954 8.060493040087536 -6.454671930830457 
65.37577917243951
-2.2031144257934727 -2.676406763787952 41.708916842492556 -33.15161888124487 -48.47971968377988 8.366803268466626 28.57169454499642 44.56883348228931 -21.284597209616727 -15.207982210573043 -43.89705429782781 -11.960015947960223 5.739202961840753 -15.09715078191848 1.4790294877546657 -49.085154951357055 36.11794069076019 -42.60221653304388 33.06585246366089 38.04479818605331 -22.21865034541922 -35.833088430434586 
7.483973090753571
-22.262825533406115 3.2669518412494654 -31.481924033007125 36.028439183171855 24.354663460424632 -29.136147066825657 27.17775574755852 -39.23379170288135 1.7209907025359854 -5.471297203760216 -39.94345756149026 -26.690152860216877 -21.245583845837622 0.8947202760829143 23.038646394973313 42.56691401716243 15.332575749542315 -47.19202336800813 -24.05068519722021 -8.309738138518483 28.59921453902001 -49.436552397389086 
70.37366959422555
-20.99473671551795 7.755467687446796 44.37658790992516 -19.85507492884374 -7.134285513177829 48.835270842145235 4.614468707689923 11.089515780929041 16.19104241560349 -9.953416734670071 -0.07618024464005657 -43.98878636319101 -47.136927895434866 2.967139762675984 27.631590735295802 5.915793221578788 -14.788438512164014 35.21542126350397 25.656897580156823 -10.877632346568497 49.49336373035936 6.174641143784953 
20.66156020752735
-13.822934021086652 -25.42907301524976 28.92950041868565 33.279656073475735 -39.62079536527927 27.921571070680656 -31.217423269410148 18.004849364607708 1.249682511190862 -47.34014339030129 -48.450858634909864 -37.32251208793579 1.4158421129334187 -40.56901620556385 3.2863566133921367 10.501800627314964 26.15655530145716 -42.16586531606045 37.19470688705778 -3.8632729109934303 -10.754133744853121 -26.53973142099061 
53.13665132823614
6.6422807769218934 18.753001621465486 -1.3201856309649571 -19.45054461551139 -12.073424571088275 -17.898872390458642 -32.00863568285435 26.486209801167078 -32.17308513613215 40.956767828365514 32.043341871065806 -12.898899759987692 -41.92829790832867 23.41628060562178 28.366343065696782 43.10195538288983 -20.891919502492783 33.47538380666616 11.404670868370772 -12.474773736121392 24.14365070979774 -34.08778639285216 
59.611330496173885
27.64549196456811 41.73875115460871 -41.51606506413928 23.171543065412223 -38.08632844828509 -30.100840625441993 -7.268526524297094 -37.65434700472507 7.525146577568918 -1.1426688390108097 49.70642576336735 -46.52698421953691 44.5510013442202 -25.406463688448298 37.578817287567816 7.354302940161908 -1.4773396486751125 -19.363396978547478 34.35380115648971 -46.96960168638764 4.942206810857897 -48.202796833528524 
80.82001676851365
-11.098139760610067 -13.602321180965383 -19.775091854266368 16.37181177903753 -7.316301880646556 25.794753111442645 -28.456450513247834 23.492042873773215 -38.1340048081243 37.673130348574176 -3.192319099439814 35.45179488171854 27.15170500263902 23.658092521348365 -35.36380532637197 -33.82225956841404 -7.231320421062989 47.804656354326994 7.117489073028558 41.257543095838415 9.60385683097622 -17.076221849896775 
82.94380918594283
44.69814784472436 -20.216780134080537 -40.06281569752087 -48.279328381857766 47.32134190517479 24.621987414297664 -1.110715646655656 14.510611386799582 -0.4244453679389295 21.795255074661654 12.45180344019716 47.40870516902554 -45.93767312112155 32.13008886931111 -49.411301574837886 -22.689347673682136 -18.7795563910538 -8.404169031859368 -1.4939798948676497 -37.97754350717173 -44.61970874084234 39.87022562790844 
99.09335763331029
40.474036889081916 17.79543060502185 -6.715334458599251 45.77057713258439 13.037393511247132 -31.721953442175344 47.00271228976901 31.98559692936996 46.81318540390865 -2.290671598324792 8.961779299926661 49.56591049147809 -23.76206930486854 49.96547346098332 26.408687263331515 -0.2912865661600108 35.47726849829985 -6.305527625326249 -35.214458010371516 17.601391158641363 15.80899709831803 -8.101603756682998 
88.27319365021157
14.496273540164935 -11.437048667295947 -19.579579631919465 -28.524681054645317 9.520491672705198 -27.82703217756627 5.205381483410733 -7.473086526657866 7.583899285053505 -49.49045055042814 22.597141188193092 19.336823111339044 -20.54503795282121 -31.099916314344078 36.955617378366824 2.724664468739924 -34.59336475781755 44.10673907785288 35.52084820202988 32.88829704091057 -45.20881496859883 25.020487221182137 
31.720972213973674
-1.0612041445798965 -9.51494431656095 31.942936793905048 45.01557827300421 15.165634654163 9.351796143980465 -15.934018848052503 -22.114630337764552 -7.754412912044138 -42.296802381422395 -2.8775078754774555 -1.2763580290705434 36.78461101933824 14.195731761899495 -3.83033347539412 3.154602559322228 8.382810593121313 11.681486162965669 42.07978340613691 5.698081796840249 49.83828746831101 -25.760213035391278 
64.55154802286148
8.71971762034184 33.15653641808231 -24.052273331575215 29.318370171652703 6.250257654250902 31.707765527335567 -16.09514240784403 -7.28173114142642 -43.4729184318778 37.17535543779252 -30.390648326475244 12.903339317629914 -0.994317848767146 -11.135602048365115 -40.01005699873234 -6.294935004104843 49.10826187746335 -27.509898715766145 -47.77001257741821 34.53491264159737 -22.878769819661514 -24.25844043552243 
84.97706833221172
47.68809440134544 -33.57714578126833 -41.282776941757504 42.61349895245516 -16.96849409866796 -49.38313899302743 8.754148029141852 18.970239278201618 19.295248211412797 49.16736521533977 1.2239240042884134 -17.801361153904637 41.050334553036265 -43.22505174402569 -19.456099881923492 -36.52844237720838 -29.05643699725715 -6.996700264680534 8.953193622033808 38.76739979235201 -32.12632042073209 -14.439616405840582 
54.52866008004554
-14.802396168500152 33.531393955630534 43.157538234731845 4.466853610444396 -28.829768931277055 -7.911037047206172 -27.985455716821207 44.833743039036804 33.1392529610703 20.813416686864798 3.8481749798056413 43.784754804034236 0.7712198316109706 12.9907439120473 32.57626432341122 11.683489047528305 7.068004095578637 48.78664510979307 1.988915331534443 -11.401770149201496 -39.683648117771774 34.53276696790837 
97.2829328908592
27.331154453182563 -39.30802458331058 46.41554576364099 -30.374844019033297 -1.5640515228304892 15.928023573230035 -19.341821967105545 14.804850102010619 -7.3947421917534015 47.66468758557909 -30.975613948935397 34.55488729711213 35.36028530495729 -17.071128904555586 -34.16395370199774 32.26595114264845 9.150500903695871 -6.350262375057461 -49.315048784791024 33.58753049982745 -1.2276641102613084 -18.801907464930533 
69.63229707241759
-23.195963008790255 37.44140525419925 2.644532917255127 -43.07225262131741 -12.106159376033254 32.90368722036615 0.7633430968079793 -10.856782201749468 -9.176366051453101 -4.353238480856028 30.766149509746995 24.104809829502486 4.899997672913926 -25.42690302448827 -26.66862931232733 -31.880394052333184 -2.1053999118748266 29.42305975294552 -14.297483620241792 -3.2677400465485604 -3.820983817275639 33.786184051627004 
20.460490883382963
26.609745601489564 1.2496149946122443 7.714968912617238 35.031965264015426 -0.8593020395944819 25.792593359819335 24.756254110854158 -25.921968035758148 39.949285141932236 41.83366419937133 24.641044691695413 31.614333549395738 2.761618762499076 28.536516327705513 -10.075600828886145 -9.954132331134765 40.92618274196914 17.85865393575577 12.54276465587514 -10.743258959953458 -24.622098356159718 -37.45723868835008 
34.55699871219522
0.47718399887134666 43.948809220340195 -7.183718221180534 -3.724999540946847 -33.14289036580401 23.666569275283223 -14.308586507578603 14.498723322112752 -24.49241196285177 15.04535482812831 43.902278675773786 43.816099875880695 44.22863389731559 -34.63811912992746 -29.71448124865468 44.6591854938908 -9.776317983993302 -13.477329485900604 27.80515314721133 -6.724361489367034 -2.1917440812498015 -7.633071043165373 
45.44200125318899
20.811363183956317 17.452238164985033 40.112641805969744 -34.187434168585504 -38.621961494586245 9.45231295040022 11.141844053808711 -18.34823073500479 -27.720089805079805 -7.886913601257831 7.4342474614741505 -24.811544533985487 -36.49988663755593 -33.47754184677153 -28.30327170798229 -43.0378516272119 -11.902512810433606 -32.161138449323786 -38.400584817497034 -1.2259607360878135 0.34070416595663033 36.464996873144855 
71.51745877911708
-30.76526903334417 -15.792765895648074 11.56471401706657 -1.2092084715474272 9.765812503016406 -8.699473331852062 24.086760378724804 45.75247504609928 -16.06818829648524 4.289509573598018 6.791108910692756 33.63957632001822 -6.37631108683663 -40.34966433487686 44.730624464586 -20.011324277627274 31.88449558288562 21.791029308546527 -38.77713994296238 -42.76847399641268 34.062376132391975 -0.4344463055667376 
21.553814969446748
6.944551447379688 -3.5043613407686394 35.73450594566215 39.487490404415155 31.569236779384212 -44.92086845877162 -19.894519834104564 40.11213517983886 -26.59132009066988 -45.169295699103095 -22.113051614613532 -33.363905761604755 19.31889317485367 -4.028963294418773 -33.784805570317566 18.453211719956812 -11.248280295029112 12.04971513576821 -26.135273138985404 -26.870242245863373 -27.330486854778556 21.294873897081203 
11.828305401217188
-24.078103866209986 -8.660019517806653 -6.366642483341202 25.753519290591385 -22.9852724668967 30.132911890563946 -7.27722951138535 5.148645600639689 8.880971659142446 -5.82122465020187 -15.143565707239773 8.821281659342631 23.98941551527267 -4.887558451642207 -45.253283699431165 -28.810959380302293 6.5502360895189895 46.11359948860763 31.96174134661625 -0.09763679905550049 31.066372643839713 -4.931338849442447 
61.18508467780961
-38.35469671716469 -34.832853268672196 -30.082689599135414 44.48749588267384 -19.969105030956058 4.532359261602657 45.110043923062634 -5.555721980871596 -12.81646491344366 -16.327893451983485 -36.40858442807395 -36.79851047052357 -21.098454999815242 27.909639220628307 -35.16311250750758 -45.51137667622719 -27.781106130408062 -0.8784590092532056 -23.79040097723426 -16.90498845989203 -46.26417099074508 40.621620568975786 
72.26648415924069
19.471649652668674 37.263948295910126 45.03187962495396 -5.368391826486615 45.889756131146655 20.132031820649004 -46.934036929445696 3.6677488392248847 4.981864873309206 38.924719243509784 40.85757044571234 2.415622810788996 41.51075700956238 -22.523087169958178 -31.20172681328014 33.13337300917229 -26.14384162948734 -27.377431830885545 45.806256637472174 -2.7427567747196804 -17.021468909679527 -3.502700871258824 
59.529543283531126
-9.282334249986334 -26.486040241988828 -31.879966713233955 35.19423547545037 -21.716791863549766 44.173536293944665 -38.47030139267758 -36.35958379480782 2.9681882211874395 2.7652735675496203 32.92874308305363 -17.45468503186236 39.5279742554159 -25.07394088336551 -14.913953643732434 3.915422291847868 4.679312113044588 -14.954295695762113 23.677544514822273 -44.36377406383454 30.921289709570473 32.884677840383404 
87.29373828699545
45.200327351729854 -4.304171473275019 -49.96836568685501 -49.48105066493501 -40.3083328709659 -26.88512991681098 -3.383594100178186 -42.211960786026594 37.685676826000204 41.59472665282432 -49.41138107301192 44.652045578597566 -14.067849239299825 37.47631153276362 49.39165307759279 42.63500814542624 16.519712654251677 -7.92672310613888 -32.99380811271438 44.0399783982774 48.67775065244096 27.578369847877255 
98.1071306516684
23.86308092245511 -46.54626160674328 15.871540037037093 -24.527846295533895 -22.599846011111467 19.210885346264917 23.511727250374037 16.799813579498306 -15.818585043878919 -18.776906549294946 -23.942590444847887 -17.260512479472077 -48.45474932711337 -10.398750446843309 -24.650635373235254 29.205098508385575 -25.536888384610002 -13.633155975981445 -5.4976533598717126 -46.060960040207114 -27.846799429119308 24.696047906109726 
7.090664711915428
-30.187731538192597 26.57147838496398 -8.810686391977796 -20.624093148634483 -14.508945838121768 -46.9557494820388 -14.5213757343328 17.413397446570656 -12.129593283634108 -20.89258122125185 -29.433398360246986 14.48718445577039 0.0687394210878125 -5.956779799790013 31.99861596100844 -11.438330931666087 -16.202131516087825 -41.34390351824165 -25.69882783400749 34.30131133964191 -34.433064430917504 32.505095229765715 
89.0767880541204
39.697997334527244 -7.551558262341565 -15.889010726633082 -49.27230835081491 33.45913731431406 -34.97095614095623 -1.4179171814648583 -17.012365458218113 -13.952386936995495 -47.31266961626297 -13.346537931643056 -7.726813378542964 -15.371807812106518 -30.5146616324551 29.3102238104985 -17.677109592970353 -9.83686972722758 -22.269937940243313 -37.03402015591186 48.674689126527426 -36.48691302762709 -9.344227697126847 
71.5937446120535
1.2390809229106594 16.63770075671316 -34.30252314138478 4.257089045187044 -21.442528793393745 4.8534538534007226 15.47040888223654 29.165203292269453 48.29222902339002 26.594775251695225 14.839897023944275 -31.323697609832244 35.0770028464585 38.23756217541931 49.360615753514764 33.59962158813437 29.062840438696455 23.282613115398064 32.88360783841348 -10.303023816681353 6.327750277948375 -22.440254912818304 
70.27412505683945
44.460674223001874 35.77430007596175 -14.898364892010754 -45.047213740885326 38.04535603445454 -43.77804572735094 -37.05027432841498 20.367103317069706 8.657093745708558 -17.892192461925404 47.39277981443114 9.51998889480172 -20.24612065518817 36.54148967961308 -20.997981816976186 -12.673664502377427 34.08740923722587 16.416954714224886 19.31496203084606 -3.161669336199502 -2.083134986855562 -34.13403404754401 
48.13348204033072
-47.725318437172746 -42.34887133645666 -28.45489164721218 47.13976459345261 -30.691526076996933 -29.27327136081216 -3.919847213486868 22.897196002868753 6.2128912528112465 12.704507808563662 34.44868639392055 -39.70849108784012 28.2335705826315 23.368843992794496 12.163892845396617 26.08072645255261 -38.04907128743513 -23.960971768307125 43.82946638560486 -38.53921572167377 -23.584752060078827 -3.646843011588608 
85.96759538346683
12.416974345698662 13.48192918703701 -0.5392988931256255 48.97906020905013 47.11961622649797 -8.956200627139808 -2.1392935391845853 29.676461567674593 -49.26431704688057 19.75189397536721 -43.95168135730802 -11.961332639841714 -30.23365119577168 6.335687763470588 32.68315574660345 19.666558402088455 -49.61626194675988 -35.221726576745084 -43.83119951232894 -31.122762712325702 -21.77159312631116 20.371484793806545 
75.33347074090116
-13.544157860326898 -19.257590993179498 -28.929446167674243 13.327733723603139 -39.20883429928883 -2.6489695644909403 -34.4126288795093 -20.09414039034153 -8.546688585431653 -42.33038307048231 -31.694041422581186 -35.066749874267174 30.22864864075052 33.40012549187284 7.3733317468348645 44.263112062169625 36.209345530893174 45.69539701732492 44.21340836791869 -21.948646551264474 -21.258183004366803 16.50735398668749 
10.231173833540252
-28.870548870988255 -25.12958515315331 49.79864943676053 29.618871060624173 -4.769173738778498 -33.63021655371994 16.48557977270609 35.945460288830304 -6.332969865366323 25.541246257278843 -4.40668769277076 -5.394817369657687 0.4758492042625875 28.655720798366886 -6.657191210361688 -36.77946668233112 -41.88580399457287 -48.74240579434217 21.752089185391227 -42.26046547424942 10.444440589993334 20.501099964403153 
18.822730717375247
43.23671009504626 -18.93635808324241 6.272724815522743 33.49584893274202 35.3216725088713 20.950861881769796 45.06020878361299 30.300002523537984 30.578801646185497 23.958595006702694 -31.63924611340605 -9.02317632928424 -17.39399555912486 -36.14991122370085 -49.12192378022223 3.358393835462195 -46.00992937373549 2.385110750969588 2.839945600571525 31.38372344957307 3.9506986204025836 -45.617498375137956 
55.47493877065766
-45.62008407062298 16.40474853512616 -27.26132588402259 29.019113426852243 48.59691941241839 33.84689488625651 34.05690459979563 -21.41963903683517 9.47306246252949 38.71224668602268 -36.156827620946565 -15.229755770701225 -20.778222427237235 15.781197262447378 39.1499774244691 -6.779871858545874 1.068294916883147 36.706174758344616 46.100386833607345 9.930459497143218 -31.17169532726808 30.884520438554404 
99.90035177436442
27.85907334099366 -21.491128177121833 45.67131838971599 -44.251871382065325 -5.76354369215769 17.225215807483778 -46.67956125318341 0.4753424067461367 -22.19709644334079 43.96517931879751 32.061651639444435 16.805144278830156 -39.50546327043981 26.5965532454386 34.36617772920032 -45.211456247015704 9.062214765062862 6.703098650007178E-4 -43.27743218379499 28.280917053720245 -21.310638434426544 1.3289698551764104 
92.13934703696745
-21.75362954021147 -37.11822334462087 20.117528804426655 -20.889600713460155 9.22847830662451 31.73455130437746 -26.642180765408384 8.92354805046812 -39.498327107795305 -5.861786901055986 -21.389777429304512 16.962401561413614 19.218357336829456 -21.431746958546693 -48.139824361085516 -36.95401449093746 -30.70743505578104 -48.19075053608481 1.0550033219408377 0.8702730224650495 -3.1881809866869375 -14.70319258765479 
71.12287886453163
47.260211323489656 40.44457803348527 34.71757904452103 21.76355110121476 -11.789600258702194 -16.388530974969974 20.089636538182205 35.413790515149984 -49.41288280540007 34.1142734106148 -19.24745719201334 -40.47116079016793 25.88388110723149 26.467403767244022 32.52846839684206 -15.315693111653303 5.567301975595882 12.352431874949623 -27.227296214071128 47.99137090215508 -23.680489929363237 -24.583035462550708 
13.11404767815566
29.931329065152568 27.87794157756865 18.064947811852832 -30.60755003639487 -18.046117182649247 46.192828537326946 19.936308078796884 -46.366568599985214 32.04676747820774 0.26728363018369095 -39.55044367080784 -6.144229676255996 -34.027315002876804 -17.68565545066334 31.081824087303318 -45.90899630243822 22.982718211202396 27.75991183363962 36.98651519264274 39.20030437072923 -23.446280205898052 24.14008915703056 
52.09960501523465
46.90634755040148 -6.939552835272011 16.085850804746855 47.06136214184765 -27.085204364238425 -25.718516557143055 27.357606323395615 5.081033804672316 34.08207135216898 -6.748714186361141 -49.71328925751147 -22.702118046951213 49.29309344719657 27.208946987459086 -1.9995036040111245 6.242649435112291 -41.95525179603894 -23.742406682498675 -24.54805951926382 -36.32059542471529 -37.31220304116306 31.836568928551046 
51.544657896400615
7.408416268806661 -48.13793788932526 25.221870082778693 6.538330884012126 -39.463445450335165 -0.13331353456383965 43.00856236087925 36.4393548682273 6.272478846602823 39.539307785889704 43.89219467466454 19.22590197402218 -28.520415785312203 -25.324926003847114 49.05451268954231 -13.473805816288653 -6.979396631146351 32.098356870789644 7.0720580013418655 -1.2367133144138194 22.35340122135824 -46.79282872344509 
3.5044841089905576
-8.20080407060334 25.888346535960267 -9.857775393227563 -4.817225135780866 48.75575134521283 -18.706552552014067 2.6896316368284587 49.705738500180146 1.9590435061310387 -46.76585819274989 48.60835051230184 -38.233459908601745 -13.151048385157274 -44.03948772872651 22.28035725126881 -0.33081071630262215 2.214637704177811 -25.29461228882259 24.413730828941183 7.7583130732158025 -20.738417379541996 23.032636538518076 
88.98572456141791
-46.52628239045313 25.785110679167232 -40.924303771947976 -47.30497998758773 -38.64540282794552 -8.879980227091814 -29.9677852155501 -23.10064869457864 -29.44352136317446 -7.44462135889151 -38.66861039642574 22.34672636763237 -12.692702919791955 -45.451908135685 -45.43355764822245 32.965506596964474 29.217306657524617 38.338418239457056 6.585404359439636 6.560628789327808 -25.52928014706124 -18.534899916258517 
61.05919186216351
17.47030610281118 35.665374384830145 24.197317889310057 33.39670650551032 9.069538962118706 -24.570102524896065 -26.954777699686105 -39.947497795455234 42.463831760266615 -31.063803466287986 40.28030317782759 14.073346172436956 -28.201461783152315 -2.9616727641286786 2.7914140223073574 0.15573841048956183 -33.6837392858836 23.007132269114663 43.62179728170747 -5.462709313043646 14.626805201408388 -34.306743639106365 
25.17694016497758
-12.279390691204242 27.611171971628025 32.439493785874475 -5.637294150943717 21.32913376136817 2.963162817788465 16.17664368430694 -13.192353199524732 34.32012740605373 26.579125140921917 -7.1246134615874155 -20.157029859850773 48.330845896448324 -36.16152078996543 -22.110081895599276 42.058133099657695 -22.890350543394444 37.27464920391719 12.717421911941209 41.01961140803412 40.78463759227017 -3.7819658814815114 
7.310671820730641
0.13489911152137068 2.1481231468166797 -41.3002278029953 -42.68059077321973 40.663294667252714 19.186116112410303 46.23697271922505 40.499376059025366 -44.480362214291034 25.75766718122074 38.07720218350403 -27.98384330834812 37.78660875460288 10.629821552113185 43.06200222186631 -35.515692799451635 -21.254221078689095 -36.00039949030088 24.47628368553471 -4.679488705650883 -42.24285031019885 0.18528644804668204 
66.08240640688493
31.35274196500181 -30.53860988252032 45.34505319866243 35.99488242766738 -1.3842305191790842 -27.451445678920482 -0.11827222297752371 39.133556471951394 -36.12341800351471 -1.2683897906389703 46.618291821730566 48.7002830719083 13.671553593340626 30.582582439446654 -22.120480693396473 -27.544002906692178 26.500544732692674 42.533691207595325 -42.70914165473384 40.5322595019055 34.31132093652893 0.6153980719379462 
65.4065523999148
-1.906732553888304 -39.478991363772074 33.39778026646795 2.2046769909415573 48.37142245249723 3.55959075614399 19.12117123438412 -15.962389859220416 -30.568437833835414 7.283660844094406 -17.853387678664326 -22.19776673389934 21.47597200499476 22.59704780377055 -44.37390055498312 -39.10511551181902 20.584361449798422 18.22808076277998 46.68718010035654 -18.058034512007204 -20.510011198415434 42.851632359237215 
85.4460216884475
24.347771011926 6.325162841452816 -24.39264821436228 49.80752905435028 42.37698565862665 8.226383303602937 27.553712053958265 -15.719309396276046 -2.2099640992169114 -31.72857919108405 -27.28912883217015 -27.068182329434986 -26.024757550826617 -48.57237720903483 -5.916457030364761 -15.88211323812643 34.072532263279584 48.02285273279482 27.418439059663598 -22.21325026401637 19.759278168395838 -18.29262296581381 
23.43903712441825
-45.09954503726023 -41.83048056576312 -7.042807176728751 27.913778107135187 32.93250784007485 -44.15630231056075 -41.123822250641425 48.15205350671707 1.4094084185590674 10.656785404029712 25.386566746812605 34.38560708882001 47.111308838725634 -34.65156212047459 8.854269275369788 -45.018708391419004 -10.183772307255666 -40.42036274048192 -29.222444190093235 -14.45561949015206 36.36672174513056 11.366023307168959 
31.374697154950894
-36.29009149365227 43.35747865463708 -26.71107079374224 -34.26186534163918 -16.217174182259228 -23.113145386728117 -35.939111424180695 -30.32014994320057 -31.623995249352422 -28.415157208918163 -28.176792782958813 -8.525433014547232 -42.19158078188522 20.52454566435948 -38.02109835045947 0.4145069357751936 -47.735882750201355 -27.356252534479296 -0.5848429872899672 3.4214007391659464 26.575889286716148 -25.05232062203262 
62.64522439898743
26.918548989057072 12.985780217118673 -26.96633661157124 -14.29959463697329 -47.252322130824034 13.34791394270811 -24.627234966589462 -37.471367932697 -15.877540914224554 -41.02263387306321 -5.696773657591834 -11.793131880931028 20.442497868645887 -16.28789927526425 -0.16512914404993495 -8.5496056434174 -11.751277220533296 13.74325657396038 -38.86671455650951 33.70273147277956 9.683046426208783 6.382397308235753 
54.947080310634924
11.515885283072102 -10.477726302568279 -10.827478546832793 -9.738959802628713 0.9811950350838572 -32.81177826232867 -39.38694277675418 -15.897426615876633 -24.352991144474146 11.09307431954526 14.257191372607053 24.69833361439794 12.660110166865515 29.260983948920256 39.053272693452215 -24.927556482062673 25.793581647859526 32.374015918791486 30.54027712936707 2.6972941894148974 28.574651839967416 13.222543143230148 
69.87059136009167
-31.04759108715237 35.90179284813651 -0.002810812004923946 -9.378345311302319 -24.083609715002574 -41.65889394649787 -0.05847151921003757 6.971299591961589 -2.5884823080276647 29.717883600081123 -25.40829142003471 21.04991808754707 16.24006513726175 35.6699401399034 -21.838758762340703 -37.854199516754306 0.1959810553702539 -21.494864328223496 46.58619925499309 35.92836415104286 -24.294945979256322 22.006270023499383 
96.32813956737861
-22.03279276162973 -0.15873702902401732 8.752331384308341 -20.760953038526107 12.563210698110936 -11.01348173607876 32.07583141633647 -7.375338542265418 -34.72877450586035 35.54553594774271 -25.048215479232937 -37.900419906700954 -34.51785269528125 32.897119258556955 -1.0853900077724816 -1.0904759798501047 -45.95456722540091 33.15765304252294 -22.474914478082077 -16.89674033712747 -19.848577626112696 -17.647845511551893 
70.96021740718581
39.26860483914086 31.556151563453483 13.232734470682374 30.97466292412615 -47.49594388084923 -7.280499239092094 27.253885426283404 -41.21681614656208 -31.12042891353992 -33.459034670096464 -35.891489223661644 12.33931105136876 36.84708055392345 27.11546813575977 39.74817559890418 -25.963748219997683 23.89332412940668 -6.704966985465624 31.955548499366586 45.03179709279132 -13.815351519324857 25.83031095353803 
56.30657984553902
28.19981837022739 -21.964561996091582 -45.52064959615978 4.754468257570764 -1.8633314796229854 -37.261140624535116 35.70916551344368 -35.913020027489615 -16.298355063111728 26.630672147844933 26.47903417880771 -7.8467091330864704 6.2463926046373714 4.2138396167829555 35.082680623364226 6.025924965317728 -25.011040781447814 -6.246266960073619 -23.860204307406963 28.15805047546806 39.91395270818286 -20.039222537636103 
63.565631309022166
44.11577766711767 42.13106948287022 -16.790649016506464 22.710704849631313 48.609757434866125 -18.19998253113685 23.198853741489287 40.850875185597744 45.31980596793839 44.53063504695632 19.04485040584383 3.8213954949942845 20.400893843327424 -11.407170840981188 47.49521403709464 -14.173195422977592 -20.421666920363947 -2.6783139565204053 46.29830002901707 -30.678214880813538 24.384510327943403 43.778908706083214 
30.70708827138844
-27.653589412234737 44.35908568598798 -1.9674473111502309 -12.31459883392224 -48.18749575437873 18.92908539361595 31.342722916017962 -25.410785354831866 -17.02392131530344 -44.79515961317229 36.09180209752843 -23.071795775882087 -12.30588796874229 36.07226880544677 -14.526574459076173 -26.730359683071192 47.05225211041784 16.731531812532438 2.7553198020460528 14.428799002030388 -12.43678180322496 -12.773388527608716 
46.35681102678826
48.79709078967795 -25.625927000112046 13.529904201316313 44.032660099789496 15.99112176339888 -20.21631309051206 -19.609560193182684 -22.86940071176651 36.96297219591334 20.86014422725752 -14.576127949185427 24.19078823003676 -49.70605206842574 -23.939020594555537 -24.183041598668552 22.081155328497886 31.60116194083274 -2.5024774002013856 -23.461326128413894 -7.5866607526380605 -14.18174116417459 32.84783109047709 
82.0947620943126
11.159825381449636 20.568710753818976 -41.08893220060893 -27.36802056138724 -29.806476699590522 -7.067935978379104 7.409319161590908 19.59281816871635 40.89694347497503 -28.38941148853069 32.881294196297034 -33.858931903964006 2.038792496405975 -28.164168953915247 32.37549935212397 3.2230900698345764 -13.20831363274938 1.311558884251582 -22.86118359192767 13.399172201041651 37.06540129558306 2.071625878366767 
7.609711800489361
21.47392224616054 27.255877693899066 -14.661631930821692 -25.236463526595365 -26.525840858511994 34.06099275221446 34.2990942192864 33.2206877072762 13.667282248180172 -15.810123190771563 -6.824674044941304 4.5167000215716655 43.082643778013804 7.593320939757511 -29.9585602408868 32.546567956390135 -27.60698678314779 -39.73133566457419 -44.44357748558963 47.43393130934838 27.03265929667954 -42.25676929906893 
50.104460397443326
38.93899293215868 23.073226424210816 -21.98372892122412 -2.202892312519346 16.007376741230757 8.64802526153666 -48.95994204065756 -2.6281575975397047 45.17533820023698 -42.3900793123143 -49.25335331944408 -2.7711604455017635 17.28509580206932 9.627534147655403 45.17751287390858 -15.320230191750383 39.32727987115538 -25.9309992111169 40.449119877084584 47.93956556945007 -13.784195568936006 -46.20793838360685 
25.088232169483817
23.47401997019091 -24.086249841758654 -0.6462160464032394 -17.303443577669583 41.023211104123774 -49.43289991954132 -25.827243168837178 42.95509049208795 -6.0473355830839495 -43.833521875372206 -3.1788625334723264 -16.345647608545633 -6.458654708883181 13.745317446312846 27.89341584030923 -20.262601737440157 -37.60254423316805 -33.76383057444193 -14.206624034440765 19.268381584679503 -15.599878488647398 -33.154899843737184 
58.3001682483205
-29.209874204079334 -43.60289745085907 47.16750886482849 24.919022000989216 -8.289979406241287 -19.65437846338848 -33.7431588730597 -31.208396701217456 -36.845731505715236 -6.334510399442536 -4.528917960111656 36.335578521132845 23.156376955956404 -39.719253878841265 38.16011338380595 -2.197530684406054 -2.9035287260815466 35.15799595876449 18.12033358427084 -27.412576424779022 -8.016140395965799 -28.89324800428781 
46.231207548220446
9.394046548817194 29.476056091549466 -41.810962785792704 -9.198285838770829 -46.7480382610955 41.45318648977599 -26.707422687225034 -16.10709401985038 38.904345998134986 41.517568495352634 -29.7460433258799 -6.753880438851411 23.227141808230826 15.963984235761771 -40.62492140662503 -22.565382023035262 -41.88874860337699 48.56695055786997 9.258387084977016 20.46975394004042 9.633495383971322 4.957091829261188 
3.5932847163912984
11.331008251908536 49.36170849903412 -45.59050290551606 0.8581975815075893 -6.2474548613947505 -20.7162186947504 -0.4573088245409238 25.85983495893585 12.087219995888518 3.120121325614491 17.727700289527775 -31.386832274963716 20.182224002603576 23.67339278952342 -8.067607829896218 -21.727320938178917 -48.06114023610329 28.389054290240438 23.27711355661974 17.65752043562148 -25.407779769062977 23.44464576548323 
22.753403304428964
-12.629807827520267 -41.2651880378953 -9.544621742787207 -24.64165353917245 37.590402781631084 2.721457614914179 -30.721937212389637 6.32290130633627 10.332826597792547 43.33107178361708 15.414973611600445 -43.836652393717934 -4.710527491737473 -30.575769747631675 41.16377474424834 -11.039263953903422 -11.665581798538852 30.823669584338248 25.929127642412055 16.57405825958213 13.3507142863728 0.7582150329531387 
23.006201686588092
20.418580485266332 5.246273103672564 6.948828608278234 -2.334245030293282 -8.008398191751773 -45.14241231622792 -6.221183865613433 -45.48492088893404 43.50367754329628 -15.102828855856167 15.978502814500132 -49.12146564350287 -39.22589699956225 -39.81735351343424 -7.132084547579389 47.336008158910786 31.975278014309694 35.09239313984176 -28.560613203855034 16.57713608509765 -12.138713581039518 6.524773841007814 
6.425171805184881
17.3736251226032 31.79191172277274 -28.405084896011225 -34.01646514201807 41.741622062899864 21.163950370981055 -14.114893466716957 -37.25000128596396 10.260518804093465 -14.21238340208555 -19.728124287408022 -8.261268838190603 23.03416974042821 33.29647682231786 22.18483385587426 28.942353915806436 21.925032092734213 -3.144752260948657 0.6094579499321213 7.466705537845641 -16.538780857006266 26.23047579289951 
23.22794065264201
41.65041303911346 41.211062151671314 9.71498891649997 38.79931282593327 13.85734208684103 31.439215705482226 41.44769578502405 -11.787920753785563 23.49334628129948 -33.497009634757134 16.34619230552279 43.599617668076036 23.2869997579663 -33.282997236947 43.17032175778155 16.490625683711954 -16.012779400225895 23.308855691071457 15.160681563977676 3.1739438194329352 35.36907191064151 22.60806246431693 
17.24681531608536
-11.710891270305304 28.802227627877286 34.75492119585097 -21.004370104986904 46.11101208938561 -45.37509967993037 -41.014323903894876 -46.728643212146125 13.07909460950539 26.179333589782644 21.944716871133096 12.00413553949263 -45.17150336750058 11.603181810510307 45.49416309832 2.515099737142066 -33.68732206606523 -45.66553574723339 36.13574352584314 0.5216428473354995 24.563974228566337 -26.22402372946443 
49.429292854779604
29.247275980081383 -39.779321055282466 -21.321621439166528 49.68689179456621 -12.013691724343026 26.156168463421054 -42.46053309971059 -32.25898263732374 -1.9756480343276905 19.37771017777284 32.68033728249934 -42.27022776579567 28.991443816676195 -44.1804090010523 -22.352431220993363 -32.388337175014 -35.47468741375085 6.7371851165493695 1.2036823187639882 -32.482976785967594 2.5481826518168447 -19.88427429340853 
45.406529897289936
25.06264854723726 -37.48879303050586 -29.16055689174044 30.141490373544343 -22.599246916323523 -10.363553364154143 9.323869028663587 -48.041359141031656 -23.957071447553858 4.487097136871569 9.896084722046893 11.180372674172808 -27.605759306487155 45.1223984054369 -42.58525969574245 -2.016824209647581 19.452228020916635 -11.355477526324577 -26.546332765044866 15.520600090453726 -11.7299991668785 19.12044654013269 
21.830023852838675
-43.857284320562215 36.55223346086855 29.66260971969014 47.339841758755924 -24.619372424944807 21.14736324920824 7.877987315150939 41.27093047529293 -22.397077706365565 16.218825852926884 -44.05406826009678 -7.404872857954501 37.11418013739414 -15.47732446608049 39.2609402981374 14.698903657652124 -21.046037672653007 -49.51146718922943 40.87729023281122 34.09335522200928 34.768018232217585 40.69524799758362 
72.91826803483296
-10.248354690925531 -29.13835677753913 -10.147732605709422 -39.33651534243579 19.554016087877656 -42.09150812408466 -41.45781118523644 20.203561662674318 -46.22248893156653 14.776405923821287 -27.250475597850897 -3.647750756986966 -5.350471755283145 12.545018508102977 -25.404762128099723 13.931832778405465 -14.308534342686528 -30.971666384634176 -31.28386618241358 22.59843749623957 -35.08937267815039 -1.0213889521545525 
9.372721528399486
-16.950358172506967 -48.144316668506384 10.636240487668843 -0.361298743826552 -49.24238702316526 40.132971975297366 -44.5964125632304 15.919762796473037 12.296677264390844 -45.81206302993924 44.159010758429574 28.568874577434173 18.8851548117688 -18.01190717174489 41.09057694256563 -37.49012712312175 -8.063092444192009 13.70088246091693 33.917298935319835 30.55053596165544 46.21899722904105 0.5418181167197034 
7.978929928209411
-23.538961560701523 -12.362543216129275 -2.3245934912624264 20.913716094181495 -15.08693915101771 -5.27585190720098 -29.616718232285 34.50671267057288 1.0194417603792587 -14.42671505686073 23.671096095372675 10.779624337860717 -46.516218959922476 5.277096032359196 -37.932327835849534 20.50633954451665 42.263918422408665 42.83585274563394 -1.42298067456953 44.07666793395914 34.172740456321435 1.0682325213677757 
59.575802736840934
-33.0059676482299 7.984318742920429 -1.7761591480388788 -24.094105486512696 -14.718825527339817 4.382905445746324 -24.199585854247097 -40.506320225940655 -10.318810341926202 -34.513160359752646 23.49408471624173 39.534809678515344 -8.220474514353818 -6.301061750750748 9.261802592577759 -27.384861096604585 40.035800038535115 20.27951471198746 20.150844881822877 47.09558494819083 49.20265296406427 -49.69234993526367 
27.85109046211064
-26.32927361864986 32.722046914722824 42.59092252588778 -8.148474513298787 -8.782066666847967 -15.572226117455912 -9.396722658529619 -47.36675478018528 -30.114092178690132 3.2461904546780858 -6.3246909042532025 47.50696752116163 -38.17149135142077 -7.424535222013581 46.43070146756581 2.503890566444845 -15.928241111353614 -5.363099703600824 28.85717485608589 15.1544601439399 17.709014669617545 39.330250329945116 
99.4197174849416
45.04046871882488 -27.04875481949761 -3.0119000209382705 -20.73147863686745 -28.31842202703848 0.5164471616796433 24.91278787475379 16.863505522288463 12.618282762925048 26.42422719255751 -11.307471119971567 39.23182964254946 18.478960089817292 49.468630206161606 21.031782312142212 28.59441728588436 26.36956331687128 -31.525691233794905 -46.80593906477396 11.241919962910629 -41.89980395650177 -0.10183161850045508 
67.14378709724208
9.310191810736534 -4.43632866850723 5.420658212912386 -29.913016294230456 -14.50018661586735 -47.99311830657172 -26.122091580183238 37.34895350609523 -44.19625664073506 -15.013417988902155 -7.7820787457476115 4.390292714630675 -44.04826780612502 -35.52295480495377 -3.8789077512085015 14.250936766686024 -26.450365075052385 17.89773560505226 12.507357209554094 42.82519344035957 -0.21367394649516314 22.75499181187223 
43.359260021266564
31.108992186346924 12.10037352261952 7.142444011275643 -6.87767721493401 -49.076130383052885 -27.656696565049966 48.52075072097452 -39.5989171929433 -31.389524917034684 13.745634017323539 31.997899454152858 -1.2487792595236726 49.79770352131446 -5.61344855525514 40.75722241466244 1.0752230375520782 17.591793297059652 14.887549908579032 3.330974923034269 -22.53894805721195 36.393027014084396 33.69487518781871 
65.0931465353857
-16.408313235854457
9.370444079493744
29.237622029159738
10.714247090792341
-31.728656801562096
-0.29085509512309926
28.308109779805264
41.949073462755166
24.554541660826885
-6.055409201735429
28.384918958752266
-28.71939172906427
-0.32617589875656705
-25.730609749597978
-34.076069609108515
19.582808131261487
7.9631013172850516
25.937733885551026
19.121829834681307
21.792555097722186
-4.0460890339243605
-37.414340882989165
