constraints 223
variables 22
-47.128694703434505 -40.889109030148795 -26.670228283974453 24.582951440086404 42.26705408220009 37.83412336213598 10.900500930151999 29.13761840032437 5.25876597422095 -17.574534379170046 31.610675133187115 35.83563046284887 -40.68191432436482 -10.913281546018872 46.118563259436215 8.145570910803748 45.81807513544318 24.539702112319645 -8.642524036353514 27.62668135398114 5.040997577534647 15.52953155515904 
50.52516874631936
9.4566251921867 1.4192880079600982 9.734931145552835 -27.1864306560473 25.897347535079717 3.8100935252418893 1.19165358919944 -29.420377724622803 -39.65385984475477 -24.689142862814194 -17.426622651316052 -8.32241142484554 -33.33023858117902 42.45541757087625 46.53770784124919 0.31767350056058064 1.1952878612823596 -5.412870080061353 8.83323298473504 -48.91461764977897 28.03214012360229 10.787534691365138 
16.976787887403553
7.650518519525583 -27.674526940797005 23.946169537402994 40.0484796074619 40.21432049692244 10.591983565468531 9.389128848420867 -42.48482566681619 -16.11232145007132 42.46484672989432 28.940956772268947 -22.018446246604697 -46.03697395262958 -16.02457450205069 -29.62339121000418 22.38100412171842 43.43687446677839 -41.074978818562414 -3.0728755551714144 0.3570172058341399 -26.8403219884494 41.95085268017449 
11.834769206130547
-6.5510452139943425 25.634037294090135 24.566121433293546 48.91037359510423 34.18432866410372 -30.2479972173851 33.75490325581646 -28.37229427363319 -13.706869928197918 -24.343439156051062 31.62827819780935 0.4966434245750406 -12.00215468364074 26.432081414929314 -35.800996518348015 -8.710947021675977 -32.303760147105024 -43.52705967848319 7.507715823640382 -44.8517883082747 -20.65779893186217 -14.850908552295792 
30.134520360679517
45.69471364723067 33.44318402432319 -31.218094675736396 -47.4444706664356 37.94881620143276 18.83116384790668 -36.03688724962383 -14.14528162415072 39.22116191211224 20.22720854616847 -19.10580969109964 -25.022686392964232 3.080939064691222 37.1080986252436 6.693139159368819 -44.988429687806565 14.092481002788574 0.49672171679796406 -4.489960221577228 -47.08827382602963 -26.781622103701775 -33.96382194902547 
4.812375463511387
31.625603657891446 41.61924284029827 34.070921711844605 5.345605418847001 -21.23386301564565 -5.962789390726186 10.446441277871756 -43.95599453383217 37.766903352573536 -7.967633591896963 -24.64766833655525 14.561346594148816 -34.11250793129156 12.048311501253451 -28.228145952890948 49.11049503513641 30.485350300442974 -46.38494835918115 -40.0356059389222 27.945540019981777 22.646491554879304 8.954518586098516 
59.89546538367049
-10.910389347034197 -24.43171727331228 -3.1640424846767843 19.642239374978715 34.80606143369185 24.013243973918293 -49.2644236616449 -45.45918675914873 2.830233024967022 30.703656069471634 4.186709955114786 -0.7952483737961984 39.52353390533327 35.702471243486656 34.66399627211378 2.5326826326860328 -11.118881309580985 -44.37314951198529 11.426882155742305 -25.563950470388974 15.718975059822398 -29.033553621884355 
92.45495579661043
-37.743648541892426 1.3857316625566085 -8.17074691194101 30.939582861069027 -5.295463518784494 -14.010912226175407 -14.88624901925263 32.75333083146373 31.643455122819503 -17.603756346399734 -20.59328001319637 -47.09925323058384 -0.8524014718954689 -45.837726281611566 37.83198315587872 31.161042973591606 21.012576105421743 32.05988078977087 3.6260669252897912 44.965293146731426 -19.74987182071145 42.02855975946413 
28.39255132750804
1.0077936019025984 -42.90729478000858 31.13067737458796 -11.212305704623027 -3.826774780857214 -6.355052019733911 7.496499450984992 33.81566597575559 3.0683366545403388 29.557676996367746 -44.74018613966352 -18.03750545576699 -24.221143461388863 37.963294573343774 46.130203124803785 5.073677441344252 -22.57058761633327 -33.60026438390169 45.51764503454217 -5.8188797436683615 2.7062361489837343 -46.43651738496916 
53.01963853337537
1.4108502051278577 5.709467745530247 49.470315198843934 24.600526290941133 -8.346187715114382 46.3339341592463 13.965854883311223 46.93729221954237 -32.142272992739805 36.83426710435313 6.516193112373578 -26.824404599210094 -45.40115835420671 4.312282648075481 8.822161042912214 -16.265665685626765 -13.98180667024063 -15.4284401140225 41.039136608791296 5.816610948478697 46.257719097485435 28.116223820734703 
92.24749151794053
10.929416425486636 -46.792614078693894 30.027891723468656 -13.692858889575788 10.983987710959063 -40.324688198573455 -7.963116560785025 -4.657130548072374 40.44322072989566 -29.98146720876953 -12.689297366184334 -5.154575593561283 44.50213536035521 34.82297255788373 26.31496407719331 26.736660732267694 41.431874287586396 -8.60311451213861 15.558827825191884 -0.2647346021408268 -9.012755505439983 -36.357196124617644 
10.11915147157385
9.972898353567658 -19.827613822058375 21.29887206638645 -14.455453090910162 9.048850906998375 32.67863308070784 25.591194405957538 45.072568172482136 31.574647569280017 -41.046807582040216 -43.98544964993222 34.05027401999297 19.748205032870786 -9.873210879313291 21.259752239795233 -44.96951062983913 -1.3894345243916604 -19.07703597079413 6.23153235827121 -35.77695569734631 -37.62361531483456 24.191217408175063 
46.651755455036636
-17.187618822330144 29.59273751863077 -7.149216670988153 -47.08150696723309 -24.890104024837257 12.86900758271102 13.801237362236854 -24.30776526941528 -20.408585591980323 27.53395127415395 -17.24916587289127 17.1063752761722 28.57729374212441 32.81429262371944 48.93283012120543 43.54983002437038 7.644572984228162 -41.00748840207366 34.324708668033566 48.64542902091044 -13.182281156845178 24.48969903030816 
53.25469454787692
48.34855177113624 2.1664943747102825 -12.067256660379819 -34.82552672479693 -35.983798442036615 -21.353481388104445 12.003292765581676 -24.103397865895136 13.847535703073596 -37.14986488454174 38.22927305222436 0.73959628205548 -11.727385391383393 -22.207810740466314 -15.13199961348004 16.793196299713614 -19.33304174478485 20.93742786868694 -16.356755914104312 -39.0890937168157 -18.80476133704714 1.383170601917385 
15.336814010903254
-24.94364188868088 18.638221775486713 -47.556980645889254 -10.901409974476309 -38.72535519721168 -47.267094716300676 -38.1656772810321 -14.17285295040174 34.82925634882619 -22.143494279194975 33.25423697607603 -47.91353650841393 -44.060201450303 -2.1892298656421474 30.336156559954404 -12.237609773668169 28.075224061758206 -28.98612274931448 -43.18960044025295 18.025974320813788 -26.098211977717334 5.582953274121095 
45.15000561966816
-21.841146619825867 38.754550485924625 4.591005990740868 -39.935406057462615 -31.590639776724682 25.895668575254177 23.20788959507115 22.912195052842804 5.286177590586249 37.8423729308913 1.4856652016635579 28.431052950552484 5.559677622231874 -16.30803980027926 -20.775487781126735 -43.849596452503725 39.729377043222 13.64072100091387 -17.34386956375954 -24.578742748706574 -17.170793446111574 -41.211781829904936 
46.60737565142925
5.215282520179798 -27.819405568719013 -13.162101495142231 0.3575767086641619 17.67186755512317 -45.9333881151492 32.44949731706927 -49.421118999219736 17.830500386660887 -35.711262493758795 24.7683038465386 40.54963517757906 -8.932349365061476 41.181067390400955 14.05080196366535 -48.74331304007629 34.46431148875489 13.895088768406893 -5.6741980196252655 37.05320962206886 -21.33752342071493 43.63139612727126 
79.67466906818697
-43.785534865456164 -37.274225037477336 20.98303579453257 17.983797152559944 -34.96530938477629 46.10155894399661 38.66841203734646 -32.08298986131261 43.0340960833074 28.988784968367796 -34.32997016082224 22.37511280712505 6.395683320712806 5.248021923119197 46.15853633254139 34.85431550435443 -3.072534604217566 -9.553025761684374 34.56991350153122 -6.11517584819358 4.646372660897654 -48.28305242225039 
6.816854970831976
-4.874618473843803 -6.4940609607041395 15.802678438039976 -43.146274160582955 -19.290868863361364 -48.15933363117239 47.02002673162549 47.67771536060353 1.0806337847682599 -18.22430705399266 -32.20696105486104 36.33712944751176 5.833452357917949 -24.848768522985576 41.023907712510706 33.63100699660971 36.95224184585442 -2.563015732846175 45.75640993454188 -9.077435843805489 -19.617199926694173 15.662535698062968 
5.425417957218537
28.852220439416584 29.998069583457735 -38.4344942618707 -28.557857842857626 35.72426516253687 31.797620566009186 16.960036817203104 -26.05326894736689 16.95446435935331 5.5726618769801775 44.75394410896709 26.26694581038464 -28.79572516322948 -13.711812389044809 -33.90634535140011 9.953650505281296 -46.309508901581395 -11.9216592802279 1.7918714179020796 -26.77914354187595 -37.352447511873535 -29.979312167644746 
4.493606835667697
47.20010143826673 -48.96707388261605 -25.25044879489321 6.9620908076383685 21.626030985404995 22.304329959835457 18.488119233188996 -48.583211504192505 -25.598029039262048 16.460785309155085 34.223595247612806 45.03156044659316 17.95143107308985 30.527828513054402 8.519127529899649 7.501780715083143 -40.65657955380123 46.2804181761624 6.8508584882102355 38.01501799980059 -29.113463013578833 -42.7645471679882 
2.377909768470221
31.010628405178437 33.21879779884594 -3.1910100898943057 8.69767494614635 12.78945081843009 43.877228883663605 -29.978384391902114 18.40831656069453 4.335517976692806 -19.086747172325445 -17.751339511607846 -33.80507779981026 39.637506725454415 -26.67305806893754 40.25026606688333 -32.324758561380975 33.3484543629239 -42.074770743921995 -26.920467152600715 33.3855237000748 -3.202019119332398 -4.333756393863673 
33.455322834449774
21.05648305520819 47.172108826388154 -20.366104491510672 -6.2004486562986045 -31.276076576892297 41.10152948194235 -8.50606872009785 -4.622947530480516 -3.7618543675909635 -9.050090484920283 -46.38531294326683 43.83943373926279 -26.61929126803253 -10.230307113195423 -20.00721271582068 -30.037418608219426 -20.93325375166736 -20.806464975152405 -49.29392612335902 -9.519223056457562 18.005474215761595 43.45538263650519 
71.82312904264808
10.658645862829964 18.711129382456875 2.285920932852491 35.530663957779765 7.605475627868117 9.90106884275702 5.602941043699005 13.697256454080133 -28.675310480965756 -38.91268813797374 3.7179209320319515 2.173770572950332 -40.89545299363313 -22.43766514693465 -21.79407440926354 -17.162057697944334 -11.905542928843673 -40.000582511859385 -29.363283114684336 -14.277392850572724 -49.225487925319435 -25.46751406489062 
89.04069476218142
14.524067134526177 -11.485802604661856 30.449767115236995 5.284139546087509 45.369157727384575 -0.47054583209795453 29.53023683944022 30.4539691652448 -29.073447416823818 -10.714396976396287 33.571316990069704 -30.097004991306044 39.77993676636886 -6.24312690853651 -5.199204534112937 14.782473619011398 -15.56231362969531 18.94161043434353 7.635511868951106 22.689532558463483 40.43568255997391 43.64546239193547 
19.64386608545382
-23.517232244017716 33.69700265893397 26.783184425654568 -15.411284828022943 -12.629804076305525 -46.35582507722131 45.31293025664233 1.0717933593962883 -23.950577774183667 35.51679534764749 -35.59478232248091 -43.42967930903884 23.980746660418077 46.929254937315136 7.562010235503813 -11.449067513041058 -14.200352700264595 10.91043616150322 -48.86033195936129 -18.134309026533934 -6.57407970115441 0.49919942716696397 
65.09275619697667
44.77940718170139 -37.3975085226008 8.426583336162608 -40.25595247842845 44.7470216842498 33.397713668061186 29.49756892215892 26.999259515867166 -10.545615233680593 37.630757872907836 -7.007559919405438 -16.336589911095324 8.655270360992574 -11.769547148001323 47.73963782331229 34.37893133366259 -22.01804963532199 28.213747786099503 33.469161281481874 -27.806054435412698 27.176294314163812 -39.72926204191083 
18.637556080906535
25.882439460378365 -7.917243580380671 1.8689501785367995 47.122537087308785 44.87629915800872 2.2642772283082664 -24.65957765274315 -35.98263773080619 35.03246138502047 44.24653473066908 47.590825948426385 -15.787896755736796 21.446775315952593 4.165610821294322 -20.12928121864055 26.530948942332202 -31.86065480116578 -27.01138330717595 34.474778156717306 -39.09823117602855 28.67450893816651 -7.503658333815764 
62.28558641146017
6.366139643161752 36.64182872256782 30.8615854383892 -37.24552576504206 -26.30489101997521 -29.587244073844044 2.9262906726825193 16.212496278434443 17.957980684563253 42.70093769918634 -7.824835415146389 37.33061207221505 -46.401560549652466 -27.807589298142275 -11.076988787823552 -11.901265535295657 37.40437652764341 -8.124835085509439 32.37750081838662 18.869258013673928 43.214795855450234 36.68590489897586 
83.00866879640937
-23.18868103807962 36.28920391398283 31.70508910503723 -43.949061689579395 32.54791050804178 4.971956116301378 -28.63042674304841 -33.01700586230261 -22.201281549351947 22.616011969506886 40.03554222133815 -24.524582390013993 39.527366027367535 -6.312388094474343 -25.287368765404484 -34.43458142223783 -10.607563609108539 -15.444557307842132 11.903436967076395 -33.28735307184504 1.2275775042451045 -48.32517924986004 
42.22091072305629
2.9095295569875006 23.826622542479654 -42.29048147099468 18.819408630858874 -44.83588189244359 -8.514450127483556 9.590879717263626 -21.33657389547755 -13.557030732724684 -9.44617327684599 -38.404137835426276 39.271368975140604 7.556147230815412 36.67347711254489 1.2327187734015013 27.809952054060133 7.4858821228122565 -5.5649751141145245 -23.944953364969457 -15.721877526450598 32.30504270826012 -11.14481300614132 
75.48195847402698
-43.992303493145435 -26.89893079034855 16.38203008808638 -46.71584644399939 -33.17886404427619 15.215514488581775 -37.94094902242256 13.602750190630672 -49.07477588877423 8.628950133013923 -30.969574860232395 -13.800327241401142 -11.017364952307048 42.46545778017182 -13.25452908003674 -14.904470624140998 21.79172476555729 45.36046285606629 45.02113173848019 -21.16712597943049 45.61808940964666 -12.169740055450085 
12.547072472360588
0.30979038815372206 12.459778834218085 32.801025045879044 0.4687625638472568 -10.53921208758598 -31.608716744075437 -33.90029043963105 14.35972501450567 43.019026042503384 -36.380261772467506 39.978697206076504 41.194846552608794 42.17588099685443 -40.99996609586948 -20.359328034370094 -18.137478258240048 -8.83904543517886 35.493828002220496 35.249645034851156 4.304083512740384 27.597606359939633 -14.579283159760216 
60.05863933385702
-2.4551639820424853 -41.05384598024013 27.338124175208108 -40.9459445560437 -47.31826158586409 38.4289050263867 39.99972188642465 31.911275633440695 33.318585379247224 18.538215713608153 -44.91948982794393 29.07559846194316 24.9903099077315 10.56080272961978 -16.780059901121035 -49.572898966256716 20.79382451602595 34.50857314992322 -26.57725251366102 42.25760510347597 8.743576705038393 -34.57175461061803 
71.97045441114118
-9.817585499508255 -24.704209577295256 -30.73088866597844 -46.265216912209425 -36.870968178692536 29.036166055716564 -25.679739602087594 -3.852508818112952 -13.310391170193071 -21.2984692718408 42.68567649613844 -45.93058500055561 12.8933868381542 -29.49321404688211 -9.652400266449277 -27.585171240508622 -42.15003133224528 1.174240631780144 -45.92438140347448 42.62544379699172 -1.2662953787260776 -24.886808455317034 
68.77096764898043
-31.04826562156695 -42.77588305935998 -33.12657618824346 -0.2074887307865012 -39.012552903194695 47.78671921006833 -16.70293611503496 21.392994168379886 -39.983415478350516 36.07319055717369 -6.280992054086873 44.601119727889966 38.470265297773835 35.23934873654535 11.116909506126227 -24.28298085726881 34.15428402234042 -33.87608397686007 -37.712454142046 30.045815679858023 -6.103614437714597 21.000621732396766 
30.92708518293187
34.57587566470414 4.875602531482016 0.010665084636421795 -6.081379736552307 28.015500085770938 -13.865733147036728 34.40216277793179 48.181106285977805 -43.066248251531526 -2.3634377489972564 -28.652342684776 43.10957493276621 -27.291811147317226 -0.2741794223592535 -28.61962222762284 -8.062653174533132 5.564288528471053 -38.05399624547918 -38.615602041302864 34.27670142118441 29.198388608277767 -23.068902145183266 
43.59343626421664
-38.35475884950432 32.30800207817022 -17.570548870392543 -15.802496213291292 -2.0389891111250336 -18.18962780472343 32.51834952330499 43.926214217880585 -2.209851694710011 -3.3877957609009357 -12.322606422278895 -32.627973110355825 -13.443295485214215 -49.49950033966625 12.627567277789474 17.836283479587266 -31.025029619101694 -11.943507575085611 -19.293885608468397 30.125401592830386 -25.35951381676157 -31.548324250026848 
34.035647467082505
-45.00589389675959 -6.983325312088809 48.56697410504857 39.8592120129276 -14.172843546029299 -26.020192149565535 -20.916882744976416 -34.848725239072486 40.6705220343588 34.63581630412236 15.022336910814289 -36.022098376883136 20.86748300627883 18.298217346740444 35.67850705999861 35.067681378246064 31.32470544927766 -2.682776511314188 27.95488611015388 -39.331764737409756 26.827826300003238 -2.1241032132358484 
61.83569259266327
-17.998617192038765 43.84565515079788 -48.08006269872103 -22.950320979665584 1.49340269310688 -12.093411838243725 49.06354718698984 -44.05895945203944 -22.554968440805933 -27.09959897695452 -30.385452198741614 -20.855124130393353 -7.080833192089443 -49.44690891199571 28.78770671792701 47.87157354404398 -12.637495971931891 25.842000142355744 -48.273954267534066 9.436447852999471 36.84062783983141 27.26291678893317 
79.12565893559828
41.12801325057568 -43.24565213818434 -10.369505138810219 -25.939677617082335 31.590337306352012 -20.481612690181684 11.487738241781017 12.028056417282265 -1.3981376474404996 28.921722043756233 -30.78007938199875 -11.707567200257266 -2.5347631792126606 -27.247709680663057 5.61279875792944 -30.732638242901487 -44.82036724646734 -14.243066016959048 -38.1354887968552 47.99474685296585 12.14907253597488 -3.879191066460031 
38.955118924884346
37.69024401233739 -34.61261856135014 20.388730419649235 -43.2027906496884 -48.11687059446711 -14.987670622878511 14.114244513586499 -22.26440240657538 24.852055652921834 19.27861744305818 -21.489560276990915 -25.266373341706704 21.85925396660548 12.481365313856877 -33.01014280644111 -46.02188764203438 25.111530340078176 34.76878679463799 29.71910078804362 -13.345435562149866 -41.57281263976608 -36.76519155247193 
69.17702510948988
-34.71126421847423 31.263778157828824 -40.38063316098837 -44.80629781595291 -23.67977913796716 41.062365432653365 -38.473825680686176 14.060592984954312 22.468216771768738 -28.210226987377418 41.27478948188248 -36.95932951451641 35.969219111534116 -33.888913845558136 -10.664164756365544 8.970519386261124 46.910838144103096 28.80039615872839 47.755243383057135 -32.36530506773357 9.655566247199943 39.798651316656134 
3.055455962468523
-10.794064686958208 44.74275731000259 16.753182135934097 47.80851577762692 -5.716934653427245 23.67668420679911 -31.07573246903582 -14.591974810122608 -15.078231114187147 9.653010416928389 27.01991973908548 -16.47600377070664 -4.458393271539066 -31.454375106644626 16.820836987832806 -21.693389991663825 39.706028679740854 -18.629776451918755 -31.616816474508603 -6.38803053629934 -9.489659481312628 21.96061000708258 
67.15778519063406
-32.645044019350344 4.6758922705488075 11.73823887551346 -41.46004928509579 -29.448702019923278 -36.56295687721638 27.22498747165953 -36.83499081892941 13.693051743412845 -43.07927393059471 15.343725451860493 46.690430397107775 -40.191346373458224 -17.043259957351133 -33.429216895154035 14.856101669422955 -46.10919893763741 -33.879868396271206 6.64891473393854 -27.70977660602285 34.33240554290896 28.295360598957032 
43.838919267608944
-8.171027417020092 13.592906959476615 -41.834801290012756 -49.4174046564806 -9.95607446506095 2.5242826781426544 33.7655938258077 15.969248594380332 44.221979487728774 5.618096736063279 49.61102428758012 -21.457517428387195 16.218318769729365 32.891956284259834 -12.116877907853585 37.75354829936283 19.403710003351122 -41.78416652010817 -48.2113236651749 46.762085955696634 -23.646728926984462 3.585644947621013 
98.43133636131861
9.304546420524893 -33.02547605868953 44.18361084310972 -31.595300085902345 38.99521204290896 -40.551542472716626 10.021880853873618 -40.197332825027 40.6941694546276 49.657985620089846 6.5479684833582255 35.456299318603996 40.47121002242319 8.704048125472127 -11.202429605125289 -16.05535504156618 -26.785918000134167 -47.339666424556384 1.5123659330261816 -22.709689775829002 35.07410404554261 3.8934530730737578 
91.09744236531415
-18.76117552118428 21.71167582197009 9.076059260134393 4.375000880046919 -22.365888255247015 2.6987117210969487 15.44631210937338 -36.20195408537023 2.640704189336006 27.45461993854468 -16.082209620206676 49.119764014416646 -10.57342943164494 18.73690974101288 35.31976721854076 21.471399697574 -20.591262706863013 -14.022893959311197 -15.651468167076878 -2.6166349851668684 32.27716783713092 -17.35286207199784 
64.73622685693356
17.49142980210769 21.75060325803419 39.360903081850324 -11.305542333491928 -42.49815060321876 -48.618569994380536 27.560282543671775 -36.13430391494899 47.44630162327074 -37.285180520832085 47.40434417708798 11.81631521088886 -0.6604420672004636 36.720767402220005 -12.124936323387416 -6.469193030249066 43.059813809085966 8.655849154986718 -22.867605339579477 49.417619159147165 35.60369248690006 26.374875255483232 
76.79604743220311
4.0126944256841455 39.824905057907316 -17.399172458150183 -24.899101633593446 -31.132272697961337 -34.652401166538006 42.77481357630482 -49.23258108044416 -48.96419805733058 26.552496282506993 -28.153990246445247 11.94814427811093 39.11793470552564 0.365896774958955 35.72485881777982 -37.24438782957312 44.009800365924164 -39.96129970613843 16.11108089752868 13.646858803240171 17.28871454979307 20.18458675529193 
81.02131001397194
31.333963532896618 -43.39331296046171 -46.946414987913506 -2.4205258177008346 18.909784447054264 34.50622081011558 26.34923422582328 8.496326673136721 -22.477523520996378 -45.24878504750597 -31.145408352121585 19.152769987699486 27.20193151738583 48.566190684213865 -8.28559806092283 -41.6850479306115 6.335854683384625 -27.897202571284694 -19.572272448252182 -17.75264344984717 26.812650964386975 -43.99664177882225 
75.43740236993742
-10.64658365531487 34.992892057161015 -11.893026819601737 -22.34031788694115 0.46143046989707415 17.44063659701844 -18.855488158812005 -0.6204677563303349 -11.51311873924049 -5.259618190469062 -11.305419008603089 30.643960819242963 10.440502046275228 -33.2549825551113 -15.276674172434376 6.617906819140188 -45.38526781125759 8.244635456481639 14.70676982810869 42.324188092377625 -33.730497725595384 -34.68439992131663 
9.635070913232424
47.77101045801693 -43.748467762552 -30.496217955280024 28.12396309725341 48.677686679483216 28.71963192243409 -30.484531403549518 6.409358630027704 -34.15892110684917 -13.488213423623783 -21.76609501737724 -48.82310385753205 49.64247303785902 -14.32194377177538 46.64899091311129 5.97901336709382 -24.723511413490584 14.316625148880291 5.68221580356942 -41.582138654670416 -21.009221273014532 -34.91138828830502 
11.908399572384642
32.323223081485324 -44.042802190654484 -44.34946381466513 -6.179657629973754 26.830295568949097 46.3522275625585 26.731602564635452 -28.447924560292826 -27.436918766334184 7.806440912004966 13.69627137773984 14.87085261264815 -25.945198158562476 9.58981058167997 44.170840448244505 11.76762128400891 47.087634383202214 -13.268246056331279 -38.32394412934681 43.12019040548955 39.80976460430372 -39.26825240342321 
63.196055079081304
-2.327099454415901 47.28859197574636 -32.401527260269326 -32.77278575586647 15.97107538119063 -9.415329460346214 33.66240346290466 48.0887705741021 -28.091885858186096 33.48178220923293 4.938834536228541 -17.859655101472605 -13.81243808631826 -47.31574518682711 -33.22464992481675 -47.960188556681416 -32.72790566672895 -39.40647831374537 -12.900221219512318 46.288183074046316 -7.714175281508076 3.7015989028632106 
28.791708687805993
-26.95345860361522 -27.144109262862926 24.189986465833982 4.532629606401329 -20.426760533572907 -0.9761597788279133 -22.50168301314579 40.946914983177734 -18.38204659689122 18.126805903778703 44.42773508521702 -22.072291295150748 -39.27761329088318 -15.056942779049344 -37.2300511353797 -46.25099651253806 31.61575813262165 14.415992051258925 30.503489791360167 16.897073723665258 16.756468017289194 -21.08479858678337 
50.2746643474252
-38.48844400933481 -9.440423454787265 18.262746257061664 -6.818677172555134 4.908461475036233 -28.03688706987937 -27.352668115136446 8.80345297168298 -37.13557080200797 -49.27562592419131 6.068603035818484 -2.0246497111988333 31.173588616433662 30.200817310297168 -38.90173044082648 -5.030137007138421 0.4454010537914641 -42.64175260148778 -25.48561828111613 -23.433927802063792 15.193912179759892 -10.637526717761006 
37.759528370261656
26.897464258676735 37.97583531880906 15.348710896932488 6.193295760186501 39.028482919732326 -5.333016011640922 11.826435325277792 -3.246116700136639 -23.116861592720383 -42.07648498206331 -39.33442181649619 -35.086762574222945 -45.549932530288814 -27.543450234651456 -0.2767372452679453 18.704674018988285 -36.88568041982035 37.95575551504483 7.9085969683956066 10.1214008708547 -7.483182477816939 43.32945619240495 
98.84625684461223
42.3290013640229 45.51831815287021 -10.614069304246001 10.287930386036138 44.90432353408006 43.645399807513414 46.16255919077061 -19.966063449808992 48.707911664515564 -44.178148582042944 -34.18348220067596 -6.634362135553637 37.01650065731826 -39.76042431240312 12.322722760646066 -28.147457973093417 10.186725407168055 -33.10110043234641 -24.81817507210199 48.886250880580775 -22.60930765130307 -13.350976774777699 
55.92301596905763
43.40672853028519 -19.14140890283621 31.485017615965532 -46.606529733565296 0.024606372626308826 -34.41696000083848 -29.591320837129565 -23.341712425608662 -38.893444460429585 30.584448368505377 45.33623278330016 -17.208198371517646 -25.620979513530884 36.60612115616797 -27.66328438121687 -29.076807649931023 -31.781110268679868 -0.49753444172755223 14.910640847487159 -36.39367389381437 46.03796170199003 -31.396923198969727 
68.06928903241314
-28.084183441938613 -38.968633866264824 -25.019872399166577 34.650833219120344 -28.371692107701772 33.04833209343063 35.815917036763 -41.38982010761646 -35.56997493651153 -39.542967206496236 17.962047652561168 3.94528836177507 -39.701350498865516 -38.38651626800588 -3.6988482010765082 32.473451093311525 45.03965146396898 -47.09223408354515 -9.333310521043089 38.84682578739783 -9.585823541728509 33.349099101490566 
78.84584738088742
46.99725612061211 23.37767086130492 -0.7353647969572492 -37.414940141370714 -41.37372065577725 -4.344543667845571 -43.07495162091247 -41.46272896771846 21.40689138202403 -14.786555388332914 35.773316025711225 -3.265450159605777 -47.76049930650156 17.139284843403374 30.42138001912396 35.439193874626824 -40.794726196136466 13.031213189711558 15.692643977598436 43.12101912567134 -45.21419426604566 -34.801060622405856 
35.72651502373883
-44.171962510284025 42.46890895348368 -15.187087653309696 -34.4754760763698 -8.637738565750766 -10.96398713174871 -8.404645756005117 31.30583486588519 40.44193516983633 -34.37248335015802 -3.2715239680009773 -45.34679510809766 -40.57403922818522 -47.89182083517735 -19.637678268678517 -45.33125984599637 9.19588349960717 -48.69457969815279 -19.563275644974986 2.2221426221543226 20.435293593653867 -47.63081892582331 
40.488857656774215
-29.137691835893264 16.816053023368767 15.802821487846472 10.699975469822242 -29.923475560830216 -5.5047348237647995 26.640219676034405 8.641837694592716 28.319722441038508 38.84644633387887 -23.204890025650972 24.015504246392425 15.599588115881375 -42.507073004554044 -7.215560415317036 -4.867938193156597 8.391525853679958 22.480962650499166 20.828292689386814 -6.03301711419094 3.270866763485735 43.82461632231302 
67.7547377636286
31.326828475760337 -20.112122988612647 41.67405498745339 -26.81128505459197 33.99898089442142 -1.22551082182801 45.00328511376624 6.179894007458465 1.7121902164568894 -5.040075243630369 20.983062077139465 37.72515221169748 23.317733335123464 -5.514350944681858 31.099109328167458 39.56717757309168 -31.192024205380676 37.648406878543355 17.59535421041943 -0.7985654446512314 -23.378778756688035 40.163364305119984 
96.96647033007781
21.19951328955517 24.138721570735484 -38.57238466527999 -24.006573432124355 5.75770514758225 3.3617381077900035 -22.32231765118361 -39.78956679618049 6.805363863638625 23.46365029459193 -22.92715768569741 -5.288954323655204 -25.941543672017787 27.24404069347851 3.599411651282267 -37.15414836173411 26.079440767828572 39.468792832934895 -22.820551311711622 -30.36639880883095 -15.294562082075458 -38.337766480724035 
58.48053760432729
-46.39776909206168 25.132371370611637 -9.87560363056518 8.661662478232138 3.2957515021407673 -39.50638370650257 -38.22150951666453 -33.34656196579964 -47.17254001360769 -15.0525645593952 25.910746597346403 29.559234725863632 -5.370466009968133 45.08823495076051 -1.0532497168878692 -24.62297707997456 26.943552512610125 -4.07747225813263 -15.884477142911948 11.48008200669738 48.61601576569686 24.70118264079349 
78.18450774890162
-32.842090128621805 24.407509881556265 -6.424570695528246 43.405796602797196 -25.99294585580061 -29.70635694734621 -39.65527497721415 44.39581762165517 44.07479645957406 -49.869559035793074 -14.509453677137827 36.87784057885921 -37.6030786498799 32.57641496402216 23.240764934425613 48.048658970823894 7.934113383729155 30.308050983151574 24.585223852994133 6.787813641924842 4.899732013545133 32.33497948501912 
0.963750557773646
-33.990232902737034 -14.914896080054831 44.61564522494858 8.773770163984096 9.166511706213797 11.02664355991189 -25.80619353084268 -33.10466078958906 -1.759958371128448 -30.277536446430375 27.720741488881856 12.107301150436399 1.5212445322127408 -2.905603771005019 46.49754514510076 30.568963607193666 -13.946299016066156 34.50463830422517 -32.93354293013224 -22.53244816295249 -28.171974888724748 -49.625517725781286 
28.899694865289494
11.48241055757746 22.644274773501678 -17.684073180570046 48.87875150917223 25.89275916624851 -7.982854477664873 -31.824797961017047 -3.973280309910301 3.9565432976266024 -48.41945007145394 38.00051827411538 29.350678244700646 -37.38624658526896 4.155301426324556 33.18470635101872 6.670722872592968 25.61829455800479 23.97564482466258 3.89656272308968 32.95677631341 -15.121623414279327 -27.472639318807868 
61.403142929711976
-7.036184436888661 -32.91395705938807 10.032269820587125 27.99841562950806 4.850696378019414 21.64236735801707 -40.17907591299055 -16.007970655788625 -11.012704946565854 -14.564477198036876 -14.332638850705749 -41.42480133506022 -30.70079510344428 -39.79519662848303 10.616795350744702 49.369017155916566 -36.73123833551328 -40.97564288082527 39.91916669450231 -15.926232904913384 -28.894292354432505 39.866275447967865 
0.38848071304379284
-43.12389354677224 44.62031418437293 46.253376202640624 -26.160061446139395 -17.865767447734328 1.976374575725579 17.68787186068144 33.213843522236346 -41.65049702069897 -44.22909248809995 15.842818436786004 -13.422658530976307 26.546157585743117 38.782046698720734 36.42912266503885 -3.597947175641778 -11.080814743670878 44.24605488087707 41.201545365601376 -30.652291072911986 25.97355216458017 45.66898239726021 
99.743035102639
5.238923687259934 13.366359750988835 24.947950124646766 -23.532584266881884 -46.99573579076557 -6.723212220979924 16.97164993410621 -15.293684298316492 -3.946190065723556 -0.6331262802510835 -26.110845641818802 -43.20309018266507 -20.09655063307685 -30.740423548587437 -37.11939358437747 46.76293467336562 -49.188859699995156 3.9487630336217308 37.53299182760057 -9.517855057533978 -4.2275377348510474 49.66909677509203 
14.81864986920477
-2.840851656575751 -38.57025547243758 -15.50797228214774 47.193730014045826 35.473436837955845 -17.71885011149029 -10.722558140646079 -47.52164899977228 -42.05191470025951 -32.96691648332832 -29.401244863342903 -47.0502732602745 -22.114534972313827 -23.9786456756942 -18.12751156471888 -20.525925453094885 24.642055953563286 -27.666482624042523 -41.83823523016432 16.522626068590284 -44.934768064450495 44.59688420533942 
89.98629420028135
-0.43836818357565477 -8.40931551028099 -19.646270785906683 11.95982075061832 27.575741791029813 -9.2000940716891 15.527181949599196 23.189199397067384 -29.62130705279743 20.162987885662844 -2.311563711992271 -11.892383341046141 32.88477361498042 35.24268359269389 -21.3321620271845 -11.222296802903521 36.6590624826659 4.8115583441974294 -4.490503342966981 12.688597366052946 -7.166056556167568 27.134787544644894 
57.851092991587514
-36.31572178178655 -30.1260271215698 17.096916450245942 34.51756605800722 -22.101214083455222 4.690697608583484 20.90174624358245 -27.55058075663549 -38.5627771962217 -33.74651164758579 32.750226414233836 -12.956601005891713 42.02970334086331 -42.887883176135155 46.20205199301806 34.56533142673727 -7.001299763080262 30.141174444821743 -28.147554072127 14.501946517257224 44.618541188581915 5.336117895468497 
42.50635030587764
-47.44946318522638 45.30906079190508 -5.3648675969540705 7.208077407986593 -16.597657538304908 -26.906312658700205 -18.489389444314508 36.28524862027177 36.55756118875071 26.36559952155835 -43.531449966857714 20.9915849585293 28.116949235021934 42.2437343484183 -20.386292389813455 -46.616067438227795 26.826972711005254 0.6638657992843378 27.082867387865278 14.744696725563983 -6.387463702148743 -27.161888177395976 
29.418136126536076
-15.838379631527367 -9.586687182893982 -36.17036793391083 26.846694776812114 2.802607056459209 16.346757222961443 -19.272558409103592 -1.0470484266390514 43.97409508389704 -42.94710575596922 30.26966983865161 -25.626382023486617 44.22729888312669 26.533033482826795 12.751757883314532 -10.084298104792758 -3.4226749825338274 39.876550687636225 32.6694575651708 47.891997578633735 -6.673946360314446 -20.023036082248346 
40.78472478253372
15.488145667280193 33.03038898078539 11.670491500580212 -42.83408153384506 20.619889158483744 -26.166709096724194 -47.31260141912925 -49.75805223205499 -24.991330920073317 23.67577714916753 32.388374981249626 -36.976646074930244 -2.9017648395685356 6.833868398343412 -43.53470185258642 -15.618465325532306 -35.04549037765435 35.77521476625445 48.61772907793679 -39.35934508020795 2.435408243757088 47.50595996620328 
8.673495977811996
30.72500960495094 -9.313072509904565 34.37912498969219 10.703836784108248 46.71795184438071 1.4162800823392914 10.761638414912014 14.390489237455355 -39.07328350991713 -31.587566669058408 9.007862449504643 -21.76576781465569 20.410808308910404 49.42890057712286 -9.136709462988257 44.15140372982064 -39.58015659820866 -18.18679186179224 -6.277159477357031 9.586893886412419 29.300090209615945 2.1619383779562824 
55.09397854418997
15.479226808285219 9.167158865513478 -17.20015597725945 -26.834333240979802 -43.754696614263196 19.005626832963415 36.025993750781325 16.55989979333239 11.409455258523927 -0.155361784024457 -49.160488874729054 -7.856562970343383 7.583467791714291 -14.728192048116775 -43.74808393968861 16.20302552540113 -5.788722896285769 -45.213945894474946 -49.6872989930335 11.338281225561609 -43.17595758935773 -47.646780478322206 
44.619240629471214
-30.897900451120197 -2.4915963229296807 28.01669207332131 -49.64834151452033 -23.280683706616088 -16.12734218388504 26.52845373820061 23.767894382070082 -44.859935076769396 5.002701461310764 3.7042943416907477 -3.3863842535583615 -4.764899818485887 -24.26838550319769 -1.429773386800278 40.046260443064966 -40.88390862153379 -0.9962860374517248 27.355369651152955 49.441978695667615 34.364743227729264 30.19604298694526 
43.99991275239019
-8.151243681707676 -9.619711337382775 -13.032777626851889 31.084987946643523 27.868583107313867 -11.894222732413816 13.535636697126897 -5.045374724257577 -44.60397150598799 37.069271847675296 39.245973289004866 39.28818357033629 23.910111673665284 -23.023070691101676 -32.13485598843747 -17.50502037718502 -15.089088627380612 -14.979338449381615 -3.7443202325253466 -33.958900070305944 -23.388135237342077 -25.3861081441358 
38.90667546046215
-26.81835391418096 -10.856741399724392 -43.55532160542399 28.259435167283414 40.55998961039586 20.291936500738288 -21.46373570466935 19.846987946792254 48.74883502864961 11.196768625779882 48.43092882284388 -44.02634574771314 22.04621556875668 46.43897781129266 -32.33627162850574 31.992886027551194 2.702821869744632 13.610944583930582 -23.631456174020073 -34.80131676442282 -9.754669134557062 43.716633043977126 
64.15965227809207
-12.072193883604598 -47.32634048770241 -4.34868891224319 -47.64225689222473 -26.32281793005905 23.048438454453972 5.527805748149717 42.180179688862324 7.872780977201302 -7.651833326766855 -5.239004014629323 -46.3090010836809 33.38341991610537 -2.536125038439863 19.591852891722084 -48.89301441066074 -15.04514887954187 -18.187632638380368 49.12681829227374 -38.5180944064362 -23.553389808422832 -24.712595680051297 
28.98784743241287
45.84178428802723 20.086094395044583 0.13146176228937634 23.313013451667246 -25.480131280093797 37.91138664343406 -40.20099233442262 -20.88296538024744 41.740737942405175 -27.843649926960744 8.995471737843964 23.9156946652906 28.428756415036403 13.538580375485822 34.81442034225782 -9.962408612558882 36.766881525187515 44.24280946517564 1.2586881434732646 -42.808796945978756 -24.79237556360404 35.84939554787451 
72.41952402565286
18.62483284086005 -31.561313510739918 -48.460430518840404 33.201056462242775 5.611444645702321 3.2316613617869194 -23.383877927152664 20.71573066010653 0.009992335675448771 -1.8471023168311262 41.71027870415044 -35.660424943844106 25.299379615418417 2.791440910557739 9.002501651222993 7.904469942780935 -17.24933225667263 -9.540245400290623 -36.632983647950944 -46.38209561953538 -8.702261321114172 7.24865078670733 
37.55688621834307
24.038917794077236 -2.8138926619998514 -20.13125731463521 3.378492716701089 -14.197739288522904 42.624132809235675 -35.113614156608605 29.261290987926344 -33.228914255546755 21.430412254649582 42.76297610738659 38.71075541208393 26.911723444936214 4.0656483141918045 21.532160796068993 3.8394938286045317 -37.57759504867532 -15.543171792376576 17.000355471091297 -26.49654350502697 32.51110625619768 -13.333907301136392 
69.03173400906398
-33.47271013292037 -1.294104281101518 -29.273804776187184 36.77960560945722 -42.91513893613414 -42.305497447169884 -6.141033785179651 39.65191173888249 -8.491981965047081 30.428109133747014 15.812751176670574 -24.650647416185677 3.6287008284329403 42.58761155244045 -14.80066877381011 -48.50959426739089 -10.783483118060445 -5.501100348524581 7.48033179800197 13.138320430795126 -40.8440175252413 -27.802991684530877 
24.647672919899467
34.970914309781634 15.714585394325368 -4.422794438464095 31.66217263961896 -26.115186500137888 -13.415083841539655 34.434455870119706 -34.64111152692702 -4.498471116669059 7.34113370852819 48.680916282108996 27.797375778330675 -3.656422417433305 -35.46795808654897 25.144386251322686 47.92952875208279 -7.625410890671823 -1.1599042666698978 -9.910991372488098 42.97720724828437 34.14818705140377 20.56771558314537 
23.96268360862679
14.056419970515535 38.9861310894354 8.16925057268152 -7.135980175817025 -0.6456874189546866 1.4070757963326557 44.62905962902151 -10.165103050024506 -37.4402203052045 -45.54697873157886 -3.8069089271888927 48.323005890090116 14.268026123184711 6.611324159100008 -46.706490124042496 -49.978007420537566 -0.27602972905593504 -28.2940549624468 34.4628275259559 -0.21486414494373918 37.53884735566113 42.432354671164006 
50.61609260652048
-18.57821651822187 -39.09100562453606 32.13633002024309 39.286713283219 39.923989225521666 -4.614764702151632 23.98763314913613 -43.76647344421841 8.03416135766075 5.385876508885154 21.87536038476732 -44.706277060601074 8.052740698848616 -44.58414990015031 -6.847483222330766 -3.561685233784516 -36.60175155350394 -38.65096710021317 29.783183767123816 -3.3061772585796376 48.670319647255866 -47.849645092009474 
81.4963673403917
-21.074069459988 -8.17040292444672 23.058787793935124 32.22647236425503 -20.56214729266076 17.596681437830924 37.521901891722976 49.421064523293865 -3.0817934309953046 -12.71443177189495 27.067124440248335 34.7224092333154 2.480219129358588 47.02532206713272 45.814447554330854 44.08002478517959 33.3660962995947 43.68700440393137 -40.52017944740939 25.527281473782764 -38.65251674200431 5.8211426294523605 
37.48798470782362
43.65587487569226 -39.06511840485399 15.524330299629895 -28.79191587374641 21.247755053381212 2.2159919417144778 16.391809253347915 11.344860821324033 -19.425113759413815 -41.525012442408126 12.57618987670979 3.1628222517921216 9.553001778744388 49.70165315549909 14.46071726069475 -0.5097231711397399 -38.763703702047366 39.681524019270014 -22.43121312749583 48.34465209955084 19.065761367425296 -33.43499408202696 
13.069705927925712
-15.45990785255821 24.83466827361333 14.645657197256 20.603979952408054 2.7827874626056754 -28.489500563573266 28.534697216294475 -42.8603845326329 3.5290888509167644 8.853362680268496 30.000969019173183 9.184346497134285 -17.72405197058179 -3.8032384998059356 22.452492341632137 -20.083163666364946 27.972781262412624 -36.19268987342706 -41.632105053238256 37.66326696855245 6.88836591434022 11.915857716211995 
50.94293050939464
-2.366013568575923 34.53592316579993 -15.186855615375514 32.799398551243286 24.94818498821678 -19.845931345237034 6.32900752841168 -48.18921430536983 3.7127985293684773 5.760832426593687 -47.435122793600584 46.93097739205379 14.285186714289082 14.94251990857093 -32.07493669968948 -34.63058152026296 48.83738549380527 -24.691352775228925 1.2932088353481035 -33.46184527230896 -26.047023580133356 -17.061214115176107 
0.6259294221038103
7.903172139380075 18.22598874391919 -42.83334619351238 -43.71340464601733 23.204552355307428 22.694417935453203 -10.3086994543118 -23.88217197887268 34.46691291585606 42.42933656390494 23.27480070222873 8.552227163372535 -14.196304617495983 28.71375238619548 2.180399847715364 3.9865001927617243 -0.7741300550227024 -47.01625773945663 19.02452814250755 19.195006207767236 30.497652423595298 -43.93240144331154 
30.860737548565986
24.734509527417174 46.53887404065888 19.247053155607546 31.083032834052688 -28.90731556409912 -45.044340211373644 -42.72210525725421 -6.8693119727739145 -44.2412653845052 -9.011870808405341 27.745600518062716 46.99610502323543 10.44525185725579 7.495824961773366 35.994875756951274 10.181879191194085 45.36619569927963 19.558645035471798 -9.639746770162148 -28.977350185958805 45.77672848920085 26.8530646429316 
78.53823873198168
14.181994446298276 14.90633270104233 -25.829544031529394 -7.320296316551158 -14.345978528303704 -3.0325223894533764 13.276385315108662 -21.85541680712203 -32.25607354707971 -5.902122438870151 -2.233259000604008 18.84912521309596 -26.72870018440995 11.895141718310512 -23.34137042606903 0.749311079751827 22.63445070154853 29.62841203829035 -47.83902179817384 14.242301990367423 37.39363519742925 -6.737629987760009 
82.40181778856466
-33.86896580585636 -30.324484212459534 -27.895228957651895 40.846262029727825 -27.714606217028404 -12.029225968070513 3.1894276280164817 40.7212195062298 43.24669188685391 -43.208701698550136 -28.56760766277181 -5.030096806179365 -43.239595529866826 -19.827092977800152 38.14981297537831 10.091262562925543 -16.414554913083975 27.154116979623964 35.7017525678792 5.67643414873357 -4.08346168024061 21.13094832183492 
41.8270397122528
10.536416547719185 41.369498080526185 -45.61763628281881 33.6599986447325 11.022142123410042 9.717534527695491 -15.91961147907125 48.470664262594184 -32.5298317310285 -45.57001657000222 -23.256444226170725 45.845922634884815 -29.335724158395337 -43.44688887494672 -5.638174027265443 -25.670277885460024 31.785222144561033 34.585993641272864 -42.68436228262977 -5.5336219822280555 -13.471981192336344 10.742640791428457 
26.73133052405553
-0.25833054719828397 46.898040929305665 41.354943398831594 22.05966649261606 7.0922936501586875 -47.34561649992911 7.159199365745408 -21.56627446036087 9.454977715683498 -41.54913508294964 37.82232436984886 -47.243010465889625 -5.747636818354408 42.432132013938286 14.302092456209706 7.491944518834401 -16.236508213252655 37.374325775677605 -47.500959878270876 36.76406197636682 46.0026042634785 -33.58314709199325 
72.14599423558458
-49.334416787486525 -41.96933113586172 12.013764095245051 -4.005617590189523 0.5380046843806028 -22.450163765403097 -41.059668165167025 -43.90516860958026 -39.46824638037323 -6.818135403057191 30.022424176977495 6.3328341441950755 -21.11396052763044 -20.99273905804716 -23.286684837652505 -46.63149019739622 26.1413868484253 -25.25727234776095 -4.275413285456139 21.742784879412696 -3.1080602586541985 49.36023933746134 
67.62482130179524
-36.849356991099114 -33.29590356287433 -16.99811505156844 -46.34817741889896 4.745282296055741 -33.52740360437063 19.72039560949223 -7.058898814582307 -43.174605827053995 12.754730492600196 1.8760107560256003 13.955449980219015 -33.629011780463074 24.517827583150407 -4.053810079961892 11.107383982436644 -40.368462283762995 -35.74526011191351 -40.94458950757218 40.39834911690471 -35.666597704594714 -35.433412000994494 
25.70805648773945
-43.64446442626934 40.06189928125585 40.081493113673304 15.008259350585774 46.62924123375514 -26.01347142810576 38.97266382880554 20.076248832959834 -29.679263183500115 18.336273467734557 -41.64136999717158 43.42159604067298 -28.557435438226587 -44.10492134348228 33.51299640529349 -15.290476057179212 -30.129655862960693 -19.72404806183382 12.080645278427724 -29.342793430774606 28.727069677097504 -31.154631929063324 
91.39176461319511
40.72277513489303 -40.65199404469695 7.907994861188996 29.484745712777823 -33.1994547264064 -47.19373542199891 2.1249823345766075 -11.406664411831692 40.311744632395346 20.43620567501894 -36.8726403375073 33.623178550613545 5.880781097459277 -15.126171751873898 25.899393988134307 -12.462778059547254 7.212944256049305 -12.15966917993245 -14.25499410422811 40.58910702705951 37.84010812964115 -28.772885175332252 
33.51361677320933
20.98816920518864 -42.92310040077801 43.99740552327259 -7.74986285796696 -39.150828230049704 39.830465761409826 -30.998108275612612 -25.45297322980762 -16.82551581714199 -22.16713677215982 -8.987404365928406 -13.385346698761126 -6.86411530098615 39.41576650634329 -19.88858925062559 2.4494970603485626 30.067758419197844 25.123089174908316 -16.97336666303171 19.46797045930596 25.35295025288761 27.257762681839452 
9.092950310025872
-14.413054833152394 15.77707588135479 12.884829917333107 27.217272782410106 -43.02965646574166 -18.053353599631627 1.8636865041625015 -34.43503719510601 -44.47556239449515 17.010850883992077 4.15814735982876 -13.362105435272234 45.712778104037355 -17.80358981424431 13.973780640036018 -43.00206376239408 -8.625039514260415 -27.440567739223976 32.19769975866396 43.09640556650909 -15.028305813081154 -1.1222762431552482 
53.1668560018341
42.50210187533162 -35.9580121734723 -10.248436044401586 6.966583444037624 3.2775467886376504 42.6464350825602 31.750444880370537 44.26197073258345 43.33511267522357 -10.816009944532048 -5.162138874238117 -12.90960053051704 -43.68828529282474 -23.792210739965082 35.325705460607466 46.09439026462766 30.832816087665478 12.728967417081009 29.254413538168507 22.349639693306273 15.993475086486015 44.985589343613015 
15.364494498777791
-29.756048544569282 37.46625713862464 -22.232821674391325 18.71962990219687 -3.211463656571965 5.852820400542456 25.12357629921219 33.561055714496106 -37.70608158626059 -38.27199067708692 46.650148133490774 -32.88253006196331 27.518483726735667 -29.71762860150424 -36.470385521037805 -15.135768086878073 13.198496978007157 12.55099379756782 -22.875878354735757 -47.87982441100787 -0.7058350415554173 19.923594083017633 
82.14938378698812
36.889858753099546 -6.662875482436888 -36.037117828018495 -23.673954406879805 24.503625079723065 39.94051993972539 44.51516185698026 -31.10830055609368 45.877367564305814 26.8336208071007 15.679229227890715 -18.52976230165907 38.10844432573511 -33.29134457840294 -48.5933623299474 16.533558045990432 -11.356315774734782 -1.2815961832375535 -19.661557958276443 41.05384865142018 -37.6000058193185 -41.361165871598004 
62.9405276896827
-4.066955249717971 -25.012419975037137 12.51179879892451 43.08172960724028 -4.590753932059563 -45.419646129315716 35.00869071752071 30.90589101379932 -25.121766190783944 29.997583123798606 40.80664972936425 -35.81886131408992 -19.568539719376655 -6.794557800962195 44.94474672859077 -48.73340803256875 18.900194189235634 10.716574501916043 36.42831140280444 20.41881923789981 3.308780046433604 0.2603782440507061 
48.275402846268115
-12.632648066570418 35.37822877167619 46.616204576598065 -3.2498469905792007 5.920624416060008 -35.91532546300256 3.646229838911509 -7.296493293172389 34.820693965013575 47.265486437541554 18.334252141788426 -1.257285177758014 38.147193691189884 21.87911851534517 17.03125826185689 17.376617203170227 -13.722068085080927 -42.23695054257981 14.12803871463123 47.33463466592518 39.74562930637356 29.597475460555003 
89.0197902891923
37.9331089670755 -20.712690005142587 -7.729360786545833 28.49703409819078 4.663443328527151 -8.035121879176046 -14.044947948847167 -1.4081583143369016 -6.897771702488328 35.44243332419235 28.942046399899468 -7.572216618420825 -7.205589593194603 -19.662019549967148 -21.354545818071013 -1.23337597021591 -42.063772922493015 -25.975902383282488 -45.82655562459037 49.7142725602027 -12.514489310595636 -21.665717683555552 
67.48086314043303
35.44304628263863 -46.2472984053862 8.33865483915158 4.3526672266651545 18.80684437090268 45.57666649142975 39.68473173925723 -18.667637137134108 -6.629662217651344 9.86527398333962 -42.04395242285053 -19.802391018693545 4.642822502895292 33.58137702295895 -4.91658715295754 27.698442111036826 46.201940580571716 7.180703716499913 35.05061243460196 45.011859057405815 49.9119416231828 -49.94112842146081 
23.9684183252164
38.72978833400094 12.585768745962298 -41.25939811840465 -11.952206602339345 43.185699840055264 40.20971381019251 -40.65509864448828 -2.914812094977627 2.538514192380603 45.24396392450163 7.285842374690986 10.779899016873465 0.2705837074801778 2.53186534216092 -20.780698527192843 10.535448423788594 -46.380061275607176 -45.00471275005705 44.921804749938914 -49.64599365909371 -9.044773426873334 -38.437039722083945 
40.088444703572925
-42.98512205228836 21.215012722579587 -3.3267432222912205 -15.037438516326475 -28.064844859008964 -13.728550577764821 43.212335090820815 -41.73929417270911 4.942603409899149 -40.5584159389887 -31.106828719454928 41.03216152755614 -36.352051974437416 16.357847539878136 39.850483890330196 -9.106914318105673 -18.814312217465435 -41.977451416465186 4.621122873746508 -6.49888230570825 -10.200321622458873 10.109489689489784 
26.69899539512518
-34.81291821595435 -21.918317291715418 -42.56091398187358 -45.50184951587162 48.33619983150474 25.628132261102962 -1.9583080788630909 43.82718342745068 -0.5880297556965388 30.46244358800554 17.33703323344382 -10.127374545311227 18.441724028740865 31.77714972255113 -10.303950357892546 -16.79146481058026 -41.66641191948558 -16.61775047774328 12.014586106998934 -22.505958584296128 -17.42961755628827 -48.2968822908388 
11.916819567723202
45.290098974344104 10.626776930868232 -3.746578621613594 -48.180591601922586 2.821282577864814 1.8818017575748982 40.21547779543944 19.325800167224898 -45.472069641553134 -19.15042645533902 -45.907477150991724 -45.71670655371476 43.8985299122119 -0.7730767258601361 -43.64558874508631 13.323802967694029 48.34173268212028 -36.442685242272475 -18.419712145256327 13.82250551762224 22.751918860551612 31.23633977367065 
28.808786902068594
30.94688642765945 -21.05818838885719 -7.865265865050361 -19.36161327580419 43.831911601233855 -13.739929956848428 8.290718644020131 27.07752753702279 -10.09457686333075 -7.518533078968893 -20.075764876863943 37.22617524908941 -9.998962815736377 -6.548376256266167 42.4514158523866 -3.422484564711411 1.1341847184632456 24.9879554510445 -23.771602219886702 -31.939479578909747 38.68018288498995 11.18290485396821 
78.42942741676289
40.901138325973506 -14.818494491728273 -20.47487025543412 4.7648942375687255 2.9618745153864836 -30.875301036175497 45.14883192115086 -12.329193962831496 -40.5733597408105 -46.23429434341484 -25.95909058082335 -22.848072667044594 23.529659290049636 23.445570238575243 -41.81978290216285 30.63663813672882 -26.515635350073808 -7.173131742466325 -25.647327353185855 -0.9977002322832575 3.850159533405126 -6.905587851158579 
2.780544560082099
17.355745480536925 -0.7179647272974918 8.402099745214741 -48.276272977496696 11.204258774520824 23.9399765525596 45.71104167181481 19.8554032503217 21.32819991683955 -49.20780099790206 21.652407644184763 29.483967318618824 33.96722439582058 -48.37176736032387 41.161681366044974 -19.412343703858014 26.857802742495522 30.804945526097313 24.36930629100189 8.14783991509207 6.210551571836106 13.580594245479936 
60.59600420386816
-26.58852099745631 14.89164927474495 -6.650959506662581 31.28929727902255 -16.51724805010015 37.87341551382377 1.1682922305987091 -2.6489247661162096 -36.96157399995445 17.444878722231266 -14.315411933752756 -9.45568189299636 -3.0189498043445724 17.72397726625094 -18.114783390025067 -16.469650694596098 -26.511405373817055 45.68877985620448 3.070358596112399 38.57631844970021 -16.811324330857644 44.24594054042478 
62.01623808392224
-48.91415279357284 -27.919937740919654 21.780332458280242 14.508886216184308 10.84407019699696 3.343649526992074 -27.819378294534967 -28.740114819930717 -48.768377491595224 -43.670312222546045 -30.48866805111713 42.67248771508413 44.65031927075785 -20.222516411641266 -7.697335864263131 -34.99152061912686 -18.98333990419848 20.71842729857501 43.85523305210171 6.2133097217962 35.417460616796035 -29.467337157846373 
37.00752401604023
-35.01112729283496 -9.114679091106524 5.274261074072562 4.4897995513861275 -42.3394645520668 32.73978552156147 48.649317866608556 29.288837196987956 -16.03310167195096 -27.94654623876214 -47.07411457960353 -36.626263029998356 -24.89213080556103 -12.459507663296563 -24.42578857806931 17.6838217690173 5.2186794126745895 -2.4716792022466123 27.580276249574226 -38.544626376010996 -9.105566406298806 -13.338453731049974 
33.14515788887638
-35.235191188868264 12.47190008868084 15.600428397581936 -30.12274352960127 -45.408413001884064 -34.51779699035345 36.21453088968836 3.6040139701095555 -18.24495519305306 -8.97982596292082 19.63542275365721 -7.425814998448679 13.75500885506726 39.73309093045495 -19.979390940816387 12.091361562346236 26.846887241401916 -4.286371255525189 42.994153109021966 42.51390637231981 -30.392261934140596 23.788815521523716 
14.467712823021095
-28.92400039053259 9.800521224490055 6.528849138032392 -47.09097462602556 -18.870929543222648 -43.48040021286863 5.756687250350367 -13.886890967026098 -8.827634900456673 -29.598696990848094 17.421277017403185 42.14480051309198 -39.56404240820874 36.109115153247245 -11.595580345835174 -16.64055688645545 47.79904844472556 -26.646099282006396 29.163212244192422 42.27191795790283 -3.5290731796334995 5.385308770771161 
37.06709598610907
-41.467609409951756 18.13146901771148 -12.80870581245248 41.87053818021697 7.380511100241108 -32.87737376401682 19.568474224824413 46.96942782852376 41.68805083698247 27.801872358447326 39.776821381074214 -32.078714702365076 42.06321374850765 -13.686938437250959 -15.332004172378653 -36.83358617777613 32.47820446691193 21.799779644825477 -32.02265852573902 10.969171098416773 -27.505119356553976 31.480686533942333 
49.89541610909307
11.305539815729162 -18.598448317721772 -0.9740123888928878 4.08568790871302 -18.24476004800544 -15.562614264292385 26.318610458707894 -45.00921455992314 22.41363081850598 -3.2309477346947446 -25.04673484595469 -33.42949836583998 46.42070597082963 -23.00244051800385 5.721055992101277 12.540510855128517 -40.08851511368486 -11.288467042816563 -38.153144013689584 47.73157983631316 28.024165001045063 5.966450468749294 
64.89119602585683
30.36475313142239 -17.940580560710032 -13.442378938115063 -19.002067167865267 15.838881780301506 6.966255751063329 15.567998697179874 19.563501970016105 4.0525452323709175 -1.9631406042187294 -9.089814327987689 46.423108799488205 -25.66671838191882 -8.975063119546554 -17.55473960990748 29.293698815179894 34.72273854189899 -49.14094782594838 46.749377389529116 -15.516864222517214 45.66723288654593 -49.29553173243322 
70.71230667202725
-39.23051020709908 -47.91110290111722 -14.665885804280151 48.89042633209125 -21.12607544941868 -27.63655874974479 40.60124316159825 21.8999248072748 -6.904847270497214 47.90628574576543 -15.736564916548737 16.12426620102788 -44.55699916791025 -47.13032629233649 -47.51040256438714 28.62323317144437 -7.996865597002525 -0.12095516628892966 -18.9113416571022 -4.630820780580727 46.284523712869614 -45.21214628611089 
20.830703158097553
-34.20064124230369 4.945778525999515 -8.894291425819524 -17.811718142281187 -17.838465068273123 -2.434006606263452 -26.944470539287202 26.407695796377823 -21.756719802318557 -45.9797064522585 -44.8588187140265 -42.97292163876468 -31.186236715815163 10.539779912888356 25.65786849213505 -31.209867416295612 48.46996647184835 -21.319878024878502 1.7532757284994673 -20.638606630348377 -43.43230169265699 30.192585580725208 
54.44830091391098
3.3309380688721006 -6.469056653575308 5.185777917809361 3.451974708978277 27.703497643597046 -6.928594747177264 20.985969108115114 23.65591892684995 -36.60107083523035 -35.286581543208406 44.74833914425872 47.86952089939162 -21.751917789697618 21.507611859456006 -5.858929782500496 33.65776909840224 13.550071989432155 -1.0699409234035429 47.31868494056782 -13.93055684823534 48.464051406479896 -47.29811583198242 
25.920635155743643
-7.405821370067564 4.340579952330636 -4.372409999832016 -37.02440919182847 31.86269055776509 -25.44529132025578 -3.46133169522124 31.36149009376554 13.405203605427808 24.484979302438063 18.042303342404722 -12.134137065550618 -7.791050986412969 30.98948986358458 14.01330065513126 -17.08942152193272 28.866351654912705 21.06228809865121 42.630612665971995 -3.3504353873549917 33.781301850351824 25.310343879132446 
26.248144355354807
-11.582309307249147 42.20171097674228 -16.526616589898282 5.5027961391007665 -11.596495120804903 15.772330897677548 26.415904402864186 41.80095973918347 -32.06201056884444 -44.147431138352786 11.852746665361302 19.688026116094576 -2.063877243808591 44.01982624617091 9.526565119469275 -11.40636239002015 -6.202493925643267 -4.020293948058772 15.637661213016202 -37.94116792098771 49.46684572493287 26.53015562795234 
76.03358347257284
-38.210597769885844 -16.62532950253047 -24.722573018037043 12.998008054190294 -46.25689896184478 -45.37690916397994 35.4775145800902 31.435363530503807 23.94665536666666 -40.94894369347981 -38.322490002009914 26.829792669079126 -17.14824437569621 -18.291986841018925 5.757089683602892 29.56398849055904 18.777527306857294 -35.21558042695236 45.52114877956784 -1.984498040584107 43.350243027597 48.19213793938469 
75.17032847575724
16.305191436915763 -15.160685622040305 -46.24280853748574 22.77706086485142 -38.34556161496483 -11.098073412774525 13.381981911487685 -3.67959728244017 31.014849031746095 -19.51312142914221 -13.446477059743934 36.883851638239776 -43.03383913616429 25.511549694676532 -26.781185709524447 -24.70399726518465 48.83512342475052 6.41417613601574 4.3180307751805245 46.794767214590735 -33.429874875930054 -8.203150341400978 
34.16066214728525
17.221591982958103 -27.886596629168437 37.113018318167306 -33.65064132883863 13.802971516952745 5.844688095989966 0.7164844885036104 -31.899303466033768 -16.24776503288536 4.127145254208841 -2.4228098796979864 -33.418342702203205 24.72546980623241 8.06857275706826 41.58238973344356 -24.72488625167696 -7.408864136757678 13.317744892128538 46.58005634028662 -31.592842599816386 -5.9762150975312665 -23.95206656909319 
16.184666493072708
7.113657791550601 14.108003206976122 21.23657583419775 -47.14621699412685 22.292912192225316 12.439543373861916 -4.067857459031124 7.857154245070575 25.985876800921687 45.13636831027347 -27.5937010465353 -24.501712194787252 -44.35513541332493 34.72306973758916 33.92141274221501 7.311800782202262 3.7962736673408344 15.027995869289484 -30.699403818389847 -15.051941185502095 49.372340053347756 24.033116891290874 
11.569405979157853
44.06995980620313 -13.618555635117687 4.04247940584348 -19.354577991499344 -14.175041154857915 40.60612736422455 -4.414116281618028 -19.616075233033747 -2.6812737634181474 -24.33764995397678 -20.84981391705878 -43.75507812682156 28.005128635087416 16.023224920084076 27.131407107878445 41.42883500895846 -14.979543082132842 -43.495158983394724 -22.673358698460333 6.535137143570516 17.228154635423593 -14.768579867209475 
78.83547858683582
-19.3696746671299 -44.89641843201465 20.241557037552695 -8.583489086504024 30.06859738321826 -38.423438282213965 48.66678924362708 -9.854795156413843 15.490639593249753 27.562849416119917 -38.19166973698165 38.645261772133054 -2.8670185578712264 15.153825610980974 -0.54271569325293 46.21632583202545 -26.087593851181047 11.297111157333752 -47.5517825028402 16.856687512627445 22.706899641275385 5.288972097828108 
73.70548950272526
31.480452203447328 -49.16330465325669 44.512774966782814 14.93626945276587 -21.445642813147924 -13.044013216512653 -45.40407574694436 -11.356299154706115 12.930276896588175 13.39790274561944 32.521080159227296 -46.721795327871384 -22.174842001339478 -13.527614172595591 34.21571169189622 33.114449444207466 20.700977021618257 0.29862601696919455 -18.242728642685414 13.836051834955967 -29.776949886051995 24.46077544939108 
59.56966213202538
-0.17042455133683632 18.525842242291972 -13.892375138592591 -46.15016610932441 -20.166042829015918 -29.308858538459305 -26.925948122533082 -35.04829213505786 -26.138986187586298 -18.355669854226996 6.183998351661799 -11.432102123775522 26.197205055865467 -0.3997898149964527 -33.898203384536 18.287922224027497 16.81636547738735 -25.259392098852974 -37.0692780622664 -30.525045434631824 -13.32235670741445 -28.018170399924337 
55.2146382062936
-37.60858060956191 11.152433743403137 47.49075908945426 -40.91935947158352 31.116969311715877 10.218599154944705 10.034182339630313 -12.032328309970332 -5.959247259361575 -45.920186423100915 -9.703249976016792 28.71806509986864 31.573074233071907 8.512421816004064 -16.021298595466682 -9.233977700992178 17.20990260841991 -34.48833182227996 17.785293465464477 -38.26091063797658 39.19691076519915 21.703782686573675 
61.3456821717673
-35.0043179720818 31.778026663170607 -0.49017250445952953 -27.35028477322278 42.45375232684958 7.3767880448010175 -45.808152320042474 -30.233042370345952 29.522776401606777 44.04703471997995 -26.318683062063087 -32.58701831162565 48.03316554442053 36.14275041600902 -42.51554930714001 3.3537905772971683 -32.23564791939755 -39.60480230881281 -44.02153786244378 6.689982543168469 -22.49525499309295 44.44870882195295 
12.057397964887429
27.738086233948252 -37.46617748948319 -49.60517656230641 -26.644327195012206 -42.47278289367029 6.998659780930204 1.9577271405266643 -14.827978569321509 -36.14492771010387 26.864200253294968 -9.277801946224038 31.73604482926379 -39.60201925608836 -8.05137380748208 -5.841369108086546 -33.39588554761276 -44.45445239059174 14.012230109664529 26.18787526261177 -38.25909474072135 -1.5687816177919913 -38.049830689143036 
69.64201969122908
9.237358360797835 -48.94416008819867 14.846574767561023 9.21545210655065 29.635416231252535 -32.54788144504346 -21.020512739393883 43.36383820785976 26.474388839014225 -46.48640326203007 -24.176873892316685 4.09696650846454 -22.05663081894752 14.412624636047326 -45.32396957679236 -45.27538095765063 23.418602381364863 -29.54247753869779 -4.249362140616874 -32.646984599865725 -14.815701927517424 36.78994193025848 
97.39192882178855
4.29252322514909 -36.22014888359225 17.499210237227373 -15.45026588840944 40.52575209080476 -40.81397415597794 -39.46878943584586 -15.288604603691901 17.99830590418692 -0.5428700480336914 -43.804835486011704 -7.791529254471676 16.73284741576319 3.425785471109265 39.12241763426087 -17.856792083837448 12.630329200279611 -35.24860088432512 -28.792840726405768 41.13754378199364 -32.68940952559194 20.853011219999047 
91.35973420087703
-46.31056923548361 -38.54224349713251 -37.83835171586152 16.829055192694895 20.12829116258014 39.874197851444166 44.646967567323586 20.401336428527785 34.993478596512745 -16.18996844135706 -8.282649410407906 -12.041808164933641 23.116594623605636 -35.87649659461935 10.362303165745658 -18.32209534294077 -35.2293668132576 -42.5592077282278 0.800403011409287 -4.410518209259251 40.95581849636355 26.72212657523231 
58.91567125280205
-7.76014998137061 -4.775809281011654 -22.495667745963686 -43.590288872899684 -48.089651049498 39.40190177821847 1.5782503114072597 -15.133461098944935 -0.8805219691912711 27.150284523457387 10.972726515977868 -33.178487505024734 -4.925397186949141 -18.4862574566623 46.855143089526464 -30.554677218640368 49.28612462494506 -9.565404467754888 20.321778295805146 4.598578016660895 8.733405169664685 -22.328017158059133 
55.039533016358476
-37.21805820013291 28.772477765295534 15.644008124232528 -44.686142031401445 7.90143100018831 16.401444160454986 -28.58067205854714 -32.60402480786303 4.787950357605638 -36.44987317639672 -32.583624798613165 36.705818599719166 -37.94533409763036 -44.2635734014936 -5.674470334873973 -10.864672956032571 -0.8546313297097541 49.73253870851818 35.35148518539326 -19.289926758932584 -11.67845702097415 -37.189965896619 
98.08014458471685
-33.37454136151283 -20.144701353661798 5.683526011339168 3.106404462345516 38.036970105317835 -8.160049492461695 21.44846213590992 -2.9837979618103674 12.972331314936703 34.79950658079433 -36.39062587001881 41.39825741704122 46.34659467520359 45.672863871628806 -42.279349032088916 -20.7320826840516 -6.700446979645051 25.76806339831596 43.21272914048882 -4.382366769171057 19.938117746640955 12.926447562079026 
34.65236120636833
-30.2344619520885 6.0545548639274 -30.593835156664674 -25.013623129845207 -36.244316180272364 25.5048266584066 33.88888542486821 27.244194710071483 -46.72949690664391 21.669490566677027 -31.466726240444732 -34.27495749128592 -14.651903128641486 17.782935610357555 30.14311426770483 -17.1282961675019 -9.34601070014044 14.90501300928193 8.287709092070294 23.833333016032583 -12.860989407415516 33.92235032086806 
52.606533490443894
-2.8543049556569713 -13.378002133882937 -47.794972680964655 -43.45022169427274 -12.992053552645253 -43.83194959889326 -29.592559542836238 25.45086659542342 -39.689127895349685 -7.909901856728332 20.39055905251263 33.096623301559106 19.872269709471453 35.98356534878458 -8.64397138316022 -37.14474605126527 -45.73906846052357 -0.5890424872637468 8.020852561180227 36.94186087868701 -25.858495484908506 -33.31477560663954 
92.02465301953396
-39.45426597799183 5.248233990355601 13.6577759202019 -24.25015817819852 46.313181118001566 28.896421442094123 14.49907638338847 -33.65174915277754 -10.925773986658015 22.366187288295876 8.16675444886986 -22.993905337228814 30.720989950424965 -46.45610099871844 -38.411789223751725 -47.65759045586565 40.79013307899466 26.88245512982212 -2.4582738026432622 15.324382353988412 39.5712585410066 -38.95766653679408 
1.8021281694492353
-45.8037213744859 7.4577021712681955 2.5011249756203426 -13.675941271257827 49.65696580564493 -43.224320092242905 43.970086033443906 13.067971821209824 -35.11572186964249 -9.52773507039052 21.63194532300912 -23.469019056875208 -16.007228049777744 35.81226038874493 11.01506579288094 2.1267195547623245 38.12474022577577 20.628469543324698 27.744787579476522 42.2654294840526 2.6125269661589314 -45.31050966521454 
16.463576994417018
42.31747455638086 -16.486400018454603 -10.60635483073046 -21.112587858872324 4.600563805903036 37.30801619219048 -44.73282082706266 0.26655669980415553 -49.88702691196567 -16.338755744649532 18.63942595924553 -17.555280019686684 -35.05794530166604 -22.106418650750605 -43.61285980367011 -18.738653005753047 -28.890554610512066 7.16067717558461 20.784744242968472 -23.782443319702217 -19.928712800757943 -37.662027980194694 
5.266773717690809
-28.87291917618162 -28.826057424651374 16.215104456696267 26.3033132158171 35.89923308490131 -12.927403151547303 7.844688078564701 -43.391245941334255 1.6518651813995149 -46.54773941352824 -7.246939983783861 -19.451230973069546 14.027883890213204 11.347660097010738 -30.79106327006699 -6.120127262410513 -17.11016005886283 -3.0594237636017567 31.85921065606287 36.850529286927255 40.49276352625985 15.920171980399004 
85.77931327901003
32.212224701348575 34.786256579051155 37.32394801892346 -23.651031017211576 -2.1664419926167398 39.6726386536852 -24.766070364620152 3.352353878437661 -32.62018842932104 -40.151302451905636 35.78476915031885 -8.68499362906605 -18.08488887232479 44.284381838733694 -18.35254746638757 -17.671920936374306 -39.69628180284202 -0.5574216898766835 6.484327747481736 2.473849043279408 16.931613153250396 11.019880283052174 
67.82824981610233
28.454633850364985 -28.46101805022392 41.289014795121204 -1.579422738246528 47.14060511373242 -12.151193138786368 -31.95057696881286 -46.75010832133156 7.490173754734485 -14.803725478497483 -29.256768182256067 -47.63473463584105 11.660036214020252 -9.491759084385954 49.46965147502951 47.994966135219144 30.110113685182313 36.75151641878834 -16.568389132249592 -21.416477833366578 -45.87798366547631 -31.636702301973983 
46.77422838244492
-27.932915185454565 18.387857029190556 -15.803432978778808 1.8254924546845288 26.039056720047668 36.18956244315251 34.15782694086499 32.42531548474771 -26.584963746241563 -9.822863959492686 -13.01590825217668 -36.67011865773961 38.78805447795884 12.867521980910688 3.5005315896779905 35.60402900636018 -47.12776530214057 -27.275899034076733 -17.780242587153886 -27.5348338724722 20.2649418032334 -45.95992576909707 
42.2882407722489
-24.782030123162546 29.214565103744306 -18.16274749026863 -27.44514194738915 34.71999032439855 -48.836890538588605 -3.3948566745824778 -45.06882169720245 -19.756054890522524 2.5397671427241235 27.943370721066103 -34.767496320202966 14.653373740623735 31.61373063057809 -48.96612532756927 -34.66664212617776 -47.51596703394891 49.171476036198754 35.35755203859627 26.74050479410883 -14.175760065746033 43.36581082015381 
61.18326586064533
-32.41877098991599 -48.18689235318673 6.29104439211423 -13.904506578335187 42.52406498915326 -34.87354326568851 -47.32943127947708 41.190110529930834 48.293708662572556 8.995918755860203 29.500288953872598 24.556116675897925 -3.7885773199007673 49.10752251490604 -0.42670344821592465 38.27436489272969 7.586700910268462 46.15191057139273 31.518232040086488 -15.597303510706993 7.805547586428588 -5.150989577069986 
94.31581606987774
-4.719944094780423 30.605252313528666 9.945845823570444 35.21505087724704 23.970596462678657 -4.704972221058142 12.986923365132455 -33.44734727865895 11.781872811292956 -13.423531516290524 47.582394422600785 -0.8137333942639629 -18.470267307869303 49.13727900236199 -34.54996008278941 38.084059751165356 27.585546902040747 7.336279063151508 -19.317202711710635 -0.929633955316497 -13.270082383988758 34.06718302543442 
35.4944389784476
14.808999108787248 -22.549838041140802 22.283238519959554 -42.87826035333637 -27.187042713499 -10.4428372939784 -42.31570358437872 -37.38775317330991 18.60124448430105 -9.139484130913686 -48.28757016486562 -14.097441899000906 -36.91943645531708 -6.870882698147973 -29.728246373375967 -40.10717952577373 4.811673831846399 -14.322350194745383 -14.517370570775071 -14.851108744055388 15.027222635873244 1.6577288743415437 
35.29996630775468
-43.58557486453868 36.09993384859442 29.49567961296991 -1.0301496750519377 -1.709077211008477 12.61698534391904 19.90728041004722 35.068289662047576 32.24454892643527 8.298559412505128 -32.46695494655538 -16.73961759513287 -41.47568293777142 -38.294562421400755 -34.52411203303819 0.9377242345198198 38.627008719569716 -0.9873090407973493 40.886324211682506 -8.46353908332054 6.619999893917871 -46.91659560319952 
30.228635700963036
-17.392166356773508 20.933920983288957 34.65852868049521 43.97469816896282 28.607697731423713 -7.8371236128053 -36.31409061017713 -47.789560391628015 -4.109049640190797 -13.039283883181966 -3.3564042556292506 -4.996763652579531 35.54136403884728 13.297651101413898 -20.830435359077036 -15.633244555615036 13.436847817010076 38.14227383509335 12.392020199511045 18.273089860544644 46.34470443378676 -24.940173182773783 
96.06148040299551
-28.599696725915223 -12.139046814976126 6.268340977753105 1.9178652958456581 -37.83325236882699 18.6523569216983 -28.629941643221922 -13.317157866646369 -28.9081243129781 21.72927089852152 -36.723667606056836 -24.3502754102891 1.6364478262105422 -34.627964299609005 20.769945905757126 35.05025968172794 -18.586595632754342 -26.146903508375697 -3.3003468198944645 4.209622741006413 -0.9760909445953629 39.24158924406139 
60.97741226118022
-23.041961496381635 -40.23863379412087 16.346697528184578 -31.65032951036665 5.849416764230661 22.039470158115478 47.25055254872092 32.3397849594912 2.444472479713099 45.63869098213078 -18.09896403075434 -1.1905648064013832 22.24777812886498 42.7287858890778 -3.1206618973889135 5.262715042878064 3.84529852775335 -26.88671169231859 -34.27330986141459 45.31731662916529 -21.62910242813463 -33.74480659587472 
51.109171774711335
31.693042242506237 -22.362562825525632 -15.618719390524483 -28.38090839359052 -34.381360460976886 47.10003846627336 -36.67411729922965 -5.844095971169082 25.73373908163508 13.276142137666227 -19.236873843977055 16.599200134369767 -14.636532187996863 -35.67093950786254 5.089977718972094 34.880830223538126 3.4690682642308204 -22.771328089886378 -27.53928333293434 33.582738707496645 11.628663616287781 -34.76496427153394 
74.33669031424942
-0.16836673091697918 37.07806722559148 25.40763694283889 13.403588063173956 36.531128932556044 -39.8576699724687 37.425093068506825 -48.17838269937283 -7.133425794072082 3.314486014957893 2.207113812723705 32.512368383204134 37.537227221736075 -11.211230531406322 11.66259445062154 1.5493643822561722 23.3150715431904 -18.56869792761828 9.344683697223743 -2.29241571015357 30.299011726928896 -45.02790338941555 
85.87579892361934
3.8405708964849268 29.6277688445807 -19.372052244420956 -47.287515693922 -26.008050553862706 -20.565675831196874 39.416604524306834 3.1521098431784864 10.01150801135352 -49.53076040422288 2.098364493285679 0.44043631801697813 -38.0657162496869 -19.910187199357853 3.9820383780175916 29.42104557200038 17.494328025577275 -29.793561473424045 -34.24199324514419 10.374750608706997 27.88314871391809 -22.70282009391471 
26.07186727495481
1.5290580375904597 -10.773882702576607 -9.253970204691797 -43.272061230115526 10.174834849625412 -37.7616557547465 -40.470129615007366 -22.78727880746436 41.40932685432236 -33.8651106898653 6.673721325427074 -28.345878889436715 38.23174376206492 27.108406512319007 -34.0866735667457 38.383082871618285 -42.950368243003446 -3.449394419747307 -14.351275474112434 -30.059961733811345 -21.388722550141203 -20.31778734074362 
21.541938165242147
-30.330639360462797 -24.038532439605433 31.369382523177592 -18.993535040067766 -40.029223011480994 48.22487582031549 -17.357195516701985 40.35579208792508 -23.172488263482393 -18.146509764063 -41.20100492088267 28.522662448845807 -24.593313579167642 19.43140532131555 37.95160315639768 -39.96962366738984 42.32827432889552 0.21244118361093456 -22.486204274313472 4.291932252325246 21.624739475135883 -13.727002820069501 
55.33107866977246
-1.6676576818435151 13.464188954619935 3.4946584068426745 32.0472006585 45.673992284415164 -2.6142638438666737 7.548023684761731 -8.225938268247859 45.394451204243765 -34.9035033582724 31.631319433307226 -40.750167291242064 -37.73935932735789 21.805436258905473 -15.07562755758294 23.40776403233943 31.36285174720011 29.620071348467448 48.550522454176146 19.641466073644736 -11.183410635644307 21.70780609733505 
9.296129737239022
36.04067895865796 33.86977246842936 11.724482161403657 -19.580660651075487 12.48490489684795 -42.852675206567284 -40.561554916452614 33.58678449592867 45.72046071218793 14.784799334858633 30.529325763838955 6.308968674882124 -1.5901016932901584 -11.15292837440255 6.216349248250239 -44.79790397632449 -14.369085576110663 -49.30216249233457 -43.328043351616216 -3.013896337801704 -21.58476189457874 35.88002388999159 
41.10213340159847
16.335757130004993 20.65622278526081 46.58687992993116 36.925732489213104 22.53364403846352 3.0771499124091264 20.9479470823954 -19.339170463610287 -44.66905708816806 -24.059454483275957 47.12372377778995 23.926892462081668 -25.496105709194605 10.792109799223716 -45.40271350953085 -30.602604160796165 -32.699083699991704 40.77108217365357 -14.929250649919211 -46.411777564515546 -26.69266378849108 18.882214355412756 
81.01889352205504
-13.956954284346182 -42.78823351924913 34.112763668705696 31.22188826496884 37.777594273652554 -43.45986750891836 16.39121163577252 29.49351944301175 45.770543861347576 -6.369541996240379 43.122680147101846 35.34090075395035 -35.16046757028667 -31.046515777457493 32.39934700549466 -26.56384075164222 3.4165705890898863 46.34126743347029 -29.027640815485757 -27.449898412306016 25.53792263685331 -0.23206424907994716 
28.685123137960865
23.992437541504756 -12.210702281366395 16.03375927821999 -44.6939585677139 34.6226447383782 6.997982348199706 38.03580859132525 -9.437884484283288 10.140079657279841 22.139303316541444 -10.734573517456738 43.66306246422789 30.631499607455154 22.225636790523566 41.75482134173977 14.718941944318615 22.24866362880894 -39.12808430665482 -23.097898231164226 37.19246634303805 -13.591762880860777 -32.217608774783656 
91.43608103917536
17.89056840777903 21.050732741804325 -2.420830175081889 19.23928821040272 38.98799169808662 -42.7352347859269 27.193869358674377 23.82952896237724 15.188998366297156 38.97742627836776 24.469443508447796 -33.99248244269649 -31.628461303725818 -6.568882112633332 -37.32989820997895 -33.490004217653414 41.92154049098764 -24.188286590741082 48.272933323124974 -35.53512498874496 27.453239071253748 22.662438050519455 
12.715715811849526
19.02696321995812 17.72473248367487 15.61240646319169 -7.298907904825882 13.779784814901838 31.296277080804785 39.46827996810576 38.2081424894121 -48.6788181034582 -23.157929472076344 16.86202884635351 42.53812758763864 -31.092763670091184 38.01456493119531 15.417339511236534 -15.478042683789269 15.11126265327188 -36.62633402220038 -47.208301805509144 9.442734033436217 2.161512931688179 40.13139893163813 
19.97076405570922
-47.72249312074071 -11.0466544233092 15.325945302917106 3.8361290880206553 24.53812568471683 -44.311397349841585 3.527234935405531 -33.702866869475486 -5.708095695640303 2.677006474520624 -13.710476908093185 29.171891325594515 -12.131461218367399 43.04137449103041 -34.69529588469794 21.522274310667896 -18.6894384391184 -38.099488255387996 -21.426618730803714 -30.707951796856836 29.80032401267404 -16.93932223966503 
76.89897559256323
45.86700024442865 4.097363003071408 18.328524011712815 -13.376537279448321 -43.42971230297159 -35.554285341646384 -25.734539007326106 3.761608573563727 -49.87407837660053 4.461583407329428 -43.46457315562311 -25.446182302319553 35.76768813466508 40.18746178079063 42.95506110038619 17.946040001479716 -14.059550447422339 2.7997346036931035 -7.062650679988444 36.618431313910875 21.43523646664677 17.38238961348165 
73.22676455951803
44.92276618572836 8.319098170285166 14.73040447288777 7.656053534977673 14.451838463751514 44.16521166647365 28.322057298404275 -47.88821843596654 -49.04757076361969 -25.141750595897282 -25.59976112042931 -45.02221405569136 -30.09333583589857 -37.355407649890736 -0.47139081799738847 -11.967234488465436 -17.655148879851104 21.116460165154734 7.0392100343418065 23.110213159652744 37.31622172694625 43.46356761385198 
91.46396628958975
-14.214038617542222 -7.06778650083514 -23.404522407769612 18.343248094399087 38.94060641994017 4.010279194162614 35.63231092780612 35.73046428651536 -13.748827254514438 21.084440325243577 10.781052333832541 -6.737569095581655 38.49833799390872 -7.087886221720808 -8.240858468020107 -25.158925100585694 4.032609344456347 -47.40502088432077 23.696704303768882 21.772763238993278 48.82487682578913 46.04501763893904 
62.84315643131529
34.63734218291688 21.233780412596104 30.76503415798271 20.423548034712397 -5.7902155933584964 -48.04563916061257 32.77632332990542 18.634529707308687 -15.566882293986161 20.569538137663613 0.014424472797877286 34.039304498197296 33.7420109897963 26.707898194136206 31.627115971645864 -29.484468304853305 -35.03769870567881 16.018423757846207 -5.652807946955377 -13.570373367954858 -41.437563555545765 -10.995281133222122 
9.475748913110793
-1.1445583527834984 -10.791393417613314 -35.78160387491833 7.000046036730559 1.4248751294419861 -8.623845316398416 -23.606719576521982 46.98327256827092 11.792451880456824 46.19557663873431 -35.19089062825373 2.601812289905091 9.715448633861612 -41.23773545196179 47.50549182434091 -15.931077751706304 -12.604284578275362 12.814899465169347 -17.076155895699152 -41.82801923727949 9.99880563911362 47.98814985587015 
42.13713453820984
-15.736232030599126 -23.83937602722671 3.7711972240340543 -47.965779238126316 44.28650593897039 -24.18870509530162 13.854289699115519 -27.34234550452118 41.770681743041976 -34.209520615112076 14.721387423710482 40.35083011075241 -17.2610465128718 22.497944351734787 -46.85229216520226 42.452398941391806 -19.941294788141683 -14.782338889006965 38.686747447751074 -11.017119544500389 42.02513278703728 -26.226709768086074 
39.2821867817069
12.100469482382167 15.81997984359485 49.817417807549376 -39.184188794686 -44.93997887541977 -43.02064313095143 -7.673583348687771 34.703387507699375 -41.00871598562041 -12.882645416069174 -25.232582408448543 -38.423768476542044 18.019429145228344 -16.109576008783996 -36.076710523308584 23.636960830639524 1.0829882782571048 19.550787731845347 8.50617096883989 -16.546300938987393 32.261331331428565 27.425460156171624 
99.45954949071229
32.75782494546634 -19.49415674104207 29.270660173662478 -36.75654576648291 41.23608638230789 34.376022622707524 0.6897607517157098 44.41685403909632 32.35870935659186 27.71369117551366 -13.333840792298176 44.47586449101628 -19.039079363534526 38.14558940545541 4.750729638550986 10.175925330639302 35.59607033771486 1.8866687468032026 -10.443174491236903 6.460622928740953 17.604299091297477 -24.47663487313928 
88.95406355495075
-33.36061654275979 38.39154748865592 28.288238442766968 19.715396387338274 -14.39924474834907 6.589393435824761 -33.2056648711835 -21.639708662339107 -39.3824367269571 -32.43294466457333 -21.720288378667284 -18.449925599374772 -11.305224407533053 29.192659335634232 28.119554519726265 -20.370192366812844 49.43035222166043 -20.208367395518344 -37.3046411523169 46.774349254829716 38.004002068811445 -3.074122961479972 
99.66772523105244
1.6845053833610208 -35.82176292529123 -21.081802493396363 34.281237337695785 -46.10751061015734 0.09061167050656849 4.972141749802006 2.5370668570506822 -47.525837594445065 42.13567490171583 44.288317505267955 19.900865839915298 36.32883640118597 -49.62042170443415 -10.246071170291692 -42.32942100424045 -1.8243292947791119 42.71988161225924 -12.416888642443745 28.21087764294535 -21.970986525092385 -49.6023767752155 
20.711393510408847
24.96785576672066 -3.846733923702672 -13.511792220363027 -19.20156115887728 3.509769356633619 20.361196636538253 39.642276404923265 -18.631045065777496 45.796542027860326 38.00785631291329 -18.382825029643435 22.922457957322507 21.462850076905966 -30.8544511860808 -30.96580205304198 19.768375619590742 -2.8934177187471235 14.043603352760243 27.31635942508271 37.89372514057273 47.40656297186037 -24.360042680624304 
77.90587683584192
-26.653598197440097 -9.649625113003466 35.4798509700383 8.63019408015456 21.417913048649467 2.935259312061177 -9.689800662039147 41.47982422075563 -1.66489203991852 -26.58803754164538 -24.263462307871986 22.080839267467496 -20.778679281066903 11.473582826541438 13.212639519399424 40.78940882967261 -41.236924217076385 -31.251628197549163 17.121243927364716 -3.39475550916292 24.31925886094399 18.5375585635566 
39.81762672876642
31.995425800183313 -44.86446474171598 5.946249925890612 14.245943687667392 -0.7604774406244488 25.877454522800548 7.387535941958845 26.10166946661343 17.05155615615986 -2.128429437250581 31.896895313494326 10.50163746054713 40.003771141985396 27.24460931094748 -44.22389226061637 21.736541367358512 42.67182535854019 5.576545992839733 6.792834724804521 -31.08102687790798 15.440445887165211 -24.265787067522695 
54.4941181952725
45.20343577472981 -20.446816857915053 33.22784494802744 19.14904844184329 3.7429606649380105 -44.740573122245095 31.733751454799062 33.4178857002144 -0.33969782337288734 -41.193663836814494 -39.64791461089096 -21.948024413669497 24.04994947264133 -38.45708241745596 49.71944706970601 -34.239214712874045 -46.609538108492266 17.547974297028063 -5.728103408819749 -34.16054615115502 25.73493591650113 -45.036752706144966 
98.75461883770667
46.23229180883676 33.66066782615779 30.607470700186198 -31.499589071662804 -40.585351492840516 -6.802612857416655 -32.533226417504714 15.049816845889794 -36.19237321757356 7.816698991432389 30.301225534210843 41.3615845666196 -46.602819044414346 -2.946347449715489 45.87695352401596 4.162875134542276 14.811109039821034 0.44463894960669137 41.22776848401915 24.914468764821464 43.31452130831494 -0.7958727764970206 
5.869737759362204
35.41693524295269 27.01638122225998 20.425950486605174 -17.9632763435161 -0.7404342237469237 -47.963216972040314 1.5832678730206027 0.7743941418131257 -3.8853509404457114 -9.533430210168106 -3.2855378448619064 11.12477657994068 -7.694608203862174 7.658065353608897 -0.07939456540530898 -5.347084221645105 -1.873352155430922 -34.282429299742056 46.66342145032229 18.211786378091645 30.073360831159917 6.027452422338641 
78.84084966595678
-45.88891032999544 -45.5676263934602 -34.79245400473084 25.73071908794408 -11.249879000795438 -12.380870927817988 16.132776860530328 9.631251493901893 -1.7055872032754849 -31.80853971625065 28.455755648473215 32.39039518851604 -6.879595977372922 -4.351469217015705 11.540321558988353 37.00431323925842 -28.478083794773944 -48.07625473430448 36.79387920345653 -32.921413773476345 -22.433272173284813 -17.093803142730103 
86.09352792013301
-33.816007645645456 28.01108022001158 19.37604729661416 38.33291802840438 -30.997981667392636 -41.17548208509415 -40.58498835629577 37.073876095621344 -13.356489592544804 43.14691549205703 17.65383674476037 -21.131176969769673 -20.362827719536693 49.394147142457896 -29.35545387010888 24.02704946109766 -6.177096736969354 40.74837735926498 -7.804073916197709 -40.57002781788985 6.748238412195015 -34.58658315969214 
27.686534423143893
36.45749296707169 -4.845567612030607 -49.214784199762086 2.1703028447466934 -33.83038783996878 -12.247982618719774 -5.917962893822462 43.51558004772839 28.59452902163237 11.723973116028844 36.998375556380154 28.869229159460616 43.3064025983557 -23.742154521192383 22.59126125734116 30.413191033932478 4.433104036150205 -38.10346518163485 -41.12289839699991 44.68172940915028 4.816167574253662 0.6107026573218164 
5.5117299742084676
38.63326400847194 -38.74765953445287 38.23399379470706 -42.55413918086926 35.22161319566128 5.578014437688083 -31.73436359282993 -27.40726548162977 41.387137868270784 24.81498610073828 14.0332005385376 -20.6858163722655 -7.810891789696349 17.677904480240556 14.821579878476271 3.9259508289720912 -3.77361730433239 -15.549102553136372 40.81257720857724 -21.55740766463574 19.54429864683955 -17.42717561641146 
71.54273391148084
24.42682035345051 37.90138861773174 -38.77231752747346 23.07530959046173 -39.92229421315617 20.570422126653483 34.818688389464555 -49.80436765343473 -5.413337055890423 -17.226078987201497 -32.58837161221385 -18.322702190317763 -43.69033752287631 -41.59478592277965 18.065065742670058 -30.970011993931713 -0.5513075388341022 -0.13823437350561818 40.42203452071465 42.12794698288114 47.70497930302349 7.618371158342541 
89.01990432716741
-31.268532223523405 -37.238987781898324 28.593557729729454 -40.517917344211675 9.151959833396695 -29.532012648040972 39.413293620007266 30.0873234401391 -7.825467818941966 38.25974973408228 48.35195985912122 -21.830646271947074 13.840232574717767 -26.416064166667073 8.031219164528515 16.381650349328027 26.803420071237156 5.035434006310659 29.88329046796582 31.06915080348044 44.717987030477616 15.396933116835413 
80.93586870874748
7.820790714882975 33.4694607654384 18.93576061097164 23.65171959944682 -2.2662947980389703 -0.9417276678558721 14.075810767927607 -19.643246873198805 -37.99793643740189 10.552789048290478 -3.042149919187409 -34.78380574009937 32.1504294186377 15.768941595887497 -8.578945042162168 28.769214430575133 -11.436345780294666 17.19662226211767 36.583135182258815 2.7081656454029925 -9.07767277235989 -23.81875637469455 
24.465942547349428
15.88939293665888 -9.26523699901395 4.482199490527172 -2.9919913828577407 -23.511703454285104 18.363683645731726 -15.931837391365157 44.324964381891846 29.7621931318629 -35.2223902381159 28.372536850611922 -5.7766697359031625 6.060226294258719 -28.28583176327335 -38.77940853210834 46.74271407540668 19.52039880792188 3.024419045043736 43.25308771770729 -13.10404545803646 -35.680433627243204 -5.325536741680423 
69.90953217827102
3.796322585325939 -17.60695182459616 -28.787517392980412 -0.10254182606929874 -44.99462969526425 44.21620329414495 -27.53344316229266 -1.4376367332925568 -8.795403260432856 -7.458781217607481 -44.17954242080487 -3.313692517364366 -1.8113943452504842 47.90805877559306 26.62182087328459 -28.018623996434165 -29.30304084578248 -35.700694619186024 2.10899779471454 -42.0924690191129 5.746495299055695 -46.51554390412219 
82.6999877717597
-27.567341015559464 -8.104660492826675 -32.600034847109306 -11.431130170057877 37.96587530865769 -24.735531948915224 39.33714951668128 -30.85782969511044 -17.066533694134613 3.1621198218130218 36.76080822518804 8.479653527428233 -24.669900986929793 -18.199059073329206 -28.742775478352243 30.461036460005218 -10.933787638152403 35.86727105998338 44.41099968709743 -45.717829646742814 45.04581727051537 24.596478181603004 
32.335920537366114
-37.028738038157094 0.6471755659058687 -48.472178323661886 26.13586817755656 25.467743081046507 -16.357874861480873 3.256830797036045 0.747557813077691 6.263401397117342 -20.42190201604891 -33.727267896626856 -19.58234031029711 5.687456232504985 -14.7398328625478 0.36295888057288295 5.4926551410060185 48.62428199289991 35.208735615541954 -7.913635752027936 -17.74944226570735 -20.21552468172263 -7.168262111798327 
22.46120687858949
15.179385076379475 29.607067685761294 -26.46144698562366 -40.716376305904014 -20.591901174173056 -13.54738110410095 33.136068939910444 -23.613293499532475 39.92147196549483 47.95408635687028 11.585629651537744 9.669928674702774 -36.25889184249252 27.22424670399485 -30.437094859644432 -17.12682498487036 -48.569304912888235 -41.92440456284352 -6.749060325139013 -25.16089637590275 35.084262822279726 -22.509351796209188 
21.410013017084452
-45.59779606288874 -48.617932802202205 -36.71245029953568 -31.99388655386992 -20.937658311957296 0.3494484242793092 -29.741991056823892 23.543229737286183 -10.754818824352363 43.12986196238438 39.0115427235159 18.732817922556094 31.221373490912526 -24.616023050137613 48.34209362584204 25.247198839807623 -41.3490397095385 36.85259259765023 44.14004021984837 -49.95814542150663 -4.761075302606834 -17.828143670548336 
55.704791101019104
-47.90511731916044 -10.867586777792582 43.20507125196734 3.769997005330758 -26.59985006819703 -46.540372764834444 -41.043830126375944 -36.36437933173825 -20.335979116517244 -33.195029544496464 35.55566411501235 -28.491969808335238 -49.60630360737169 2.4344957733405153 25.860746328916875 -47.518667753185284 -7.071368561758341 -34.26968596022887 -14.113106613037317 4.5502396204159865 -19.54536585478873 45.56208887453373 
23.589215244623507
-5.373272628841107 30.153675315881543 27.21829985866438 4.437476514364377 9.739814606367581 44.38055338719724 -27.960511977960678 -32.22042748329904 9.429832817212471 35.12103115858717 42.040252966627165 38.163964997961415 43.8055425896588 39.97415771816766 36.576210214697355 -13.407593320585299 -14.185460335317778 16.51489718556809 12.506796574919917 8.100063493919109 -24.015633038861072 -28.868574628681078 
29.324194036437213
34.11086685241766 -6.77615816478513 38.29471994039116 -3.636725685907358 -9.308194330165712 46.23108060313491 -23.293630408050912 -49.52303479266311 -2.8694510090790857 26.63678318655309 -10.116177104460142 -40.54406246888197 -26.813334698209246 -22.78167747336929 10.480540072077694 28.991126738586757 37.9173850719433 6.352270299145822 10.001824855726028 -10.877983892252466 38.15475597705286 23.32997085257925 
58.56539133177612
49.883280443256055 40.511676846568406 -21.7571630613822 -37.03102576320401 45.25677675802089 -42.77976411338328 -35.148928048803306 5.565623448688797 -20.444481780272085 -46.84359725037797 -14.818480434277944 -8.689463899585512 -48.98927620066333 -0.9189579850524154 -19.442564505195026 -14.168354386761294 3.602599545456073 -5.572095421030333 5.344938072818849 -6.510635273109202 -49.929960350507805 -18.104927553702964 
6.907994259879013
-18.870720913131557 16.55394242203812 15.64711159311122 -21.904259626553046 0.5947561380211042 -17.52659262188685 25.110962701612394 17.043094941709313 -48.945193917615356 28.003558365361584 37.14938703258902 -36.85250019137584 -49.18425908054029 -44.081665828435156 -19.178445291135795 -22.2081953387666 7.523520631834238 24.581047505946785 0.991156949060489 3.715218781036455 -14.473087500448678 14.510108354010939 
99.71820208563012
-32.10861621877245 -30.340117254426048 -47.78321188146677 7.671423483886798 -10.64544187186651 15.814940058265876 31.90648870714388 11.724030453328638 -34.377959741207356 -39.582594149070445 8.154431430626794 29.44629491294063 39.1928867857027 33.273873889155354 -19.188697310321736 26.38427038490893 39.060088584177294 -18.743581697816936 -42.83614981484233 17.814671107329588 -48.7446564764283 -36.10262474836139 
5.770011320938295
-16.908189237345496 -2.847346880211731 26.207798402904373 11.407634670631175 47.753175748544734 -11.411050574343037 -11.103999856782686 -48.779570004382634 6.226067051107243 -15.182987187600858 21.650824477423342 38.41429139944363 -33.72150444558527 -2.112021457772883 -18.732354067870638 21.75167864026035 45.28330555624669 -19.732255771257414 3.1332684897230934 -13.388746206035108 37.91524244129096 -18.676351516600555 
81.94931188672638
-23.475468147904934 5.076562134357019 -22.225231916864086 -34.438164741526236 42.87082355321466 4.647434058793024 -32.718702596455714 -35.621725653556794 -15.193752353830128 -3.9167430663607377 -35.94458328075203 48.09110333363516 -38.47780994230472 2.9317749327071283 -49.291852856423404 -38.70919999650234 -5.426961254098558 10.018626495665636 21.503688064360134 40.03907479875413 29.282626368640464 5.35079416428966 
48.7747929037781
-47.41343564964426 -8.866710370094523 -49.28686336044711 16.459747638874788 19.157452066424497 -44.43898709546688 -20.515960942096 42.553536350463986 38.08682947170119 47.72465570306642 -24.628047992590364 -44.27713127366002 -41.415217541352554 2.5867836258613224 -18.42462608027998 0.41668837303463135 44.014586233905476 45.03815749047352 26.294627929108742 19.51089091319534 -36.18940912526539 -5.182541523047647 
77.57457371364984
3.8579695705974544 37.02470387486623 -38.3775989932271 -41.86687492814427 4.0693371846178295 25.978621221924342 -27.922161710597106 9.13130279544243 21.44013095940862 44.61229130215223 -37.87893225305648 -9.233731425820991 32.13331374409782 2.857315106991763 -24.115956967719633 47.119597630594896 1.571919255029833 -44.27267125145795 35.2967480815761 42.86881098939919 14.445331998066223 -36.194355261267 
33.40546737843913
0.27101449751882 -20.18248407402772 0.4237420553981579 -41.205685598214934 26.25318423035857 -29.46786112475792 -39.93754687348 28.517808395094818 -28.505467975644738 21.441566177084212 32.37101325069219 -7.403104869154539 6.062075253552187 41.943731429866034 6.6873715861487355 -25.599707772877387 -20.538655026039475 -5.107064744906921 -36.94352489479293 28.127607949724094 -43.11002152527524 -43.84237076749766 
37.48151308671874
27.130189761171536 -11.967324366698605 -3.069698470963921 21.50639301948702 44.95017817364797 -30.08819175493106 24.351581242632903 19.215989843083022 4.727808488763266 11.10874145695631 -24.907260615790726 38.353987140466955 -47.97846270305601 -8.903271894620588 -18.752215607983956 36.49644847219999 1.105009578274462 35.476971793348085 18.218367854756465 -21.917519075982884 15.449579052299384 -4.414698246018013 
50.23177045646607
-4.832282144658471
43.45919641454438
-31.622572373319557
-8.013880397752338
22.108314242430183
34.12849241438175
25.625512796896757
47.15756230711969
-38.692430142901145
22.07221331013116
-3.94354546121901
13.288920213310398
14.223173619359017
49.25155563558431
-1.2163361253593834
1.937075205837722
16.913814905762266
1.9130029441372969
-1.9917034358363992
-12.01506283411615
40.95987997445404
-42.017271895008705
