constraints 223
variables 22
-12.16601432048676 -47.98903110942017 -15.198203342580065 36.68255525820415 0.9416313394552844 -22.18408774688283 33.684360167751194 24.790467008813536 15.814936990586403 10.162154232263397 40.81172807912226 -10.290649518652884 13.186051801904085 29.913741900195504 9.794436656705741 9.651743481315869 -40.81733785334967 -1.59982650233178 28.22157434978304 38.93552753891238 31.129755673512875 12.880514127316012 
73.27923659626747
24.88743161761829 9.092074298048573 -39.078441729696266 23.315034599606065 -28.992945768702228 -48.22398581991233 -7.276131220065693 -49.53842709528995 -27.689966099865604 29.804294472566312 -8.144745241346193 -30.86112509867076 -31.992806601020753 -40.603774740807474 26.902115027040253 -19.41231426226682 -33.46018744062047 -34.869072812079196 9.224740429159382 -15.457290892663188 -1.520528354957996 1.7404295974093316 
15.30357210202592
25.736778858023683 43.914113786738156 -18.225936666218377 -43.9109019077104 5.134063644504359 -37.319613261027804 -11.504896924441091 40.31890538935335 -36.37760638210476 28.165473410646868 1.5151779837151764 -16.058836446608446 39.35184931681988 28.38997214170581 26.441429231329323 -36.41538561188784 -41.01123087671124 -48.30332369336576 -0.7939714148994099 -1.5591143357201815 47.861376949398476 18.60834342492511 
80.7670977689778
-28.024203326468744 34.305276425183266 -43.7191576535919 -31.48533171171103 -27.43798883803442 -20.525980192633607 37.46636961151485 -23.015172489853818 -9.573714472052217 -14.53790010638464 22.014683589283507 -17.62027319828926 -42.76977804538473 21.79465738805753 45.67856962325277 -17.08932304820876 4.154324850374877 -36.82976053574588 -1.6469117774137985 0.1260534176358945 44.530866298403296 49.80004300807572 
71.8663761175886
35.155310277889555 -42.128123219002674 -34.231001282909546 36.05309325288064 -1.8051231695342693 -36.43562200226409 -19.448809704411662 -28.92012341465926 -0.41868299135276743 24.555692122123645 14.144061534452518 43.855426041573125 26.44157415708669 14.027534758265489 -32.75707824553716 -33.15382228354477 -19.820265492577693 11.35828295034954 4.459296220873945 18.731723625396754 16.954214957036 -32.40132707802772 
40.793699097527735
38.07250514083036 15.818867803800188 -4.763089634874319 -40.59459750198666 23.52552870400065 -2.6540429842097453 -7.79502381388 32.178870319930795 37.1321465533904 29.31856414866833 5.878709632149452 23.668515670236218 10.815239035433109 -14.525538075899036 -20.750022857953642 33.710437563656924 -49.53859081000142 -31.696956534746757 -1.4999067660780767 -25.678065216936385 16.827078574360968 -32.45856521616357 
28.87937656960762
-17.533509570066855 37.9956631555479 2.285421995398309 -15.90146901091034 41.84404809190538 -25.77373812159155 -13.47459533575239 -26.636668010774557 -25.926581523661984 12.772636355413447 -34.562954048735264 9.734861909015827 -37.53438851258848 17.614446194489773 -7.099098451876209 43.67332264252916 40.04404532016859 -2.968929470434155 -40.50522678320753 6.4242466389549975 7.549495663168948 -19.438393757326278 
84.59711286414291
9.3317058956969 46.87476902761816 16.132851241407195 -43.7406942470003 47.213875664199094 -39.293962444490575 8.000476028344735 -11.850813479246959 46.61212662572713 0.10489069839467646 16.636760808706526 -35.862273602322404 -16.97441391300589 38.34710066528517 32.81163533072804 -42.00472677635505 15.168864036363516 11.541204749462587 19.851967773753913 48.18334494873281 48.84148650837585 -25.61801201298345 
40.42742021627204
-4.127549594763735 48.173264797917454 12.851008220621885 47.19936986261382 18.085972204005543 -42.18927580572678 14.758324821255314 -29.71725061894125 17.26465109560725 -13.964619514675732 23.72663762333569 -21.291072872603113 23.56577974593816 25.855527587639486 -7.44896343088358 27.94098681114876 16.855711006044842 -41.211064888122706 7.824669048836739 30.981108926952714 21.623829126193016 -5.645370711304153 
29.302546980460352
6.722998875198904 9.94067876131841 47.21775041873063 -25.31710323755346 -34.0594212260836 5.1024334540014 43.48221821126734 33.31731971950501 42.66750026122672 -48.25150713391078 -22.198253478023698 10.81822227484713 -33.28977345259189 7.008435788399716 13.78052678235293 -9.386123085012287 -48.34918516563626 11.629166616286746 31.560652282908833 48.20858327334257 41.933707117046936 20.052578514006058 
28.544190717039307
-30.762587656750263 22.494210647522678 4.058601677189031 -28.126460722006907 3.362020876237146 44.87457625112725 -4.141957114912955 34.594499901887204 -17.363888695319538 -35.113125167882515 3.4141409916601617 21.352317459438353 45.17605557156101 18.62016720839928 13.29130684053549 4.021657802331937 -17.19565821944868 -14.047281851857676 -5.525977281524995 42.84731159830099 -25.209552793529866 3.718327943566557 
80.3684546637475
-35.52679705504404 -21.104206087052457 -5.710918373729413 35.593804885991034 4.663034994335057 25.636516094073883 -30.424851830161202 -40.809975249799365 -49.43331767697303 2.009725689305597 -44.694490995752226 36.512950028245754 35.062296680848505 16.886087938030244 -44.0582075166374 28.35757897561136 -5.995282389827729 11.853425401876983 46.6906775068075 -22.255373177247563 -3.863228725228737 18.503252307648708 
85.8185740082748
22.325064281254654 -5.029400520875569 -34.01597731340591 -12.164360504486794 23.501926192711338 32.122138642928604 11.102017480408911 36.104384022143066 12.138114951594936 42.38251142233199 -2.6672301124702855 42.04148020374163 5.113546657734915 -27.76406777951903 48.81298805469942 -22.680387234403565 17.01443549121055 25.584531037357237 -29.28508115409655 15.339526946875822 -23.11787223064724 -6.8837826913734546 
8.36222042031698
18.73068509154899 -38.781649263657556 5.052530290422375 14.028314114768463 0.7522396098393429 -28.661678566876436 -29.060774478459084 32.56535045203394 20.204320080787525 15.682687694964983 34.693060881207046 44.84384036431882 41.8228798040783 5.843756856819994 -21.705925094711276 1.4401269070901748 -42.88033415352568 38.83109139692874 -46.68656809606442 38.09083231296401 14.242129474316485 17.495983711107286 
55.892677311765645
-10.859514129888979 49.66640896858135 -43.946095769655415 -12.158992931729898 5.540581223820318 49.39973772073856 28.288567868633052 14.19299160767008 -10.08472188037667 -7.142996924715575 42.29072967221029 35.86992196952539 -17.208923150853614 48.68935246082337 -32.520576437108986 45.01373845766565 21.29477954426487 -1.4188668513312663 -2.8271759544479664 20.113322432469545 44.456067453366316 -37.605353756137085 
53.12051982493116
48.21866746145092 37.70811510931098 -13.969464515141304 27.178414114282432 32.33922234527196 -6.738385204831317 31.98487421593761 -40.29789312090193 3.5485557138323145 12.73470787516169 -18.17768403704447 -25.745918087126917 9.368148318030336 -6.2467621248040714 19.64796088239605 23.864545966631525 42.67902931257443 23.192894744284473 16.14885302528262 -44.644648870111894 8.710668837379956 46.31676347022555 
23.88928868333905
-34.869088624889 1.5823339840020267 -6.731178816686011 26.282477942212253 2.3595724840514123 -23.57705380564742 22.216051021105542 5.0242619323562465 23.613454848100687 -41.728812670679176 -18.11126202964799 3.762982256228817 16.804253587764876 24.758428973555894 5.350658486339391 -30.60719651220436 41.647085506757435 36.00284407703769 21.53784276154981 46.59611890146998 -21.096046166449955 -37.8061967357268 
61.436624924221796
-13.876095354527827 41.30295769293224 -22.97851923258436 41.728773880796794 2.791231084961666 -24.701124357772507 43.407349438818784 -19.68653899766367 35.278343153786466 -25.26466299813658 16.917043920330997 35.32289391119117 16.56609421445981 34.988256962087036 31.78781744334198 -37.919508840180406 11.197698035798297 -0.685186182808053 14.678674817990654 -49.0925421738705 13.547138486727405 -12.098289486033778 
42.051926468222135
42.765669168583614 29.887793255561405 -45.498954207732076 18.520834837309337 19.431851667464713 -13.706857363433599 -14.438371172406619 -44.451349627978445 -19.770019728479415 14.264692207741604 42.408106786117656 -27.439729459563278 48.305958510608576 -33.5294491857866 48.28978193766115 25.82839398108044 46.01057176044921 6.091353461141111 39.01559911112412 -5.578068717636455 41.163823567924894 -4.991479772245775 
78.41121113876747
17.05517171983081 -6.194271102882809 -21.566890776771743 -12.021355401248854 -21.14804604281949 26.495719128714967 26.561829911482874 3.9085866458833465 42.839949573268086 0.3048164333353611 47.460031507753726 -46.0101430488737 7.4158701102285605 3.35175361999336 29.609775393194823 41.980116913265036 -1.9267597700264503 49.06631678966099 7.424388450745965 37.646478685095644 -30.639861138156544 37.320115800600945 
18.519177386166163
-3.045856069142772 1.3350982510229557 -46.85290069519101 37.64124160086352 -21.224267762556735 23.715128832436577 -35.01686064895374 -21.10037146624928 32.01356216999508 -9.539376260373444 37.18602106782829 -44.699640937751 0.17156779283110524 -42.28232140835295 -9.945762106570946 -27.42090633364057 -20.816826109232267 -11.160879388222831 24.645001940860467 12.937549705100679 -31.30409118784244 21.63137744775861 
29.39889942912729
33.52800324497326 -22.96689716336808 -14.974984292422356 0.9107048318984354 -35.60645957701598 -24.302469115767234 45.04265810215526 -7.857179224018196 -8.940043803987727 -49.4485889338649 -6.761330802694673 47.95992135705299 48.08853219947987 -36.298321396240354 -35.289141368771766 0.0703404452798253 -18.362843834507416 22.63900890983983 -12.6647943813158 -28.70817848110685 -38.559440801634324 -48.67643272561085 
69.05035351614723
-17.483729343161194 35.60871900397784 -28.31997410089112 25.81948631366791 -35.16984661573508 25.255757582662014 33.35889574652252 -10.67710893365932 3.954263835691876 -49.79005205689139 -25.35925616928627 10.485350366030168 -15.501444886555248 -38.081296705530264 -41.995535710492774 -7.381725044940843 7.484837385476517 35.15074631271274 0.15019201364222567 46.25724853335585 26.17208097025157 36.21089942389804 
58.16207372678879
-43.29851823567529 -17.573811643262573 42.12123520201601 41.01560048444206 -5.187609430793117 28.708071627477096 32.58559102545992 38.77876173570441 31.804370884092208 -10.789096821206655 14.542766030523609 0.6257538680048498 39.561541604927015 47.75949796440658 -32.27302763598375 47.1765905384417 19.440092819028393 49.791712699830654 18.89238723645302 -27.304566525510975 4.566578301105018 -28.926098034733073 
12.22197115416771
-21.674987171415903 23.318333621283045 36.759396958815344 43.9289483427666 -21.19596126193979 -5.027051366201171 -29.01894279014782 20.172687441162395 -7.9909720754081235 -47.56049179181922 19.37598173824756 -20.85107331428382 -46.81847284062673 -48.464868130562955 14.772464369524286 -9.422357370045717 43.846191502485425 31.446041028265967 49.726333556524295 8.800111637174211 -10.805210065493021 36.81326867053269 
28.675842197800318
9.309946857860716 -42.89436349015856 -1.6911613610096978 -2.8087026158911925 -17.218706554517013 -13.012405763363297 -4.380977131603544 36.12768099995036 45.52051116018987 -12.717782957857693 -5.572885733840593 -35.55451849290168 -49.243955412561746 -33.272782471205346 -42.7111275878673 16.04705706877796 1.2944431716666784 6.378914157138162 -22.780355678487595 43.182840527910614 -29.191255518570557 36.91088922778411 
22.36288432458301
-48.18625398625669 38.38874461738958 -41.14940023795766 10.285617693608216 -7.2268502491893685 28.970968981965257 32.185182233932295 1.2471614887457037 -33.34614343259932 30.879406867837176 -33.83767637374802 11.213188335773452 -49.94747284259605 30.94636346811042 -39.86854301923872 -2.561966768328638 -33.863991359792735 -32.453909388059365 -18.08478556099188 -37.88614007121098 3.451104415456861 -47.63788426934414 
71.47050126431986
-47.11383662674024 33.48128540331372 -47.17754611475578 24.493132397538503 12.960816867360428 -10.339016990397539 -41.12480112044577 -6.86050988706063 -1.9213560183319416 48.38998242533518 -19.85971305997831 39.18320671340733 32.80934003380386 -3.95239102521122 32.46142820581136 -11.305626060572415 -25.58274032137371 -24.911640944202638 -23.504421455926217 -33.27663353464946 -11.022555295207106 -22.99234610774524 
15.21554468767472
35.490834882682904 21.471010852937837 -9.701527549272924 42.06461333548778 20.23000936219171 -40.73519023580198 17.476588528012257 6.99038919187732 33.09694267754294 46.68102176587416 46.83424206361096 33.69826430816154 -2.5410928416374716 7.28820187803165 1.7890196372843405 -21.796683270157015 -17.609393998575975 -29.904025194136498 -6.473156376356457 -33.87743410073021 -19.64749951873842 -23.98854290099195 
21.09492490587219
-15.862023340569685 -0.20502328640199607 -38.28381578980384 -2.817409889757016 29.67371908748821 -1.17330701115376 -20.451827852275596 -22.46504435537733 -7.93042235525904 -43.89507992800201 14.024442315507216 37.27639800069771 48.39564899088174 -39.24973293068909 -1.6847718123240796 -31.622140493475705 -42.45824940141768 4.3576643849742 17.281741969004443 -30.916016366064802 27.328228375311696 -24.929938451373022 
57.61526730361412
-41.676788530944904 11.1231753587682 -13.799223289495984 30.166046160163575 -24.04411128766586 -37.18569530139647 20.035014991346173 -5.273744323667707 -26.82745516061269 41.97204185453816 31.210562414058188 -36.6678369436833 -43.56349860874494 14.653650806852198 33.47221580550078 44.5762395072842 -26.927988334514186 39.53651374945315 -11.385953626501667 18.470928049236704 16.93114739129463 -36.06804022822825 
77.06808583380209
-0.9185641182414912 -11.470293220985653 -20.28070413557147 -44.132368592966706 -49.554258689611395 -34.375580181887074 5.3530211218014685 -48.39219786587419 20.225792191163322 27.410778147564116 -33.1655601603502 -6.454417973145155 45.0846497959637 28.352845221638646 47.902192250352485 -34.87389178159806 11.960101913904978 36.11343168508674 -32.31548458393628 40.99143580000282 30.206061687444617 32.13502850246958 
72.66929107803655
-19.077375331696345 -19.00115460685573 23.128988215774754 -0.9137398114933077 -27.814520756790774 -37.54377963100206 27.0623823929119 21.659037908363814 -2.6052216406432507 41.592847136204426 -21.81091639606344 -44.827153612966 -43.71856699841903 -42.463407762389735 42.2535863556498 16.41718223950606 36.64149075924439 -5.644098862421224 45.203154098889414 -14.199114265849765 12.265427358515993 -43.600747021045315 
46.57588882312768
30.300405963767602 43.79074825721891 34.22346245583499 32.18934484607546 -37.60971663264346 -27.809580467764828 44.98841542903263 9.836380484301053 -36.78182030444683 24.00415997266694 -32.37844717892659 -33.59807822639479 -7.474903107556408 -7.560795413159347 -29.89375152537064 -14.853637772406877 -7.325365397789028 19.111659527351748 43.92399414945565 27.858379194671784 -30.35650855962143 -22.530926189323385 
68.9810563518801
-41.83806678846099 -0.0613608554727918 -49.17055941683951 31.276100605125805 19.469294277776413 -30.855064382656174 5.491311877980763 -44.88399569616999 33.90392639724496 -4.829845722879064 -17.48571215471395 -8.137062129366498 -43.025878529733994 27.24276423850462 -29.461358964159157 27.99646666180763 -43.13968522102974 40.33102000767094 -23.592604432154253 36.700313793794464 -13.114006326657176 -36.10978079254927 
30.37369708914167
-0.7658502161179044 -14.925788078331067 -6.291707686235156 48.32081961564725 -34.97344382702463 -34.351301332868765 36.10810709787654 -25.30825995210918 -47.273888636234375 -36.07940325267865 24.878248298573595 46.71968417636816 18.373300708324905 -41.79106739830989 33.04218852473444 -46.92936570928161 -18.593209454529603 20.274875003022203 -26.06080725975548 8.153254159130952 4.393305392861343 39.206961054594885 
99.07843562625207
27.121297383648653 -31.828811016467228 22.776421508757835 -46.15880192768091 -34.01197805911216 -29.476489354352008 4.988817038126179 -3.6557339614740982 36.29170828729353 3.5473075983594313 -21.10978661733466 19.640871461991807 14.395917261423278 32.561403929276 29.643152300585754 42.92390235006842 -8.222404139530667 7.695982891798451 -35.530306873699956 -46.490686938987324 -45.44923714864374 -11.767141765003899 
73.26587652018308
-11.884045757849456 37.9929453320446 49.31624768905753 6.523948670903643 39.321374742268816 -25.013878898204712 -29.170470745249045 -24.344298518928586 11.061362616562079 46.05345780512364 -20.96567782588855 -35.10759485344538 25.654326027377323 43.06762381264765 22.993978388275238 -6.356284855778057 -45.930154615059195 -21.273953923864973 19.85437126059179 -16.46991954253612 1.024087927330875 9.532941504106795 
45.730617580386244
-34.73987122025311 26.972940262867724 -8.702446758064085 -17.750820386157343 7.10658377907825 30.18712873554132 -46.94749555511299 2.7205991782065055 8.941287055631328 43.831777537356544 -42.184244229182134 -3.53119786496071 -16.378069333061596 25.33615939852291 16.764102824464942 -14.981189866623708 -9.019898614180036 28.327737010521503 37.1558278247699 -20.354604387708697 -1.257637911407329 -48.98224098859505 
63.73446704702616
-33.788957670008514 19.423004628257488 49.16407663951017 18.365356076032953 -19.727696494269054 12.55924181357122 -13.399958013515942 3.3010129438469846 3.1095169897759973 47.616580730305955 -28.19333304108258 9.741057218385407 -32.364480149704306 -5.525827465935819 -4.881495852472092 -34.75319405684797 -37.93514941855641 45.60695772638303 37.89197468512202 -38.90970736839965 -41.224301134421104 -23.08653598910474 
22.328166003563176
23.76191632819061 -24.027394831970472 22.595124390767424 8.630402021613584 33.63053612480435 0.5587773968713208 -26.424932459597926 -25.209857740778684 -1.8557259881892492 -37.947457343356696 8.65127310651804 33.53310792841606 -43.02009513660215 49.433390932870296 32.911119722569566 -49.17925387038046 -17.806843039686818 5.478708748087669 28.891301686305297 30.790452892404303 37.691871407305825 16.453167460514805 
72.54917480829896
23.131295514812166 -20.751587990891018 38.938480206898234 28.31859384243633 -9.369832615412186 8.787301982947625 -29.857967036234633 -34.64467402437083 -3.013308396171624 44.828583181156574 -26.801329298131538 30.534222217743462 37.983381815867816 34.736921780359424 14.780683607302748 -27.157744675283947 -7.289072722423171 13.821011232973156 -41.24312571384397 38.51866908770181 15.786662135767386 11.347356123148046 
36.69229657214548
46.62541815679279 26.367662190800587 14.177077304021921 -16.343897721041998 10.688213860851612 -24.751878914642646 25.00385053788439 36.10565619084373 43.63040952255527 -12.556059308965828 -5.934300157188275 37.5409097541865 -29.570901865889375 -15.594191891535615 -39.27718217444325 -12.8262140242987 25.754714879905833 -12.634759136247666 14.438195845691652 -2.966921425997107 32.31260476406493 -8.693573674299834 
23.467306966053602
-6.273774810278034 39.686895081673086 -22.330080314208434 -16.042340459897083 12.505006233984531 -46.80583158365377 3.1325534983660503 -37.82143941525212 33.33307259122873 -2.413603642629667 -38.32877157986924 38.24595241193475 1.3289441987623292 41.399642878313045 -32.39353171410549 10.976731225236101 7.258929296329498 -45.67292947266062 48.434986330911755 -9.598541546194959 -22.31982684491589 -17.798152187449844 
17.998711785223698
-13.016053745895562 38.884847743958574 2.007525332826198 22.901068225334882 4.74070821966707 -26.02774188391601 -37.20946709760911 -31.93047783638846 9.222783446136198 -11.823568626345427 27.431474311896125 30.976793156252043 -29.28299008365609 34.00252668306723 4.938870891105687 -31.728764134559274 28.043325469149238 24.776204666790917 3.261160656193695 3.430391398776358 -21.030794726505043 -17.114145460995935 
88.56960479997437
-40.460189659143566 -20.46809774446442 27.298363143690935 8.547010322351213 -32.5873786114886 26.453669796164533 3.8549171262612845 -25.576019056546595 -13.99640469559926 4.35464701138212 1.404053514724204 -0.6633657184070074 19.43469510826766 2.6127071789138085 -22.994971909390095 -40.96340175793824 -47.06255883868173 45.488989006348106 34.235288362409605 -24.933717717782677 -41.369369450472725 33.532435879002094 
10.06166756468322
20.219274903816356 41.290314078006546 -35.70379035976379 27.785640337215185 11.43792686808942 4.132138326518017 -13.956712919761593 16.24885291042027 36.25708458152445 15.114504099111343 39.38819908553586 -21.214193912022516 -44.514972871294475 45.384206517699766 -41.28370823381836 19.336458718959094 -12.980322767133067 33.22459355256612 37.74151690507611 -2.31778454298923 3.5301784911094387 -0.7705397348563139 
61.70820833402689
-9.0553829191686 -29.809001207381026 1.4142609692053156 -27.488108291107615 -15.71323799527449 7.737695794047518 -27.41054351868294 12.408672193146607 -49.81667197827747 -9.179449039025926 26.559091483540797 -12.997712163639832 2.6758132574913205 -18.0356796915758 -45.428970318168695 -1.157535771834418 -19.294608999919205 -42.60068807715949 -41.06651690156606 29.237671892526123 22.916602820595827 2.6111404127533646 
36.82580980558885
-12.219961407654637 45.25080002782747 42.663427264579425 34.06980562415015 6.599566146496251 22.199153064279756 25.179839846687656 -14.008972704171661 -20.490580622855948 2.760709585160626 -7.67117754956557 -49.51209609029793 34.97357451993372 -37.04816575000976 -37.763552557118345 17.039761321232675 36.22260289843669 8.139123576459248 -10.04015760016864 44.62309547144574 21.86295401742312 -9.481318762315794 
43.485652341381055
41.368726294031845 35.969590791481565 -0.2596115787512261 11.175056861810937 49.2807891545651 47.92137485844411 17.976626540446034 3.6588727428968895 -11.548269042418916 29.133160107737126 4.660665624033946 25.39333191236706 46.94582054317026 36.358001022297955 -9.32927756152219 -31.080874931178393 24.886934257610832 49.377536583808165 16.91146417190255 28.32332936775275 -45.72534167820646 24.66801136893028 
98.04552954517753
37.485918092190914 19.666040465267685 -43.975956251986744 28.553398417950902 13.399524753771999 -0.9013936387271073 -21.858319618993647 25.350760183582935 -24.81680418935155 29.49352274841395 9.806894779910046 18.86825701484095 15.367892958132586 -23.733903127780167 9.605149866052983 -37.20068254194855 -28.386469471182828 -47.015962224127485 8.962225865302756 31.64753589055313 -15.775627677554482 -6.347758132628755 
44.846012899197916
14.755850416950423 27.66164431037295 27.566118315910728 37.603517845500605 -4.3244456417426775 -27.290763815621332 44.66372262980255 -1.8231489689247624 -23.466043494526634 -29.969583691201073 -32.07968241047941 3.336513098990281 -31.514727665362596 45.560502743117866 -31.432811846407816 47.589811023698985 -28.619853511049996 -36.48753021666488 -30.22011883608169 -33.93324119192811 8.464932973997932 43.72949512230775 
34.96925491990179
23.95539417637012 -34.777296209176136 16.70049258381154 27.92209555990435 -15.04709782492688 5.393671789288447 -38.23830632050384 13.776232036404238 -46.28145326040697 1.7635616213039214 1.83939757686651 42.17844523786164 35.458866505516724 24.48419198045812 21.545991691196818 16.96172743295911 19.545193931686555 -24.50867388442638 34.523455190554714 10.29168317760756 -26.54197596289879 44.01065970726286 
0.6354837966067173
23.4702315743194 28.37234107379429 -14.806446788655371 -16.058481294050544 31.447956402631974 48.34250411762501 -8.400083208236218 -1.657093475268276 23.584809795853175 1.3148597710631904 35.546441012251435 9.373478198034391 -30.687897160191945 -7.90925856515743 9.26415192165193 47.81388785510512 44.08703176056056 -25.117910638782003 -20.6399807101583 43.64104810826976 48.39424670900482 36.246411097021664 
52.25316583759931
7.281061806917222 40.53726690819546 27.95738124405497 18.056992655252458 -30.783965963116966 -17.424178500324636 33.761858992480725 -48.19569026404782 -11.297740604020447 -31.99653529098224 -26.006300823252737 2.963342150126749 -42.310799126395295 -40.376864937137526 -12.340833968763462 -3.1317102605629827 6.985834189515636 16.566538907230566 -17.121578225063004 4.988838062570366 -31.697157593642856 30.516612581218254 
63.46195544209926
14.888904001208502 -41.99373251196544 22.930499153544247 21.920453598983542 45.2755426406715 26.250212524578515 -22.576155388533515 -12.648910076016037 -43.285135683283684 -41.386795503463034 -5.534561963949095 30.41276647842743 4.392478606182536 26.44493082267664 -40.855457565708384 -43.00264633132767 15.721830648539154 -43.16300575632217 7.0115042428639285 -32.776478587535394 -47.345443703010034 33.463462370591884 
7.855556963347466
17.02427573954843 36.22275902965664 45.493916648632066 -37.22801448807428 -4.1311363577735705 -30.856107127337506 -26.63615519333299 -24.015926865875738 -23.945800490702794 -8.755272241847436 37.394164278881064 19.623637316844537 -3.479447591469153 42.0116484491997 38.08373793288675 -42.96291538463899 -32.70927143594274 -15.249680747979902 -14.644235566159544 28.172360827595924 19.40151128537748 -32.36148665767077 
98.1209607720467
29.21531217274797 -20.409321636067222 -41.61827230753114 -44.77250207832398 37.88236982023999 19.022443466517032 -8.768056281673076 44.19961734394633 -4.360337668032486 10.978648421136775 7.8056839805078155 -14.875988659900806 -41.39301639789728 33.71265973518645 -43.56168068021498 3.6249396123205457 20.018356143205523 -28.442647518690933 38.737336097707114 -10.923811085756121 -11.15087472313028 -0.10181324663990665 
6.548081077225532
2.0299808971014457 -18.41712687704463 -12.233176295544368 17.721223334570624 -11.700063256009798 47.07971531516279 15.58034586891796 4.8720528213643775 -33.78271552156562 -1.8792097436432158 -15.054380334934557 -2.2525689315838093 -21.713491156227693 -32.55796397024254 -7.532123217396567 -33.133001798599025 -11.201360919643996 40.93370062396875 -49.85284167604521 23.78110255215654 -35.08251613118982 46.17019359107695 
11.215752314746386
21.588576045945544 0.33605266608110185 -9.451713679187826 2.1643015957563705 48.2833847101229 27.80752712620898 -49.95015070538996 19.223820453442954 45.04983840421613 19.687094230767087 7.008696703969129 20.71532288000965 11.801967265988878 -5.9219346086825695 23.24927891560513 35.44837447562605 33.06332647069917 28.257668713535395 13.578349104883443 11.744358043434445 -31.290677253682762 30.764977090292206 
3.8489385682106247
-48.320213422339954 6.144982391653386 38.86542761374098 17.67928143596592 10.78952017976954 -36.83323280328999 -10.936530672314774 -13.60236460750923 44.73933933450628 -35.942086469800586 -45.0831322327179 17.897171592474763 -48.628278244595855 -14.60750539737402 -41.38678324714729 -8.176560981822135 39.04836732729305 -17.425794418308868 40.60130075137417 -29.119835744854683 -49.64259839648082 -36.688322715302114 
65.02690766697089
31.027441814344826 -15.977169407650436 -29.96714982662465 47.80477443084398 16.959619249481648 -12.75174374567942 -30.333222935025127 -31.134653874795028 -26.51147600957363 35.74647469984717 26.271963223468617 -29.55289994289624 -11.679102519731778 -20.648926028640158 49.66617959048996 49.26217571460407 -42.79278706867839 7.375649196217147 -28.486614229310582 21.945096980241914 48.55234106552345 -20.219147807147507 
49.24929735563614
-19.598574828725578 1.3167891067158024 -22.271034704479597 37.777793630484666 -43.49481620152604 37.40053612130522 -49.749739759855316 49.046235183299345 34.05093630199765 7.689754014386239 -27.48511532949376 40.40847687938849 -20.05155783850656 19.560006625951573 -14.401369772587138 34.11018531291596 -33.645166604347 12.867774499669018 -42.34962969035464 -27.718150786415276 20.771273856327966 -38.67454759791754 
42.01356411177872
-45.49938618209393 -27.91185102115167 -23.35675203188422 9.123727798719095 -11.717113818927771 -42.85522633305031 -16.065333021041006 45.898285428686066 -43.20454905080806 14.576739024087104 18.620600598343344 48.85476873830832 -27.37644096097315 20.555960242928933 -32.569752371532246 -14.662118978807491 -8.389681930011115 14.485595759353487 39.08544891600184 -38.994596950919735 6.582407356404929 21.793968841929185 
53.86823855273322
11.117541191454805 27.202985152126004 5.678708323778039 -14.490259438845243 28.193792621274454 -20.756594224709 -30.01566150442282 23.701803870406508 -0.7540824939712323 24.241154829019493 -8.646439208185228 -48.978982724016454 -47.93478596152031 8.812194290286847 -19.625473479229495 44.168106397362294 -48.063256808892476 1.8116857642272137 -41.34656654318866 16.16390774947135 47.67272036379367 -32.91216136468452 
41.573765789621156
13.506453851123482 39.001833114144844 49.74942062110679 34.96060509204159 -29.718025280472816 26.120740032702344 24.66824303625917 37.950385014110694 49.835877298874266 6.60856879991011 -32.636296174642084 -5.926420388226916 -26.15192909213707 4.924748289312433 -40.532697802406936 47.88974396650006 -1.4797197806384332 -44.64497056415284 33.64072385859056 45.47149072979305 48.07127826919425 10.540126113474123 
46.12198258171679
-36.384132616275224 -43.1507760941765 14.615863138912871 38.99982711451861 -35.13123294022766 3.10860375652949 -37.486666120211055 -31.13260920811879 3.2799361823413733 39.862541969483104 -34.88796216791636 33.68190303819196 49.26322243076157 41.20952918091743 -46.2914771083217 25.45799751072903 11.018748789519861 -13.853127232454021 -13.342400469681358 -27.152026576236523 4.68067099853441 -3.878457081123713 
16.062706816101368
14.713133664933167 -34.31371635049996 27.432221303911447 33.036546836787466 -36.533886841648034 -0.18079415095971996 -4.915202015467237 -13.677362231218467 25.264866918248813 43.96146304501933 -29.183276381903312 -39.03703043428159 43.06482411162672 43.796253340668116 -45.256016758500024 11.21647703803346 -31.913592799040558 -41.464715689141315 -32.5523112972615 -34.92244343261483 45.43099914442959 -28.798457373358175 
97.30558281890366
-43.486579156730684 20.379141182394264 17.080413363608187 -33.512926171163144 -4.066400935095913 33.330570368911836 42.65910781965542 -1.7314036495174605 9.424382292147016 -26.603542939515645 -27.293634353394893 -21.81049219281811 -37.07435848298245 3.3300166314628186 -5.898556386383156 2.0568883956493664 -11.203134654476798 -48.21756799211345 -38.39657321638307 -5.079013972367854 49.113869808690964 -7.203207686588762 
42.95894598071176
-33.11873277141315 2.557155050973506 -2.996436234789698 48.578392591680554 43.94636149044037 -10.102631332868981 44.15686806699527 -15.532233045705055 25.159424846420237 16.852939737475253 32.45162989674715 26.18531576439871 -29.186230172602357 -7.510598565012003 6.487452287104709 36.29919201902055 -29.17813554042731 -23.65048747118483 -47.20418030860678 38.15430683860839 -22.835909079691152 -1.852199860075963 
29.523062329607775
14.713686255054498 9.83194060982261 40.13264477151705 5.162255751777202 22.821587931593328 -38.20640668979147 14.113621227484472 30.153032903217323 -49.55728447739401 35.248131473646694 22.671283950258754 -45.28095943147089 -2.736121100748356 38.79787518070111 -32.78884137825543 36.48861201925749 -22.49851787190137 -36.843323307993536 -45.706808216626925 -47.75507052351655 27.840255542804144 31.625220541686517 
6.062486617003815
39.57777588471109 -46.86431352637494 -9.197298970779954 0.6266430339053173 46.25979136678389 -42.1553980172362 -33.1324746249518 3.8695952077359976 7.845840852276822 -7.894546614052885 -36.7520539737939 5.461313394809345 7.294953336276635 -12.028209877770678 16.616868410139247 38.71731643709933 44.340067142752105 -26.490458667792073 -40.116755893155066 46.48148368927714 -43.118445859685075 30.300691181887913 
13.215907367675639
-46.64990829477224 -8.143680212516827 3.352956082283079 37.12383867629191 18.324686509609705 18.835052549251657 -18.50281871394546 -14.769810504024626 21.375761481272264 16.025937547772784 41.06109820080751 -11.38427882216667 -17.581093110594907 35.41399833840711 -14.059782975131554 -11.529503111550198 -28.150519740464265 -28.55906290119361 23.143574124444427 9.281041708462247 48.05149218973558 15.931197855685767 
34.47414967749673
30.893392147266056 49.19087636385109 -19.10432135192911 42.210778600748995 -25.46920976320385 -25.877153713755106 10.395393072500305 -30.509624371850297 15.208039433545082 10.387597438507342 -17.176914741901847 -35.45359716889115 -29.027191251195518 6.03809974568248 25.76158978746662 -7.958538887623135 48.017467214072525 36.43834558365414 27.00360388332618 -5.561041042220772 39.94331571874869 -12.810192017994062 
77.36814569288948
-8.309139567867462 -10.677639589126343 -40.011444360523775 23.624966863297757 18.475470022088075 20.190026327602595 9.484866845394237 -6.861246771555187 44.801362051789354 41.21555049880405 36.11181089131375 -24.229078234578417 -11.999550438558451 1.0350118283946514 -7.6312673479682545 13.1274465585294 -48.034626482050044 49.59528008163615 8.190147464845765 -49.582957291245975 22.943274523663973 22.345423949049405 
54.80007277807073
-48.01525549911562 10.280171419596797 17.72540974673538 45.846343918686884 -31.98826034697928 45.21710025321825 -17.35979536463018 -30.37100284443287 16.92306246825349 41.171265329390934 -44.52933466451022 -43.11863854038243 15.720594430555053 -25.10755567535926 41.66090329944737 14.831970716765596 -1.240488043794997 -30.53303903553316 13.035056921741692 0.17001862181110994 14.412179493450097 47.34852315768575 
78.73473156189668
-38.94346597227162 -21.385765205018558 -25.572711356130718 -26.968397346885386 -48.531957261522216 -5.5365930577275435 34.60553598979652 -6.742012661044093 -40.071025374006474 17.842354190661197 -41.56961846407863 -0.2885268987359382 -0.9163635634722453 -39.5373609405013 -20.959053387214354 -41.372049304298145 22.57806214715407 -26.222279679123616 4.019477968308358 -30.819311469112122 -28.633343965868452 49.88858481722295 
22.69294627347064
-34.0485950768954 2.827962187895274 8.866521334500298 15.013613667714793 29.432483988466558 22.96855571799867 15.84316962387068 40.35419359368923 18.85788451511233 24.513472537761913 -14.231061734393101 -37.61482403337444 -35.976532084953476 31.826192145079347 -11.083508558623393 9.658953069621425 -34.25420618226308 -32.629301037632786 -33.99307113278134 -19.39257168756223 -41.77826834765352 -16.177345478619266 
48.26196634600082
-23.633217604919064 -19.2105056989599 -49.04369998578796 -45.263731043744606 -14.824862371583215 -8.545032253784015 47.07819170580264 -43.04018533779798 -1.9541254775160795 30.03552732279087 -18.95159461216115 -40.77898996405179 7.001395725307944 4.886796885036219 -37.1755784917482 41.74700191861322 -25.6408392522679 33.916056178590964 47.982367842869834 -46.41155919106216 -35.60617978774023 17.94937106284658 
54.8148929848817
22.1917507378096 -2.843633585604941 -37.49232729944492 -8.625568395030413 -32.557317709942595 18.313198538721693 -7.339577742593349 -15.774836197082905 19.39077143652669 -21.424951217551335 24.863693177535936 -29.31349665468592 40.91507491253432 -18.38225354013089 -30.44717355184857 1.9955044561034896 -0.732683727852077 -9.646165266013561 38.748064272065236 6.085061709948526 13.72943294737302 -22.00392191516847 
74.04488281162985
-24.4306555354169 30.54818052520328 -27.439080101342594 -7.900994057825628 -20.952571992539326 40.86033878575664 -28.707979197684587 17.07935780281676 -8.019389661801625 -37.5022021779921 -5.059022419152193 32.55051129820818 7.1684452022231255 -47.63744238036467 10.924410240858727 38.859466392740146 -35.75695414989123 2.4875327706145853 -20.916391638240416 46.33984306878243 32.620737902741254 -0.05026312529891186 
14.104965030695926
-30.490086068438018 -7.00531250347818 -1.521697332010227 14.616443740674313 12.929129469663025 -11.27834511840149 -42.09951044263205 30.557398131154216 5.491086715993262 -39.64944336784039 -43.505338101032564 27.626030963265208 46.66919840465967 34.060027328458816 -29.130000207074524 -39.55913178414984 25.59455421825922 7.916761273829465 48.16845321774231 -15.490370462418802 -38.16621368007568 -31.36413104046656 
16.185269833052118
21.180895842110786 -4.651989456427884 -24.08092125252531 -11.569817370743287 39.461039880043145 22.352216682322222 -28.53386893159534 -26.797867346247017 -16.089117085382853 33.657730901534904 5.399177153345448 -11.573798055325447 -41.20640764309784 -37.43130591097997 24.109666208761936 17.30215612743136 25.22735197405585 -9.483267501748081 30.431575881929874 13.73986690416811 -19.696594012370984 -9.643658983544398 
59.56448751691043
-18.89243189443519 -35.03797480567512 9.606717869743889 12.314497939879018 2.9947631368494854 -9.123913946122045 8.914097138802155 0.9904736393177345 -49.50767532959509 -14.326115794004522 -25.378052404865347 -7.31228046602773 26.918141774040294 30.539914001139522 18.574586617407263 -20.289357219096782 -12.032557303467115 4.564312003124606 -36.85684010171663 -32.46946683548815 -7.057313957024057 -43.83126610554567 
34.95111873986107
46.944107841374944 1.0187271763287384 -6.48152928289317 -43.11033306000548 8.992988535779858 25.424723089989712 23.037595520825093 -15.248085355812535 18.723856271886348 -2.0249862948719013 -32.0239842303976 -17.822253945462407 -12.986514933363203 -23.44296709234642 -32.56568555872668 -34.41030057021981 18.452459913794712 48.98505583506649 -9.665722908569919 -20.58654501244942 -32.324120436162694 48.05435296870152 
48.530073905228974
-18.885231963202997 6.548854726503691 -5.318820071440889 -41.41294663199658 25.44800205504633 -9.740777670780986 28.689704364180443 32.71217305084521 -12.200314197682275 11.639306842042721 -29.89216352464197 -24.097899920691145 -42.37621685573974 49.93323534445024 -22.240309052223495 28.582054499565217 14.703697057250167 -47.25430483238955 36.4931548579156 21.84049231273336 -26.660778308534837 38.05268082222139 
59.55686524626535
5.82176717753925 42.54502874932221 -33.07576781085788 38.4416551159118 -29.079062098666576 3.9605243025495938 17.0037151411141 -41.07269555760426 -43.86808224899359 -46.59085915053988 -18.192247547930663 29.126227419964806 29.232188338240377 -13.091496202295339 31.55538911902015 32.99151626718664 -20.555670161825436 37.42112170276221 -2.49531186284171 31.057494807421364 -15.203315140387055 -15.251446711248441 
33.6693814467054
-20.89320200861988 3.612445758261373 -32.2896983119482 -32.69214847815988 25.008692987046004 -7.611465752290272 25.11193573644175 22.721119530868478 24.149179528900817 -29.217339077034588 -20.00475912109081 -8.333824217584194 -15.325792647578076 38.508961432247276 -39.72351026740281 28.085405115669587 -34.80693286345834 -1.3503199797311822 18.11718120650177 -35.12750258029537 -0.36013698707863284 -42.77764346158377 
20.23488689715851
-13.960343536230091 16.666714997436543 49.79903815718258 31.850137443563682 38.92054889985384 -45.756886802535504 -7.443952186497917 -41.92144420888848 -12.062089457110716 44.061667249571656 -32.66010377209629 38.315704843857105 -6.015748501598964 -45.09875804350727 28.166914355192674 11.525426361811363 1.608699234096413 39.27425527858668 -39.96873813036623 -16.66926534033334 29.972449372158806 23.48571534150426 
79.97796783834474
29.41956437313334 -7.070071148263644 17.65732338349801 45.10471174491563 -35.98400066991543 18.61221880543866 -0.6792052475963786 -27.511961230024575 37.030881874466004 -0.4661148131516768 41.860271359885715 -18.013186548604498 -1.0060409254391587 -19.486147323009607 17.384544396838876 44.45767486256737 38.983019238007614 -16.40450738107974 2.5355506013310958 -44.87569880881672 -42.49622223849159 -23.329330259606717 
5.290362197997556
-45.325612199488795 -16.36249490283049 15.656945782543048 10.98975665288534 -10.8848404577069 -16.23830691908539 28.846758450029938 -33.37286445234552 -16.499622403542027 37.762364966411184 -33.558153940898976 -16.142596591650303 4.3487625965942485 -22.105135696166666 8.30578480881178 43.23618774878743 -49.094165695439706 -4.686733751140814 8.61197106581659 24.875547962179837 46.358147555890355 19.776854066715103 
7.333992596238204
-25.99689165108474 -3.3090127344319242 -30.844661625461743 -44.58022113509496 33.83735652320131 47.087588677008725 47.0928235050239 33.01051725731993 -7.257415220299549 -6.400027406506773 39.553787813063096 -11.790185446765555 -2.1972397156188137 1.2785603432722397 23.96260238950461 -12.321860424225626 32.75440375483481 39.02968982386736 -41.738548080974084 49.72209040786656 44.64430581194573 -33.82273516100935 
11.449738176465718
25.56759519661705 30.62870482402137 -3.9632510193127857 32.03138229666348 5.150618423744206 -35.99365189696875 17.766775606382552 -23.715334491126615 0.02859219858900275 46.87861951734263 -20.654361996121317 34.38261281791003 -2.0898238953439687 25.755688639983973 21.72700657929356 -0.8699036456684652 40.820625214396216 -4.021546271308132 7.061228930709426 19.447227567335574 -47.935540243171914 -48.998201605142924 
52.32555762806433
-31.283206076572224 25.916737554142514 3.3854804623907313 -36.21122711045152 36.72684883034714 -1.6312633063464972 15.764740778207965 17.442607221836354 -26.822192542280455 37.27335037731275 32.12352368846946 45.86447026190666 -29.41332693586045 25.88012452387774 -7.631063279081864 -27.067031347183544 24.909342206711685 -34.98073209962167 46.50642948799717 -15.600224243089656 -46.68481981682036 -13.911376912146153 
8.640869746803205
34.528411638388846 -19.713654591610087 49.51701419322656 5.579546374352297 -33.15745959963766 25.577649314117124 1.5220145481978946 29.988876950025784 20.483414074369122 40.560969926674375 -24.250402114500837 3.857359400593964 2.7581330462065665 43.091589215570266 -44.222213743276285 -5.556845717540661 -16.83257585139468 -4.727985013190775 -40.51415382006198 1.9353813123731527 4.533647137840646 -46.647775286681416 
16.93515986649048
-44.265924873642206 12.806805783859353 -5.506524885327934 -10.32257091926028 14.55444610160258 -21.291662437732416 -8.763854888823552 -28.699620924332304 14.486973654278927 21.579536443302942 -38.74966081067145 16.54069064710086 48.69551641596259 48.63339704982056 -32.68872693558497 -30.561621039871124 42.611518028648476 -8.734152596103485 -19.570261322680683 -0.22357021336070204 9.283122612313868 -45.83579272330244 
97.68123081874242
11.44395426374927 30.96376012286173 -7.342126704188743 25.515583232714476 -43.61925930664887 15.075599298332804 -0.9118191714378909 49.19227794792826 23.40554885826093 15.359044185780107 9.931461525085652 9.474817749151384 -27.499960201431062 -7.67982617949513 41.99132992750509 -1.1690928211621525 2.01480832855664 11.013863366693755 28.183279158192093 -28.876604910534443 -31.216584583386652 38.75110607040486 
1.2666788256820105
31.14025083027812 29.274999268844155 10.49478021244036 -32.6636865035331 33.30013657709145 33.685405346919765 -24.491045816033175 -30.032361368414882 22.48339712040746 -15.738557539050944 25.25257083426665 -29.383084905050126 -5.823436701027951 -35.82765319002908 29.5591126065503 -38.79050351000633 -14.018221445133236 -46.112949145819506 -24.18030529998001 -19.193509370542195 38.03082783584473 -21.71457888484759 
64.18773807669899
29.822102863833038 -24.043301877229418 -30.37385142467769 -39.25078526847241 -37.52901382920043 -23.186083358564947 -10.986503540331313 0.15320329587600412 40.956925975321084 -24.297803509090453 22.149647732060913 -40.62670127998511 -46.628720554172276 -41.16382554467012 -46.07107223551845 -4.928818828915361 -18.64844359042529 -32.582689722916655 30.824724220683578 48.45943344494347 -46.74240294268147 5.902341087629118 
90.03940577053771
-26.38849389681851 33.95482870288049 8.125892555418858 -29.96785693789379 37.84245494197167 -16.74890315094092 -34.77680408142723 -31.690992404275008 26.08492191331348 -38.384362296603726 -39.58789248558806 -20.745694813335056 -44.88945208789803 -25.984272337156945 -12.568079269969381 27.301558112158844 17.997850214298225 20.5386366430551 -48.200278008226725 8.887198229227145 34.42331548254428 -34.07648811083982 
17.033352953030857
-29.6005776932573 -21.84670149486536 49.209864161057595 -38.396685997544296 -21.270670039421447 -10.459943334860142 29.416336981248875 6.61419747990589 36.05087598256442 -42.12395745947924 3.495499883711716 -40.92044697856022 -48.89919916038974 -23.863618219860804 38.76742592121312 -8.857628639593997 -44.500843662379054 28.94019405792723 33.616824858270036 41.70661923853291 45.54562336952645 -26.512733316666004 
7.445585473860195
-16.316428862957657 37.44633307291109 12.777284688813303 23.70453354640108 47.41995454471983 47.07042015568072 40.59470065125221 18.285352298069995 -21.136796388602463 44.10511125214316 -41.45699380620211 39.635511672906304 39.63241172226155 -15.127381965983425 26.838039938287324 6.666194610939478 -24.598186244909048 -1.9082941799606985 12.620696870179216 -44.14479050101639 -11.133024028370677 -16.488721636641344 
92.22517641192931
-20.09615895426079 -45.94789787163703 -15.387095783110226 47.139740348647834 -43.111252087551144 -0.169860596426318 13.47367712523998 17.32267872850973 -18.943076543810367 -27.734293501841577 38.40043687977136 40.086974823225276 34.24385635683585 -42.24591450692027 -6.909248172288052 7.943002789641881 30.352007543268343 11.917821392222308 29.845796654999106 24.589236462963484 24.408780736844378 -7.164205329110651 
68.75456834489938
24.666911805432704 2.4301675096755417 41.417816124984626 -10.211378303180908 49.94518049797904 -41.35169720963386 -13.398796537574633 25.39089414136707 -7.720771218320536 22.618206185317135 -21.466042930755847 37.41175978011184 21.984500003067026 20.300960635784108 -30.97747388537583 4.140042188931069 -30.803965810019907 40.42768353445511 -34.739625407139755 0.6961472285651809 15.332641913043133 30.280632101343144 
30.216888256847383
29.19908171073567 -18.038543775114324 -36.515180029843904 -8.945611369898785 43.888643482886366 -24.840812768283627 6.4855712903450495 -4.4456266592598155 -29.221447506918587 -45.1078462589628 -39.90554398686109 25.772307229826367 41.43591055208661 -49.012014717113594 -32.18193628574356 38.003626189800585 -3.873198003375208 39.947640019473226 -36.35883324185121 48.631863459156094 -37.16251194183765 30.147187358584162 
28.51777480126334
26.543125579398207 -14.42491426727478 -23.095439877962654 37.03065680560468 -15.470634483269606 -42.12880143425134 -36.562705800134495 -46.4880346920006 34.46625751201968 15.556533000224633 38.91303496534343 -19.625445761785475 -15.960291702125708 -43.3560428339116 0.5953514895058873 -29.514323990869983 -43.59168920576586 -14.44787782627428 43.513234792117544 -9.878240152314213 8.42739353640276 23.92118631705999 
28.133398106151063
-40.62501111764813 7.9235213647495115 -9.083216715126888 34.19025568329741 2.8394307031489134 5.996638965100068 32.187886811807815 27.129328886419756 -35.013469506574815 6.4403011361560445 -31.461262930025036 -37.45452405518883 -18.153234557708398 -8.891268184755418 42.894545761150184 -6.451736021473543 3.446319583391869 7.422735331418593 -32.714763345756936 26.1624697377069 29.904681552692708 -37.80526086528909 
60.34097046026993
-11.327451464040564 -41.81894025745436 -5.433449612118693 20.18779049860838 42.24564509979997 36.16454829906334 20.09171608891691 47.65119400713412 12.218545615297337 -13.864930674667434 47.85758500084003 20.320023093635626 -37.89029764603941 -9.420951572451386 -26.969483471490896 19.292564639947457 15.718300578158178 29.925893611393533 38.32095967392367 27.321281083757682 -43.401954966519455 23.978346458900532 
89.60333581218283
49.59215646544722 -1.2557713145068234 -43.35821384847935 23.28904812885557 -43.48087732009755 27.508283278066642 -42.98534318175662 -13.960874813740261 -38.29638272936532 -44.44503993642653 -31.015851737835163 41.01635280957841 27.60380325913907 25.102923832938615 -33.82165136495132 -40.885013897264955 -13.522430516932651 14.740421459250683 -40.54192141046244 28.469449673132814 -25.192110205990346 -23.216591788736764 
50.088697597376395
1.0316815422430992 5.68872542084825 39.444341862961465 3.3141224520021026 11.120093326402433 45.54413116627684 -42.994406102539884 4.262432869870494 -42.418629511520535 19.072790429127195 -19.25774528846571 10.944384057668287 38.56962907466381 39.45470136153381 -46.48517698472444 37.56319765520398 15.935725717327784 49.626320259657106 1.7531532018885585 -14.563893047894794 -35.16718141272668 -35.175064106115315 
59.97869047449546
-11.464981490660442 33.38251198996559 26.622639817832578 15.06291538610948 -44.014155185107384 -2.8907645678156157 14.314725395799698 -49.90435664579349 24.822957869655298 43.338798969300115 10.796957596257293 1.0376056600989045 -17.122648943274513 -38.129697833101986 -13.039382568046598 13.257542162928296 33.884036710662855 49.96889265453109 -48.846222296138684 -0.3951882154049855 -45.27367650810461 -37.90984421507926 
58.401832940459784
-43.15571183362281 38.191572729103356 47.735146987204516 -12.150230113353544 -6.918881164645427 23.69511689164392 24.448430341668242 26.283266986764104 5.228674990332905 -6.86396040040016 27.209731227915526 40.60518976332649 22.623847183794084 49.380535106296065 -39.66693467220775 -17.211387566678162 -49.43045142719892 0.8256038785225286 -46.524451715362815 47.097001476301514 5.885179001683397 47.07788038171975 
39.47132472635913
-8.743245558579346 35.47144037846513 -2.0105750193220118 28.444356495033645 40.786804666987834 48.446824978104175 -38.875696242263956 0.017086893083472887 -31.165478490846144 -27.41123087450813 1.1868740614202977 -26.579728582717244 -17.36329618016009 -33.38670013708786 9.024660251058393 43.92257007947772 2.118949157539774 -18.747242688767685 17.525787776176074 -6.763255909808052 -13.833755019114648 -35.85800794747167 
17.062944747881982
-8.577394852872843 47.74216655571128 46.19916598252112 -45.90712524797975 8.295152829055866 0.3035377785419371 30.48811743898186 -6.897548041001414 -6.540422175358096 -5.147959409513504 28.474997762406346 -15.700596590718732 -34.166859964232074 39.48368998771174 -46.85731314132493 7.2777788308675895 25.877176642411342 41.44168990641893 -16.397733636393717 -45.654692405735574 -33.2492024379785 -24.552305828394715 
11.641619830103078
-23.718195430120183 14.211066661538212 -38.51898838272327 -32.923015164300395 38.00482003462035 -30.677158210131804 30.19486458502631 45.82412423124342 -28.049237052045463 -37.095408395534776 -35.19668839163447 32.28147152140343 -27.063242587539637 -43.87509046438336 34.54196610874426 15.918476841022425 -0.1494750896291137 37.77767889290993 -23.299776401045904 -49.11188371680929 36.722597614126116 -24.497919076389362 
91.74216841641393
-2.966698701226022 18.567248622283557 -24.422974386295447 -10.822037564324418 10.83273652298216 45.83546922642499 -6.0922433894201475 10.616920205011624 -24.367480615709567 -4.594518552788706 19.435713841124254 -39.17187713680447 -28.064382872609805 -14.256845649838333 20.44104244575952 -2.3460912722561815 40.57203417442068 -30.803134221458528 4.07036388368153 -32.7339315020384 -15.75160112102106 5.348274719666833 
39.91072647916304
22.524197225223446 -13.723663374966023 15.922566744952235 39.54398207960837 29.090090213829455 -0.7950853185760636 33.9687420825865 15.754006618610347 -3.5283265436267257 -29.36688872935983 37.85253571283434 -32.577402447099125 -30.685553534336762 28.65410759165556 4.061625692297078 49.13805757318623 28.027953333857738 45.18398714194319 21.90476113422659 -11.846194933929034 -22.770611981275056 31.853145653088816 
37.89355139482233
5.572616990415035 45.505827416960784 0.18957143343740768 37.92759905666381 -16.504605936843575 -19.35867494150726 35.498886149474856 -18.63924091441429 45.36164589721356 0.7244128931628069 -7.8531513086113165 -27.391670371955612 -17.177889741381335 -46.55374967540654 16.8757707458647 -6.838057296371602 19.222264958592163 43.41912040801785 46.337122542386794 19.71107289110968 47.13875445259505 10.489509933321962 
55.19832425278754
22.526997303452788 15.399011978410925 -19.21045601465409 -48.01741503201461 -27.652854619408597 -30.372325386109978 -33.33489219693551 -18.773663755039838 33.70479364683136 -30.398380079012945 -38.36156072330414 -7.410335931416121 -12.018953303026606 16.558820893443297 -37.79236986830793 -19.769106944776283 -39.58685863741454 24.09437801419554 49.554869324829525 -20.942752011945455 21.875132983008143 -42.609520040638145 
31.129908039957975
28.38934459043037 -1.5460200946545086 47.26525658640767 -25.405323625339992 -21.872049901627488 49.67617467257314 -42.11120650379689 14.75956815990007 -32.31262576496575 -30.302963407606644 -49.9971321163356 -22.088606065876547 -46.239512961280546 24.846842772020224 35.09420929709239 47.32758406687579 49.40625256381918 -34.365026186736614 -39.790570636673905 -11.209284849891873 -35.99863772453283 41.64532327877734 
47.96298096723295
-34.43803880210483 1.273434933878562 3.713219242660628 41.77783672832402 -1.4583377506999113 -19.06609929952009 -0.643858004683004 22.51184008047582 19.23964803831217 -1.645394716036165 -45.3624250878791 -30.639036720634405 20.697555972734477 26.282832149547446 -11.524674417497458 35.29397245372695 -15.350134920873735 -7.234689434902208 23.862717759642948 -4.738667662704231 -48.02005907021778 40.252504376117244 
94.55304444036216
4.034397793942944 7.9218899377160525 -17.719715594721542 -4.5352372364189435 -30.2307318629046 -26.52144388539369 26.176861522318532 40.396858044894884 -40.74706569861729 30.170517711405623 22.918620078389424 -28.39904416851311 1.2776652401969457 -43.499482313311155 38.5593245018007 12.33865244960419 -4.297199454791148 21.412223780813918 15.582881694387467 -34.240327234404724 -32.49851738834407 -37.4582049371761 
57.08068027911518
41.26845987076304 27.453038430280074 -24.794752612669857 21.83030101489618 33.00380563174585 14.130116564961881 -48.16585779322898 14.153120185453176 34.13822100784152 -4.557144980229886 40.96664629846512 -11.145805740181622 45.410701677564376 2.2407386044596436 39.92057484971936 -31.40146350935763 -23.361340098466464 -48.663994807364396 -4.080506053236022 -11.246322981303805 45.911745812450576 -9.199231985616194 
16.712568193744314
43.029224076737975 -47.247631511341716 -33.49664016077395 -16.376674764615437 2.1698675117862507 38.73473316874451 -34.41244297116146 -32.517967696206284 -32.49090729217929 -48.11375840089097 39.96177039818748 -28.959044542630863 1.366643648591662 -0.34785116634936486 -49.14654380344834 -39.758749083743496 -2.9264818851145264 9.286385631156755 4.097348360920769 1.0948105592103587 12.834129972715282 14.238485625072329 
15.06435789130256
-11.036118152155694 -4.31403057206996 -49.56138144651866 -47.99870039598927 42.66586711870697 -35.507016333933684 -22.660295665051066 7.03984907400779 -12.8998615773287 4.209524037792214 35.15768670541219 35.246441861641486 -35.011630675025415 47.57767432773579 11.957999350744664 -16.176893724906826 -49.160708920543684 -15.028603756026307 22.068348081247407 5.932496769640515 -11.606603256308986 48.27680360377363 
40.754950981881535
16.608649747032715 36.572607831674304 -39.50137868162042 -0.8186142696855327 1.8283376922891392 -11.645547609384344 29.208663108472948 -31.623767382827694 -13.943918439955368 22.00986007659425 -10.997010696284661 -48.7322342213072 -1.560744293722685 -45.2118290265055 -34.18989869968988 -42.199052665477225 3.317931296347467 -4.597477888214662 44.193394763385996 -40.266019392538745 -23.17257728223341 33.563278827429286 
17.716850814488684
8.91878667587551 18.10975870288229 -37.67323969235204 -8.006326295160449 -44.29825375515075 -18.98636430637738 2.1709299907382373 40.213447264938495 -27.4619413584838 0.15058554889808562 -15.520594885397209 -18.255891950697468 -28.00481534082011 -36.2114991337865 -43.49045377890333 -34.16916784186873 -41.9722275986918 -44.69816042408108 -10.060046575279557 -5.535305053118201 -35.261421201344774 44.761156048938616 
60.73728763415911
11.169804459176767 17.796873715634234 -37.26709858705858 19.351762428928325 15.758292019580907 0.2678690628330145 29.473666825084265 37.14526611823183 -10.971581332032855 16.813765664488656 44.44138146502682 -2.5244213979329544 25.931796180907995 28.058982777135583 -36.590776195564956 -1.9953531663508883 30.911466378685517 -29.6307607751204 3.456273527490424 44.568489196185126 24.913461899217126 -14.623863702024408 
69.722271494831
46.34073579431893 -49.99984964368285 -41.71407033146703 -7.947928844340403 -32.95856385094619 34.544486006079524 4.343240807916601 44.51867288629953 -2.4127855136895064 -0.3398858194885861 48.77743896627683 -3.6979744201003726 -8.151558371890047 45.82297609269766 17.141514920608472 8.514052960939154 -0.9263901648051913 -42.43409703717976 -9.839766534424385 48.298612569427064 34.060611356060775 3.6784556726905038 
30.036455271482666
38.898445342751714 49.29915377148801 -9.479984047513021 -46.37853477676857 2.3693743686228927 12.078117837480548 46.85498962665049 -38.06272359041335 30.235357733451863 43.9461289015472 -19.95534291580807 35.24580465303805 36.61624657767463 49.93321100618188 45.48110173325175 -31.80806534130275 -41.7766129460269 -49.4141417414409 13.824328636709197 -49.49554999325972 -33.893503386817635 31.13745170716868 
53.90455811655548
-4.679110268598507 45.14850962345372 39.030439366261334 -26.92263861010601 -20.590591946393122 -20.95660967391958 -6.473764350478575 21.370190649466323 37.39270013783353 -49.144832390332574 19.283351532772258 -29.06545641470949 45.53619285051815 32.24473948954197 -20.446239224287766 28.118854259552947 -10.255409473463132 -11.935711741447243 -35.95792837510162 21.902939842605434 37.11804665363114 -32.74259275385924 
31.49157348398386
39.485643748413054 20.751120526753 -14.133667450109975 17.705810103959323 47.49305116146603 3.4148320986980067 33.43595030396952 45.983784809471146 -4.424483030081831 7.344071622922058 -49.78245668560722 18.841513749370733 48.08741833657891 -15.440304024190297 29.313490617208714 27.41211658761499 -20.905570138049157 -45.01332656494189 -4.732530657305226 -11.938782206239473 -3.8711778491172026 -41.913358940346086 
48.59293201090973
4.523876901186149 28.91411453075027 47.80531052270034 44.34593030609301 -41.736069596296076 30.706170008824117 10.34214580913656 42.08668973635028 -0.22399528209891173 -8.051384431766074 -0.41818157988411286 24.437516155863207 49.19512999467838 -41.383773900361035 -34.01607556096998 31.93301339899763 -34.151693883252754 -19.079259611673027 1.3095107655137355 2.9717701747891354 13.277002434969432 -8.020703640545747 
83.76998580394908
39.417046658521116 28.778994442851626 30.596506725170656 -13.983973884622294 40.75717244452197 4.662584308805492 -22.513026086914543 -48.15891863785644 12.724763002476337 2.175687336390709 -29.934257665816723 -43.44382122501265 -40.112965095550095 48.466878943749634 -2.6398759353729844 40.69970438469879 -34.04213488625189 11.954949878575363 -46.35305388412294 47.07788808013164 -49.55454468692524 12.128119568265191 
97.09516906917122
-2.911252186031547 -34.26218529947718 -3.9364594745006087 17.994553037417546 13.864317561962089 -35.158547536553165 5.852273871631375 20.076840578880848 -13.027078902987995 26.727094464980112 -31.365536771011516 -42.01329612380993 -23.744608437752323 -26.400627405816113 -35.906073665835294 -45.864490085358696 20.826108648724883 -47.604179349299045 -36.96903472109734 38.97166886588266 -46.648253029769805 -18.5662473224393 
35.02667208799952
20.1272290387887 19.42773078235703 -17.638140746011807 -6.768404558099974 -12.048974475708349 -32.79569521532218 27.436711899743727 29.956119188306374 -42.38540538468614 3.3712934873979634 32.632535281831906 -1.990549244756032 31.27774495876585 8.192549719715956 18.20601901669599 9.628666582814105 -12.273438672483785 -35.511811362418086 40.07609335712252 -42.64125184265464 -28.552721267142957 -16.705329479463302 
17.74197172087807
9.389137523179159 -41.724640692183314 2.3899287738173385 47.45101022971458 -4.378188684339058 20.559807295615002 -7.047354517724578 42.94117833279991 30.140427510429163 1.2085844802332844 34.331907102058494 -9.678699642390889 10.769654282180873 33.031736841688314 7.23545489542046 38.51540849992924 47.058272595056465 7.47464870772496 11.601802030872122 -27.81407221715594 -5.710772249789201 5.134607838843749 
87.00348330436046
30.163608432418386 13.01427849753729 49.37965779984924 0.6357891593488745 39.15045876083842 31.130495386578417 33.93949389542652 20.777297027725666 -20.17479212992236 -41.339687355438436 5.513896077300686 12.06564204215146 -9.530935357510515 -5.83355896930162 -46.75491822847786 -26.986131977233484 -8.157125340240121 -33.872584767031256 -31.674003275353478 -14.100123553289656 -13.714970415664105 -27.380853332522413 
39.06748363919469
-35.506598024722514 43.862782297765946 18.292320240803605 39.422946080446124 -33.95795300349261 38.897855449751006 -1.0949453685184096 2.269958239458525 30.519899066780184 41.300590274860554 -49.43525824757092 42.6740525050768 22.349329308774344 -1.1149001499723994 -36.647454246294444 10.910652391061149 27.638538990306287 -30.79880859736236 -42.851470816902484 10.196981036794497 3.4345136568821175 -27.592898471862682 
81.24495957435741
9.886467228102703 -15.426949296009 40.32040286202508 28.729829633581744 21.30400906326841 28.414527619528414 31.02265080292976 1.6421816274742298 30.45122395150463 18.08617861038512 -36.74330535925537 23.545372136138383 -0.5134054666370176 -49.1913855079424 0.3438091954445355 -27.566097685904246 7.186185042579275 9.466363182387013 -20.538896956747156 -1.2159917028856455 -2.4835843383036362 -47.210699431760084 
88.85794713097201
1.0777178183576126 45.00112286004824 -37.65623812019424 42.95342666526922 -45.725373667356585 25.74097737603971 -47.01073012779501 43.24513454813669 -24.52484998392004 3.744013175444991 -12.461238094930536 41.572860712055714 -34.58642625219848 3.6519307940989023 36.06727125321825 41.51905091124462 34.4387342235305 42.99750011970794 -14.353936296567895 -16.40882028145886 7.284694479796968 39.80422705677525 
87.23618312851762
-39.68053622450799 2.2033076152919477 -5.359738495094369 23.057508362876902 -1.4834149376226975 -3.074870088332517 -29.83579215397867 39.95635259126064 -22.31552556122709 26.4345942597907 -44.24861700406086 22.126722603662813 25.91635042482025 5.689993302350182 9.964793402465766 -30.00263528382049 -2.3693836624718685 34.18824567844892 19.43587680168588 11.178768668815628 -8.913590842328304 18.66904245268084 
49.145878566561386
-5.92867474761816 7.868933939857655 45.27243660230695 -13.850528013118549 5.067860139523006 -8.604034697831977 43.1084877203365 46.458035818612004 -43.75919118939571 6.985180692460801 7.467151735278598 23.100784507055465 11.986313850399569 42.13529978519978 -7.20896140340588 2.307700661483395 10.304586281736903 12.412249618523305 43.053293745266544 -35.69096644410475 -12.772154132760562 -44.305135285379684 
50.32733862390641
15.421913734437481 31.36427241805498 -14.477037542871308 21.104717744919938 -31.104642061885222 -20.391666726552003 -47.096199208818405 34.3119030430382 -46.58920872339475 14.774987197408436 35.171354038112796 -5.003657400170795 -19.81405549425532 41.247180275151095 30.35600428646798 23.29667244092002 -7.694197946172352 -4.316800531046461 -13.989437863280408 -30.418556419118158 -46.79498582471817 -3.587608255278205 
82.55187636919244
13.535328825458222 5.152014171741307 47.354824893993566 22.91544683599021 -12.50873894764488 43.13584254588547 -9.867496111406261 2.6838640928905164 12.451485163284595 4.732424906567147 41.49676083661616 47.83808614908823 49.01006025984998 -27.67207305377404 -37.72151217491147 10.89391614162124 -5.216126799998975 20.502476626775874 -21.22507052736401 10.424247342577118 4.978728480868 18.428406149657235 
67.81873030958421
-16.16899041463136 -26.638336304298406 14.812926326326831 22.73200804624011 -1.2810319531340681 -12.819902498742032 -8.78411294637148 -11.049739708125493 -15.663170236440351 -38.536959829962036 -31.500848273913494 -4.692096613258457 1.2893905532645675 -34.34095584727862 -9.28522661286464 9.809302446246505 15.087760293449747 -21.28985982695758 -9.084951201863788 17.166177181986825 -22.907068025141264 47.43055761966147 
14.168254467416164
49.46430773267443 45.02129288894085 -22.546494707457853 34.48963421695572 1.029467944951712 -5.581046212786553 -43.97113724159022 4.448054285100369 -26.105418382265544 -17.62501209044968 -8.400840870214509 18.884459163418413 31.227097543619905 25.232055894424448 -43.64927817305223 -42.52093458859816 32.657630956374135 43.16610203061842 34.831437317778565 -5.169985704248013 -12.342055261476617 6.24508199554672 
64.24607315855707
31.25701047487317 -9.051644621452361 -11.059967419075655 0.1846821084302661 2.719176434046055 -2.6282673801538934 3.049999394879862 5.3090822388578545 24.037246015559504 -47.24679060274332 32.61565992106938 37.916968071313335 6.03588645821516 21.971850386431 38.63476461805597 12.322783836236908 14.272823896919562 45.802466297414995 36.25576050559751 13.638914060669308 4.697141003495233 14.042840712372168 
22.614305939913038
-24.18960562958514 -20.120042879151267 -35.97630860437545 49.5905876484307 -26.34921549869036 -41.61354309399833 0.8056396159200148 42.503725990460836 -12.853554397994039 39.409001500881985 -11.800427133383181 -36.87726324476483 -30.55905665432053 -25.043103802166755 -21.79622914310312 3.3618816219545735 38.68086129612969 32.699069491530835 30.5332169813893 -25.358538667304686 18.298827244891584 43.98181283942442 
73.6235378189249
27.133440478092595 -29.67090856491802 -16.405577353439185 -26.175959693428897 -7.025488910230216 1.9955288531450677 20.531415694152727 -39.548620115064594 48.017554312018504 -22.918558720654847 12.30075080852533 0.9573739056868078 27.80566663654524 30.485141162117145 -10.746708203431623 32.67153237475115 -34.808728409056414 -33.11529089311385 -10.040520713044486 35.410936678768095 39.38605625186523 22.57998582223904 
13.835023907330013
-27.29293458893096 39.215794416341026 -16.650729324920057 -46.98180649892908 38.481251902789225 46.96739569773736 -19.447173571445543 1.9269830762785958 -29.292524199636215 43.45374625595355 32.73472498026612 19.975366302835894 33.93317975559498 19.78529988163089 -39.380778234431766 40.60347863550727 -21.514068118043905 -43.17447056046629 -20.332771816595454 -21.922550110921733 -44.22434446798347 -0.5792604556154046 
16.2531311646544
-17.559649930850405 6.309301473340099 9.23293816950055 1.041636982360437 32.54649293157945 39.86678621827636 27.367813381521046 16.28888301000579 -12.712857796449583 -4.255912548070285 15.97810823360581 12.561606925736491 35.91641114401959 5.051412269712571 -23.364059186816743 -35.237336004763876 49.81198318227098 -23.23860858443596 -37.49401518298713 7.370740871750172 40.05600560451984 -5.465740309223918 
61.21460185206472
-25.553378459834832 -32.10269705569813 42.304050078498705 25.798373954662267 -28.77207063821643 38.456895050626215 -26.808172739708237 22.228746420883937 -28.971271225740715 31.964484102787395 -1.480959741692324 43.74774039487552 -36.31998836028342 -8.635550240045283 1.5260989832082572 14.613021175458258 29.891508221548108 -9.694382039636231 -26.1417051247519 -31.161125215458352 -20.31512997059355 -48.67012688322549 
81.96324970862754
43.13289371661868 -27.55721479982638 -29.499549147107828 -4.748936182526386 -32.53347187321313 31.138093106947096 31.7615534954776 -1.7995727101839307 21.58084087347207 -26.048457515523648 -38.003334009459245 -35.44908484500876 -48.782816639870106 12.756319635013078 -13.946193515820148 -6.696225989417378 -46.024284041018895 9.84204053725216 -10.068381974506693 -6.539469327685396 -48.556964067009254 41.77041136190876 
39.87113231457574
-42.73923605179826 -38.40659866933449 -7.600690122186492 35.273646888787255 -19.86258719060747 -26.543638581805318 -14.118447503475863 44.166119697162856 19.690055505113122 4.656888724543407 -25.160844693427432 -18.638899208454585 35.68360855199177 -8.327657213603068 18.9334217266441 41.50912018290025 -31.588106688733784 22.51391977214803 24.69575992532846 -8.082813262534039 -6.277385700229296 -27.971468342220597 
18.753548747915428
-36.69219735626692 39.58226394474681 41.130280739965116 -6.519916936785485 -49.38122677357182 -38.73345733369319 33.00904222797756 46.616981054350646 0.49473657996348663 -49.90612083936762 21.726914448506434 34.56209310882987 17.297279142297995 -5.923289976091695 -18.398412632462925 -27.21459053448163 15.261117572190486 17.947144137054636 49.388942665306615 46.23003457391802 -19.150236180963986 4.7207577849694005 
35.515526371374264
37.57483120264091 -13.58524696158144 41.29420305486806 -14.525252227043914 41.87980093649685 13.938350043017735 36.529420784157736 -32.010987749143794 -37.59507642433472 5.940450671321663 31.859224735309084 32.65321967244378 -25.712432859738964 -40.44390575938909 -38.343909229077525 36.513370047013424 -49.71677577013658 19.34091057992731 23.43801692675413 -13.602697433180623 -34.081198273064395 4.537448274906417 
36.4422861414374
-18.197154533492753 40.177244075370055 27.33627766681049 1.1801267495553773 -28.23802335728658 22.226781931020696 20.091415924776896 -27.707857608145492 8.337842652877612 4.727663237452603 -8.499551440460642 22.356527065932838 -10.72522274277192 29.893723517967913 -25.564450784782423 5.259079870524552 -17.190244623035277 -44.24430631738823 11.41227100101132 24.316024677217882 18.76697696198238 -33.032320757391474 
97.60889139743378
-27.452256805507837 11.795558887804148 47.01777301441072 -34.10023198461785 40.33351023199485 -45.02639028719534 -23.15170091757729 3.542005042107 29.13435028147036 -15.009756388911143 -11.339305299185028 35.95550165742708 -30.946801586577532 -26.269648416794624 -16.925390152239785 -0.5377982699411561 -37.29142707024927 45.32524080016262 12.830292288283196 -48.09879804348603 -31.770061198795318 -47.40447549808414 
96.86789465761453
37.71210360810609 -9.859915337920619 -27.699028754472042 -45.113171687067144 32.37979448947888 -31.528245827868595 -5.274785764173849 -5.617139569558418 -9.940338510035197 43.67287615927161 -10.138391711753336 39.68018534745302 7.752936547365138 27.68674102389693 29.8297147493696 -34.379847728058806 49.57775306447412 30.050498586511324 35.14022275106082 -12.661992341085728 45.48219905560613 -28.06258169439898 
41.03939819510566
-38.046621677623506 -9.828522304640842 -29.224677527879216 49.402398797438124 -21.98010535856175 20.072028799529292 -6.594310312979282 -8.491879406405758 -5.77622676425117 38.831300432067906 -43.29504171435596 -22.483525823733473 40.09079375381876 -4.847421804128693 1.171509075348375 49.58231535643583 -41.644408417228185 -9.309876282059584 -24.811025196196745 -12.721494961727373 -48.83329469807207 10.280578140375205 
95.50840949607739
36.363870554467155 -9.55459222126428 21.962468472509727 -7.050992978067015 44.920102076366504 -33.51417928103303 -9.963667023479026 -38.60100973786253 44.4949443201609 -21.72161671917432 -19.156163671330027 2.9054023654385475 8.127247861742013 14.058237230775944 17.99499746924083 1.9735039215097459 1.9928195016257675 31.224690321971707 -38.55157945459173 -31.84646057280691 22.898217541019548 21.047350442694068 
93.15024090570307
-42.42532707484792 -20.037063688964107 35.4691685720132 -9.136748467061174 21.292903165368273 35.568758214801534 -39.16393599010527 11.368427659635095 -18.848173903541245 -31.981774308429923 46.52737791622417 -15.603056234122207 2.3120947460384613 -43.66739479549759 35.230949965183626 39.45143647760487 -34.31246076667655 16.23285606865727 -3.9988799833088464 49.10113821693599 43.23285474964737 35.585504683926615 
81.25745639787439
-25.613736530049145 44.35984831734585 -32.54145324301061 14.5266313346675 40.64277206903925 32.71626078934129 39.42082311763009 16.999311703949587 5.359494556934429 9.143189113870399 28.831534612066122 -2.131508777868362 3.605298895617878 18.834193906477154 35.60492415841006 -34.06475182184654 21.114816939721152 -31.44881546348043 -43.7016386461646 -31.887582786707636 -49.70298732634154 33.20922361543893 
76.36038525031987
24.22616362084399 30.231657581938805 -9.775595497353919 -49.01143855432797 6.910081276294221 -41.8554555699785 44.726018629057336 -10.714797447942956 -39.594162975272056 -13.09690333526504 -0.9337855620399438 -8.737579808567695 -37.27097695662383 -9.25028009665327 -23.98257356875606 12.736112306475775 -38.071655418545305 -10.20882694165364 26.629854293090588 49.261891619581604 -40.93916673218614 -27.31215819335684 
90.92832053249602
37.00415119403999 -31.974710161981502 46.537711146651176 32.45985007423495 -34.20718175001496 -44.45928741683708 -26.874420142520684 -13.839633229478231 37.61056516951673 -46.67403183408732 21.508776361961978 43.09090943640943 -17.63341968968126 38.931528894243726 -21.663452192910015 45.30082611809382 12.051230297919126 1.6935979994370811 9.350914843562222 -20.59259144313841 -45.77071106945614 45.9255015721848 
8.192720087934502
38.43850140195525 -43.682357810123264 34.73074124127638 1.9372704211412497 -31.933407220106403 -6.793351352773122 44.71663950825561 -43.290203631712764 -24.43001511703703 42.52269194168059 -15.592961413772102 41.28174253226905 -42.31136673161495 14.192632803412138 27.297053003167463 -38.27534454247568 46.99929547484123 33.959265063613245 24.26238588648708 -24.00074631185014 -14.483352002837876 -15.889937841898124 
39.43027623232752
33.78300014516478 8.934069257252894 -1.0801537159175325 -1.3613308862694709 -36.10968531628798 -34.7501788721375 -2.8287406516862603 0.25470461750609275 -0.6846544067989342 -2.5186161350776644 9.60522706287147 14.39319968762382 -11.772035638088532 -8.247261213802112 25.266844930855143 -11.529709449075739 38.17946404064807 29.246397544852982 37.450451762366754 -15.453052390573227 -19.67477034000289 -16.655920993446195 
67.31086478311981
-2.9383825515587603 20.647388520955417 -28.26313814331027 -18.803870142543154 38.32073726712278 -34.0387539224494 7.367765669189744 46.370313844987905 -16.489527518950872 -26.08484980896878 -8.223305976324312 -10.966771473720819 37.01247578359704 -21.755893937047766 -40.25028400065912 28.407227354683457 -32.54895086277523 -16.786674104509792 15.131696966517723 -38.85052327220103 -39.831390678329385 4.488647728717545 
44.243317530516315
-38.53856191171687 -47.27910226982737 -42.40345253192596 -44.44943987151204 44.00550926450006 -48.49713842870419 -40.312773194559895 22.066742494611503 -40.89786873234675 -24.2392442524337 15.490090372050474 -3.575726917498514 -47.331132219931206 39.015425245803996 4.151643266592096 27.635239266419987 -23.023673806110978 -42.68361862677116 -29.928328425144677 33.26707534274237 -17.46600461401048 -31.23428032790212 
97.90433631443356
-28.908488939663656 -43.7175889443731 -40.604487607394844 19.566566063145103 10.22205574512688 -3.243669308938422 16.75183389267356 9.39696775027592 -26.662670297525835 32.996838362620124 -25.566925443475718 -27.46580649979179 8.79453748516292 0.7286520838599486 -31.650215989416818 21.134534986498934 4.269473069307125 -13.317867959135711 -1.3822331694886998 -36.775725253852464 -27.98362068616975 39.927777297091 
29.765713880978595
-0.21689831393006642 19.923158602973018 27.70431587483732 -33.66683525951764 37.080692606447286 -27.755700077224223 -17.54026442374701 -39.04584478564005 23.33932379480966 19.226057769058514 46.68788080552784 47.666414852843914 11.47119154706543 -44.20463727502888 -27.368420678628237 44.45548141057559 -17.0601477533692 16.066024378927295 -24.963553781641878 35.93772343964865 41.721024664632594 22.622755629275332 
16.877911546027835
29.605668953523363 1.8887506189164256 47.37569093280901 30.347191751482256 -22.79631072997057 47.52868339495694 24.23495458627545 -11.62972409412216 16.57151037135452 39.48107681854805 -37.06298997364303 45.54724679606214 18.68765899164775 -20.1581690855973 -11.93855798830674 -38.362454009410655 -30.335617093624812 22.200697785350698 -32.39108192630782 5.580092612318424 -21.90980248831259 33.27157099205172 
51.46808451094987
13.52540326192139 -25.61430023688841 -30.12946676787742 11.681191684118907 40.47017540882993 -39.2671876469473 34.12316058122866 13.625265760312558 -48.17692018005313 -22.34280051226004 9.3332877222621 -49.942325309412574 48.59378009347202 -23.51193462650484 -40.87868197513319 38.4319706103568 -42.11455877595388 25.689144467992776 -6.759154502524275 15.971954362728013 48.98436378852554 33.44916388467044 
14.908222497308044
-33.301144082534805 -45.421442016480526 38.93961018377453 -33.46958209603966 -20.06134488322333 -13.499584045317512 10.292207027158597 33.39234687125938 20.79352428566368 35.876902784267116 -11.382051136414482 48.16559473274346 -10.356562059028207 38.683986847009095 34.284166772462555 -36.97374236953965 9.951039949807075 -30.559738283318616 -35.81443329132253 20.720410929258634 11.474840321129484 -1.861951249801578 
66.88973693970851
-38.908525902106106 -30.547109683572526 8.498528608696034 46.30715123916188 45.384546460226986 19.401108214911645 29.250734113567347 23.930215279739897 17.0685496573593 -8.122551960523424 -25.627524055455662 24.7054603568466 44.96780730076682 1.8951094109529905 23.094664952019954 -17.75252174641919 -37.82952605623776 -16.374885949524256 -4.041372485255032 25.372785092105346 22.481989683583336 -17.389538805090197 
49.329427319187225
49.82623218441195 45.11753856337312 4.921238888614269 17.506386627570222 36.59225350891053 7.878264397289179 -24.48797948181699 28.935359770423076 1.32762499695108 -20.768230955301203 -23.500063559857722 11.015515970251357 48.22205271760514 -49.481792137376054 20.163831593417513 -23.39324194935932 5.987374656232717 40.929079737322226 -38.82804327700159 -45.41790461697273 43.69572380355676 -0.04340781329247534 
17.87767836747224
-13.36736413259515 -0.16849030445013113 24.68724318348407 -46.520301701594114 -36.978890486354054 9.191640148882641 42.61407657031448 14.425346481717668 -38.906853780561455 -20.8371242896213 -15.432179005993895 35.64250384857725 -17.906244892420197 49.42481724986607 -13.082091456985893 0.017747385761758494 4.19982176741064 -32.7284960468934 17.370176810594828 -17.004615677687227 -17.33237935337761 24.514139920336916 
64.48877814622143
22.253996548473765 31.6077215808279 31.32200261090729 -32.50430769090706 27.12424440711699 16.13784522746323 47.3781616891595 39.95192534336525 32.74359619723309 -31.472371408205046 -48.628950234751834 -41.39968497864428 9.900795707811582 17.43739225657258 6.112607730641749 46.95065197285676 13.104834645839937 -14.533562011412506 -31.53184914945274 -17.886449265318497 -13.379765884440516 -33.03544099090393 
50.80266684560984
-7.059650301063613 -48.95746300420429 45.42381605975147 -36.20720898052831 -2.2979461666109557 -38.555167270450376 47.755844962104234 9.223249280503573 0.34116025835295716 -37.79171551320336 -38.6266907902496 45.78104911990505 25.755911205135646 -36.643430716433414 -40.767684403884154 20.880280256017286 -23.372581053969764 28.546224615161137 -12.144012127719904 47.19487149135871 36.97575445011752 -4.178092597802106 
23.847564458672622
3.8462171685129647 30.931980501339723 48.827606432369905 -4.4852314655718715 -40.912906107461154 -30.861164496176862 18.371867775238698 47.96541539929059 -6.15715382037321 -20.256437308084784 22.07716090726541 2.397527655061552 -46.384680384181564 26.122178804797542 43.30049292882744 23.295498316946095 20.02454988258613 -40.72476418610732 9.594451078334423 -39.14284707420579 -27.342178178461374 39.26093096198515 
5.6848677589039776
-19.785208099352015 6.915108466180875 -12.917822240708709 46.27332454560759 23.876628521582163 -15.815431537865997 -3.879943929162252 -10.070222101159523 29.303291291169714 16.951220849499748 40.50682510459362 -3.077430068199952 39.64731245528526 33.33648791011589 -33.24252695416061 21.040161381313723 -47.57809318951993 23.085816404013997 44.52953912618287 -21.709062570625182 48.228484056792 40.16612208868254 
32.556773432880114
-46.175533786350385 29.66073008026258 25.90432212943537 -13.397093979176056 -7.500378662137052 -20.883651251689972 20.992780003583405 47.70765555720715 18.232038779328136 13.48577442112019 -45.29301802303705 1.0478282348074544 42.58534161132235 -26.449431549335344 35.32531686832304 -11.587818567110794 4.027683252027856 36.412340009958484 17.010371579662177 -9.41052075871427 25.85713349614005 -19.6135257551726 
35.30565991697026
-30.105021866580785 -6.993524043295231 -36.46690197884293 -14.078765859145513 -22.38869972389641 25.77000984620807 -0.6389249279417655 19.626223232993496 36.29554145839738 -28.047976707141576 26.229064345590018 39.83574125218422 2.7051165870594005 48.01856421748431 -29.419003999915883 18.8743140619367 -46.479271421808996 34.54122554779674 -1.6084689639272582 -6.082674001075162 13.09555096184107 -28.446315455624816 
84.06045462329081
-35.74332929881785 -39.86441666459031 5.398712118252099 1.4831193677738526 -12.193789249357756 8.516799423585567 10.22549541884139 8.137427750802104 16.65725157095018 -43.629375156481686 44.504054426586066 49.7660785415238 19.013737506700622 37.11994015378397 5.755626504031554 -39.40390614637633 -42.01859859632091 -13.676302387115783 15.154892992670824 -27.974072391608694 36.45465076187648 -41.01110954962923 
47.7419660815386
-28.676274968590764 -28.26048509900683 -6.565445177225328 23.689090163091024 -28.881394378346837 33.57043405604372 19.843112000203647 41.39900843995456 10.33010726450405 -35.17666204849483 -45.68975459754731 -35.830951315955375 7.669207477960327 5.496834526976443 2.5052321728946794 -31.263086874374878 -20.04235442451239 -42.57199186779014 20.979466854132482 26.231302404179786 19.250486100045222 -40.27127792122632 
98.71165851839947
13.882421271124826 -4.889736586748718 -6.927014237414198 26.6539999294843 49.30453493996585 11.36917979632198 -5.264642864750016 -31.155640609268442 48.24473584648314 0.3292312771490771 45.67497052863942 35.075349094488985 31.39910502268708 -18.41163741394035 -14.020749901358734 -17.838105414269165 -3.7704986370724285 47.54403463931517 25.625958671298804 38.52470563938979 25.671250005876615 -36.88611547888131 
93.79169616872417
-44.892151201313865 27.20399955992896 -16.673572641442725 11.829551402610605 34.574377485109636 -17.034924690456485 -0.8269560864234933 32.55812468427304 30.27477637665666 44.41669735037294 19.475767977932676 -38.35137143404577 36.65877646584933 23.535424539030274 -15.486352837858554 -34.33360492927324 -36.39820696504348 16.574256849120417 -14.23619478401659 -24.28246379831245 -1.456851882572174 46.154822246414355 
85.35151836546841
15.671150988841248 12.383926737938033 22.77915046530336 -11.33301901352688 19.571896819032148 -42.23190473699666 7.8075341534012 -25.905346096647175 4.1273655132577645 41.67137905975687 6.530991628677029 24.91443439293758 29.04916942892845 28.14807223009744 32.173950959725346 40.17209385967098 -39.45379541801779 41.63678761857108 -40.50529300596062 23.67978620876214 -48.58690578429917 -3.5980371696199853 
80.10833981094908
-36.70434445084677 -35.07367857086182 -26.51136729578146 -19.26131024869685 16.24486121206607 -0.8448741945367146 2.993858586434264 40.31316731450106 -39.51733415809051 13.31372339809164 -13.491084799330451 -17.85395725110378 -43.03655646767361 18.42600714544112 12.262160022714653 23.41305084383137 43.16779209925181 -29.15667093728328 -26.206762252571536 35.702038392088284 44.35322014284681 -0.9494083225705339 
51.91514954241329
-32.36848703773886 45.73211363013982 1.7153265065199648 -40.72862324689621 -16.639066918815892 16.14402181210758 -21.92097068828086 26.971131140299477 -10.72637374621658 11.777555088477541 -9.440508334414154 33.5865256340945 -44.80475547527012 17.110472689676527 13.827479764065309 38.22127429737725 36.21771072640682 -0.5251904355155759 -5.359447001855202 -18.588717264491084 -33.469371052385284 -36.48279075127715 
82.36142927395217
-39.706698734149114 27.619173310472476 -7.687136895385841 -8.642242338563591 -32.22144537849084 -10.230519314682873 -46.99523886563731 -26.62522945856125 -40.605885887950045 -11.970358068218786 26.578264059463237 10.491738124656045 -23.994548082512257 21.60636957749462 -6.2557684569217145 -12.58224457154813 -44.19048511809275 -40.86550067181943 -28.107739829985878 -34.348157405703994 14.788346156095173 -8.66153974114988 
1.6889017199359757
-38.573039854756246 -38.76088250818482 -2.688046556770459 26.133896872764623 24.37699912340544 37.04718790632498 -19.025983905513765 39.75089198343875 -25.4896401981069 46.04460098416354 -9.783228827725743 11.077257103558978 -18.656704592468543 38.09721365948174 -47.15786888737682 -2.269011781480792 10.94066769178663 -33.51058756386072 -49.408218252827965 -19.929084035895038 24.131355314736467 25.72618272943184 
55.40680683799434
36.829759541986064 -17.689954127285333 7.048053514871896 -29.489691427506393 -25.912226605343292 6.006669565538438 -20.24476039653411 2.9884942819953437 47.568130470168555 35.799323786065926 17.8630671631434 44.25260972240886 -12.52665060728139 -34.83402572384402 43.66156013750805 -49.903757420182984 -5.054546428140625 -49.48516032460574 -47.57214382642729 -6.98050142292692 29.720725037817886 -45.0971629839209 
65.84087330671076
6.0735559041861364 49.66331373658393 48.84603036897124 35.5734613113642 49.686234493473336 -5.399824135760397 -25.854459631942696 33.0880236106926 -39.23889612876509 29.243073533451692 -25.20309867606729 16.837412117078586 -13.200171087479497 -27.028281160266722 12.820412955771154 -36.12635576222559 16.879395263761694 47.865388555443275 16.244504731807794 -10.707210774612989 -3.9771171256217173 -29.391403604715272 
1.493735925239914
-46.00486038491649 49.83456699292634 -1.240256797417885 -26.922467003878037 -21.084389413791737 -47.77293069368187 17.359898647394672 -20.25468699458767 -7.819989058963259 40.65036012568187 17.97217246890949 -1.8318245015694927 34.56868116924818 20.439427464097875 -21.01957898129414 22.726879072651357 -11.780252086012055 2.729477367294919 3.33928351664683 -36.86965776181614 -26.319983696833038 -11.155459577156812 
57.95587718709152
-9.641563910382622 -18.78767304092701 48.147388610850484 -12.503305826309962 25.817395557258337 -36.3060344355936 36.045750332442765 -5.348404883572563 -11.384346654699883 20.491495208612676 -35.81826501533205 -11.249980725844722 1.512506200540912 44.37318089451537 -34.21145582674436 5.112834725611968 -42.6385336847547 -13.179060602306805 -4.21954015065743 -11.36345492507921 -35.23523178212105 21.029529783973743 
17.349208847786546
16.844830362140314 24.17497754111338 46.43148391255582 -45.328211881924595 10.005686160039048 33.82417927302883 -16.23791546463427 -15.208100480001107 -11.099290697215736 -11.36919348539621 -44.52059104222342 0.819157765089706 -5.553626738397163 14.628627570436876 32.78033240232858 3.29724611495341 27.605379761929186 -23.517998349363555 -42.49593488263553 -33.075722205081064 2.889493976087543 6.296012082054062 
64.89069514881817
-14.234393127286928 34.24353888506123 28.19963525779211 41.462852178958926 21.68137406905535 -11.786509153672284 -4.925393262362277 1.2245244318009796 17.89811696600232 46.039920284988625 11.322225138283656 -47.078262248802936 -7.514199011965836 13.68128572680802 -11.295196543619937 -38.714340683259785 44.95863735027076 6.759898070677451 -28.931917881223836 -24.02059186965264 -6.699877106248017 16.036602864930032 
18.145360329536064
13.395702643230358 8.419739189662593 28.258578102156534 -41.33626466003345 28.503185968087124 28.38078284039159 37.08785142029643 -41.382727304444586 -43.38488329374884 15.695847653993098 29.30649565654622 1.841536841414829 38.25484221424912 -32.43150387363565 -27.392320657249027 46.91839863279718 14.218283794524709 1.166670744478992 -36.9799356052315 6.959583113434576 -7.515568328991662 13.845491451048886 
62.37633325418407
-3.0380396633777096 43.800635776736655 -38.305972742431074 -30.775133243270826 7.1970827196829035 -21.429741974349557 8.862725912866274 -29.80306896056438 40.49204918065227 -5.903995017372374 -25.164783319043448 13.07994781086498 -3.72172735547133 -41.71687920480718 47.14017510578681 27.710787006711385 44.92925518393119 13.582281943264832 32.95604736629643 -3.708793588863813 12.178045996452013 43.252944834593464 
44.643383390395165
40.84092090976071 -14.70045355139493 40.95355384418336 -48.553352853746254 -47.757961018164366 -39.73762639501377 -35.78407080440097 32.43931524690626 -17.308148795845348 -27.80046357380893 32.536799569952265 34.24317199535015 -38.63067692222813 -9.683318602602974 -48.379654954768014 -28.865293057638198 21.733812025550762 12.751238500018815 6.73131146856494 4.858561489152592 48.11291019630039 -33.08472422163493 
20.169093353935953
6.800006358057431 -40.900461779290744 6.499456917786773 10.548929399963484 36.125451445860975 45.76671424370291 -2.4150233363074634 -25.12284272221459 14.082035389379442 -26.178294979975135 3.204927717919304 38.333240060761284 36.85435897722887 40.55954203558862 8.216048156125446 -18.777928879349925 -2.7915186094475857 49.839168917512666 -25.513662923016355 -42.26415273395902 -21.389717629630155 31.29377831084932 
30.173581298906104
-33.03445845422198 44.58739007443768 -16.399856714329516 -23.7356655528573 23.027868415466244 -29.189159286861944 -34.12992165563481 -11.437565458633344 48.2243198258879 -42.295274638309145 -3.909588667269567 3.9606880274704253 -19.175272193144 17.34905768667504 41.02613667956744 6.09886474549436 -2.6315190821978405 -49.97683215563988 -1.885283364755395 -32.59432315869407 -1.6975644479281868 12.943940514843057 
26.61773051459625
-37.95802700576891 -4.674792594346592 36.58524939573023 -17.340544539798486 37.406867708531095 -31.016572026226306 -37.57803629045636 0.7700906169408626 -29.361905694852673 35.866234843753915 -39.9760379361189 43.164790993050445 40.932391501515426 -23.82987379960143 31.13257805426109 7.22778861454573 -31.468760135966033 24.457039406825047 23.683966347914208 41.534314430888315 6.861846857045471 19.104308954484026 
9.70089395290672
-28.7687982660919 25.592745468968076 39.24594449524423 27.556509427167484 -25.28962023729089 -10.742037130682313 31.930458486866044 1.320630529039434 35.24775649913775 18.62321617294451 46.77122347771598 27.731201539171707 13.643243901492575 20.112116898815543 -49.45883105364955 -35.209510711707004 0.8859893657048232 -17.620073968963993 -10.035646387659355 -34.93224264862111 13.482120363581075 -31.483109568843915 
57.38277539232913
-28.5029555258562 -11.679370471863606 -22.617222903723434 -8.972456222970571 33.79082891573181 18.816290826108172 8.218709201836575 -40.70069608418857 -40.452697775673144 49.556769442536236 38.95194006238606 36.763642621465166 -14.288932401514266 12.794387973334217 20.503773617766143 -21.507120530342206 -6.745950284701777 46.86128285464642 -3.0696798143920603 38.936574358473365 -9.224475561983958 -16.05003062426332 
34.37034282784882
-38.32129099017789 -38.82291096741905 32.68960132286725 -19.456041782209034 -12.759590447938685 -0.349468461570801 9.561530830439104 30.94052408426417 37.51277580333107 -29.076471636601163 -7.564018540194326 47.85349731699978 37.455208434234734 -20.959841694508384 -20.624948660321508 -35.935298472772324 -22.629629299554033 -26.08978145608741 36.33537313671067 4.249833863423959 2.3677567738368595 15.443418660306534 
58.51722933176563
-25.928299844477188 39.55355375842602 -21.70852000968543 -48.15496794976314 -0.5529086574909456 38.03531618330027 8.053293979989029 13.427498575947936 -3.3821622579618875 2.005724913460469 33.255225182431914 -47.16600192823469 17.42602702744054 42.970517082194874 -3.4992513541726282 49.63698265057144 -6.4120253872955075 -36.3886155777982 -7.109371565383235 -13.09145968958616 -1.2189960826183608 12.825527379333444 
44.14682902521303
35.222499512751114 -41.99831053884972 19.159216320925665 -7.1695451719038985 -12.798253810680052 -40.07634072972041 18.153594544937405 22.625986259982568 8.76372212982399 -30.12228876596349 38.04664938449778 -2.1288498793302537 -20.044691472328935 -1.4036224002742657 -2.173863397066256 -31.656249804701453 -4.368344850431704 -44.990269956016135 1.8039774241670443 3.773872798328725 -15.778293445483271 0.14870170985761177 
35.68343724657678
6.6318642743323295 -18.56346419536301 23.606692558137553 -19.48380882880867 1.4495276163729116 -34.98514950694349 -15.970169384017943 12.997140724032477 -35.7359771110208 16.463269109299134 -9.249249732176715 -46.779350966143475 36.73097210884566 26.237353603941926 -45.049728385259684 -45.677375206080484 16.035324737158575 -0.07745496798544593 5.625940010308653 2.358686075773143 23.935518743799335 -45.28747110656571 
98.1658408000354
9.319390027974109 36.108587402220394 17.845764838270554 41.47074950190357 37.359319050391676 -3.5791874389321734 -48.350741271262656 -16.66292592686345 38.11759516983855 49.83060019716544 33.45187436831631 23.2076867414915 27.433147584678707 2.3372732802277127 12.867830841056517 -33.58277568327041 -7.191129878381616 -43.27849108202556 -46.18574992932503 -5.2970349344684 48.65458625009563 -21.219819029634113 
94.11491801596799
4.021940308940486 12.639493798898513 20.34039688276684 21.655769083681903 -47.39054077853135 -24.58944332891424 -37.45545266932258 22.795755463571993 19.733757598559478 -24.515881655246694 45.73022535370353 6.100171187968151 -1.2539818364413122 -28.706253157936235 20.68589414182101 42.451708814233086 -13.205471045010434 23.178124708266537 -9.854768754032818 -8.792165763617412 -12.03370633666242 -40.48139966927391 
59.09006678095285
1.311321750110558 16.638926849320825 3.2867456295549644 -22.236065955136407 -13.875876216605846 -26.52980795457597 -22.061893969169123 -7.744797874808263 21.242965437765733 -32.27788198709369 -5.110929905924408 14.090858031016268 5.668387111461591 -23.48892985707659 48.73956380825349 -17.51100859757664 8.43722720082367 -35.905216491965845 10.955095845590549 20.75009863789778 -4.8082275070204545 32.45182674154941 
67.89742129038191
-18.275667272719176 -7.852822265688822 38.178540398646206 -5.106110368668261 36.37386064835408 -1.4680508993049983 -9.87702739123133 44.46131914469716 34.15653399777679 2.8145984202940895 37.19495261180073 -46.148964075157906 -45.71090816104141 -7.107104260784048 -33.56415099646293 44.75746319340274 22.90515865525009 -24.089661406183748 -42.29876598351247 -3.666525221771181 -7.294665436554041 39.477849456725195 
33.204081488223025
21.581456984658217 -31.096327252071955 -7.183105995481995 -2.3142603316482564 -33.260147820164974 18.106936020397796 23.70356060283781 38.12641733160284 33.46070497164199 15.219982075477134 -4.918627402353806 40.67643243849493 -5.625482903322329 -32.44728787071814 -16.176034491717317 -13.115925697283402 -15.935467414014646 5.01101561966901 33.3669142729176 11.315379996716878 -0.47671216739976074 40.58620948530745 
1.7914196270561789
38.30569773546377 36.84012963151308 -13.685544785594693 37.430741920818704 -33.14753584803965 24.169103255036646 -43.540292744143784 -44.81641481960676 -10.446918769125077 -15.047552361387183 1.8807669151702697 18.45694541253245 14.01139849851505 -20.074299852213972 -2.624962821216336 -45.97586075999638 -46.71923647684193 31.606182192084688 47.248616884819356 40.0721259241849 -34.3188180184949 30.76743298775331 
33.444395562847475
11.32538660416391 -46.27737069069189 -39.17204775365796 5.266841411875809 19.3720238782864 -23.11388363228727 -46.86665314432543 -49.925764863687625 21.1809366985904 -6.341377156912856 3.7868201068016916 -9.73393941623403 44.28726607869848 24.487523430900964 40.983665227323655 23.475396487884666 43.23654897225113 19.214737110893225 30.731260366043998 -39.91691637551834 18.616335205433543 20.070257800191825 
98.38678025841942
15.002561730619718 17.367265041848924 34.44935684294478 23.6207058273624 -20.858779993983845 -28.946082637813475 -29.53281519172495 -12.785111316721562 -19.97379720105734 -42.61100759516351 42.679124882820915 9.52981223189503 40.789619756146465 -10.457278842849561 25.374696191204393 22.526395958161444 12.040107754483351 47.632602095341014 16.497409423726566 -40.09647413646743 -17.895215360943695 -32.72307822515907 
26.5124352117305
33.213213142906596 -32.29237005628204 -8.791265839876495 23.438555790625898 -14.258855723430898 49.35734308399218 -28.31467424534414 -2.2196728452728465 30.491077347436885 43.54980075258874 -16.208624435875308 -40.75902133007048 -16.21258079743904 -2.6527508351015 -27.277583360582202 40.86604280823478 -48.18900286006532 49.97838151069459 11.748378325690503 -34.33770886813456 13.808894116534717 30.810508191978798 
41.79536454363817
25.756049738264224 -27.23001421923279 -46.622956281001805 -1.5529854714744857 34.79953603297426 12.033550105925258 21.100564631213203 -42.3448349798425 -9.396672438121165 4.599176973433771 -18.066255041996648 47.56272036424819 26.867681126130023 -29.168078024995292 -43.65253540146631 -19.419989608531896 -9.595097228244008 -30.192540080414 15.927468043664845 -42.78087936281007 -46.610512576047626 39.71778877556331 
58.29793684032627
-18.820990994516386 -41.05765586320287 -26.441244063459536 8.172416865016295 3.787488120485726 2.7498786153988846 27.746562698642393 24.039505192019476 35.144414441648436 -26.5617099595733 13.361059268231656 5.322820824559301 19.173756762246768 10.067941197970818 12.389528946854114 -24.18825710118434 20.28044361930658 -13.617807260425288 -5.354614045291548 -34.25855048896217 10.421196192205286 -1.6603295406658063 
34.96200762296587
27.107843630143563 -22.863154910835014 13.97836059173806 44.81271241292872 -5.365026120578044 -4.543111865694819 42.80460314666034 -12.316368767522334 -1.7304377975822192 19.57532700715116 -4.330554764845907 43.32709006226469 42.15931356568599 -46.18986323745485 35.48944227173291 22.448796169882826 39.778719958251486 -43.40304086715765 -35.81150574244102 10.432997530906043 35.19805669231502 16.13091411747051 
1.8818111648353564
-22.739649031432418
44.03598958430828
-35.414790140536766
-15.354078506591705
-47.21531415178218
-3.937453453187935
7.923506077499553
29.70004313590458
24.205447289533055
17.675055564721305
49.72143952778423
-38.39994240545354
-16.92503517468277
-18.71942023908364
-39.31052775367869
-47.17878483578547
15.343508968603032
40.52511056961299
41.24504846693402
-22.434373873779467
33.82880429864339
-44.66979408670406
