constraints 23
variables 2
-12.450502479347215 -9.507055238697582 
8.805256346827017
-35.491353460523186 10.96865249234228 
19.164778619767908
27.120190399964912 -21.843937960373104 
38.4585019305255
33.00404871796624 18.00481872907676 
46.49252427440352
-3.361902794917505 14.221519600175185 
87.20427204344128
40.57723955257684 -1.1804943577119928 
78.57188535086681
36.39815118550462 -9.596222951679437 
41.619668303461545
39.74348330964702 5.555825686132735 
5.4980549067724205
42.37323499981797 8.287534130818642 
13.082725601252253
-41.45751105439535 41.21413174091683 
82.76814848834874
14.353953605936127 -28.79831202423927 
20.306976321114277
-4.791075436723126 -39.3426879074493 
41.03214183110483
-38.052334062378854 42.931483238662594 
42.618609699353236
-36.30957404389282 -22.884192822194283 
24.525782449590906
-5.142079462184235 35.61134911798656 
36.549903503556756
48.961639091942246 21.92623394444827 
18.909663401181152
-22.470507392710427 3.745362137676068 
29.49769308914012
-37.53412664638965 41.286726776842016 
0.5449772228844796
-40.65655422762898 0.9887248271608158 
68.33317941239389
14.852035564950398 31.788890597962137 
47.30405961418458
-8.024104615828179 0.01751717213923598 
45.15685453087159
2.201664420003347 23.91002654633381 
35.3938956956472
18.125081988550534 30.87879919006879 
70.0136872207746
-41.110447810140926
-19.2398132550486
