constraints 23
variables 2
0.9494300664641315 8.180011782514782 
93.39032878145416
-49.78802141466427 -10.21420084580906 
77.90460435278395
-49.8504815736059 46.35406609199852 
46.0045846426985
-10.406534198952102 -0.2806298749334246 
80.14801230221987
45.803709497829004 34.73279535728594 
9.007107565706708
19.209848338300475 -44.70392401857383 
48.33643140248035
8.39550067431827 -14.530159320583557 
47.203451820043874
41.920904721480326 -36.012618374386776 
80.55767400584985
46.11148529737436 -48.147346459643224 
66.7123485288242
-1.0448760706379758 -25.872750551030865 
10.480165060282786
-6.806219286769341 -17.72375700834322 
51.30032121359619
12.014489404102576 -28.89381654546076 
90.39829806790394
-46.687176166369035 0.29746511146279175 
25.210066753942396
28.154995187856684 42.71353511112284 
1.3976624595374854
39.33351043529221 -30.083126979587615 
19.365540463765107
10.399947924511835 44.27656693501105 
18.62191087076911
30.79658264225698 18.805250019033735 
81.94678866073642
-29.317216656027988 43.785675144283815 
86.63294948287043
-48.00889956809452 33.68543079570999 
54.78917466725073
-28.3809055999784 18.77132244604475 
9.906885604998216
-41.29605890983162 26.82938753821071 
93.73766639137287
-34.58139934601982 2.984856776292041 
17.556716344364954
-38.91345917555626 -48.095210788648366 
77.27838787776915
-22.06324019123931
-30.819435483533088
