constraints 23
variables 2
-4.648817156505139 -0.6661302798734994 
30.44947421261478
-4.598355504644104 38.159138416131384 
64.74064223261811
24.7743912134963 44.79552376512578 
84.27873148556574
39.84006195552581 -7.572280110156761 
27.952745637687016
-34.64530891253624 -6.525471441552163 
24.820821013645155
38.57078824039978 -26.796013388705177 
70.50262323836975
30.654354642165046 -14.817109739152698 
17.995940257590448
-14.46130433474594 45.69163250961242 
30.924878613445937
0.5967823862397168 -35.05419104209473 
87.6977261112211
49.971171479692416 8.273596055115775 
91.61388858621004
-16.04788459797055 -7.47466392711835 
58.284647240555806
16.918216130880595 34.38728943035821 
42.926360262750826
44.84008115984382 -45.25830539980026 
24.67518020805297
38.7325744189899 -8.500947345891419 
13.55758552474332
20.477845223188226 -7.429058054512204 
23.276327710647283
4.307709127964564 -43.40159969480871 
73.09021056851044
0.5635136176355999 -15.825623789575005 
32.91264785202369
6.53223962626074 0.42697144222513117 
9.33257504765227
-7.268527940413605 -43.76348742948238 
39.9266640062658
23.382289285502083 -11.361483813673821 
73.81873943906939
-39.19293203656186 2.3990023213650034 
85.86725678759211
42.81512352712002 35.243411102723655 
62.40382549385263
-36.07392195628233 -46.7402594796869 
58.283486264761805
13.33495841495266
-12.022862017038683
