constraints 23
variables 2
27.3997995966823 -31.093869715660595 
56.006092212133495
-47.36543282435274 39.26851768851971 
80.95788700718177
-1.2153641452298132 -13.362851509202265 
97.69743903717333
36.5452896693546 -44.83766378937608 
12.5156865721322
26.29492040033597 -29.602361713675695 
0.45705773447581866
42.60476062378626 5.051638787894788 
43.10875910087593
23.10723501504461 44.42254076363918 
9.299962649350412
11.621428120124591 -40.54942770013237 
19.670263018530033
37.032107100450034 -24.129558916326744 
41.22219662430368
30.540513262555564 14.240777998288507 
5.334890962476435
-48.851173582898156 1.938461405136593 
58.27801479034756
34.11357878592692 -7.339902713449462 
95.89597846856202
-14.814995404805096 38.62572130680802 
6.007662261226598
12.75927004975307 -31.472347367506583 
28.152384712121524
-45.02270800372721 22.656553160099506 
44.47972694303287
35.172434327638896 -34.10134623247137 
20.302988739165663
-39.272566575469085 -10.190041547082686 
73.80200127158307
-23.624080149048687 -14.77368689462324 
50.69849200201466
-30.65939033404095 29.494226217334912 
74.92335301363869
-6.8193580594175245 44.49218413009069 
74.26137574906221
4.264293122511788 24.99990607276375 
55.07213532190438
2.882580783886027 -31.361940772402043 
59.504916307615666
3.736067158927284 -49.457817548908245 
58.86738753188142
-7.786907943414313
-29.88701740512193
