constraints 270
variables 3
-31.627269537479684 -18.331032906940848 -15.024610906006956 
5.729032463302486
-40.676740710181534 -2.679664997526011 -2.8972263651377403 
24.731982338789948
46.12507515264737 28.59821153298431 -2.5328165906843836 
63.70173547696447
-47.079741248282794 8.555483930379495 -43.78797264682025 
42.49056746842719
12.710786279497135 -14.431086251165738 -28.75537278752779 
84.86264414410275
-42.30846451260324 29.56542898499451 -19.9131592855314 
69.15242842317973
42.68886688415127 -35.4231816353946 36.839607399968415 
7.535723257353489
21.214644943546844 21.473477070196964 -33.60173699499583 
98.59410215739253
48.430766964820364 7.169362506461461 14.40312366439909 
14.357430470584
-31.770618434814356 42.156666935836114 -4.117528505403534 
2.638088162024721
-47.330841827060944 26.920125987979432 8.14279005776686 
8.224375789591177
1.168123924512443 -40.402696980998265 14.183669355233775 
42.37954035115183
-25.86125961835508 42.19260267820407 21.76254125036054 
59.09671045866207
31.161025633679827 -19.280885282833804 -19.792998325405353 
28.688992453695718
-32.675269977942165 5.833900526184344 -7.8298448967474386 
34.547834555879476
-6.968316503284896 14.848640557498186 -9.252906826887042 
57.281717585400706
-17.665383619687923 -36.56100254029636 -36.28178006371985 
51.95108301804241
22.798908767884953 15.942516075330929 16.15785928952546 
68.74438414336433
35.90885437720948 -3.1738237219035454 -49.75582028374691 
15.193989093839255
1.2002352069073652 -27.278776112109384 6.829180087483401 
8.909599012386405
9.586089709200593 34.36426501180516 -42.824927118734195 
23.81076780980793
-8.24722584791462 40.84997956086124 -44.76388229457825 
89.96897265829662
16.038545384485133 34.79232300490493 -39.037402719201495 
67.42363409394034
26.867043596244272 36.30735571231699 23.32623476477133 
77.71535297687899
-0.4067830580554741 -23.82763582447818 -31.885883797572845 
43.383582495245996
20.52941203392706 34.08227548328934 -29.989307776466955 
55.30480957443101
-38.04554304207565 6.615774846707232 1.0852431802333626 
60.50125879035141
11.068763948162527 41.34000389653181 38.52472357837668 
38.92904142560778
29.143623695727356 38.4240272884486 -16.70037571897572 
16.758542219811545
-37.47698794095873 39.19775556676251 -11.576868135212969 
45.7887947999957
0.6713856787057182 -7.715655871794539 20.561527996305287 
63.891460449571134
-21.87888985892843 12.250548029005728 -18.02360332733528 
39.75893981614982
46.95831904385267 23.160893163966875 1.126908374773528 
96.73507909705214
4.396143102777131 9.987919893370375 -40.266930335598516 
5.1358111409909535
46.019420004161944 -15.477809165980773 -38.301484984570045 
30.22097078096968
29.44515931137896 9.242148308293416 -34.98596834326612 
23.857472369167542
-24.571844879447546 12.545287171897968 -8.389283698863878 
51.91789584859803
3.851358363868549 -28.19142027482069 2.104275597291995 
56.58747309243351
0.5756903380781395 36.93740230507345 -27.53035548955789 
63.006328796853275
37.784250858540844 16.37871962233453 37.90781010383108 
53.052790231143646
25.240893920071898 -49.98438957735555 -24.485729672074864 
45.57743795399816
-47.206570554674045 48.92666761398027 -18.16866178869223 
42.02651146204668
-4.513231608953042 -9.314798217487578 -36.035925749547985 
19.147160633974647
-8.188446447114686 20.689565208925814 3.6623097200789942 
76.34595454965216
-27.10108369224058 24.957362641735244 -27.381097706962663 
74.27598803569208
15.882207187378597 7.8826597810211965 -25.79301683606593 
33.35677519994452
18.18167336257119 29.646777603501803 -38.0233585457861 
96.18508794317312
41.12821804476401 32.28960209708147 38.45413229908277 
96.17375649866239
-48.87246326468267 10.889790539135788 -30.865647736522572 
16.25939216487291
-5.523907883867949 -33.131369116708456 -43.970000394802966 
66.14886012006512
-22.024490468170164 14.123747205021289 2.7384603431093524 
54.32827304278286
-8.347824875265154 -4.4847702617128675 -31.28985414426729 
81.93716605823684
2.1739676186381374 7.1681519875686135 -45.750340046841174 
39.614417343183085
-34.03384600398179 21.121927010255888 -20.246196535965012 
45.55136972875927
-40.4362714484149 43.04823879931287 22.78812772659765 
23.24157028842908
1.3975581280921716 41.07581724073229 -45.17364043434577 
80.79538794193971
43.99687749887261 34.2016191066441 -24.175307142093374 
20.191708122746277
48.50084907703139 34.33447255725575 -20.724382478430936 
74.46778804396683
14.407024640869096 -5.291404063609036 -7.01642687202213 
43.60232016705694
26.644742778221726 29.22082485273981 31.52741884431812 
75.72556565014888
-0.6533936833359704 32.18679268565316 -34.77769112751143 
19.294396753774034
41.10138793587312 46.07769383924446 -42.63371012204368 
53.99899048201306
40.006838089533915 -4.0092898309790925 46.65452141296606 
93.42175556781271
-31.498981375116465 33.92253361836076 -45.13327421878244 
40.84808522049794
37.73598043007877 13.356845081357335 -18.718880137938886 
71.13232737166982
-10.832287067188048 45.24306764049345 4.740720265445411 
6.151369715224919
-2.928505358186243 -29.865014454543914 -48.10441941292517 
49.13203885622879
-30.148119098447935 18.074412262398766 5.867194614866648 
44.017530084453846
-19.698233135690423 17.74630723699552 23.42891355750166 
30.041897948920806
25.375103910710095 -40.501694123858876 0.7689247550148579 
68.81059065647058
14.57297405337627 13.008917793598187 -22.00003704256639 
31.43892304618995
12.702950997451914 49.70511310922528 0.8026117012399112 
46.67924754195361
17.556752637049016 22.471440962920454 -36.063339986121576 
27.471537148112745
35.96140990104266 10.759153268784296 45.82771277956216 
12.980973825564002
32.69428919541161 47.895296392219535 6.033825502946819 
85.94004079497113
-34.08747818100096 9.208076918818186 -41.88035457580534 
50.991532069505965
-9.96756201633795 -45.47372529003842 49.31318831373545 
88.73280639031333
2.404904601735055 -13.323189293900697 -24.70698999874379 
32.29049890189592
33.66751072348819 8.79605113593098 33.551225727499386 
48.50881004547589
33.31472282524106 37.58678016763626 -27.999546851246304 
44.21344855855816
-18.187637891391052 -42.9057530438406 20.840443363166912 
59.517117453068934
-31.507224687426273 -21.8590090149848 5.172780084395242 
54.761424738001075
10.50238590216891 2.251694765121549 23.449728013938525 
45.44397345201091
-47.76668259671647 -24.284405773050644 42.56594705706745 
90.35827834779239
-23.043945242403563 -40.62452565679301 4.249406972242099 
92.17808571458266
-17.219782238958345 32.798594276452235 -40.61941215792005 
26.846566812254746
23.605622365903486 -2.323582459775686 46.96661055994173 
78.3847633939579
-7.613883062517026 44.61627655519143 12.719646596423786 
19.112579853713118
28.813618825863117 -0.07035320222726682 18.536609459032505 
41.77950190773815
-33.559829653808464 -25.411985513503765 28.64978811048225 
19.73115388960254
-4.70923545443479 -3.7912057277685847 -29.18429804696453 
43.99167842123957
5.18003317909055 16.750081238350077 -38.3678101900628 
62.02088093586101
-7.769080584316498 -46.46545259746993 -46.078695952126544 
21.908930579607887
-43.496317414849806 39.289057887557675 11.088333645187333 
7.900345101651817
-7.821294771058639 28.07810604463222 38.46486154086743 
38.392901678960634
-26.603260140918195 28.325504524611063 4.866449160679089 
85.93600374171098
-31.354588619413104 11.56020372241695 -31.056780129701046 
70.25693153115562
-25.509121725823093 -23.91150288368489 -15.625795725216932 
69.97235603711863
45.488824059538885 28.486311644503644 -4.445949302389664 
96.39633821442327
11.268971111320894 -17.37835327319295 -48.856717603370505 
73.73499893445505
14.072592690304546 -34.14134804032679 -43.29901478920839 
73.9619154130039
-29.567421815672944 -34.83874616707958 -40.408527042083875 
61.79721693943012
-40.77924032077242 42.00562772455922 9.454067257128962 
15.467268931343492
-35.05256490062463 -5.6728013116913445 -34.25210315023332 
2.3007198510501814
-40.016915638497395 46.16933405422387 30.23115021683148 
4.720610380466772
-7.7174825283302795 1.2671973754790002 -33.293014352985196 
11.821150345495223
-43.773216522775584 5.491728872027721 32.965873822510915 
14.471644288067942
-36.64163852656671 24.89505951788071 -9.423143773441225 
67.76900604315058
-2.9296831622662367 -38.95987897611456 -22.97216633983975 
13.664164394763745
30.720213681413895 -6.63643537478881 21.68767805547867 
88.7165748711664
12.174821884076735 -40.487412299070684 -37.83942863903277 
77.18499017264298
-30.548324048200193 -41.08742707248347 -29.174303637755184 
8.0415156890019
-28.091134713083367 -7.736048631475356 32.703012375711836 
35.99986603407942
-10.655557122366353 30.233021198862573 25.258501761186494 
91.27773439833408
27.402087722567046 38.29293336106501 38.35998306637394 
30.566947561419855
-18.16021957971031 -28.51260516076274 38.31717750605347 
72.5641450364781
46.50340177884651 -7.1688864045664005 23.787412400016535 
55.41849648045609
30.257344015160115 -37.872663598785024 43.300985723354785 
10.581957879060566
-13.340650327196123 -11.825669301106053 44.257874566486834 
7.801428824860435
36.82698399805744 36.64898108498551 1.4701500405594956 
89.371120558938
-29.27173789243679 38.39712741738013 29.672051727968324 
78.26730299676431
45.03915527893044 48.42667864322067 18.892426507224343 
14.416535600649894
-43.25418324530125 -35.40911024394676 44.181794828609995 
46.10241079711135
-39.17045590832843 26.765697434787157 -8.090949228486622 
79.39467516199244
17.657651845491984 -17.733720497312568 13.690375828368872 
67.48858867834505
1.1135682346906677 21.314549952211294 -34.01430991976056 
3.971224577640997
-27.965353976531958 -42.43939662965393 18.495542979124707 
69.28534151254641
23.18633159353631 -47.022432400599065 17.71403649366661 
68.04037028100085
31.786471512789987 -36.10924806247581 -26.65894777158452 
86.32395349705246
13.503706496574942 15.468336477381612 -5.270344272899941 
92.7963748750853
-42.1109123657374 -4.307705747253344 42.14225135112373 
5.104174765380709
39.36012693018327 -3.3553683596926263 -26.688280185136048 
44.02803928238141
40.141760116840146 20.885406730340407 -40.34863320233764 
1.7841262879939812
-8.021258422451773 13.765475735606238 18.43026259560996 
58.02669697967645
41.969248649474125 -21.291790461616998 -42.67188618258441 
87.35403472753032
-25.470455274741266 -18.189066586511327 -43.993456253752704 
15.498355894024963
-23.715218351191712 -45.44182207032526 15.681250788719524 
97.8844450484389
13.59110941486749 -40.99472587479816 -7.847794188021396 
13.870623280074367
3.429467393078987 -11.517776676579437 -9.653286039643127 
92.73950391919533
-2.428437509709127 38.68414226240576 39.15278239258457 
13.385017979058178
-32.79628495081324 -1.0439129984470625 -15.832062110368653 
48.64596245209507
-29.395618040200276 -18.353676701371 32.96124416761556 
57.36532400612655
10.006346780793997 28.593664324181802 -37.45599849271337 
62.50852633652734
35.434709222591096 8.130782883140832 -48.03284045291536 
92.05258018056814
33.096984150168936 43.42688966211573 34.31123564171547 
0.8621519918381115
43.81173795224244 -6.440449588137753 -28.192872426943794 
36.3973426092577
-7.002628624820332 42.39679026518566 45.42387605336971 
58.85194883318131
-22.097155380109868 37.187109869549744 15.982093386336985 
77.19987806781845
-49.952789541480335 -41.30364061911715 -42.30055971987373 
16.631276590711852
-48.75492614156026 -2.2030970045135305 -12.952835604413558 
89.98883791804076
10.130186396787522 -40.39414688324766 9.894405638996886 
6.0686880897649065
-17.25041520893665 15.58558596023154 -11.860423048869038 
11.029116054587861
25.58577909318666 -23.538843854353107 -16.62414598105002 
25.654345920452315
22.274733365110336 -35.624357629512446 -30.389595906349886 
10.84946957679418
46.32247685153217 21.395815531876337 19.654669005871185 
66.49650454473361
31.28334540568075 3.297004965508002 -39.47433315399347 
44.68053936841988
37.14804842503338 -27.502621908397174 -37.954054240975836 
37.29872575747004
47.09986958609072 22.078277646233943 -30.197556656321733 
80.19390218028961
2.3324773216689465 34.018681974522565 18.72221631637389 
1.2084212846928288
-15.716993992327609 -0.9117726630832195 -33.25438929508337 
27.932765321646613
-16.580825638570992 3.284682000830287 -30.574876819014406 
62.4273583980978
-48.370581625190454 16.26811422361682 -24.24913763513765 
24.824942260672945
21.300122106131752 0.9354616756812959 -36.898834527454426 
65.47475883684254
-11.67579035078824 0.09554551555353896 44.93959032620157 
46.16872098506507
-1.4294484891303227 46.146065804385614 -21.272857699421877 
94.99360679909036
47.753710309741706 -17.27957202078001 -26.508710793302605 
46.48227757921845
3.178791751805413 -16.53625520926993 46.59091689834682 
88.9907970394355
-17.503717801401564 2.413673843856621 7.439096123094679 
54.607211851181845
-20.613099715104553 -7.096735341769609 -47.70686861057898 
3.401736599479721
9.006698256041965 -12.53072816395806 38.69407635307593 
73.45687609238642
-42.94228367456439 39.94090889443824 -29.264509489511028 
90.87005430449419
-44.49023091303452 -7.2996421745721705 -32.93607977622791 
59.800108821039
-24.716041040890445 47.04776580840223 2.361244907456907 
81.63300547640524
21.618816149577654 -17.330102415565342 10.031618700196852 
84.47097679190118
41.374979546821876 -6.597035990747393 8.913496053705586 
79.40321482016674
3.194614080727632 -19.203378640659174 -29.940208682253388 
98.39517512130496
-8.783185779087297 -25.572540618236218 -29.023054788094992 
10.137396342763571
-39.0395391922784 28.476814559942966 -5.813722109439432 
54.8237178673906
42.02115135044181 -22.221000340980734 14.56872115424575 
86.5826463232517
36.388946552157705 23.362622891672885 -14.323395690052187 
63.164501114133955
-46.52115587307974 -42.55109501423806 -20.956099133150875 
76.49095787883357
43.37609751196342 30.93745612078014 -47.50104601875647 
74.80241038722642
38.33356750195786 12.601268965870602 23.58134975757585 
87.3925702817101
-10.781502635341326 -11.470847478243627 2.387297681610711 
26.29857456694207
-11.608698962789262 2.7952282733005305 -5.4844813102046786 
5.818781455140309
3.4089960678617217 45.901494903132914 19.258258997910787 
90.35939416762974
6.981197410020336 -43.76910138559368 0.7797997744191463 
53.86485095955257
-22.23334247116534 11.564739515769752 -19.252634108014067 
9.965970735880669
-36.11649006051073 -47.34035923279596 -30.272906111019626 
50.98360476080379
46.41657275542123 -1.0542460448262219 1.6303303725272258 
16.05455853148664
13.740173894114193 -12.40077457177324 -19.406810379112137 
93.90039814869456
-40.86487177964536 -8.441603695299968 12.894953921749163 
54.13867343887823
43.963688868689005 49.49459113991078 -2.131406062349903 
92.54002202080424
26.576391069017006 -28.685225900516652 11.229274579013058 
70.26346909728704
43.15991561805019 -33.53525161705254 -48.1555656022342 
24.856209644812456
40.895226979660166 -20.882018169658632 38.69163007059949 
31.68301743249563
6.080405578113144 4.276526341712064 38.598056068739936 
98.45434774082226
0.2827564268148137 1.8769756840639005 -22.67179107065308 
82.65111773452233
16.119905519035555 22.185714682146596 36.68394861214182 
31.89803335063227
-9.070195355024659 5.084184984387818 -31.49625761332676 
60.71625134753692
-28.62535263468178 18.28629461503374 -37.20438447370674 
93.59008108053112
4.93394582788045 -44.903521948120996 -8.289039610296946 
23.911308351528593
45.27706339250507 21.00832723025816 13.664006850399957 
61.118643791245034
-2.3342172956260754 0.2601482571879288 -37.375577942291756 
64.22873086917036
-2.177474340578115 8.405161337495812 -33.54183319120854 
88.95900885330275
13.110073202036673 5.020504458287675 35.16437000761681 
7.771658399208025
-21.596229997816806 -38.1294242624149 34.95368864181863 
97.42176805917731
30.69733565381945 -43.84329895121938 17.336203216578056 
26.97174290661777
-13.731403256615906 -14.073539209449926 3.734630337247758 
20.737924055526967
12.141567355667405 -14.717546352298626 35.611227537094166 
15.264230246731437
-20.383501243048098 -49.278298856812754 -12.305515746241149 
77.17160679997875
-48.20032857747931 -23.24677128075543 7.61427182718333 
99.61094063584454
49.34981872782909 38.88285479643136 -10.898134473742225 
49.05098153222836
-40.931729290891894 -44.87943418116785 7.883832536375138 
91.26178274346735
-1.5049189684440378 3.357268768728005 49.4965025588549 
85.60800760779712
26.333458294376214 -28.725851678903304 36.47033694517748 
0.14541102193413868
-6.689884280856127 -32.11075781815218 18.681193750162322 
66.51766321183194
-39.010815097345585 31.412226936957452 25.138175232828402 
63.279657123240575
-22.907410515073213 26.769885221008565 -11.924684008063956 
89.02724389228311
-14.960138182336713 37.98104689309416 40.93712211835292 
62.592371095856635
-37.2944098399534 25.501269149520596 -39.304445698878176 
66.56638941792306
30.802816332531094 36.72389574698232 -28.091248688919602 
32.54327862446883
44.83586247292443 29.015527005693215 -44.970574539655914 
51.72842976420535
-13.773774769416313 -11.019604856352927 4.693501513603401 
82.93748777022505
-1.9996576355686173 9.089484515997846 -34.93271932688433 
21.5137233588789
-31.6618403852174 13.376655722473132 28.803994978159594 
87.32128351193238
-48.683378873276105 7.595497988560986 23.75834744282099 
87.725550823208
28.34234944424088 -33.95306885378471 27.330233831804904 
12.350808528052347
-43.94708114682662 -42.770907122914004 42.15650387738894 
20.409242556119878
16.87630631109805 -46.47261028451126 38.842329560597776 
88.52427820569888
-13.026744162173863 -33.64598355065823 21.521337433069505 
97.22513245439471
-37.05257600794526 -2.5373626942906427 0.2563394591567274 
47.668340982470184
43.49338874583616 -0.3946279889350137 -39.35981497547934 
16.64599003918753
45.06267817151266 -4.734413007036174 5.4288721413334855 
77.56921934133292
41.663193487784284 10.89141757203371 5.636722160838772 
37.86952104682293
-41.93243799304383 45.87136051478535 39.24609477795066 
69.13924181933216
12.991048953339224 10.434679268823764 14.53176301701042 
35.33659247944223
4.209875208230741 34.7257640331929 -28.027277053982193 
56.50941401633184
-48.87407336602614 -27.50701000184653 33.82187262803129 
80.74579676036005
-38.056021285561556 -2.8509505769982155 23.626660773103524 
75.43862778868883
-27.587257474633432 15.401098359922202 9.34143597883493 
90.45497150163264
10.991169147950842 4.215517708866493 33.14490727900623 
90.43015437889116
-18.66336165876037 10.573436757164409 -21.326209607316716 
1.1603111353788664
17.17177246327236 40.28962297494154 -7.893675672230415 
65.94603035181784
-43.12819122103223 2.108716848824379 17.37706077575534 
61.743693621878556
5.5245968141513515 -33.640795848863114 27.776939461655786 
82.10997240289657
0.7504725783089583 43.636946417979814 36.29032274703751 
54.178844329886
-24.770643277341076 -11.69354840915262 45.24336785425173 
20.28944853526792
13.667665953409603 -15.950488735496336 -47.81430925705745 
81.3869506164286
34.84770633845872 -25.742757450344435 -36.59999942271086 
68.94751410408418
-9.56257887829247 -41.24708158003363 -20.967990975117257 
84.93239315995397
-38.60150389283831 -9.850522933196828 4.555576945966557 
25.15505587127086
-49.88399521540553 -31.913122178619492 12.135716602192268 
80.44915318485715
11.782895851395573 47.66103122259514 22.424756099857504 
92.15405331393679
42.10782771223536 49.547282233745364 2.4245438820568594 
23.68858472805084
40.074976976799434 -16.36204892210685 -21.729651947497864 
98.36250554516735
-5.7303824140383455 -24.545229246368137 43.139654527154875 
45.07915057368789
-0.80658754720789 15.163515444732994 -0.03822012131023911 
88.21161297381954
-5.971459988616381 32.70945878056527 16.201862765519905 
15.688711913976727
30.46990292654425 39.408797499745646 -16.28454794287716 
60.205880688504145
18.52984420941985 -33.72752267986328 -29.48245664138077 
32.480087336314426
-30.370051868074334 -27.59465182599009 23.28262098717279 
52.596725986851766
-45.17033460073338 -6.985051535973454 29.48986670733244 
35.75038849323339
22.701612930050857 45.88060972433232 -23.64960957321355 
2.0602592704222045
-23.851352447701956 17.57500936348994 -49.999022953117425 
96.64487264230243
-9.632126384418193 6.296707006498892 2.9214888484468418 
25.76981253071471
-34.7980477792471 6.863531658055521 -19.869245593957206 
37.63584250927807
44.278222882675294 -14.766753537822396 35.43840279425993 
2.2539032730907294
0.6213208454888388 4.85913004953602 -12.122246305245064 
73.85728076252448
-16.16490401206623 35.254705519965 -34.582444106941864 
51.43018500726646
39.482859409069476
-11.945348645013176
-12.595200300362109
