constraints 270
variables 3
16.069883906642616 -46.853419947090146 -26.380796505300253 
35.46710360605697
27.704075690023927 -13.004833425659037 46.692259079185746 
49.98903220478267
-31.629602683304515 -49.7906584397208 35.50514744660059 
47.588893860249435
-40.50078889847452 -5.81103090688292 12.078371669569599 
79.22241722696923
9.298524025724674 41.13164923817091 6.217712733368629 
86.3962984730131
-14.470707544850967 49.00842274273539 34.551806726062594 
5.052741175720154
36.53600061960188 -23.211688995244163 -7.3419608750042755 
99.83127992638292
-32.237898702103685 16.833659498288938 -42.60103369017507 
9.35060024059171
-13.453663399352237 -4.139065463053349 16.220321666996213 
44.188204291610525
-13.312613949724962 -41.54068438581457 12.915661992359375 
68.39594117517606
-43.91934872972462 37.88199745039471 -24.75845804723412 
12.674571211508256
-44.32757394523621 -12.327107853429688 -31.228981016609016 
12.740673644678157
36.04311904686914 -5.336074344229935 3.5022434716801243 
39.954412006717796
29.122526655631518 18.975956143454127 4.992742320557554 
92.93675957981097
-23.143323672620987 9.878811812215268 -49.831060212979736 
48.68998978257172
36.087068057474966 27.71378406231871 -40.535647312283295 
29.645411364768005
29.469580788761533 -38.445605749535915 31.568816195920775 
29.0973925723779
-4.048252526355988 -30.12092681063525 4.824992350623411 
51.643013178167195
31.14346357175954 -12.74809183005172 30.187315860601004 
67.53168990163996
-2.1423887651136013 33.855357637903694 44.66245720555749 
50.23940402024727
30.163519632391157 36.691463009996156 41.279262867434966 
65.11724157386936
-49.512465004167005 21.36573458348896 41.890063625293536 
3.6241285495723585
-31.388573215250016 -38.40945337642469 -7.515872640773857 
12.438813416283246
33.860744984365056 -20.107441080026433 17.197965119799804 
49.65630096804827
-32.65836798503612 -22.518711453000627 -13.163928958862094 
11.309083570637146
9.776034706194167 33.83368293682419 -19.530409174006692 
10.613688822564393
-17.69835896154347 -42.72789241903286 44.55938938151709 
59.62821120382195
-27.455721754664943 -13.339082171669283 -16.94625142669416 
98.41665823677425
26.336925093443114 41.31937076094765 44.0399895531195 
40.351071340042076
46.65088339693101 -8.653696679204039 3.7831099879301533 
53.842595636967374
-24.378931723183083 -26.22530734243025 -12.636499680592614 
80.57775839880448
-37.01121050159759 11.321825720499504 6.629637518836049 
98.24642587886173
4.851783571461745 -0.026518031537925424 40.810671537879045 
71.78303739139946
-29.697334138634744 19.23821313683007 32.8875926173294 
1.302872386649978
20.353426086553128 -15.36961107088188 25.700675131319798 
67.20030438190994
-36.515105936393844 5.788432537160823 15.774775105269171 
93.28605313409655
-14.773369085174828 35.60724038766449 -40.0270817397231 
97.37574038083618
35.36400266954803 -4.138514649634374 30.34259645587062 
75.40207521535412
-44.31432045854968 43.019133207442664 -24.101976984043137 
69.90824635440475
-16.373857146100846 -5.707816354978803 16.585593063783975 
6.690215129774235
-27.27575022434341 -31.555724922543828 -35.691433769487546 
44.3907727371336
29.510254870468387 8.472474541928712 38.6410664199376 
71.00834231297398
-21.749849095444105 44.003209866981166 20.740234468976 
98.56873618390762
29.917536937639184 20.08997030008412 -32.03059812140323 
52.61817825383987
49.82968786443678 -33.926946887762895 -6.126012945252079 
26.731055737808596
-10.424146183502089 3.259297184272228 3.405741756255928 
73.88605841548585
-26.817740145714474 -6.597628953874924 -38.33010663123157 
36.34950487524418
4.899682497006339 11.31190341707834 -34.02637967082983 
73.61477216351095
-3.4341680286171794 -15.607692847752944 -14.416781352170581 
33.981980895019056
-3.8137342041738123 -20.49008526342343 31.351183570021547 
29.522153134980044
36.193894979494246 33.30959337950358 18.253428247445044 
16.455302431216555
9.788551164618042 15.9497203307982 -12.1193742225581 
53.382003447111984
26.8245614752569 -9.802912003555619 -34.943280387533214 
8.34318200507489
-3.0944286436804163 -22.079148406793024 33.01145029266857 
12.343017473575713
36.66238748624832 -25.752568226872054 24.91268114034561 
11.75498812101713
0.6308837363024011 -44.01417917593464 46.06821998466732 
54.941283371972695
-9.286429998486021 15.40546670483836 -39.264245019489195 
59.45091476475455
7.899676457138561 13.046536711157174 0.23336968027014393 
45.322045226741146
-28.26485849446374 -16.03496197732003 -25.077912691451452 
87.29921378681556
47.97520522253377 -49.337095144836105 1.635739515139619 
34.18628387449304
-7.081218530959298 -7.074177039659723 -9.737603820007791 
67.09106854134309
44.115138311778296 -0.1107362992274119 -31.56454124842172 
19.97780747165815
-38.550134877435625 -17.12423395615209 -38.32849616765755 
65.72876947891874
-49.941527154786115 -41.105741076593475 -12.204231741521333 
78.82642402754892
-22.917597006205227 24.164799391345397 -30.874856576438514 
21.802809551333745
27.973629019332463 24.629793966669283 13.632455157858267 
66.76284598452742
34.870437145365855 -3.8645714652387184 -32.805349432185395 
55.57351318840755
49.50834729404396 -9.185333514084036 -6.968512911782923 
22.720966868671365
26.196603473474013 28.175845114065893 -8.429803404638712 
53.37283831145751
26.582019847644574 9.498555960190693 34.22548457143293 
25.84308633187288
-42.761606033495994 12.361162602215046 47.96317017207856 
92.44195843799808
3.5610850073135722 38.471922309053724 -45.98034306860662 
85.60376309684378
29.012817108156938 22.448410334433362 33.77832471744162 
97.22028147860847
-32.54191308659472 21.787503873337442 -32.44216049397858 
68.26788628206437
48.14004173327611 -1.0090695712845843 -32.053668215942665 
43.10147577270198
-42.204938837138904 -24.341003796961814 8.319212152352172 
88.19859767949193
-37.53333633872366 -14.662245988389742 29.30736901344646 
48.6722009423295
-17.228159505630437 -22.997432026113394 -8.763605844211938 
17.530702400723197
40.68920798252091 24.283643804476114 28.936338872744543 
22.449105915111645
-26.620084816433 -23.113193348325478 -43.174526063493616 
92.72517289727934
40.11851004784161 -49.864625731135135 -33.19961670513769 
55.129737306193604
32.1024891495648 -13.84324604882893 -40.7813574128856 
21.520390476229867
31.7255887816045 35.95990730895889 48.139277760788715 
73.37301960303915
-42.158677517329764 5.4976244537643595 -14.009978327977592 
18.795725591533852
-23.390361767818714 -19.21992727231949 -40.04062334790037 
96.12486466128114
-46.288976998729545 -2.796142255093528 22.665355067688125 
24.863115188418007
-26.971246784596794 46.483391317829245 33.03168074636862 
59.50459505224451
49.34138574338543 20.91910414102081 -0.19385888190031153 
84.70223614599588
18.13404700235381 -20.790361391003742 39.78470240883293 
1.2677812386688747
-5.6715860564048555 -19.38719594729591 -14.441133310988207 
91.65490105795101
-46.45225811065129 -25.0171763405439 3.48271797946267 
20.86111080907912
4.474656908691486 -44.94106353303368 11.559941001986175 
24.094310414217134
-11.074111633715319 -25.646848143479318 19.080056831754334 
56.08492923540833
-32.54053965520056 9.082615221792409 45.08698859657673 
28.584795619117166
22.64632426858634 -4.1853725118958565 11.142023307918905 
42.37907261949585
39.579789136233714 7.840118241523307 45.347073224678354 
28.047644440584264
3.76250951236554 42.763928378918806 -20.7768848371109 
45.74761773696129
-9.797770695293536 -18.60200363115573 -33.207455937123676 
58.44866940295913
4.36384705296328 43.766149494463875 6.093125036061167 
85.3381676089034
-24.433205868576568 11.87687005867756 -2.6449276784748434 
62.52313381478658
-3.516867627988006 10.893069412911018 29.20177889744079 
86.69130312533092
48.583158307019374 40.42555982470924 44.48853014831653 
94.0536326141703
-47.308266062450535 25.89954327357094 0.7725195937925662 
31.675834596993692
36.259953287509006 16.29115348844104 6.9113417448839485 
11.21661052339249
14.523158118192853 -10.996344014522627 -13.08393514545346 
96.12546066272107
41.40774697614606 35.25065686655488 -5.061097285150282 
62.51307520728025
-2.134405709618214 -9.963734618194962 -18.845633490487522 
91.19246768387809
-49.743674736852384 39.669830201423096 -12.703258479713064 
93.79919314243136
29.46408989440853 -13.274451012910092 32.74560102321388 
49.43410611031061
-47.37309922164978 -22.545148244854516 37.304985537389726 
29.932340047884708
33.672963844231376 -0.1178077213926727 15.200797981324484 
21.647241931661164
6.299895446019541 42.16243694897824 -33.67517876545646 
9.548274957896885
13.599087930221486 -39.74917161641406 -14.617240269180783 
75.46693534464603
2.2188841989190493 41.53400901999426 7.357514688879043 
76.48501947316434
-4.223329303128466 -33.20662769098072 8.577867633451383 
11.744560396394267
12.171354636497753 -33.28040944496659 -13.313336661950046 
56.36912095690769
32.51414437735198 41.16985443034676 49.931419938529544 
39.72107973647845
25.586903511915608 -40.542996321856705 -43.54571532860451 
71.87986407582237
-18.946180085676232 -11.817601429060097 -42.36288314882668 
77.01112921593115
7.0934793842247785 -0.5279837859274963 16.061356877873394 
75.20710870725381
3.684883081745248 -3.0520528365085227 -11.728667413384805 
65.41349591849614
31.472316907341295 -40.63492847709279 -14.716544847114946 
1.218340219285352
-42.04958612658284 42.56539745169489 49.66276539981173 
18.563660008627892
-22.3478346133971 -0.7497986695481416 16.992099426437008 
69.85058108783261
-28.911004532518746 -26.95729571534635 -38.311864071688575 
42.443983236430306
-11.616533239697738 -1.5882295746843553 -37.62755843145922 
91.24278636527738
17.851589717209777 -8.750335128585597 -39.615472927182864 
94.76719734771262
27.23306850065603 46.24466968364091 26.52791155958603 
52.12432651619336
45.83427751479803 -33.33807310803971 -4.231012675383816 
74.24881472743091
-10.459863722646226 39.743571274706525 -22.637538142540524 
86.97521664254147
17.467479138678385 36.661900314329245 -1.2439429255166417 
55.7840631156867
48.97386901448249 -40.19310694427729 -4.3689966278874195 
62.473685928132404
-37.197683738997334 -17.837822355870912 17.56380777473366 
12.545006212628495
46.33363722554522 23.62107483317942 -20.951298663384854 
28.746732168631063
-37.76529833145253 -12.68291739358883 48.999019961417005 
91.01343785532463
-47.76781772490143 35.39080977377451 38.349726720571425 
15.939284274164734
3.3077982571214406 18.087981043438788 15.012168239428064 
29.965201897198202
-39.69749137240197 -17.31915071149703 48.186087516510696 
79.61757365238425
-19.266518218497275 -20.57202522662981 -40.08722856275986 
39.42155453035709
-7.430937226449217 -49.36501332502726 40.75718695413504 
23.52238876804613
33.773416883489645 35.85161293845037 -31.364203849396198 
80.58318318344871
23.623859950829214 -48.6621018087693 -44.93928863364752 
53.18777876923589
40.12037864491809 5.155231901976819 31.449690508370637 
12.762526302520595
-44.75183945311683 -9.414607543073657 -20.344529824937887 
38.940887181823435
10.420440364099761 -39.9464499730053 5.496705832402441 
98.33000889257463
-1.8796762279081918 19.328758030967634 -48.17314594944525 
91.79848975790911
-47.423339452407006 -2.501839566516871 48.556110591874386 
81.68980310956728
42.25048295830227 42.05879954957345 1.0454763430248732 
80.77590034351594
-0.02511539964645948 -39.55647801004388 25.420943148061582 
83.30078018954966
22.78263803529967 -20.604802115360865 49.60966309499939 
45.12385833936411
22.77229048088705 21.82608642083325 12.278893533814625 
74.75823394743533
12.80480581396506 7.146816743815734 8.362408142185252 
80.00900574062818
-33.61069054933036 -34.477804686883644 49.4879793902646 
25.95202648587067
-0.19214284352124622 19.10857999634888 30.373419123464117 
99.15360085712642
-13.654464461760774 24.050348395882537 18.137614500602183 
40.316778815005094
27.433670486454815 -14.139455618748173 10.476861221781405 
2.950095326293811
-26.419744407718003 -42.21651045788343 40.785707476323196 
19.189720515790775
9.153185270822163 6.834806037961883 43.555459474386694 
5.566164150917496
-10.6017827305931 -14.563073977503706 31.76239276107499 
21.291830833364166
45.51505123650577 -22.08415758074509 -20.538450662162543 
99.55586529287662
-45.818716032731935 0.5975058539702403 47.43107099557372 
8.347906939822646
1.6054278964587994 21.83992579139273 37.46571622965553 
61.49251184934232
-40.99343798876859 34.05968292884431 11.797315460185033 
92.86115971545199
26.359614501880102 -46.34075510099272 -31.876343799642427 
27.13891024588029
-5.688335248535466 46.73408955181034 17.856325363928548 
29.05797949324056
20.366085111735387 -21.463659547684454 -24.548133579747443 
89.67055864878242
14.747702603936432 -37.10575765465718 30.06952367469198 
13.018495212535708
-16.196385888177048 44.134482818530714 37.30280285013373 
99.46746722670859
-15.639332582503286 -21.47298767323208 38.3609184195961 
83.0085537804591
1.152049738166994 -5.130353996162619 -13.169873553754819 
68.99019669913955
-28.758215445698852 4.552476921792149 39.02388997034805 
36.02872595060108
44.31741721168892 0.28963999762877535 42.934655152082996 
11.255759665386034
-14.212499679304479 29.678782482620548 42.92898226433046 
1.5959930847589732
0.8119455467847843 -45.15389451573583 2.581664634094679 
65.42898040659765
-18.290291316795017 12.657638800742397 36.42334930039304 
38.77371887206517
-41.37035176824692 -28.675073711478383 32.880137877501554 
88.0449867117806
-36.06315011098805 38.70607939792039 45.31248030863624 
47.46553727447019
4.458086861429678 15.200731522507667 25.814626715875264 
13.378407813583937
-27.45350389855925 -0.139896129945015 -22.685174124111384 
9.988777909261959
16.866953135380797 -47.818914731491226 3.520291883080695 
11.474931868296444
36.870064865470724 -15.97417957875934 43.37994619099371 
3.9430683332249417
-38.88594267618256 6.206006708281549 -13.008187771635626 
97.36084847481911
18.91027327862183 -17.506255649237005 -16.73918662263705 
52.38971283243684
17.209402573007566 -49.831574761210916 -33.88326212116051 
69.94618570863031
-9.78804196398503 -49.31816885772405 45.73088088127133 
2.357499848293443
-2.12208100375355 -23.37877682936459 33.92394595264993 
84.13708132161183
11.326892851402967 -18.12707996552403 -1.1634354506601738 
47.69054136904964
38.06151233524547 20.736463843682785 -27.062212236832316 
84.67300726950727
8.013227677916035 -21.287835512661736 -29.424259831957666 
37.25378375148013
-37.39895341345853 32.782449560465025 6.5285987834929315 
55.20446859142963
-36.68983292578542 32.230112757244626 45.3929013536232 
34.51181341851548
-36.26111814982589 22.384216857636503 -46.84984490379516 
61.12680846917692
-30.371484134916226 43.15703660175198 -33.11842265014337 
19.496558899496087
45.082586050175465 21.833118731476503 46.354721520600336 
89.68574421606233
9.99773402907821 45.294158661344184 22.084667288021052 
49.17956406790572
13.670469351267442 40.711090161817495 8.47631612056189 
15.870254847147347
-37.38991648629016 15.70737877408996 7.783289721461763 
17.264399025498424
26.77953533439522 9.095245805359099 -9.127194262088487 
47.60843827506179
47.802546908748454 -18.490864385553063 4.164788342895612 
79.41488721297071
25.116492540085915 31.60842035883924 18.617471410494915 
28.781998271375976
-38.38289559658199 -42.00596852071744 6.2605068529341 
34.93471594115102
9.032452479757325 -0.41872412389140834 2.5306635352594142 
3.5749203781227035
-34.92000841141222 -22.106156053635218 -11.456029837311512 
80.91413350977425
39.401934627165986 33.591618577076204 6.442155088189253 
70.67203937774336
23.340602760837612 -3.4824559672450874 3.0800871341074583 
79.85926210985217
-30.193206685751463 -46.35346919387921 -17.425149240677264 
80.82306123134626
13.81061833107097 -17.45805616670288 36.616006825504385 
6.819740852578726
41.665708650229405 -0.7270490078189553 12.940450628960342 
56.28770111535828
47.44400385821953 29.218616363437206 -22.99574984855255 
67.03026611874179
-1.0501398864609328 46.782321424222445 19.637697186023757 
35.6775384644188
-27.701487790164713 45.76269046999721 -35.65126374151749 
0.0816787515293127
4.125409289196604 -4.025056600183376 31.943843802751942 
72.71023649449401
-46.48069864761484 13.689158318732176 27.2643367017329 
11.637209245126934
-38.036602264786154 23.549649874775625 23.089960800707587 
42.3917412701638
48.88528362682479 17.86231694874715 29.64059237006545 
98.70952523658862
-17.142275551364087 25.48441505500989 -45.389304384403886 
33.14206681186557
24.05886744104035 -12.976031263386268 -21.6998177135589 
59.514194688551534
42.29178581797545 -4.346443492906182 -8.840872217213644 
28.380331225937848
-23.320324802761416 3.566016416367333 -33.05718873136373 
3.9151725624317124
18.09444327771361 12.947118681327176 -26.322661023674286 
6.084628746563913
-36.5571202405777 -32.68695006892375 -43.23487728671148 
5.4779772687941435
12.125888885637835 34.158085228137736 -36.186687253693286 
9.842394476819427
49.302803628734424 23.080582368847473 19.14724313874987 
61.146141597733774
-11.965889453465309 14.903032098413036 -2.52519271582252 
69.90686087402803
22.942365762337346 -13.22545805528491 -9.203370430247318 
49.55659025985818
-18.27750195425667 5.841866573432739 10.410800214633987 
77.77525159075759
47.64903435971351 29.79764226354753 16.739792871758453 
4.009545877043563
-33.830709128970405 -3.5377514312299496 23.711171840486315 
42.8043154419513
41.73789066862193 6.52828029372867 -18.447441567760038 
41.108611828264486
-22.760573877377844 3.6943460633561145 2.115201252220899 
84.37886026562974
7.662453938957704 34.63753734809136 -45.78051576457527 
11.086649435888507
32.12946886341879 27.621521743134252 23.019533533012236 
38.148873801438654
-46.046150520050624 -36.990022049599744 -2.986968582417113 
60.83305244919435
-2.913790713763561 21.552616866600786 19.076243879912283 
79.85087272802708
-20.87100397402648 -12.966192272240853 13.783163228742055 
25.638084739278455
-13.960431928080006 48.72140336462721 -17.728396027151305 
95.22911839253673
11.708396601595261 -3.9739542808375248 38.04794439111227 
90.66986851588969
-3.209557256042963 22.878887318196163 42.37618311768267 
49.57229790487793
25.48417705361767 -37.44166740973075 -13.724192905651108 
88.1996673736731
16.3940939251044 -44.955968898844745 -42.34306356638463 
35.381311365247015
-25.821001090941675 8.44901151816746 26.750092125781578 
21.59109543678778
-47.62026515094604 -46.32142788378497 -19.258159659438302 
1.683795935057164
14.636458689339122 7.187065238246127 39.406469535917964 
32.06884699049032
-28.553091123459453 -49.448477452369545 -12.4722224643292 
93.51099399212504
12.683613005594808 7.553592955600941 -32.966074431553224 
49.28261586660951
-47.72069876741599 49.559004961992315 -17.977749658936794 
55.052599805575156
-49.19375768955562 -11.793596092432054 -16.770153505699113 
91.68178630551672
-15.883375896493469 20.765019356438785 15.009538930287079 
75.00522251868506
-18.22251258427563 -22.00662522803355 27.499931527546693 
7.716548915298649
-32.274844999749796 -13.07121021980884 -20.568031002759234 
77.63005740682388
-2.6195231330655275 1.7601946463033684 -17.10653379228144 
73.88105846846554
0.40761893564164353 -25.21567736343121 -29.6231117612717 
88.03542629550688
6.365581519068954 36.41811871548785 -3.4353585122933765 
90.61425362928883
-48.3070421857158 28.337754010871464 22.559967785621353 
25.199797732170392
40.78290173859716 -12.962647901865395 -31.349483778015607 
42.07397397855287
-38.653305280940316 6.448181461219718 -36.80451467673501 
1.2508889371029563
34.83063177190503 17.731703615455928 -40.14374609495421 
10.799977292479323
16.34246256995209 11.957543461637762 43.1441769788362 
30.516529417536344
45.35991341048383 -2.8998921239787947 -6.861727666968555 
63.28152597022143
-11.564665941340067 24.63519946616033 34.229322911931305 
76.8628502723717
8.176815297539129 42.99067851718371 49.87589457010465 
47.44511054895821
38.97760503615409 35.20284158353148 5.611645490452503 
92.83546193520871
49.28204628101594 -23.6471261398821 -14.077820619366413 
68.0779769658114
22.617606416828806 2.7053498530835185 17.113697654056864 
29.119241752623857
-4.8109451960676495 18.943447505022164 17.924496411940723 
31.20307542450518
46.52221540285416 -17.50679055462315 -7.61567741758806 
17.83233975612716
-48.53890184989833 -5.3482460524410556 -44.69446751568549 
73.42104313675321
-33.23632239977707 -2.9178602238498996 -40.206178707671825 
58.17004265119504
43.6079521625867 19.210088448610136 -21.70470200166543 
17.234844011699636
28.511341539700283 47.155542681290484 -26.04952142858815 
57.91411704779588
-7.239800606561587
-44.51676971379948
-27.621426312847596
