constraints 270
variables 3
38.18582182262978 26.97079873942154 -49.59690616873772 
6.359084994140829
-10.793919653174491 17.969805116100616 37.144989710390746 
30.2771613177656
27.95867453448915 13.43053486683381 15.456459355719147 
67.69790233548444
7.0366754135574325 -6.855045551769621 49.74915842985956 
23.35191631723019
-13.780860596024091 24.077150071945326 -46.90608598859159 
49.561634689119586
1.8305082591369768 21.916642901650448 -4.44659717155298 
71.59587275442365
5.38034808257386 44.73324023331638 -36.89224735047242 
43.10106656168888
-43.40610070965033 38.14564677454612 0.7698081171539783 
67.08592017297045
16.197821863434598 28.076243299556808 -27.19666067626746 
96.15872980188911
47.20441692230142 -38.05044892053736 25.39874902502993 
82.06447580356439
-0.058491090270628376 32.10211242623589 42.72734131942184 
79.04123763554676
25.704124210643258 -23.793393074301793 45.9865530316422 
18.11332231768604
36.657905174398124 38.67325024044163 -3.1350158319811214 
60.161018146017994
5.503236195094239 -5.723378993088737 31.797476447016876 
4.454631883259397
-22.58712373614429 -19.333736209883735 -28.553110514881098 
76.3130519261844
48.88478229628717 -40.0454893019183 21.04059485226003 
42.644820922861214
-46.59416189611979 31.235220807229425 1.5061919543478908 
7.3522428427033715
-17.799067444515217 45.67215267802945 28.79226939124206 
19.926847565070638
-40.1541079464404 33.70599887941252 -10.673494508561006 
90.03704675535238
-10.848402294589931 39.96413697494616 43.254785211147436 
38.50658501370178
-22.51946865267158 -24.382632819077475 23.921389461831993 
30.804990857416126
-42.46407166587429 40.21308638864038 -8.008202534759533 
33.01888506068108
19.667588271718657 35.42442290493891 45.685933415075255 
2.245701774433262
-20.13265973345798 -8.309883320893299 -15.218786786854054 
73.44897316295067
17.881002449011433 -44.620005519086035 -24.638917847928777 
33.03706093114857
33.242683229849106 38.906099710293546 -35.27387250433996 
75.77478409375327
-16.45895091296655 19.109670226825173 -48.548657314755 
26.110134381251616
-11.143795485630825 -19.710661533707217 24.264427763286918 
67.59587139304114
9.059670897219696 37.39603248255301 45.23646585041264 
64.8084665524835
26.548883717931133 42.20529005179374 -32.2822666357093 
81.01451676369985
-4.008489928123005 -29.31223742024426 47.5177657371123 
91.80740670837642
-45.216177677240125 13.33394633908297 27.02024478338066 
70.0346584822265
23.18127284689905 41.8492138307998 46.239667461000806 
70.55905087368497
-38.561739532307385 5.420507628373983 -37.73184928963191 
74.74426869584335
-7.201919589661756 17.666090324969062 39.12714122967253 
64.02845833901942
45.80288305803019 31.414983570664617 3.730227979615499 
79.5467994197443
17.14738429384623 -37.37713775787566 -49.52039049978746 
90.4867411379589
7.179024083681121 17.01630978124824 16.960237011074753 
37.70733679221049
34.15110224256301 -6.53248103580848 46.261994865595724 
41.126668475819436
-9.535608200170707 -13.363340158381753 -2.348242520510034 
59.47906179460832
-35.61340334110801 -11.920681738202177 -33.3665037866978 
69.26641356061923
14.117946737582344 -10.198473038211084 27.87607503819993 
86.07566667976089
47.57511063754724 27.15512017044766 20.054742166808992 
85.90704085699024
30.8945529636579 -40.9987695861441 -49.6562518221029 
96.75535139273862
21.41029486318169 -27.770026480687804 8.113932450128011 
21.409397721423893
-3.259960228028902 15.009466457361398 42.33049063369354 
21.281999308669697
30.61744262315642 8.547528080805023 -24.78739051947183 
38.05600620442545
48.23726963926448 -39.31548658125462 -4.092024675948721 
55.029185628880626
-20.865931558066087 6.29594849965661 2.2516581636242563 
3.2635899207003827
13.993878684907926 29.268739702712352 36.12019896021752 
98.99264532711565
-36.69754868505406 -21.275079894004712 -11.541806667693976 
58.21186679067668
10.362277271371312 -21.79797485714696 33.74603491640606 
71.9767787362814
48.9647504812706 40.65938179295425 -9.506079862296971 
41.65421200710541
-3.1174505816508145 44.464712431853926 -5.71142449859574 
67.22089691832937
-19.648639838489203 -4.0743740177978225 12.985632049065046 
53.67585257742412
-8.161103963489282 2.465745977291867 29.83192772969187 
50.73075734057457
33.65307767259617 7.205352429143261 -30.381552583027084 
69.16517022847741
-26.679795225500158 -9.508423074614484 45.4060451062995 
23.581056983334136
-46.83225535962207 26.833358359493502 -41.06758874120146 
35.76379861119467
16.175413091842543 -3.2684926550797897 -3.499736751216588 
95.45450418269968
32.91197968016441 -7.945580348517453 23.963084827512773 
16.06106253455566
40.25426299760542 20.895056039008182 -0.6338848449781267 
41.68308045397298
31.588613837292797 13.2550656719555 -10.133218339743777 
58.79846677312721
-29.675914989801843 -47.5629981594346 0.7501021358482731 
41.05712328533344
33.800477705265294 8.685792794869364 -1.3289861918147636 
8.849796333604864
33.05322840461557 31.405720386779905 38.69700888721354 
16.667865734182886
-4.598858172209617 -35.810583024715896 -14.709172939424477 
90.74247537494027
41.45177008710547 -17.06957522008927 -48.935597786952165 
27.049033268355572
35.87323918568981 21.451126053562447 -36.04837164722695 
25.485833839280637
42.16012735919662 41.36295071660865 13.388942851707455 
79.88315082097465
-34.374978706097835 23.28590906607853 19.15912531138774 
65.47185075720516
25.97618530438909 5.089728530594449 12.745111919216036 
65.53817316712964
-38.904273209346606 -30.52105664628304 20.357019124280754 
57.214067242910126
27.011579705660964 -11.970494010094455 -10.762982069969325 
32.70004614261476
25.56043565070901 -38.305400391872666 4.413058022753859 
66.69022696695664
-39.13222769587441 -41.16747386663428 1.7638687722067132 
53.36685875156027
-1.475012840279824 40.969668743815305 -4.925909671682504 
27.054319985897436
-22.777509983406386 -16.203281227917564 -0.3002514793400337 
49.470181017209725
1.6016444673334078 46.30645359970002 -46.469264472683 
93.48363763528664
27.217225272076988 14.516583863594477 7.128340834870386 
78.38923048633993
33.75606075927597 47.8813107317677 -20.767704810542032 
14.926454015686152
-28.96363613041717 -13.71966641988729 -48.72680513369934 
99.62348682849242
-46.183772369087286 33.384333729224636 5.0925467804265665 
57.51596934532065
-23.931398990610674 18.230977983999622 -8.235822342952126 
69.88936391290072
13.134018071956909 -48.99425978102013 -43.772991342967174 
39.416135924401374
-18.95875010188751 31.306944228730046 32.38074248261432 
38.906602762707465
26.28992194338619 37.5846115225514 -33.63765611801132 
61.86500571006101
26.518083463188574 24.97784639819548 21.912604221193476 
43.13996869232374
-7.268369685328011 -14.564374638677599 -28.941496187263958 
46.181195660003795
-22.848685677861113 -21.208925866309492 -24.221501858985107 
19.76190038130541
7.237092619405097 26.369385125699438 21.884232162778645 
11.499122509800108
-13.921636772003488 -30.255225306865754 -24.956389047030115 
88.10173665890831
22.09263817737498 36.42196598753189 -9.313424061525353 
52.998624748613665
-23.145979608796164 21.502879455530433 24.47630762093958 
70.847133734968
48.87683745019167 -10.190656788836492 -41.90499616682358 
5.394588440561543
43.308637233373105 26.46781433526968 -23.71519538313396 
52.26330833702101
12.740678932288127 15.622264082888165 5.400780716848139 
1.4522088125982435
-7.277040321258298 6.72647284864599 -48.82560253323117 
95.69572768495182
-2.925284562291395 35.777248930748954 -46.04780790247452 
60.29350798141455
-17.289755735995506 4.885124824803874 13.365858257019006 
67.62186462674697
41.45380858364298 -12.260685308051265 21.206293269780176 
65.26075787657764
27.1962793482259 20.808865580520035 -18.784346584617783 
40.517669414021384
-19.24992170754516 -39.467956830123484 -12.42225650105945 
16.102375833280924
-28.11208231421475 35.28122267168149 -19.92140777926358 
71.80433695282073
38.30467940764079 -2.4493641332083342 -6.774593338246007 
65.24699481105223
-35.37923276902607 -13.400442921639169 -30.946486112333304 
81.14104559528107
11.049062164358645 44.69357529899587 8.917316690203023 
72.9312615556861
-29.023337916582626 -8.878120338359253 -1.7473144803385807 
73.32925152305609
9.4663110428139 47.32850115292237 -49.8853681303095 
40.947043054064494
10.561526915327391 23.780719004030217 -21.764517730732578 
79.09419169129318
40.28318074718109 24.6079591869336 28.415217316498982 
9.773623656396357
14.33426498539687 -0.42036460540728626 -31.75298917694245 
11.009199500636257
44.783505049677814 -25.349390369427404 -40.50254639129254 
28.860550118740534
28.377309157374285 22.088040167428574 14.902285547729278 
56.82847350004982
30.633538382881454 -10.896441798534006 -28.29505557691644 
34.82673599760658
14.49942504993659 -10.05007068926507 -2.0434121321927705 
57.49391893416108
-39.89010823619679 -19.39861021389836 -15.58731684582704 
97.34143720095642
23.061443733859306 -22.577845952759525 -35.19736614251233 
42.081683811463265
-17.379306286674968 -48.36241048863822 -49.684631495560375 
17.45275557594317
38.415497456883045 29.957866360502834 -39.66483204888923 
16.95401601259968
24.410575914695244 -41.63609184376445 -19.221552351869576 
88.1292666914906
22.348414205591283 40.850734600717615 -16.176379579214426 
31.382075781058326
-26.659874549440644 47.8333543954174 -1.6074655105922204 
51.78040410913367
5.919888543124351 -0.044396347628335775 29.433441310247304 
66.90530850881308
21.630433909602203 -27.797588197591715 -14.128184854962974 
14.521241748765501
5.0860450439674665 30.50117915117066 -7.963255251818538 
22.693020354879945
-45.53666322649603 8.408096793659091 25.43708444688167 
1.947274605214122
-39.500953217633715 -44.98962776538777 44.95287558503631 
94.17378470612415
-2.671981176171826 36.83550983061154 47.82402037908676 
66.18483271677225
26.87332570753064 -43.65605235643023 21.2595523931258 
67.19827507962886
-39.995435176559226 -42.50851809492715 35.05731565828772 
78.98276961979667
-37.690891031136076 24.88309303280714 -44.68483326345185 
75.00119941461892
40.07510066469794 47.199954468676054 46.13133372142755 
70.61101921230703
-7.036157388705398 7.86650685924716 -33.86708862282664 
90.22789484540583
-26.14685031245636 -13.66529250215035 -40.26214903995067 
99.33166449587486
-46.53786470505893 1.8976681544560208 -10.752677461368641 
49.29128547049515
47.62182477283842 8.605070129758005 -46.81843784859853 
61.20815607715826
28.43485549668317 -45.362098803614046 -11.286099301084342 
31.324754013684043
7.071489109699037 -47.58976920418977 -38.376054057048314 
75.01827695971515
45.57800559292944 -33.299157492516684 5.882377897198488 
38.99660232514217
27.827499536648034 17.27778352337326 -13.203860226501263 
2.0364892722764316
-4.378010855181898 9.76396119216598 26.584335513549533 
53.451706007541574
34.95865417948198 -46.09787490288723 49.32141140172331 
85.451297462073
-20.398085098291464 1.9127333352544014 -26.62428258964531 
60.645991176571414
-15.642996265801123 41.29831218344938 3.787889091353911 
19.183256893875367
8.81954415844639 6.233122219418242 -45.52508368290553 
71.33935577723824
43.87959670888762 29.58706389006923 -39.287834809062446 
80.86920948421776
7.88750933603977 43.66795986781676 26.037043167329912 
82.01267315104266
37.14283063890704 -48.07355787700344 -15.46562519231189 
88.77844758209692
-3.7535545610414474 36.15287943482038 49.40499095938824 
48.97447121816867
37.86000864652131 34.105927250663854 -38.21458576770787 
67.42634823754057
48.5456361816623 21.04740959721103 49.977949788253824 
72.9229644578537
27.61273834159097 -44.68155099536477 -41.433107381493414 
31.651172363813306
-40.722190267953984 2.8768603521812963 9.33795705300873 
16.2290044839274
-45.05320595883009 38.62602977671594 11.484452517163476 
23.919598501802785
-37.941276137629664 33.40062553063261 47.27514023238605 
0.20561671293239936
-41.316948262540876 -25.36534685877404 21.175087786145227 
64.62665812520598
-21.05786701294384 36.02252472657024 -24.647725769258276 
54.62974182093747
43.33416324050947 6.893981234557643 42.56908330007451 
0.1556846633677389
0.16079252412948364 15.558815166502 28.649250337305105 
16.781780196056616
19.517551357976018 32.53757330887274 -8.97280768470474 
58.463875380107936
19.684113176263878 19.379491004231568 7.328121269323248 
2.2685960807456107
47.255363481051816 -3.320832747760207 8.493684109527642 
46.959129694395585
-23.016920409986675 40.938496839663145 -15.340685873447121 
94.89559674722486
45.05202876881877 -15.919269218694431 -41.19411256247171 
52.433774257077246
-19.606911542507767 -18.291512896888264 -36.85034289873653 
27.8534949713263
-47.35998318793371 36.60784782409168 46.300864657312545 
27.82078845062781
12.465292951946928 12.535751398213002 -14.58715917153014 
53.48541559665483
-39.71555926635888 49.988071548146195 -23.140201890155186 
75.5381696833955
42.697109306533704 0.43092328882384834 31.422922222596654 
23.899919436633056
42.53711080201795 28.38790417401505 5.530786936688671 
62.18705438048339
-1.9675059655684848 -8.18888279007627 -41.208471806862406 
29.695634363584333
-40.669305818859044 0.3239940510695192 39.8706009007941 
24.3692288273328
-33.47737400707962 -31.79090763854362 -32.29064558047439 
69.06304820597138
12.303577207471129 24.424182568506453 -6.853918800725168 
50.38965098355729
34.53760253461188 15.465100931108893 -2.8074065190235373 
44.52916149858399
-30.75394174985846 38.55403384686714 6.5357668708496135 
47.609600286757114
-17.080194444853525 -27.582999121483653 -15.725065539820513 
9.610548001270637
-5.441472105142061 30.824477547717024 -15.527599721044375 
30.216084759501783
-7.5304779063718925 -49.89568478619505 42.78572882852153 
12.6405187958334
48.6122026676281 35.99615527852286 12.266923800820493 
87.17315298659086
34.15348200063323 37.50180831720705 43.35496547677525 
10.035963953713
43.90310405668612 -14.203855111204767 -49.84540338341489 
15.120688866774534
44.42690403558733 34.79824111609351 1.2856876968990534 
46.26953703670294
-29.11014573589876 -33.33734165006105 22.903851924402346 
25.98635980284393
11.05971216328814 -19.764087825998544 3.934454000686607 
22.812757168377594
31.405942447476647 -36.566674324939065 49.128525710778206 
64.07631486072434
19.85751415642642 -38.473384039377294 34.240491227132495 
3.315715545156983
42.537085782350104 -7.507262687842179 -20.55591440228104 
92.41027897456516
37.667981177083945 27.859645473898482 -27.955855940574004 
27.288955909286727
-1.1457152835369442 -47.10519096184102 37.60846779915113 
33.066641963633984
32.063255461788074 43.51745036661782 -20.16473581196685 
29.55318232504315
5.893231764239324 48.97564700265397 -16.21183513571919 
71.30319216329904
-46.91098937300029 49.11459935534937 4.572152926534002 
87.72242711037705
22.770684388510887 -37.02749399395593 44.09018490634634 
58.21911057224265
27.470779053626785 21.475654338813527 -47.78831363942806 
44.986274895835656
-23.171587110942326 -18.835513376549386 -24.499505552949497 
71.72384179057717
40.66819694447216 48.16757445614412 16.591246522336846 
80.45679279931153
38.195374823192424 2.050565004177564 -39.63040387749367 
20.57848372803839
7.167749475711858 -42.2976910788472 -30.696917544467528 
24.345773864328923
-32.841288768261705 -19.91937296490659 49.58583475453153 
1.2753041612890814
-45.59530728665585 -28.57484113491582 42.20173434900467 
40.23794449547437
-27.765771138382956 -16.54490749790898 -1.4229206921647446 
42.52102835468175
-29.295273479933147 -31.895438191431335 -40.81487104223851 
21.725727392462733
41.826945031944206 -30.49124153031888 -34.71859223545528 
97.08949315752643
-7.363910091882694 -22.761075556197554 -1.1100093345671525 
75.67120848127134
37.372363060139406 6.194521273626044 -35.772604502042086 
65.8093274384317
32.16266274928677 42.096114879352285 -5.057819867809087 
89.3609284010978
-39.15091753790381 -6.817451022801336 -4.135345706462665 
63.45226842586808
-31.011264388111048 18.501251204485527 5.402593706308004 
3.8191164981935866
34.55336192402973 -38.90941470734289 -4.714755794285239 
61.28771644605111
-41.51396165858272 0.38839081990028745 8.049236288431402 
40.54499906120005
-43.97371827164385 -47.639051377118726 -30.52342365874233 
66.06919946711247
30.593680959031573 -11.868215041095432 3.1361090223904 
53.93980794467732
16.02412288616381 12.299922870981142 17.246436953406004 
20.218335784553243
-19.918385369055702 40.6722767688872 30.26952226644073 
6.689108649465947
-7.5774447306082635 43.79509547718425 -49.03925576799269 
32.97192676887038
-26.431756813952788 -22.545494858045068 31.04247149347154 
90.36606879116549
-42.05466679339578 4.226317724128506 -35.76529978864444 
77.25782239958912
23.68281454153231 21.190517251494853 14.06768880925415 
38.52131657274985
-35.39196057352927 48.085877787596615 14.717903732419998 
12.06515797897929
5.763200907164148 -2.5345740934956638 4.050011462548184 
4.524972194642974
-7.232430892682643 43.82354741771509 16.114106997736954 
15.074614435443557
17.479724695105503 32.200730326666545 -18.461338590307406 
1.4265308755389006
-22.33207453576035 18.432086022131543 -41.42378928708469 
35.31429986479713
6.77561143880547 12.990925274143365 45.000104874645515 
26.098163280954324
-48.62698509314743 8.288865271367541 1.617120003325681 
0.6068950336721279
18.514731863258348 5.329038751747262 -48.14791924830576 
14.927108307507442
-37.02301585809683 19.769213644079926 8.677104528697946 
39.57369253076314
35.22724793775484 39.73669116596719 20.0994362444183 
3.3227605277561634
-35.01718368891377 28.147111994931223 17.488273808326255 
2.961135782301738
12.34376917407981 10.814340751426286 -2.7876034139114694 
86.30406689388663
-21.26027071665395 -31.701120949120686 -34.62320744684543 
94.05549432299935
33.30867646958731 -45.77269855027605 27.887896059213915 
2.432887904207226
-23.169946296072077 -4.2745556090258106 13.643476074706406 
42.95129867518155
34.96320411188776 -7.356810156398829 -22.6654259373808 
88.3589221845201
45.296201719745866 21.408864951807544 40.16336299998342 
84.43916601194668
-21.41105903013134 -33.3635865835861 -8.27789557804143 
76.241825101409
13.598337673162511 49.018687829109254 -5.655070050787472 
24.27863176143322
-32.997660747390825 -8.424687220572082 2.4354251842033463 
31.31615686736061
-34.8066092589877 -32.0162106593956 33.58952677911485 
3.621607152158046
33.090882175155315 6.507606644764742 5.774555718460306 
51.864781069003485
-33.373966523049006 -19.054676331994457 -14.608303696482139 
96.35211287423861
-49.818463089322826 6.0597439908734145 -25.259432381399105 
78.86631704088491
-21.977749412256863 -30.893601622733446 4.220983171016357 
99.10788724977763
39.63208083803984 -28.634187056584125 -15.451614945813255 
87.5823094843795
32.87611221581581 23.994094488753817 17.325857813542427 
98.74950642123622
-23.964013676103868 41.04159070187312 -41.492995838028314 
58.349715028859364
0.0203872345613334 -0.850513605578044 -21.399600366372685 
27.042632087409345
15.431425971300541 -11.780589888208262 -34.09223236361137 
48.84432517629425
-34.328376505295886 -39.738766154891806 -25.345671163629735 
37.31904292228122
-3.0949261118019322 -5.3405794925442365 28.561335520307352 
15.080779715649662
-1.5596821377727466 37.2584363227615 -47.77295476999941 
62.88201230725211
-7.018697094251792 37.95290724903239 17.623939925698096 
53.41476099098734
-14.803209679812724 6.878318295430141 -38.91371797250057 
41.921736940788165
9.187394440250962 32.83326918566033 47.35359374275089 
60.813022364577826
-49.316596398636015 -40.77560232813702 31.552006896135296 
18.706369270230894
-41.81458319201025 -7.389719529431893 -2.5631581878561747 
35.6568539249164
-1.236259611100479 26.830760342786206 30.786190953367026 
55.81431882174066
-41.138626959461156 1.7432873686973664 20.526697051862058 
66.34462611496546
38.199372846351324 -20.251931461204975 -33.01092874955451 
17.17345509432352
35.76223303165685 15.568919544260766 16.632389501337627 
79.95903444708199
-19.155153799932368 15.166905775354522 35.64252520699385 
6.672791412238544
19.271524824061743 28.19899701608979 -18.998465733532765 
48.26465692268882
25.15148803851052 -4.905875887190035 26.94120414458112 
72.11232039969609
-28.085958992377613 -25.395798907668667 -42.86463057492219 
73.30146445948382
-37.12929695060395 10.597768934752793 38.55202873634951 
9.256613999757091
-8.819659747331578 -42.10082219363874 -48.42232937854498 
99.83991010034894
-28.15267015845222 -23.86374334160277 -37.15732957608908 
25.7577938812923
-35.73835162127285 17.84468463378319 -7.8820371378758765 
26.963194838443595
47.48481212601456
-5.666887801492194
-41.852004876904324
