constraints 270
variables 3
-0.28647982635941815 -24.91422285742938 -18.41761431755411 
86.04968467027238
-33.95762318916232 32.93520541477898 -38.207158867199766 
65.21676782063489
42.625612568463694 -10.9552983462736 -37.38204543587903 
10.123885622924933
-32.63007457954073 44.41738640182875 43.23379454290793 
36.97416518874217
-48.47506093755016 -34.195595084419814 -0.9319150756318493 
38.839123604134485
12.717329769241289 -9.633805059761222 2.8532361237515147 
60.74919956644248
10.02817222426009 -24.41237332506607 47.18704921277836 
92.70815993463208
46.082427782293635 36.49103071560123 36.04065333053316 
7.099196453527313
-26.907928643830115 19.32014519471477 -28.8115846441236 
63.14208518358654
-10.107957690814892 -28.87820010417078 6.194701480974587 
50.377052197103865
45.23088968874174 -21.96880737514619 -4.622446280764947 
45.592513310996985
-31.074434004754224 -38.42961550153579 48.07945871705144 
13.180172569784288
36.962555293226444 41.89866313341042 9.610573078346555 
87.59243298794055
39.225129637747955 -0.2927659472989106 29.389933386510847 
38.39342101730345
-40.75078930607417 -5.670292232561515 44.09528594730692 
33.33639770162539
-5.7420511187815535 24.64363571393055 -0.9575957370750459 
82.96667566733525
40.6977948829432 -48.532632989968285 -45.4501632305477 
71.44061741543854
45.596514514121 35.41034155064871 -24.29475258874848 
52.567640757406494
-22.713773357477653 -17.48615978154924 -16.26536570280352 
17.523632645881214
0.3822085551745573 31.523159080423753 -44.914131884384666 
21.25051231873638
49.38087809280782 -38.738959325404764 -9.626811862404196 
88.24814490245168
-17.161986373279817 44.326120444834544 39.48936112890124 
5.281154949771372
-34.18908549343745 24.21904958882635 -38.52250548381893 
48.46467764684572
-27.904098471307183 47.0028713177995 18.16451691581436 
85.25938579095346
19.76514833048219 35.73309469160347 49.093585391685636 
38.09765140328988
-46.39543968502804 -43.853107297963156 -48.04718273443387 
95.67900688827211
-33.72297407704795 -14.520331010885556 -2.5171386127065176 
10.414530040041825
6.383048020841585 -37.218804036983734 40.7560297502027 
26.066202173705644
-43.93661622798534 -31.267552645140164 -48.24514976181531 
38.31862408904734
-26.613957970911684 -44.28190990096008 -22.661971241484657 
2.836943975392592
-14.517428903289762 24.788581515641596 -36.032991014172396 
70.30623718105264
-12.753730011706224 25.1496727726839 15.976468227768734 
46.013991758026094
47.37760614293866 33.946034829207036 37.70718107141519 
42.72871389601334
48.659766683934365 -40.64034025154278 9.479944979057422 
19.944166004272923
-7.430057039562477 -1.5774469417821138 -22.825660775118607 
80.00005498953088
-20.320419226194787 -27.55282926570326 -6.913752768854032 
22.156465781607025
36.769518207199056 -42.39306671714702 31.773279691133695 
39.390715664628694
-0.8164487985341324 25.953106388322766 18.757348805286895 
79.50169278879177
-27.333334056208646 13.033164059914924 -47.76118997197165 
82.0482059109411
-7.218217585369359 32.27974119399629 -31.613255659070084 
45.71419289470982
-28.028439721848052 -36.53188091268331 -0.6948659843143759 
76.88513167742676
-25.570559562624574 -47.20585166134899 -0.5652266311703471 
19.536339965814086
-12.833231392087221 -24.49662177312344 -29.063980129902756 
68.97527876434461
-37.9895033120902 28.506093964528162 1.5075352669876168 
27.546394601582335
-12.261403072491618 40.04184547831041 39.131386010223395 
69.09839533693945
14.158045316076397 6.2110072415326485 -32.60495481888991 
40.830345437913394
-9.347217620022128 -9.930260007476186 12.325916648563947 
46.07425781023958
0.5768172270362513 47.9886882177543 7.084241130656402 
19.63838128406701
-30.159772813300133 -19.895351656455272 -35.60464140926359 
28.5266961239814
3.133512840011562 36.948320408895654 -41.737544125686156 
5.166601008027061
-45.54164329788094 -47.289811929833206 -3.7138966815932335 
47.71815198119243
-30.019410585468233 17.110470199217588 -28.17298036467122 
2.6045967699032113
-49.30627952416058 42.46798039239897 21.283684134421947 
78.09543489357668
-30.020887672932684 30.316669072408843 -24.08344563859236 
24.589525713889472
46.87151071128419 -7.2025007498730105 -10.064191909290933 
57.18727717438236
19.686311345903448 38.057206355752086 46.97966510769443 
89.20730199310428
-13.362434405708449 -13.985540448646617 -4.354428895757792 
91.49431770416658
-19.826546477687444 41.107751592792425 41.39656761085499 
91.68154137416604
19.978510274162304 12.018349775382696 26.950445434260985 
80.0121506278661
45.93966406012254 34.86546328514564 -33.830653533096395 
93.89086421879665
-33.154329229188036 25.999748721518785 -42.49730685855191 
12.028051672253671
-26.812674591808506 -36.72484232989005 -7.803561139843431 
0.8551987750617385
-46.851645269043175 -29.441976646997915 -10.233177730601241 
20.832005576201272
19.724662841086015 -40.763788588945516 38.64695555450392 
18.331701751410932
3.8821633642508218 -37.37993086656235 -6.550301609104601 
99.98268234055936
-6.238831620842674 -15.61921248653291 -18.049496615216775 
10.660916499443296
3.157908365735061 -29.44929305822296 4.678964767165681 
13.768944811879846
33.861442256048164 6.114038227067134 -32.081906607701384 
3.0038163259415995
-44.103174277335114 31.845322712240844 -23.054646784743106 
58.50755989370765
-32.67684778640147 -25.193116067379062 30.509781705933662 
97.11033165341688
10.957640095509149 -13.204548942961921 -0.17543648137952061 
56.317704095307676
19.244645873757676 -10.967990892121783 45.76467276144254 
94.75998992325545
30.46115900519925 28.517848040075748 26.494292730981854 
88.01290814440338
-30.452090238052133 -38.26630402204897 -25.59110752770867 
48.015309429019126
15.077997455080322 -5.262270227401032 -23.937947279487748 
96.75105149036185
-19.77753090892581 25.222127258798736 -28.34283980042429 
80.42856479812023
20.045059320520053 -48.283202750181054 1.7194191441963014 
19.0830417386463
40.05586004080671 37.88276593315362 -32.27639486765223 
48.34254072250571
21.676408172124127 45.71663543756006 40.73830773110302 
25.04080399907448
-0.8836978310578729 -19.50855131704308 47.557420908149666 
36.42589389174654
19.134139709410405 22.3881539666411 -12.675084150952507 
73.90519805236833
-9.746812956747966 -44.97416853497951 -16.680996659971534 
6.583788157940407
-18.775100353238127 39.47768799140252 -45.653027827991565 
17.29448310212679
-40.11898256385279 23.86378585602266 -1.8877999024409249 
44.38436998670158
-27.01234747701192 23.240346848882126 14.949878033550775 
6.213990485016863
-44.687578633796086 -47.740622051968884 -35.51172526015998 
72.14175294893643
21.838343041140575 43.95128793463793 40.07740787053436 
83.70757120719229
40.905862662894634 41.987073869203044 -33.76276295521146 
22.79611779575549
8.037054664854345 10.905511627359232 -27.087424560842198 
69.7514987963028
40.293664142930425 -30.95521789582858 -23.017858712357707 
93.73155738314351
-10.756674295687972 12.296785387865029 6.254271367799483 
70.0314174339029
26.95599562193783 -36.6936613091933 34.09199621735503 
24.672290125073626
-6.0748044193936295 -49.633625924040594 -46.154653471011656 
65.24297189919787
10.406419753077664 -6.985888221969624 11.428896579432333 
68.79786453616464
43.387658637933285 47.212154063362604 31.66770879700536 
62.556753247361165
-9.745360279309935 42.00228915305996 19.44501471848831 
51.21799269867072
-12.81388318115787 21.648750188226117 -9.779894561725975 
15.888161735632455
-24.58792916216276 -7.45846956183167 -13.85492969529193 
33.947616588450835
-38.30952048528847 -37.490668010962395 -36.20581373181075 
46.612839546881766
-9.294144511087474 -48.304447219256645 -2.5701063793029135 
31.522844349649404
6.565496691270766 48.779679206159415 27.764483313697752 
21.3682815293714
18.166960602522508 -15.919664537978662 0.33673249039856046 
46.39839249023194
-1.0669839303554838 -8.044852226600064 -20.09206137687557 
68.58223999455647
45.25794952866255 38.91651001310579 -2.3081018300074447 
18.26713905061048
-10.018293495684496 1.0111723648941862 -13.231413094706468 
40.368589161126
17.306109973701936 -15.734386931993846 -12.30859748236788 
6.442412541631926
-46.21004750541415 -4.622102768384941 -38.91695673410962 
51.43121089788734
16.40749633958623 -13.659221771936572 26.925191447684895 
49.443665662589396
-16.872508971803832 16.309603430288604 -38.717608452758114 
51.616596410960014
14.067565885599038 -3.2174625380258917 20.360603889535568 
70.9261340086139
-7.998572106600399 12.039526414208964 29.08612428451937 
13.75572478282373
-30.15599941329673 35.79031204107005 -33.199308196001795 
26.09511909235158
9.712282889246218 -2.8892969685383676 6.203748410993526 
43.43589736246742
-26.742640910924663 -15.999731250527852 13.333019301522889 
7.7455055750385355
-23.814348848515042 11.273460526502632 -3.8403243121514024 
42.343114991216126
-48.76483222681214 21.000116153368708 -2.715446681554276 
56.06716022751732
-26.654863270638984 28.34019478624066 -37.742972362595324 
81.81563608528931
-11.644903929887754 -26.628501957414873 -20.801702576920444 
41.3568187910167
-47.70784021318093 -9.611965219649498 -22.303996987480367 
68.24934949832524
32.15281386552584 -39.84939721287866 -4.652729967976619 
13.777091121903373
41.058288347983776 -32.29995285751257 -31.137625748915532 
6.995575598008963
-19.23981864749843 48.597603253514094 -16.698537037731455 
39.30321239691102
42.695683294440926 -30.164427373275473 17.80181533762196 
96.39191979428364
-24.86061369610009 -41.83443683996414 -40.93658934325575 
65.9981580970684
-41.528664898661084 -41.7796419283628 14.895607404334783 
8.56681654019903
43.17864708794478 -24.44056281842536 49.28796950103522 
89.75677066339942
-4.069355488010984 35.64706890083448 -22.246586682257906 
38.658369416425266
-32.08487752516488 -31.22423433452243 7.101974076759191 
13.65947605453971
46.596053205132165 13.076848027535512 -22.661286968207584 
29.0881305358919
-22.849369088245552 13.013738207860293 -34.960641406533846 
20.076276097303737
43.06627739960905 -20.867488592602868 37.34251570272771 
0.5304330752192943
-23.274171490230867 -33.65181849687666 3.607373836702088 
99.66157921412767
30.281824373568966 22.674011089462383 -2.1789933432461055 
46.21790899353145
-25.281544874500174 -41.9448326771386 38.99955865461463 
6.380560633828614
10.722378370566929 -16.153174700164918 -40.88728385147178 
71.22380798049133
-31.168722335510658 -22.519176395945127 -41.52896551907532 
32.7076020036181
48.301703832188 33.99384605824778 47.05087619715762 
83.36175639967041
-5.76464436462922 -23.65602925801863 -43.108194986558786 
24.13750821433327
40.72567850658024 9.821435037998882 -34.51345277768818 
67.34355662287432
-45.865753094111874 22.363238338368816 -47.0063637485344 
77.15007594373954
-4.920905313219151 -47.78974979307707 27.138177041855144 
98.83569010845223
-19.68519225286246 -32.90073859657229 -11.173816634956225 
89.76866032086194
-33.593164087190004 25.061464040979914 -21.21680891006379 
80.05511195322472
-4.049840331460118 15.902589655600408 40.93796120609605 
58.85336264497298
44.05506962659132 14.569021296669021 -38.19274966009276 
3.5449816446065263
-22.079492322706816 12.857933504581133 -3.202205612997453 
43.269460975278115
-4.461934651151992 34.30854148763372 -25.87319813195569 
75.7709423294746
40.91737426917692 -21.384617403381345 -25.027619755480913 
37.071701309520336
2.6962915330200588 -13.46650904513659 24.500547366569464 
57.178604502229
-9.403052059440142 -36.000801099028365 -7.424444833940399 
21.84510916550595
49.911376078435765 -44.93073977676071 -4.754550673460521 
0.3528069405198675
18.048081471219234 7.284825431934927 8.504954965690693 
92.34288340441866
49.143587383073495 30.195770788771497 -45.627094585491314 
92.91932792742313
32.840646963461424 8.034744622803622 -4.018390132015483 
74.56206563753659
11.55744997541106 -9.090774577408666 -16.839292961759632 
36.82965609638338
-43.08017166430636 -44.61621502211662 22.908178943178385 
80.39755972120652
0.5011195682020215 -5.046361197967208 10.176426781477012 
20.669418686842565
26.61198002484055 -26.33547731509893 43.56138168812292 
68.0151551936127
25.605138279198968 -47.98723670007475 -32.23216345305866 
66.63115179773665
-24.99231152489021 -26.736601579391895 30.134318930480205 
2.08416417592332
-37.23379247234997 -19.54695400262665 12.035994382055335 
58.79197391893422
-8.012348988602824 19.598162504317557 -2.355765954869014 
33.010305474784516
9.781583705369442 -26.991770484028088 -27.693372096418578 
84.3368197606511
-15.842981639409714 -41.89270529080047 0.7214103855426757 
39.30946403519631
12.399751267543756 21.796239440254368 21.11541578782834 
44.36787687224303
-18.046221088783586 -41.85799779967859 5.794773055392902 
2.2629214827793787
20.552964185971405 -21.94104770012897 -19.277162289065096 
15.940805329430784
-33.80312357676496 -36.34856181603318 -32.81014260441265 
6.9947402937055365
-40.4626992758575 47.01552040990845 7.174169618958494 
71.96839415723036
11.339616181621167 -36.44824706714132 -39.345242239491675 
89.11186231357185
25.905866435281922 43.21980656065281 17.920273105597644 
90.63228170630043
-32.305953909866886 19.66961008606563 -47.17033543060541 
71.0475900073882
42.84073297329218 -43.18737055787524 -45.985191323602336 
10.943360122367285
29.89188930559476 15.150785103623193 10.17564865523034 
57.24906257096425
34.76928710579624 6.059392911255891 -7.09651483057592 
16.091466539523026
-36.152309677829734 11.224492930752518 -24.121711768942877 
82.34934536697587
5.990566343345591 -23.436257382435954 -47.179028614037776 
51.2250310559476
-10.510233247820054 25.21403567467567 -31.75822113036527 
31.46477089302885
33.077250358587904 -27.452129966144724 -45.18889917232072 
7.301265496398823
41.52462647776147 -32.31558488626362 -20.91086402753183 
76.758138569129
5.818892805097718 30.590105172635333 33.38600825979438 
27.647535452872653
-44.49955683501663 1.6175492705988361 -24.315857209885994 
99.40841527716704
-23.52794548597408 -28.78961251262173 11.839768646989945 
18.874545056319725
-48.56476732162105 11.505680499763073 34.690646764260194 
91.12756107616251
2.0829353442588427 -11.3057117231686 -16.767746077409882 
72.78194940367212
12.275361385469367 -4.746359601798446 -38.31518074446818 
54.365087008146396
-10.351852962209264 4.546156955169131 -36.94126731080218 
30.897024838124242
-20.55002102964647 16.780553773948895 -25.263955242547787 
45.34098357452984
-21.120758507663805 34.96206823146481 4.620917135445481 
48.2870187124447
12.7870521944753 -17.78832992175049 -44.42798631768186 
29.047660325451254
22.33662264678297 47.713143306351384 -6.884964833826892 
38.28580659808852
-12.943427892921754 27.550854617204905 -3.1563144355231145 
40.36147181201424
47.698479488311605 8.829925854630424 -40.54741788820125 
4.7754822951770475
22.40659847747108 30.724467436602666 -0.9942741759718672 
70.40452920349523
11.930336339285915 44.478379196177556 -20.170657319817998 
93.6635048808246
-29.042258481237504 -14.112823648028218 -4.671962512103157 
22.297337801704487
-17.87911748034343 -31.58181532115415 -47.94164236668661 
20.196030386053398
6.821726048736984 2.8803642172632635 8.554045400538513 
5.442972420566539
2.7496663671108124 -49.5660856187622 -35.31760171501804 
53.748036692556425
-8.190359607295491 19.73374917483231 -32.278706028480066 
62.48332564769693
34.15231049530452 26.12976039422162 -0.11836552237537745 
66.73089531658201
14.095521879517975 41.10084743274044 38.66007038147539 
48.068144681332036
-28.051131709861966 -26.521618876924613 36.192083721425945 
79.25799643602569
22.10087453006932 40.51889358676368 46.68559566722982 
3.5774014451434133
-17.79907735494234 6.514544633960838 42.050472764633284 
56.20904879050615
0.8657715345156234 -10.616145261352258 -5.000543880488159 
96.93768410714513
12.063086423421609 -38.43582506484853 -23.818858253534625 
38.33369582824015
-36.827847726350385 0.5311437422414826 7.315894155028168 
21.67318823283847
-39.30549956649453 -23.600595524262847 35.840618476289094 
14.035046632693005
-47.315071517295124 -0.687315034614997 48.22857223673566 
74.33196068107348
20.19597126785095 -12.289708348648034 18.935480324455483 
63.473792060083944
-18.623433317519623 -39.939056885410054 -0.16656727062714793 
54.42801694108124
21.338369379448878 -2.7161837145979604 -8.97086649635618 
31.633471093110398
48.500704106604644 -29.169472467804734 -1.8766947379517802 
56.03993659038233
43.8479170804729 -17.71924400401418 -26.746867558488752 
11.987570507957301
13.380498777436308 14.308017530764673 -42.330150532781744 
45.20660004033493
-23.986027320047743 -49.99888174319743 -7.861331721561093 
47.40903254571038
19.277277664944208 -22.219370629952174 38.10848094256231 
42.260649642344205
33.3849560923189 -37.471308425835815 -42.616163474815224 
79.96283803902031
-9.3948559070135 30.05433393342649 30.941912263512677 
53.240333106089984
-28.68195626009894 -18.354604196187406 -41.4276595186175 
6.2222627819362835
-49.24285218459084 28.212079236780212 -29.822100476523516 
19.52033539959429
-48.85177034747487 9.406018126457774 -3.140778176754935 
19.749438085911418
32.80866477028023 42.102705220009426 -4.683128321950548 
79.80222951533749
44.742418585258335 24.76397968800974 -7.36074366503918 
47.38085130785915
-19.63641081037807 9.451219110253398 20.205010073458013 
63.60516791846387
-12.795870568996968 41.63875891149678 35.21364866045023 
10.958400156927828
-39.19102610291348 -40.518987898481704 -13.73155126999238 
60.39745921738854
12.494478474265335 38.81557997879821 -34.529362027061 
71.14661495918905
38.24374754796959 -32.06131957565338 3.6441992686184648 
33.509613874885446
31.735034918911936 37.067997704590596 7.595649184073572 
34.97671260579674
-21.652872492328356 31.412050176694663 8.723430073033299 
72.96953553746496
38.9581981196703 23.894035729409453 -9.173403625371456 
33.75806134608388
-17.547645112172518 -26.16795559726679 -8.377283758234519 
6.400430625249931
-45.92930881463998 -48.74356748675487 27.270005106028577 
2.997711955515092
-26.90863179896018 23.049008927073643 -27.90108847094438 
12.122113505216625
37.795837519946446 -43.28229802453504 36.79351484619248 
20.968610947807022
-21.723931769531024 20.374131705844235 27.42321934082797 
3.5962791449515863
38.36020081330072 -16.63942854188074 35.010449775605935 
87.56710889282525
-13.218235501817134 -49.023434503403685 0.7301490026435857 
79.35641833461658
-45.30975165776515 -1.1155490406993067 25.37205422485934 
50.10042495811143
-28.30155673746786 8.02690425468441 43.356930640351194 
57.562958550143314
25.88464715096063 39.26855666331747 -38.617003182003494 
7.644633796991396
4.515497347344741 28.477608901996803 -30.310960127296116 
39.32429138924738
-18.272189496768675 27.392303226272972 -30.044191136689925 
50.61386793861472
7.005512284663006 -36.62898277053866 28.027445144719835 
69.92427635880534
14.010345153508183 42.00360050979913 -48.08012775819943 
17.18130105781841
13.172761739804628 -29.434412031558466 15.993226665880911 
92.09687672977807
-46.5780092476211 37.425680397406865 0.7005485741867901 
73.19258069324901
38.53201042576093 42.77096089332524 -6.01485523578129 
10.488532884443647
-38.217289870791525 39.39305585858855 5.184117815806758 
47.21230931924878
-21.016709858299198 8.782488205827391 -24.794164322354007 
11.448911735787181
-25.6224745074601 -32.592716656322665 27.784121785587374 
77.3442028518629
-13.451786385018991 -29.19413846838118 -4.227767289849204 
7.290639878985639
-47.83924592418099 -40.996896892550026 -26.27523486779748 
51.46556349243433
-5.76648512176903 -34.23756907978438 -6.574171065607736 
99.1586642702409
28.59523454367016 -3.6843915720895737 -7.443040442156871 
47.51668928362103
-12.712599022519278 -36.53410990236897 48.35842332674095 
77.64985628853795
-39.10778964771555 -39.6609258024045 -22.077320551061796 
5.485819283340787
43.11434041296452 39.56089232522797 -35.33101634736198 
5.323479878781789
20.41745169339231 -36.73194065400524 -43.41678303057562 
87.73028516025242
-12.886050150450586 -13.885710259274397 -4.032783420690031 
50.24315527810903
-17.97072001979224 34.3113934538582 -17.27300193961939 
9.274450979943294
36.709547128950476 47.7495508490432 43.63950441074532 
64.69095168981475
-2.885915299544841 -40.63028359277738 -21.42746377424536 
44.725093358980196
30.83205223724957 -3.7849517061233158 -18.707179471346123 
28.19420836919402
-39.91500116996028 -0.03285803614721061 -12.717788374970098 
43.44484473418705
-32.87518009390128 -18.723227677250843 -16.107752083414105 
99.00573611219032
3.109305496137182 41.82771333487031 29.20243074587566 
9.62429604495182
-5.86494802648788 20.82617474241792 -34.89228938424232 
43.17800829690497
-17.206272232028084
-17.51261569439592
42.71966557699818
