constraints 29
variables 3
-10.618332597049218 19.281863891983804 0.9491411522782016 
1.82664274327613
46.382662616100774 -7.615794663994279 13.432657086561136 
20.341830108668024
-41.627349914351186 30.688547428895987 47.65399379944432 
21.809027446710505
11.27394806286118 -3.782153089182657 -45.9361067746851 
15.3141227295852
3.155912434847451 -33.60152167052105 6.460189225579825 
20.3653046896742
2.6333069653116326 9.495264204801046 30.101922819324443 
34.77065737755737
36.40335982628518 14.576555769660274 -47.59763136878969 
75.30293702904763
-45.3572274650326 18.3097876582502 6.807047515653807 
56.35235970895138
34.41179713674639 20.59492343484139 -10.29890953808711 
91.78770181346982
33.263274605826666 -3.6246984837379728 30.053572941545227 
40.89061434370696
-2.069741209262446 -8.077630245358549 -18.00521055187817 
70.49754047127253
-33.733307724467124 40.47286734888618 -8.364390572395877 
72.37814288426382
-25.458667278469036 44.303994539943375 21.17646384881587 
57.398746372157305
-3.2640571760356636 48.164218292869506 35.716679479807254 
46.16375260346036
-2.325465246379011 -27.56570512539216 -28.836769799290487 
89.59756374184316
-22.388800634652593 -16.524778080669222 5.251246156247255 
82.32408956165635
22.32990800534101 -46.67321227603668 47.926852464544965 
76.72037478956987
49.860377746235244 1.2524412966669374 -47.793714182248294 
66.16552730562998
-37.4100641438171 15.583282624360336 22.11339604597788 
82.27555125297452
-28.147967915893467 25.895900348663332 -39.58895600479423 
42.80928542142467
-39.00207703900074 32.76593905223369 -44.41989610310104 
94.45015124551689
-7.491262380893168 5.17120915414111 -45.13692078373476 
17.812954542237215
44.88095446231419 24.07523450294792 8.177654860439091 
0.7945279252162929
-14.180852787655155 -15.195836516246452 -3.6812582700725613 
40.78149451637475
49.6955439244973 -29.463033298001562 -23.894112690602853 
6.248016713772497
-10.713200581791618 -25.43907122827762 -15.003808773411073 
73.92088159131404
14.47413900061332 -20.09859072667831 48.171141535815565 
58.958817503723424
13.893813055105966 1.5169488951581016 22.21909229641888 
72.48749441569034
-20.5494351916783 -41.54224453684286 -8.726656570480174 
73.3511633318478
-14.361387323260388
25.57178215634208
-38.29680407380998
