constraints 29
variables 3
-14.227684951525475 29.143012953477836 4.189279719453651 
80.00100834855974
27.11798503972547 0.20825576054518535 -1.4730219901018842 
16.499591849866157
-21.355722459748804 36.69048866674814 -15.949078357162463 
95.66102045884357
-13.684025050230765 11.238395252308742 -37.82375562094553 
53.510001029557365
-42.07484542507098 -21.45349037669664 -21.507747097731077 
9.416535010386106
30.342809895984317 44.687586059639955 -12.705206987328332 
88.60236316666165
42.93856497589083 -25.62348449282268 3.6663849339437036 
59.47866353404942
36.29992262551086 21.532596842980865 45.68290208195603 
58.14471984205005
34.93331678181892 -28.660970210630275 16.68874328281919 
95.5217995503087
-47.194994256686776 -49.54452139534371 15.570866630391933 
81.36602792226309
-18.619402407682085 -3.8783256770833248 -8.424792700718406 
53.798538244892505
-18.752169765643835 -25.40304649355537 -20.552619563135444 
73.01075995097766
0.45795122588913983 4.712748721995119 -39.457216663503004 
23.447209118341394
-14.603112088553026 -26.72800141188789 -3.9604614142923182 
70.03766795667552
33.29812495071488 25.611561091304353 -30.49903490756397 
30.945190387467036
-40.564998159888546 -23.149324461149035 -42.22742416908763 
61.815897522153186
16.580959838090408 17.180576345090827 21.561872528213982 
94.66106551074571
9.501997010335586 -21.99259890276132 -29.96254080550722 
38.27150373347499
-6.953598206560287 -15.157445474043882 7.397338652955696 
26.45880924207953
28.822604363804942 47.54172636799427 13.594472983044504 
95.43756106941558
2.506791658649732 28.825780380543137 46.271022940840055 
82.3070881718754
-28.502337120674305 -12.026207935999537 -23.55908459244992 
62.860947906257934
20.9365439781553 18.16050817346651 -13.426283054756958 
88.84681175086904
-44.96319897930219 -16.88244596110018 -33.528972145868536 
42.31894927021932
40.21734078501346 11.629755034078869 39.689933541621286 
97.87007016464983
46.71068683664022 26.83492451205008 41.25628865679107 
72.2987950202161
6.116980546779594 -28.622427967154675 46.02393418818414 
45.66355705635311
13.800988528961476 39.173941977598034 16.274191674783424 
57.69327187783352
-42.92002042984055 39.87789722465348 -2.986709148597477 
19.169644012856203
-46.66870797149265
20.97182544293227
11.00048721190661
