constraints 29
variables 3
22.169338215127198 -40.16920929578058 39.95375991939271 
77.71222673026386
-33.608269009355396 30.883860605865564 36.29634292923882 
41.71914286109447
-13.868525073845298 -2.644178043912639 -13.176992754129856 
91.37933920961314
9.446854342370955 29.140556217624706 -1.6191537353084442 
21.02954527200659
19.185081095833752 -25.932797477102575 45.38287614603209 
50.46393627866846
-15.685118875794636 2.9738693052166028 -14.991907500473658 
76.90126835376779
46.02792098562884 13.762375729574039 -43.13444563717748 
23.452849466505853
-21.33171446711587 -47.78700586178739 47.97261944052799 
49.926970727545196
-22.712502235888145 -10.142425548319324 18.4484136800869 
69.63738728090941
45.98584252625338 -2.6458666990998196 38.49926337666248 
59.34047654578261
-25.810963513416652 -34.424633788259875 -16.926323379825057 
58.507734897926824
-8.377407467050155 -43.98182694391177 -33.00979331100696 
28.847339299787343
-13.015539342960444 7.160771400984643 -19.607658229668377 
85.32044589992745
-39.820139219495196 -15.961486524068455 2.0603164872925106 
15.855054032000792
-46.52952589304089 34.5790680839568 26.41051011286291 
78.54215600399304
-26.996565778087188 8.132132710789023 38.93896898866751 
2.3060510612800122
-31.076117350345534 -0.8515968236246749 14.416211893224727 
19.87263866418809
-10.361939492002861 2.1070336850006157 -7.6835585227863845 
30.316597251465936
-36.217714128886435 2.560359961531667 4.764899497821837 
22.550346645643103
-7.933648130953763 -16.4408004707443 -6.2869878292210615 
90.82474761732013
-49.60176597200058 -3.25843179198084 -43.89831871125108 
38.64352890661708
15.560242706833577 33.012162080012104 -1.5511225989964927 
98.45042337921555
25.195021391926574 29.009525480511712 -34.40152248652028 
91.03007955245963
-25.026867810730646 -37.54767012779391 32.29305847020835 
10.770801728973023
37.5521894039984 21.97571665145209 10.784169511446528 
50.769231294438946
-39.69919523055834 -14.786798437603544 32.86933979101825 
75.21410012375107
-38.251082315753415 2.6491815789152398 10.545901728831822 
5.568221120091654
0.33929940937294134 -35.83843573007497 -34.102542389050086 
11.774902372419804
33.29338445559546 20.193644035538725 47.8796487417078 
90.0470428432348
15.260897082032216
20.853529333241042
-28.615444344773145
