constraints 29
variables 3
14.754127957778422 35.96623940926392 16.79133620756666 
71.96818370204583
23.50443733709615 27.984716228184965 -32.38938425572984 
69.58630389841093
31.726798564568853 -49.09367950988267 41.066619182911865 
72.16454625062832
-24.11179393856151 45.025082948450404 9.477723300849917 
32.59211609479572
-47.059288547715695 4.066722611153374 18.522568765011826 
91.4591723884169
-42.32698566664654 10.88732868840534 -31.99841299851287 
0.3186958263968642
19.34914160522861 -26.63063159791397 18.443606914815263 
22.008776154771247
4.348782618587556 -45.40235203233722 -46.20263181040889 
97.28396382450359
32.480696454927894 41.88616292417923 -18.282664508312006 
0.3051374084335867
1.2228002555793722 40.34001547203246 19.84780233973116 
79.4631002008206
24.34946969426703 8.374918964139312 -0.9713362285541223 
94.56189822565982
-30.761322974593973 -25.019983744521934 12.490920882937573 
16.563657927867446
20.608588921187547 -8.501888257581804 -46.12059794147743 
51.897497624497014
7.515281135920873 -25.6894159123089 16.33476991751411 
89.76086473856132
5.1503028862614855 -10.947355566670147 -30.1135983053908 
47.892397048477775
-36.69124257340306 11.847802708858858 -4.947738571740011 
9.97127053486675
19.355727668894275 -21.461289100519842 26.811395154322042 
6.098661498680036
25.100773617300007 -0.9951285184479275 -44.99072785209697 
86.74283667316362
-45.8026255403293 -29.604103940280556 34.775633666570755 
80.08009568608084
-40.48388104511387 -29.5276194844456 -16.320873571300012 
2.8396130403464004
18.397581998887574 -49.76535425834041 -18.887512771945836 
15.560994877745927
37.772751671841505 -26.367011440078947 39.796571552483044 
74.59911940487339
-9.15401247534173 -28.608784109415662 -10.688908218430939 
35.26168075151943
22.36747101986576 -14.161317734298628 -2.7956069770204053 
3.140549389630787
-9.52084295454182 -15.865775209843903 -45.49580126019572 
13.998918440600693
9.700284215584041 8.378675095883622 -30.65424184788339 
46.50194260809464
21.825487183812783 12.850971065870318 44.953318332828076 
36.62936347598838
49.34063884588301 10.966125231055138 -33.64452949813459 
67.78442617432006
-20.58146408615774 17.541577796725335 -16.015667923491314 
56.41413257300491
18.267797333449465
40.13882736015283
21.347587633372015
