constraints 43
variables 4
-38.605384371066734 41.417695901276204 -22.01141853987124 38.16990324546384 
70.74526389441387
-26.257177819762447 -12.992144793398488 -43.28925951206616 0.2567983608790314 
82.74171525425031
-2.1506219963692743 -9.880306532646422 -5.865436367051515 -37.83703167639932 
19.20470639673254
23.74750955394053 -6.00009792036461 -10.472320777881485 -24.192723183917273 
86.54883383685342
-44.95915118529848 11.442152321469187 10.50479897283418 17.76988060235979 
62.40360157247643
-29.35005215726063 -28.251447667850048 19.645792754105955 -36.58375285156104 
25.98603760628371
-14.852380284836627 -6.782309514909166 -36.24433067302719 -19.05346423286628 
85.56821100591205
26.742649107827518 33.81314807941905 41.763311168685064 -20.284844060345954 
19.158192998570566
35.28367170713564 21.673531084458617 -31.785219642780792 -25.32392159762118 
7.39852534474924
-5.500019662147601 30.925334715749045 48.81854384789749 47.24022079269186 
77.70879591913523
-30.466807279179843 11.073368217850778 29.223407264276943 -7.212998386703298 
7.450125064113966
14.83241481619929 -14.905086779694642 -40.916947567901495 -31.391118280836828 
31.391644959361674
7.7005771182609095 -23.8206486731931 43.961437732676515 11.52881497357673 
49.28610263924863
39.416480582407075 -42.683751404679846 35.538358623723994 -41.75633170801463 
13.364692989257321
-39.392097612332854 -49.408703029735015 -13.01441875901569 -41.16103072085787 
22.77456948827704
-27.098790225148683 -41.97924930533266 20.47973694487051 26.125709717226542 
51.41564636491264
-4.670646516993585 -16.027872836733877 -0.5854820766241744 49.61563623657935 
13.77554407555488
4.652433031541229 47.7865930688494 -47.50582682696728 10.567588642271822 
92.55119092407973
-13.641597342584 -3.1020509281021518 -30.33060427724027 12.848125397427943 
46.38609315980443
-44.845258415512845 22.586873478752295 -24.73505292429706 0.8172511927750179 
74.27229123662204
7.097117189529122 -8.902220374962347 -0.5247502278000837 -14.017328808837938 
29.25793881623112
-27.60819713695607 -36.79214078337675 6.519500280861557 -36.570166820280704 
34.18641950864868
-38.96120233833295 -10.746390834149643 -29.938090949757378 37.81011402704358 
84.69295192581231
-21.823965669787693 21.637960333975386 30.87988289123929 40.82304560905928 
35.705532810531274
3.448280427775032 47.960916274530035 -47.15246646491328 -15.588935673286727 
97.74743254053527
34.7680495529861 -48.48347447010504 -41.02203224104017 -32.62232363642269 
48.34116743741267
36.154628298668285 -37.89013282542247 -21.917702782315384 -34.19735316779011 
6.986554063096251
-43.953418003185604 -12.497416597484076 -44.8943684796689 3.033448364670001 
99.99164288730698
-16.7531702608388 -27.39226245794143 -20.225171428519552 -37.0187403892335 
72.43910789718355
-45.64445783113107 -23.89681342301776 -48.41011781443842 10.800261392271295 
60.64106813443705
-48.94482461135912 42.35578835268899 -39.41704373485224 16.692134289138437 
17.38551201239773
-0.07660055324605253 33.577262824609875 16.284354107325584 -38.743415089339564 
93.63728653705054
7.922710932538138 -30.386773200612705 -34.85107163034318 -2.3138194474601192 
5.607307426411756
-18.05934397992003 -5.445337456834245 22.88348473126115 -18.696440620181708 
45.33091618716968
-31.901915825949533 31.7841433988402 -47.413965002258415 12.216943229423215 
5.434595084436422
33.0759899921906 46.59457149324105 46.58855267686165 37.61119416920447 
36.04693602764877
48.85173493214357 -33.72999011340724 20.528796572805803 -28.5823153835304 
16.21268040265904
-1.9448824593502394 -36.27132647433082 0.942940925777549 -42.179903166893055 
66.39382913248187
-26.067680977034946 -5.077671701791097 45.456467224595485 25.875092146444672 
15.596118160906547
-45.8744543702577 37.83032767840038 -22.073504124863586 9.199179413419678 
90.62454769924257
-7.897103304391273 32.952000605783525 -27.93524261278577 -39.36114809276965 
90.35576780241222
-9.445123876058027 6.222720387206714 11.738299461866077 28.720106350029454 
12.543695008488987
-46.84749154311151 16.61093953370826 -47.46785868060533 -43.904929203446756 
66.20313293132224
10.808747852128256
-45.02000607837494
25.045338263184476
-3.299349759162787
