constraints 43
variables 4
32.70036013277321 -35.02142086433233 -6.59918804312867 15.536223426995832 
83.28543576415267
12.6357078315106 28.651914803711705 18.510137564337924 -19.875411797738817 
68.40308807997816
39.12896567999297 -17.229574540160023 -24.41942970086317 37.516144038700034 
53.05426179680879
41.62945566560971 25.18445304502586 17.002461558044303 -9.803904802150655 
18.59953448900268
29.613083297907693 9.384359765079786 22.979459232964814 31.164162072804885 
78.81623268217571
-34.72858007649546 -20.70736745620637 -35.92815647173839 -26.203040508864316 
71.77713740143035
-33.35643837506262 -10.122295603684329 13.755766190723264 35.43221847587263 
29.839550073483334
29.008893815668486 -35.858868888904084 30.63027708427019 -47.49182609814176 
46.805567804427554
-35.393916429051046 47.62996290223836 26.547018838415752 -19.210008075526076 
94.95245944958496
-22.249106365214676 -7.01575906498978 27.84215418727534 -8.14845439841686 
17.63893571704601
2.751588210225634 48.01096566566943 49.461832585594706 -40.66020701750538 
56.51595038676843
-40.63401682572735 -6.97834824942197 8.408024572799 -41.01488653800857 
6.595338410036556
-13.923533988793658 -11.608013649790848 14.997908719991358 -15.018655844779047 
19.207638818984286
46.77338690043588 -47.771556191396556 40.93601093303839 30.961558821805596 
74.80352750924315
-21.521323928130474 0.4545392586465553 -19.865033454114755 -8.33352770039393 
70.30308941680138
-2.3544224886787077 -27.34557874365344 -27.987229130488124 44.1038056734138 
86.92282781111996
45.994856810328656 -34.85445019642229 30.853926825592836 24.493425723864902 
29.41418527557208
-35.99583059669335 11.251518967133201 47.45418764418994 29.237981913151202 
32.57881301023225
-30.62389310157858 12.107719119399931 -14.989742077656565 -8.497245874191997 
89.81412708635513
-22.96394183807472 -45.46656197274495 43.30725714253572 -44.260717882733125 
31.02039655691278
13.652597114490753 41.18740742560469 -46.42167536666848 -28.92886938319371 
0.09612537626378925
-31.88460865581344 3.6622525199946665 -18.366682071763307 -10.233029640604997 
96.75106973310498
15.657498457080507 2.4583795642237476 18.58566005424612 44.83795419679808 
12.5911970100273
-0.31632110632221355 3.3183199991384384 -24.36402233599466 -22.070857649621757 
72.33738827733998
-29.2200438172298 -31.569275178420497 6.434584124248666 34.78681167368856 
76.38531277398977
0.272094732386428 31.43055091423082 -35.425840142604315 -19.773431699752074 
36.83359233646719
-41.392098578934835 44.63451017375641 1.6892859749699909 27.646829045310938 
59.6658648827895
-40.93351157209888 42.07496322721262 -11.046042594781127 -32.158680818781214 
22.42699127011352
48.78061507414307 -13.965821043073866 21.777637431749113 33.94704265971778 
94.29281800801209
-3.9013512340101855 -25.79657465189822 0.11663723895799194 -41.41428713179699 
42.71143164132568
17.536015369876196 11.762278483778843 -15.530530785865274 43.182433691310095 
79.79413920452937
-4.958399390587687 -27.98226654722461 -48.50848243578727 11.098674189326417 
79.70531312188679
-9.590338381343045 -38.958734221094986 -36.440043641060704 42.52747230226342 
13.354117302257261
-46.100807248723505 15.49463738224297 38.98086462634947 27.720683529068552 
46.178407884864406
4.684615401639412 -17.964952603947502 -25.91587546663886 -17.180883184404415 
14.785092922263255
-36.61958784430708 2.5960509440672723 29.271516229132104 4.008344019478592 
39.43238565726902
-32.070557291702954 42.444005347502895 25.854329122786694 22.14567596180561 
42.99885091837928
-21.231131066636642 17.928775674620013 -27.030742944428955 2.7410348822098243 
13.350925374283296
26.783936298244043 47.198555179417355 -33.55214212757723 0.9027989440889783 
94.2367073017792
-24.467899889613054 39.975319466212156 -43.46607484087419 -46.23662069611464 
99.81564996041554
-32.39043771186437 22.448504915479447 24.33977050315454 0.7576332087108639 
87.45282451383065
15.22105438071489 -6.509934226356542 16.82548145698594 -16.100764786460594 
17.556349923537784
-48.67281553976186 5.583229604111182 -3.8975495294853246 -11.696037762408174 
73.01205461966714
10.425616213989962
1.3548904408402151
-35.47486488566559
-7.311860059462703
