constraints 43
variables 4
-42.230640760522846 -24.531291897489893 5.60025844847447 -44.072339172417884 
34.481775003238226
-6.072904241293642 -35.65702333658221 -5.775801151094427 -38.80868999006461 
28.72771112892477
34.87425683112944 41.38880930952237 -14.39972366159288 -31.464041102541795 
55.467864264085534
-22.336767671057068 5.410493890501996 11.448209035647686 -24.16358443484884 
0.44372103583487643
9.907650439133874 31.07072778054423 1.2565657462883166 -38.336596439119276 
97.68827378591055
-37.37984437786817 44.082223654313 44.24675554846459 21.61875061019066 
62.50316068066808
-2.73935451344186 26.259898690942336 -6.927038233164318 45.32117938889478 
45.735823763975425
14.681077196761095 -25.922986740688515 43.35946940342596 -1.4819177453529306 
54.64163918666045
-1.8033181463128614 15.357954238683874 6.718366939416079 34.53841424219934 
88.83513962438505
-46.27539173898462 -19.00980304159543 -37.40564127764202 -12.934363777411853 
2.340451652984221
35.591819169059306 36.24497556762394 10.20574221502281 0.7184874897059785 
65.67560623829843
-37.84612117850702 -12.953082372380244 -35.482847076740576 9.431314996103502 
11.711626760339778
-44.014918932544745 47.27223905055908 7.354277929832421 14.54771799400919 
68.25496501234278
3.699385325463787 -2.8207791902012502 -49.11354248677748 10.05303763598041 
91.03265567483147
-25.08513984792501 -47.4968484020305 -5.459182229334026 1.6029003052932538 
9.933997804467221
-38.41212435921547 27.55242385276911 -32.777069651507794 25.218372706539157 
26.999863869136544
19.287261904781616 -36.065196826524904 -7.372989898816762 38.19632761687349 
98.35075257256744
-25.712192588467286 -2.5485875719399544 -41.45471076878992 -15.786971244356266 
33.55397249513161
-3.4596029225303226 -28.21718852168069 39.4876228134554 -3.8486999663523562 
29.921970857665205
-1.9492059838599332 4.389123907490912 -40.96691164172762 47.11913230312794 
69.25225145382633
12.31082291340222 19.91507704632795 26.25102109449054 -22.61318715643933 
97.67047897938528
29.950403980160004 46.53040675400965 -25.920079721005884 35.00425211465527 
22.825629934517956
22.912968471446717 -45.304948699313286 41.74596590730867 -34.760628359034506 
25.423432624815113
6.218974831473432 -13.789144662155692 27.33839672862615 -14.921901185111153 
34.53592356095621
-32.99001047341238 -34.07573887125173 -16.657165530008953 13.757290302082602 
70.45362024883174
48.10690517126717 -17.289817737070344 -32.0507192965937 -31.54130715721861 
18.569874979654454
-17.751291652406465 -46.098337738818785 41.05781275373934 29.72510519400248 
73.87228668143635
-37.4933636309732 44.81399303597908 -39.22647224536716 32.59651495013031 
95.86753575909432
1.2775469638399173 -0.9490014730012959 47.1940100613576 7.432929869859791 
48.078484821814314
45.02735563860104 36.42989112253899 -36.747620751342126 -20.67016180140423 
30.93968257774903
0.453182211130553 43.87602668156683 -48.27560431346941 12.279131799000062 
26.939550966721583
-41.52918297986305 -1.9607597160606929 -48.78604112991407 7.225205639736977 
85.40204486400592
-29.28029214949782 11.51968880739841 -31.058647262846794 -13.170328535799825 
34.796207518438806
25.700606043295053 48.553161195022795 18.794611228050485 41.59454281563471 
76.72507513231005
9.726690060998479 22.82100277616999 -7.467695828871712 -40.83955688435697 
61.591765651405225
40.236231905681805 -4.249031200408268 -2.518426916080294 44.73833360614333 
36.21130114252211
27.4153877275417 -47.05965961840073 -17.821647739876603 -43.05015834648983 
34.21933510791011
44.62170894416994 -12.475190540055927 20.504949570234444 -46.03212540837317 
45.17525670840682
-16.716033328436694 9.378699410420879 37.06426766991859 -12.800640433896547 
8.426500691804295
-8.639927088118057 -26.688756482656196 -17.631546104240122 -13.702282794683718 
43.9827324374613
-34.35655605437465 -37.86788029647181 31.446535265581346 -2.4650886363552473 
45.23987430175259
-3.8219742761703017 47.09750838534667 -8.270541437295861 -9.077714845220775 
32.83900082728559
3.7596296385979073 11.942824303371715 49.827356896826586 34.23783349380987 
93.8602616981993
32.15204641350425
4.466334076992219
16.103678562467337
9.153865133598963
