constraints 43
variables 4
-33.5560941299812 33.84559509481251 47.51195357062579 -27.461837157813275 
38.342894475779076
-40.65554366598373 -25.715054103806757 -9.008011119351636 -5.444227022714834 
65.0279627185512
-38.89971619267681 -15.891793291545497 4.058923412223656 -0.8851844465519676 
42.570754252884335
41.34520456037869 -22.202700557574584 44.93887730548313 -33.71751340701772 
36.857502189675394
19.830470333041774 -31.090022002152672 -47.931175625432054 38.12992374242599 
31.163935775341645
-25.305335018156317 -22.524358481252825 -35.239738788614275 -40.701479636148704 
96.12729969740063
-20.429969832519646 -47.58942794527038 -27.82475282653081 4.037634154860591 
44.20143527876091
-22.564476057812765 -13.537426724695024 -14.5181677717135 -49.593786176773726 
38.80948503346352
-2.9725809652168067 27.78963527974051 -0.1462735117064966 -24.287625397275026 
36.95095867586537
4.391173537523109 39.06406354999187 -28.502491951697827 45.59465740072943 
14.562722503640547
-24.415485470586084 7.753002474993622 -14.008411991380441 -24.96855021692013 
98.39397450488624
-14.218442587875742 -17.76742363391871 47.80500386852148 37.511458198519975 
27.061749276239343
42.53626686783831 -34.35742086759228 -11.883017736422573 -0.8828053812815071 
94.33672297978211
-15.740161347117585 30.45003218804102 38.70828294413799 -16.008287614860997 
48.66091817112333
-1.667059507695491 10.374410565849324 35.60935626069039 9.916458848518829 
86.37347984261426
45.09298758851047 -28.989635816771788 18.257418768201987 38.73302843314205 
51.18467841276954
-34.01241757648646 -1.4697886497353352 -19.196322210802276 -22.417267246944185 
56.79414333283793
-15.140546581114776 -10.780263229201672 -11.802554147494668 15.186018818201887 
52.79047326794447
45.33601500206656 25.34511695776959 30.36429325937317 39.23437507183863 
82.63744207873967
0.0741708965425687 21.807073031869535 33.2144108614643 19.501448840813012 
47.70932705884415
-41.749627156676 3.712997028914387 15.316717667864154 28.048042894975467 
74.9719642079721
4.844694857970033 -49.83116161287714 -18.61826999659807 -35.94839802887283 
63.131073080157144
6.135470918949601 23.87747575341112 10.425646792555767 6.829289752879632 
21.690678130371477
-21.15566222919928 10.323620094775478 -6.933071555321376 -0.19994284272681995 
94.021554557768
38.068704902721024 -25.03855002971426 24.995382246702206 -10.735753568357396 
22.243827509479775
27.953359678001036 35.0494996387045 -36.13447817679585 -47.130603846433 
22.25804719005756
-1.1707939862145906 18.242181920586575 17.508394494597695 -13.358080901234302 
73.4859217472445
10.824419758261747 6.108943686140414 7.654357991848016 -48.64903123797624 
77.72830784333541
31.914114732656245 -2.002279478141709 9.73431724802115 -9.846942538091518 
88.91319041260334
47.89341600676768 -4.717329880191144 -37.56663988638695 5.078168035115169 
44.10289004648605
8.634810144256377 2.290387407065886 5.02378649177615 2.688089764428206 
4.8191542678399095
14.063297268115576 15.748966554523776 -36.35320801926429 -9.82950801574615 
25.56642958092454
34.761962211450665 -11.76602671021918 27.49991619528349 9.70554392123961 
31.161184529447038
-16.91887689623306 7.833991892212467 -36.90011797512531 -32.86191216198989 
49.15124393193066
9.246209888191856 35.694976719493695 -40.11189672649582 18.118044835247318 
41.135884305250684
-22.285484833841107 2.060097196667364 43.9335871453393 -34.23345426256397 
83.28777570593783
22.644393061579322 13.149462159403022 47.95807553434312 -36.297501630169926 
99.59390278210971
23.982343450654113 -41.46627109906731 27.471255436828613 30.492461389373318 
61.165545112543064
47.45528083707737 29.26277174934073 -21.77103515546136 -38.69602940994535 
8.536568375730337
-24.76219453366283 -15.094504035121247 -28.24932753805297 -20.79228401640314 
38.442596018127595
-10.897919588925951 4.948966418599589 6.009345184798718 44.65108061854964 
89.14030881114748
-20.26512971182558 9.328151511482844 -13.589598383844027 -31.867429666269498 
21.270377583961253
-0.6577910778357463 -38.96746733534373 -14.626862593919263 -37.921095017882124 
29.226423103560762
30.376910021098098
-46.77258284113548
1.2394625061890068
20.341921660053927
