constraints 49
variables 5
49.87461727687483 11.801092752886063 28.36906410618043 6.91031394046491 22.707554510879802 
16.730377620826154
-37.72950955914159 27.385703823732 -36.26723692551843 -18.594789654990006 -27.620876505546654 
51.72950437879189
-10.487024524970032 -48.40745292818268 -22.766627338867483 -22.48104051129628 38.21675180799747 
86.79679722361855
-5.4482779828305965 -1.7154524369632043 -25.87454113796038 15.059582717632807 -23.650561789332503 
83.29548513571852
-40.24608144940956 28.262148748705144 33.600442670009826 45.18216267274305 -36.60213376534918 
89.86950060458577
18.11095453640769 26.953757835618916 4.784632557244649 37.69988132578503 -3.0526793146045677 
45.926230415616196
-33.008340856051 40.572770744111125 -36.938759790822516 -46.34192846906399 18.91087844929102 
59.58302256249179
-25.318701288614776 8.198049334272483 -0.7248769839505513 22.26844414336884 5.590644780805135 
57.78135449785176
10.626133786797553 41.08246005680074 18.58625595116567 -46.43248763117297 -40.40806597277879 
46.35322579013131
45.21617122819357 43.09546910125 -41.54533834491946 8.304919830035459 -33.68324841079205 
95.83831219673309
-27.77177943747178 -7.263384382456614 39.922856164706005 27.57209957029984 -44.671625482970214 
80.5985534031429
15.799591910260716 21.23029616474136 -27.593761556957208 32.97523537652411 9.14506062466581 
38.49736965733068
39.02934548919967 -0.12072452787125343 -20.0606437781509 28.602114352119358 49.632775008866346 
3.7794597161086463
-21.034235005345415 -31.39670036726736 -17.473862550537866 26.930996001189783 -23.293997837681445 
62.917277854709894
-15.269580130536 -4.654485151959108 -12.887993258695033 38.91923181265493 43.03205370132176 
31.63283430019651
34.68267134899099 0.15673283100743163 41.87981517337384 -6.0338927834391285 -9.675400042186467 
89.04635716903545
-6.386576766781502 29.06646561058544 19.151836065039433 16.881112848372908 2.0010328945520044 
93.3727731168457
41.68022396986434 40.558464023095596 -13.823924293075976 -11.543265295028114 8.797883352732768 
52.645772835391845
48.802165910382584 14.263010937990046 30.444050570568933 -45.76797427438545 19.6581125078351 
16.89862220449151
-21.895696711311142 -1.528291681090451 43.82330197529707 46.46538622892666 2.0310053207519587 
76.80876099110371
12.257089503192567 44.82372866656219 -34.47644528801234 19.575538502612062 -48.19602890967742 
3.195672008231476
0.6537959763432397 -2.006206525049535 1.5197707401515146 15.159386733990061 32.49778933688586 
95.5616307886549
2.7022033350072334 1.8572033403424157 2.235834026586083 13.392534574897283 21.122530731770553 
53.13351349898912
43.408503795694415 -13.720498659217625 1.6933301303511996 -39.16147724476035 30.167169738835398 
64.08939741947363
28.17057573871611 18.67834839076724 21.533295328153926 6.549650501768312 23.476651843088447 
76.76148286812983
-28.518416170008987 48.57149806224332 -20.15592265903068 18.386192465538215 -38.91219667114372 
67.96090284356973
-47.7819288276645 -28.367092636902612 36.03292859319147 -22.29955188080529 -16.780641840049014 
28.97027280092881
0.4309968228283694 -29.057584121569533 -46.543142302738794 -25.6470583204628 26.248875755916686 
18.435358360291143
-32.906747917383804 9.183860539627595 -13.488094272954442 5.313480108448957 -10.695362188612442 
76.03321170166669
10.040173583879827 -2.989801529297594 49.638769162179656 -47.84923595092966 -14.364061168344875 
92.51422154272446
13.264752325375838 23.57793594603484 14.443547410056567 7.268628767444476 0.7201704106876505 
5.060324996950582
20.628900514780725 27.720328614538303 6.0001020409399715 -9.018907589008847 -17.423626329619303 
44.859420029683726
22.695598304317215 8.180038064292305 39.476842419165436 -44.95505184470312 38.37759005012886 
42.79277440716067
-38.518759981229834 12.995592874652381 -1.464610176698045 -19.861066728256016 45.51987775074373 
84.03086416205427
-26.882682429535464 29.20786260992051 13.43852681841907 20.480414444114942 -18.91582611106034 
51.434815563799006
44.27804897885825 -19.36391759134224 41.37463536465515 27.230139457285247 -31.674875182805994 
67.70335626618417
22.29490013614874 -26.88146435566955 -13.012560071853095 40.91593985274025 -44.416824482126756 
17.364969408906216
-40.402561539826834 41.30914733213626 -33.73707899940369 2.6083531805326174 15.924579083390526 
30.604892435983377
44.88700361927941 10.293652563140888 11.476750159089569 13.243058290520004 -45.11176542921235 
43.58758052476042
41.59732733252078 -1.1989347878532755 24.490000474562365 12.982619106322446 -30.084864050089866 
14.875509820016585
19.99403924140431 41.938588187926484 6.880326026343077 48.956719145344636 35.25061116100147 
98.68054303392178
-5.08000033732673 -18.090819428577998 -39.27029759712577 14.66631625552182 18.17316356244517 
25.377758001143512
14.850069806764594 -29.743477498835702 -43.18460855209935 40.77169209398912 30.086290478170525 
63.764415448229116
48.65936244887831 -1.564617265696853 -13.137749428065462 -18.667534407503496 4.018200880505852 
82.19700962865682
-20.647245653815936 -48.02286703906986 43.74433238909472 6.693030951838153 -20.946754982661986 
54.66275957706532
-5.092614729891011 -7.301293036081148 34.34092714842106 -7.58991459147196 -16.24961238156211 
89.15173344213915
7.238800692451285 -37.785580190924435 11.364333084434882 -10.361809721565862 2.2074560855189347 
78.94302432663109
-16.05301777069181 -34.183014139247724 -13.972248324163004 6.400768773040532 -3.437510412908928 
80.59101501002814
32.700743989003314 9.397731340112124 36.994278851635514 -0.2096959285979736 -47.22044719741378 
16.92181833599118
-1.9350539153226833
-10.19102769015268
-6.628820248233282
-34.87088877216331
-44.49543622631866
