constraints 49
variables 5
-8.528210462918608 49.84687062702268 -0.2923275911766865 6.941417956557586 -48.96977756483453 
64.81717426857313
-37.97705543507034 -9.749942357811115 -38.76754970723416 46.81283503168234 47.63272452933863 
22.285240873735347
-49.10371128772157 -6.740167135588912 15.1811999085471 31.399660971928043 31.852719138582955 
92.40237052849164
31.792845455883906 -21.46184600503358 -1.2078878086665625 7.268919207958234 -13.639630006931903 
13.34945136171115
-39.15610023560259 -20.80405104038704 -25.98537733830051 -19.765668322997044 3.635347610252836 
58.27320339954489
26.54757031324067 39.36005140656167 -13.467723230145623 43.56271705994136 39.82903325383634 
75.97178689579815
-48.65355116297039 32.05700676624356 41.152309394333756 -29.742488929812126 -43.99851941129924 
82.08020081232947
46.96343408003885 -10.426416669960382 49.481117091456625 44.19907366308864 -15.426683534158968 
95.01408541887606
-27.15923147543916 0.6993587051479793 -9.778505609415411 -24.892309269877956 5.145201983585245 
33.295838870341335
-49.74513591179803 30.851706478918047 -27.097656169377515 -42.016870473202516 22.204185630088418 
88.34360769362294
6.895193878911343 25.79727515069922 -41.81427566432987 -42.053714554169396 -38.72918572340652 
38.74658494152959
-45.67502093040473 -7.776120678892518 6.327465844325495 21.28340010463438 -33.206138251798336 
68.81097290545681
-31.35204092595798 19.42681981520606 -32.42765873294677 -11.071375812428172 20.05931651303237 
22.00957994910174
-38.809979718054386 37.436500629220504 10.355881016565263 -38.489286367846134 47.472672851084354 
46.11122269026639
-2.194969017937254 -44.45123923319212 -5.286696254081825 -11.733283042595858 -43.83828654904244 
44.34866393424834
-17.29318585624199 9.883244700363846 27.249999904712453 14.35874920506241 -14.268114652240627 
20.08747137021789
44.126958190764555 -26.31756221063075 -8.166758489399605 -27.87319938329006 -28.573921126197366 
11.102667955995827
-3.348035537394601 -35.09306730661774 -3.315360365386134 -22.784740643302747 -32.428927261861716 
34.712384063366855
-40.7087054317369 -26.449292747891874 47.08810997326546 36.90551069409497 22.147337044605422 
73.55226241966052
-46.90398200680207 38.200368722503626 -24.782996982046967 -22.108700055894047 38.14809562974949 
1.533458808581989
9.84927354162972 25.83942073859221 -10.197612041265337 -2.3957195565342815 18.08567127927185 
94.27984512028293
-10.214632478606454 19.834324031813097 -47.87446058088381 -33.57090373022032 0.9843024059364538 
62.793945279759086
25.70235285874587 43.45311155969152 18.172264755848417 -1.927650722269938 -48.66837390309408 
53.90032331837248
0.8892040918546087 46.11666812239355 -14.776969587682444 38.237430332141415 5.047113321610766 
47.741945811793975
-4.893655408539601 48.76195004537843 43.596805596085574 34.814546306611206 -24.69708978637366 
58.7788264637244
35.988322424001 -13.962617957606874 8.081287687765382 -30.833230447681725 -48.82337609535304 
80.8160527438772
10.667832233252973 35.323169923636826 9.568609976789624 -18.13919894248851 13.239958117915343 
62.96476717917419
-14.42281807420207 -14.519985437158134 -15.18811744260963 -12.625455720227272 44.34247983385387 
27.446682645818765
-38.87034139819747 -42.57641579829367 -46.29996303864645 -28.129889364718796 31.524360812042246 
43.059872300665894
35.620075207891944 40.68089720631089 10.12931001332148 22.944377462895034 -39.88826307507325 
12.137999814621214
-49.05077715117487 -12.472012834500646 38.98053011551906 -21.80753494951231 -34.02370721754472 
62.10112520569259
46.84685613500915 2.593235300549644 -29.119895580182696 -35.78875109053704 -17.522044038240992 
14.296136463700238
13.755453209738157 -39.66842273170622 -15.244792250966142 -45.96195060982716 38.994081115258965 
27.777835906590997
34.49317541750125 -34.13607236366195 0.5533869397960558 9.607925986141453 5.846385411389576 
39.945184145788225
-33.272737904091485 -27.39716439572345 -20.815668982817858 18.203750928288585 -48.01887437575913 
91.41533263194081
-8.91528148445768 -29.94316787683694 -29.504633811663005 35.58624419502698 -23.51050074328822 
82.02323359914627
30.768374038348384 30.366462478879114 -46.912180269734115 31.982869395912275 -19.037616909628387 
47.14604488819866
8.634433893615068 36.556871663241495 -29.367606865584627 4.780107438970063 -21.818190064804355 
18.37647556724644
16.06045707909965 29.214429018733796 40.098549112840516 -11.06535049018764 43.624659159890484 
75.55205159689335
17.26635525728119 -17.734744795600555 38.464123535792055 14.065336361160206 42.99229978781828 
54.870216068034836
44.15845318276102 19.646315960719846 39.94264382166173 38.11603659833524 43.22200811300952 
32.801410923373076
-35.20095806692723 -9.253209374456532 -2.079538766599484 29.534858028679963 -8.64256383651805 
1.2113974639921143
46.24912705388917 47.328509100382675 40.43454026372589 -17.821108684667273 28.869547600997294 
14.913910922139706
16.216292327256056 -17.083889380000727 -30.617096295718905 -25.354121930769136 -24.422788826397202 
69.12800499043239
42.52580012022105 -31.974958590767454 39.41912226628463 34.411595770969 42.706037492558636 
27.280134599737472
-46.77775057917505 12.650351850950393 8.752997320260313 28.909076551582416 17.771175234719465 
6.47652796298993
-30.160669267983188 18.691167377686057 40.412760360214634 -16.645141672530286 -47.76240298305422 
61.921017786643354
2.2225827472839654 17.891685110134233 26.907631127366628 -42.52190474971566 -2.8989830458683556 
26.649444646734988
-16.132622406358834 -20.165936879173373 -24.91038524232999 0.0472186902170435 -9.118030736792505 
29.213379903592795
47.155652488903854
10.225982324202555
-41.61484197237315
-45.70955071028008
23.069272873666762
