constraints 49
variables 5
10.330426282330627 18.001075033017713 -10.2667366202825 32.02909206418961 31.256610006647506 
1.3147957331047788
-43.07986012147027 -39.00948097440035 31.872170556314387 17.97532173916464 -31.28739266322256 
68.35485055691515
-3.8042032162761217 33.98021899934206 -31.523189309834788 44.28488778530486 -47.76994159558788 
44.676312369854976
7.352296263803481 4.2336393575037405 -9.760814973076336 28.791312338982536 32.2836775529823 
87.08018158742897
38.58652855056778 49.01514858788826 -20.992696839737345 8.355579906566668 4.54441925386282 
4.029057572138617
-26.647089217244346 22.91980520084121 -47.96006027907244 -35.28743212013043 16.58356126591407 
49.59515900804129
-6.524147821376701 -29.284512604412573 -6.514652241823249 -25.9687814596966 18.566812926405944 
72.66404826033111
-4.468241022858777 -24.529129372094395 -30.443357681455296 29.97745264495842 -4.314207644693099 
68.10650225429971
-0.766662922781272 14.602990728555085 46.26618141889928 -41.640010031528185 15.834197994839144 
76.93503111638394
-3.2075510110547114 -4.310384283516925 27.234266893325042 -48.23484736670506 44.83672251394498 
86.42160091252468
45.737062604565 19.31773489779775 39.64854674350214 -2.3765312987311233 4.337336486784196 
39.25739818476206
-44.31779333529315 1.180981912822645 -34.49860249121536 -5.988392032513524 41.14437187115389 
47.00992243617092
-25.6886772046241 11.833941504249346 25.293125263011802 -41.2714771697667 19.24514027810673 
39.740377715601326
37.4577514738838 15.13588079948721 15.915865107154417 -48.21682994255778 -49.38807956249674 
66.48624575852489
21.76803412851511 9.083743950596613 12.821171629455904 -14.18145660249479 23.031194971852614 
84.62819927487271
-29.00105266900077 -27.50490734666935 9.155568290723828 -21.96402871852333 23.143612266002933 
57.622983525008195
-35.494140357993174 -26.655738148213736 -42.40775491754902 -40.82392559000888 -37.73496516828484 
86.30786769275929
-49.18473360094319 -1.5948243576254342 41.30060749582135 -43.20392268452935 -1.1107961526746948 
68.51843899238514
-16.828227780919278 -33.424678091439915 -47.97677470935565 -8.366429446999305 -16.493462788904637 
53.09831950841962
6.378312420309548 10.647955492628661 29.653737816887272 -4.122524342816611 -17.093718501942433 
88.9423689913712
-45.1843692865431 -26.39770595223179 -10.950946322405386 -17.271552863163876 37.792542933622386 
77.3676892765208
15.8769723501143 8.369610431958606 -42.97818586346391 -31.788033493828138 -29.391881753468084 
0.1497185455975769
-12.230928995741884 -14.379577779815278 -17.561016218977755 -7.266802718104103 -47.869344358548304 
97.73245858997296
48.23003118706788 -33.04503369405944 -7.068215040160716 -16.302868974676613 3.828036314603864 
17.59798691382335
44.65583166725568 -46.04584470499884 16.670330055255405 -12.539179601395901 17.215879384363518 
95.17433833954165
-4.195617185249944 -36.71293053332133 -8.319512403954391 23.175508278354087 6.569415210277782 
96.02315247605186
-49.00861276235005 39.336983763512194 -41.07495647984951 40.3903675961223 33.26161322851861 
63.86770599365366
10.775204029762108 6.901735205116424 0.4183527855382039 12.74016763839245 -9.376086805425253 
33.22366045614773
-39.24443573091708 -5.815706407050001 -2.4872953205888564 -38.823068861988695 -29.612771055111796 
75.34245888433453
-19.572170597092644 -49.308805829399475 -34.35715201887318 -39.981083131941574 34.228637376440545 
22.671482659615684
46.12259056815529 24.4138295904294 -25.363219297363727 49.00496244970469 36.43030346650289 
29.31425907839874
-29.06076556093048 -0.16942076040585619 3.5283077189076977 14.421386717315087 21.796328114778788 
65.71380992456514
-3.791203034998645 -16.674658787168376 -43.09066262420288 45.51327577243069 3.3522980302090772 
56.0960135316795
35.290407488073356 29.49547389224145 -1.555432156722901 -49.45972088052244 -10.509085888926563 
61.648438978997454
49.24898506089791 -47.11695431465351 34.38259580617627 -14.835309032670317 23.582328532668697 
3.961656875142039
18.949124286852935 -39.2917036022049 14.817588447209019 7.980095303233547 -49.965987223018175 
48.350494018402124
44.03826824147703 -32.548405817886604 -41.89592414679336 10.952758233963266 -30.30563394075362 
10.16516363908908
6.825941498863088 29.29582066983545 -49.83892959333538 -48.15631718982388 -29.383649031409654 
67.39759627995255
-40.223066785305605 31.618168329284728 17.315317936268045 40.232563962783374 -45.26092640602457 
16.52488402770921
36.74447646044233 15.459646450666 21.658796295612277 45.93899823642238 -49.84879496303512 
75.78518422065025
18.631696987307194 -22.809484898945364 20.40244592397194 29.23211691178767 36.352211664595586 
49.56522116797329
-41.7196233635447 -19.143983561887968 -34.89673609837354 -44.52453178496849 -13.654605050935473 
21.34316610893191
-47.62250394972144 -5.207416461258795 -21.429858862047478 -4.554614466481588 -24.56266522549655 
41.16477424756201
41.311596902867265 -13.649156147798166 33.2969164347967 17.601416086495703 39.176526388152865 
40.85965856831611
-16.590307243688187 -37.313375796096025 -2.0511289277738243 14.627544117571333 9.771299769286458 
18.49206906334867
35.98594009097805 36.76038129105599 11.198089628880084 36.59100321176567 -14.646459953841415 
28.687076875782424
41.217451061964255 -20.467487381096205 -35.54153333240565 13.507575210501933 14.306886977001113 
41.71703423657846
-44.94993236939128 18.907502394765558 17.144543261661468 -24.178792828699645 18.200866476112026 
59.25036863243574
28.084713008573544 -11.247832208248596 -43.76051190136183 30.602834581216925 -46.75242283288738 
14.568401088865123
14.09296116589205
-15.146219928307104
31.212891901319168
26.860862951463588
-48.28928330803882
