constraints 49
variables 5
5.934712354952268 1.4635196890998046 -1.0325727816063548 38.15151536172293 -47.408058837007026 
38.524494234903784
-41.70582389231833 -14.683297272743864 -10.026675938341697 13.12597385426293 -41.24290997165755 
22.084783391027162
7.153524507169884 20.427884104339 -15.637992571868011 3.0593396188878472 -18.042037113338726 
73.01936361623859
19.342396640459356 33.0381760882198 33.04647420859365 47.660177929941554 7.754031100520997 
80.55870074380313
-37.88563916495205 44.78427533710615 -25.760436528543075 -40.74539678539095 -36.79643299861317 
96.57181467232958
-20.315666287474897 44.32426645650874 -45.26988845038199 -36.20959849411989 -3.089503989542429 
91.11830355423803
-40.92788693982364 31.625940990590422 43.60732364528265 38.18576835148673 14.426049267859469 
0.3679117903590656
2.371392486338628 8.075486824933087 -45.872829779618854 18.083516548886806 -8.968969114336012 
15.771081654266606
29.743300627795932 19.30958744725396 20.355297491019314 6.845260618105861 -14.010535204302684 
66.31074523081908
-9.201550178508725 -24.74904370340274 17.874145457831574 -12.40319371527977 35.106736571540736 
4.123960947004024
-46.52379849222853 -27.838074397603297 9.415010025223836 -17.946267736231945 9.364785805345264 
57.302567071842994
-28.1134323533321 -28.01397229262339 -40.087146971619205 -7.10911711765727 -34.999693402245704 
0.25315090198722023
46.61818392607525 -24.37539740876136 35.265130341974924 39.18452053344899 29.034054279639477 
73.0440914068037
-17.557751161420555 -21.66762575374548 45.02505433294314 49.00177097438015 29.281896899425917 
66.55443199939262
4.801735950976216 -40.211410502513914 42.33169399393955 10.027359074364824 -9.448837569280258 
63.266812513770354
14.549661796986953 29.721912275636228 -28.531382837004383 22.127869481039426 41.255752416338495 
65.95270296288619
-27.39094269650938 -13.211385347086988 -17.618546382285814 17.322501840500664 -44.78480304762523 
63.458791869584886
6.02784504314149 16.713075523136197 -23.95766916837836 -41.44290455499443 -48.98171397493406 
27.931558627135665
-6.311660079008327 41.9227235865452 29.432654079121207 43.20339307119366 -18.949425336392423 
38.163847436245355
14.035848682439095 -26.09006179171981 -15.23039459080816 -11.996030635757982 20.064091749074436 
4.800804461427644
44.88311455351696 19.631653009731323 -3.9917234196386175 -24.63190522762733 -49.09855391622998 
83.828652238991
-16.165574229793876 -38.84832013480633 -35.87031013587385 -13.953995049785775 -4.49285594211856 
2.4517218432357213
-19.70062461831672 -6.382843771413363 -20.267356057906717 18.256676929701598 41.4361644519781 
56.94175444154854
20.513770572582445 49.1520312064624 31.378260247453156 9.743253590294046 17.41023599200298 
44.55703959085988
5.473416617891623 5.398004610879461 46.32298376070267 -3.1561610863818927 11.720851271259747 
53.85305582127188
-10.82751226063614 27.72522856201722 -42.01246766288287 -3.20560954213024 -48.98352770966928 
0.7545441613986736
-32.08333878285583 -2.50310484667542 -46.04659165230526 17.863030576767102 46.759417415168386 
76.18184912689712
8.583836051197778 -42.43285914040602 47.59933906605079 41.727277939082015 15.85243266644757 
77.81026701442013
-11.69803753071892 -43.77896448337062 44.769460968627996 -12.639605376344356 20.01066024888044 
70.11602487714353
-35.18897982387372 -13.73278156107061 -10.87712585364661 32.64147004857318 -14.276631546521216 
38.089306379266716
-33.580763764139164 14.643719356716772 -27.99274098847373 14.433892385396135 39.38131914330651 
29.174566883480857
-45.46587867290924 45.80896625744725 -23.277894864401784 48.91460494632054 -42.45337585639594 
71.86926657116017
-22.233528656079717 -1.086317693666686 -4.278043650353581 -41.15504154432875 13.55729976459422 
98.15004362132711
-26.973001060119863 42.27362666996375 -48.573866775001854 -15.94573176115135 32.770224445899345 
9.113422978702701
30.25551684263091 -19.586338401189895 -33.44391242279945 4.89711816020646 19.773504709580948 
10.967283266221283
-11.226691988384971 38.79388650585257 -46.04095587548935 -31.478689979307227 22.7993506235604 
12.277664913392183
-23.999724164529766 22.558993075699135 25.279103100207507 -34.44198625309396 -29.763970364523285 
37.0889680987208
-4.363427363636909 20.011327095128166 -14.875882838161147 24.870252344000605 -20.595790204119126 
44.55739674882804
-29.481747944024363 -15.828289253152086 -23.99479175007835 39.25827861192552 -37.60124603205593 
99.86843200867594
4.299962531185521 10.373479126258424 48.690481638493225 -8.053147331660696 -37.49138216524972 
57.687495302612476
40.91466463910828 -38.61490933406346 43.04740565733687 -42.86720846250874 -41.84038620107462 
65.89443786183892
27.367316104652375 -0.43669942000280315 2.2186347425244577 6.152519012328625 -8.940663660548239 
89.99058569319483
-34.26838366355809 16.92812616400259 -4.708633639162784 -29.323146983931203 -31.219812928516532 
86.89229109050353
27.067595335914575 6.185979889631888 -36.375495538199466 25.929682300788315 -22.147951035522272 
8.825775475495723
-17.866905426335386 -40.59105246882977 17.77363162153803 38.87180095624247 25.945406194753502 
5.1401362013407725
30.930909159793302 -14.455048568876549 15.520038910395996 30.64191549421865 26.240568352388934 
71.9221856904587
20.959867490452595 -4.139247753722032 27.824329975405703 -20.208282876505212 -5.131408984854623 
9.628825518827998
-20.895176300908204 -41.07891579869513 15.48151404473326 16.916954435413487 -34.418247537612835 
19.288481903617495
26.926603965296536 -11.666688640903025 -27.314555243918836 -45.46518012320689 32.710224353590306 
53.33830267841277
-8.696695748655806
-1.293110535441535
-6.803640011170998
-4.346651073738769
47.2273814033929
