constraints 63
variables 6
-37.60405690487747 -19.147704885438642 -8.403966860670579 -11.055849605519882 37.29858506074305 -4.526885691941516 
10.892462743724863
-47.058985509050764 -32.98113539471629 30.036010372222663 31.072134221877192 8.914911645859569 -43.6306706276561 
71.59477551587418
4.439780303219585 -26.997796898905168 -35.043960728949926 -19.8357451060736 -10.062014649547322 21.31511155230936 
0.34470276591459514
20.200937907713865 42.668215505227366 7.267341812884887 -15.383290492660798 -23.801903297441495 -31.308268482237867 
99.74064747684139
-37.993877162606715 49.01718740380639 41.95179300713552 24.505045335330607 -22.48431133204667 11.315480476340646 
62.6781164207012
-44.143829225938156 -15.758007061243909 -27.20678391345992 34.77908464795131 10.609087583030984 30.596836294093904 
18.971794774714702
3.4967389973672667 42.388575964448236 37.694074728607646 -9.172135060171527 -26.00590828739825 20.58176591871397 
51.878057832760284
16.84641221777784 26.563868793699996 5.369756965883596 -2.298080150978862 43.91921249903314 -45.20772339185237 
47.930578261988074
12.620982422456173 39.00337097815486 -20.71904105085488 3.2067548760416145 -33.751454195245486 49.567849644388176 
81.42482630315871
-8.443633943631134 -45.77159433906854 17.594262008595123 9.262954240013968 35.157425151976994 9.610441655718859 
89.26143196956856
-19.43569076981968 25.21104218650261 -6.92735128279115 0.43149706970322654 -2.9204364826860427 46.789746445340384 
57.4150580514453
-3.3313194942724635 -11.715174861126478 -0.39698861089048165 -18.542048749996532 15.760048058122734 22.962582801851937 
55.00289521428216
-16.19111415512232 20.57091552712241 -37.390214987156845 32.22842981671734 7.920015967172155 20.555817053362915 
31.93240335565668
10.188213585870642 16.43925024708929 -38.640737818842275 -1.4195578555804431 -34.99358199676978 45.06584091475193 
43.678722368181425
36.796846871876724 38.10820278572767 43.952962758212095 4.925668548319372 47.798295834189176 -5.203653676744622 
28.15696999621168
10.208659275654753 23.475427084471335 29.07163608109458 17.71493920972486 2.7758383669837983 -30.605491073892598 
56.87534519219339
22.639252361934652 -41.707556205350684 48.10219260583774 -33.0170235468464 -31.550098433526884 -27.807790657178888 
14.379437548188989
16.454119610937852 -36.17771189178636 -15.170139791136073 40.36024656840188 15.844150476508375 -16.48967676742692 
65.27511429550495
20.325425445480207 48.30923445829298 -23.08837068090722 -18.67303683053415 -47.49893117894831 6.286859896358379 
65.4736990017277
30.690235945880488 18.33596947094692 9.609982172451517 10.596913145279608 46.24472301899468 18.501812997420444 
39.71353230016078
-32.22769985883478 16.950484400664607 -20.74562192639776 36.0179448354035 42.399017560145296 -14.82884300908239 
62.81363491649928
2.6250320246118406 28.05851437617956 -8.93957174560277 -48.9349192414862 16.137391358882113 38.97937550884329 
85.145092291981
-26.84577313223907 8.713278143282963 45.008917108379904 -28.64860579038512 -35.55933807075902 24.39463892205285 
29.614567147828385
24.459644862154846 -23.202341800300964 11.296863108595346 -30.729827110429163 -1.664628649628277 8.387795713792997 
67.42446944066214
26.039331106213254 4.2735635446055085 -15.185336763647413 -46.32216695042869 4.249932110821888 -7.59417173544341 
52.945160400064985
-25.958216883026086 46.86110627060569 13.358571889267282 -6.283508903177058 49.99770914294331 37.45579883184777 
22.213599266699013
-29.11350358414403 -16.123444736705764 29.74922788852801 -37.68919259644193 -41.0445646544469 14.17093266574247 
98.08552949485214
-17.454082630667756 35.38191553668999 14.750268762657768 39.60189768770077 48.5545001595645 -20.264806933894587 
29.473803461192638
11.57157793603281 5.53677484152216 -4.429429132693954 13.871905495811454 5.894091294369275 38.46602409885428 
9.584161600452779
26.367071329232047 46.78311589152126 -45.96332217324075 -43.00214884060741 22.931666862895227 47.40946676860061 
27.946417495699936
-17.85522141190605 -38.86969851750514 -23.411362294568182 -29.030021906003178 18.87018740474845 12.170501513548537 
17.55944722548446
17.77052752655503 -33.36791418236044 12.886105778791077 -2.5177103873363365 -16.492137449864508 45.080610679530054 
13.503605198435997
-21.50740872094461 -34.959114907678135 -7.585422923361648 41.59243314154894 -21.02294161883608 -14.114860370688056 
20.95819611742451
-42.22401051762722 37.197356477586524 -2.925556765431679 7.170500826534884 -25.419039039631773 38.4678993365917 
99.68896055676232
22.69450442026016 46.228267095707295 1.801407465033087 -0.9496960813160982 -41.92727070246539 14.219784608438928 
12.268003374142522
-14.552418924994413 -48.599849431512176 11.250745448735621 41.27058074279873 11.74654342833309 10.455302990448757 
34.27848337681883
-31.47875948783617 4.347296414711046 8.744619335683069 46.504012593650074 -43.28937278077779 0.6942991421570426 
93.4148076288362
7.573705573085697 32.69398480772719 -46.09431435462449 16.132462484909013 11.484060220138538 -2.525129502010415 
33.07719142923673
36.79967690229584 32.47340696371239 21.349382775704058 26.42926764079401 4.369006936844734 40.610142125240316 
30.28089538734722
-26.29574986020873 -10.959436111876677 -49.162157160628794 4.9072410742462935 -35.916289990144165 25.768666319209572 
61.91345372176811
44.539387444984854 36.38443358372746 30.274900569217806 -25.024542431729714 45.092611244437464 9.404710363985402 
15.65903659639446
5.404760245386299 2.0982685878450553 -47.96908382096308 20.218780139814 -33.80820349635526 -22.223754968157895 
25.077687546469264
5.233831680985524 6.199118084242109 -35.394766064491414 39.82319466469595 45.23926885093785 32.509555053240604 
86.9100003128931
31.814376117956527 12.70785239207813 32.47578336362683 -43.30818072980694 -7.244781882671525 -45.91971716778019 
88.13790095278547
-9.739654923187743 38.15449227075487 -35.27292777078491 -6.648526183752544 48.182128868930235 13.897608802622905 
46.69516122887928
-7.730823644354857 -17.35689569394473 -38.97944968989417 24.986962546331043 6.745060934250681 -36.47064467386646 
14.70212173129254
-44.360953496401414 9.781137387343783 7.362517484764119 -39.14599690953169 32.01221286516905 32.31186364898592 
1.6831905747407339
-38.32352671949462 -15.525787072144901 -38.57718680976878 -48.44220744358888 40.16078330981958 -26.94905567436492 
49.5256332006364
24.591282820943135 -17.242349757271846 -7.358555573325646 -43.937842246806234 -13.83975135296653 -20.705592125868154 
96.03654742564055
35.98636691609218 -2.4621472432104454 -30.28817108214772 41.25062142782508 22.573569846169974 -3.8358210139952433 
58.30474980218218
36.57028600632415 26.0320964365487 -10.477423172981695 37.88903572711423 39.243611173895914 -16.05654937092271 
21.914552417773713
-11.319383213946523 -38.12224681333845 -45.26726776614976 -33.11709469635575 29.66066480857485 -45.61741237933779 
91.17188692089795
7.114705053084556 3.8142371521944582 -41.30764675914941 17.344121132932784 38.362883456576625 -27.132016672387916 
28.51694020023392
9.548615542427122 -25.7429020152 -17.984181584571843 17.018900337887075 -0.6995573621888838 34.831660710130336 
80.60974666771406
11.58185212385132 -25.118624655117095 -26.819672365430336 0.9062545838610419 -13.26953582170659 -43.176943179960716 
81.85475234841593
-46.302945019914596 -46.21829771258685 -37.74522373915066 -26.544537579708873 47.016154112604866 8.951610816885434 
3.223910940637653
-1.6787561251225256 -27.896433448169333 20.41139604151968 34.8978031656229 -3.6951501577031323 29.4192698796695 
99.18111431730172
30.981697285627945 -20.67001305725571 -13.260801273829927 18.768785594638288 -34.26189003753464 6.756529518033069 
21.228503826997237
34.107332975722 24.66878668472519 46.53800303869777 47.87543257950952 -48.388763117600305 49.22117474117627 
61.73735975531902
27.782560934474134 19.06930415281552 44.80715776047592 -25.825877770164418 31.550373695503495 36.60956253121941 
95.9725064412165
-15.192012021453714 5.351422934714655 38.116737295242714 -12.268611154299037 23.92105900013142 -49.71834232621512 
6.252353162336599
-22.11904177742342 -36.75719536459685 -20.811278348138295 13.622003144176475 -48.463136673867226 46.86902028675584 
9.415338557397101
-22.346108353264103 16.181344681144324 -11.842033059942025 34.759186097488524 27.397244322928287 -36.808714106514 
85.74395759043118
-38.84967050763484
-20.446661811330426
1.406679934188105
19.20635273813386
23.32787962278941
5.7921686372233125
