constraints 63
variables 6
-29.003625539554378 48.00559679214457 -8.780572194244264 1.6466675107710813 -42.80349748510186 -12.67426618516069 
71.3379474529457
39.41048225271152 -4.178111885003574 13.53095214291774 -11.18518333086741 -15.445502857197745 -29.952730185367937 
97.75683895643834
0.881322055732312 12.557431113665999 45.06015565638931 -14.120418557332215 -23.591812089232846 -49.39764776679627 
52.935108835292986
32.30502101400299 37.48329775773436 25.991894728598837 12.952439068153552 -7.036180985089672 -14.742651139904353 
38.523313733991536
4.856930431560279 3.626604394838509 3.5784992827504354 -9.396734488215571 18.50944350508918 45.14130243326933 
60.20670207428661
-32.81697903813642 -25.033861991907603 -36.69193391192792 -32.70712410124954 -43.47943527948405 -48.77286780559952 
17.845593768279578
-29.672340701662336 42.326833681828276 43.72850103802001 32.26580489280836 -42.091049383513 -21.970852255780173 
24.108431930045114
-45.53781319683652 23.44703057641928 -25.314388041966296 24.860500583413568 -33.56960751719939 -35.67941498351519 
45.51011674188486
-7.806005693877168 0.7779728375074484 -25.983560985520104 2.018287066693482 8.753262975981478 31.54332397853156 
18.430375955797217
39.480560464786535 19.805100721618118 7.332349829002446 38.77596405850082 32.66930922168372 -6.914779459473898 
35.894475314874164
40.442782897053604 -13.187248095171 4.701854695636968 -39.0019562331161 -40.33493993687493 -46.78087768909277 
21.326623715052683
44.82834393481296 48.00615501030859 24.210422860426846 -7.640222907399732 32.1198054205514 -21.566043259661217 
17.805773000683267
24.838999491632407 25.847221237809677 -43.84325736588589 -0.9797546848087961 38.56794407124387 48.53907743403583 
62.408575596942306
11.69579025015576 -10.727251667801497 -1.8605976294419548 20.017854050686566 -37.54335308301879 3.551782611829694 
82.83279267461995
-4.137815403291121 6.6824686700104365 -9.034085866326294 -14.639414485998323 -2.792758583468256 35.31807629648182 
35.823628417689
14.094398061222165 -23.55317260885772 -49.110352190931735 -25.95266942752128 -4.5034419412784885 31.905884999038634 
1.2728402974629072
-21.03576817398186 -49.414768746763194 -18.862279702533048 -39.440845669341755 -36.05276720794149 -23.364692333536585 
37.54126477581144
-42.207328673810174 -40.461748296003634 24.584410735607705 -8.856304163928627 6.399996927162896 38.018459532379694 
72.47669062764116
30.038272901031064 -20.18790004651726 39.34694904217842 -4.234701119454634 -9.763157952387424 12.077465288420143 
48.97137564322935
-23.5922380150271 -11.409141669209866 -23.808208278046926 40.221126926753854 24.426739499857646 -24.04553814945548 
57.42023563836195
-28.17435619444155 7.971922929886077 45.90756530733124 44.063967250339445 -25.442493004057987 0.9071331935942126 
98.12646217120069
-46.07636956971677 -29.91803279293809 -39.44004209564771 34.88407115023551 -48.86197639072131 39.80162407984366 
92.50949910985302
14.181314243529215 -14.872860069472303 1.8169342314125458 -5.848833166322805 43.65584258618213 1.0444827659567437 
10.080385170592487
44.265666142661146 -24.316308914679286 29.444328694068105 11.404053379728119 -28.067365624473638 -44.01594146636519 
11.79540667865826
33.187406459624 -5.132322637273134 -14.443051865057413 8.023275639961092 -22.435813775330928 -35.3751948971327 
28.927885046463597
12.439378761628362 -33.87573211661733 -5.905426195224393 -9.556495373353243 25.21564614323789 13.448401795694878 
21.34150708894672
34.75628535058671 -12.010806463560861 7.40078624829772 33.06265854260168 -2.343677764155352 -5.767469304891868 
89.45645200023787
-19.187521181900046 19.052430561072953 27.70038920800303 9.297459042335433 23.62736172700687 31.174555708751768 
15.565180585534389
24.49396374995449 21.796623101840154 -48.03613057312632 -43.22128493746389 -21.70680882017072 -11.735135112771559 
16.13652506913804
-49.251237505932124 16.371473636064692 -23.485986133239965 -25.448416959672315 -43.405306987471015 -3.138582701181427 
96.76156121260213
-43.71688533603327 -40.952744262519715 7.048434350552036 -44.075146583338544 -32.808967060282114 3.483382322363802 
74.83777432590645
-38.96047870906657 -6.195238693355023 -10.362401586137082 3.4253268928743594 -39.31653063461932 -8.02166326233823 
31.20747182190644
13.562422771764538 24.446061136890492 -33.95489376771168 46.87126803154716 -0.6130361994685316 -23.40451150697791 
36.09469833006613
-2.8381786923007155 -8.999854604736782 6.835546969163211 -1.4855231509870919 -28.808675368578886 -30.19982071704105 
28.4063102496805
-41.9177813772106 -42.602398974000586 1.0413701281286691 -8.228437373034211 -1.3336949628462875 3.283154890118581 
82.16895945959809
40.74899257244904 -36.015800325361184 -19.455885570556863 5.187210880376725 -32.8224311307786 39.889601041765246 
74.03692807631998
46.65017505399801 -19.920293732594462 -34.696922120399336 -44.29353274231556 -20.178321666168774 -44.23583817944544 
0.17063366872833718
37.89999117177058 -49.866952024103405 -23.571152474425705 -4.270885266850009 -25.582817710108507 -32.725835970268356 
46.56107545364875
-5.123088757096518 -7.802749462899797 45.08543889227211 48.79595364868551 -11.407034840681305 -8.280100277350797 
13.875337191750658
13.882046547966375 -31.883398627332483 49.99770857446342 -11.12986435191408 -16.983451938425986 41.99523182680113 
46.46327965748692
-46.79042080288978 35.05066391758851 32.12652793769939 -40.8947279425162 -45.7657889887431 35.929021689078596 
73.5661723694335
-4.116763034175207 17.767067569968447 43.21532854380983 -30.85815316349294 -15.2480612592977 -43.32538604363143 
14.669707321664038
41.808632921597464 44.5516287408481 -12.80135292424692 -23.41854986946291 35.20053518527091 -1.428480102793408 
19.383108410191106
-45.075772029404995 35.97737562894251 -27.230480611303353 6.376612456600753 10.389005973068024 30.335829032108336 
91.43198677018997
-28.52632624537047 46.963294463335444 -38.55209441752625 -5.5168392951861165 31.46451877989402 -17.036422027455536 
74.60971969141914
2.704599332174709 0.19551006744427468 -16.708965974939318 -27.47208508249002 -0.19920663860866483 -12.800847864305673 
2.1690227439208454
4.440634076661297 -16.452081996364484 2.834755690832992 26.73399603969152 29.664487523519654 -37.81159806365325 
93.58778783093331
-6.410145858103192 28.678442663829657 36.784845548887006 9.00805936316187 22.798969635459827 -16.999817148602617 
65.42255896703556
-4.7761542806388775 -23.228506102286474 8.879897367187297 0.9507886250999888 -30.94888177077465 5.127700428828128 
59.2311146970408
-19.62153442778156 -48.57590708808601 -19.15347442938358 -46.762368216349024 -28.90888325030896 29.205306827987442 
17.876682049965986
3.7201620742417276 46.73132934089078 -29.609506179255284 35.87502480543972 38.6158640853417 -26.1140179150822 
89.30553892056375
-46.149895431800644 -45.1815756695389 39.64918628643878 -4.400154884408472 1.227165920166449 0.14589701874066208 
89.68069196102782
13.672459690249262 32.21410638337123 -47.65193567597574 26.555317250482886 -22.375670926658444 17.336162168700113 
2.834569446064694
-11.000316619309714 -9.087872686313524 -35.37954732027679 7.1996480910156535 44.03836033946672 -10.413919568845031 
42.149697234392434
-15.36122450601465 -23.877692927722403 -36.6737297408921 -16.432239068796015 -16.00288784557734 49.98825413213312 
19.448932261502605
8.607977570194755 -14.540850134048846 -42.701531900448146 -28.3637199441944 31.828398789988796 -26.216527880786032 
81.03613484762907
47.350432254192924 -35.523483797679724 1.5061016934044602 -23.81768803112805 -14.275955482786642 36.769178572406105 
8.680432763166369
20.37632146732294 41.17727331705726 -19.138226112005942 29.491260464423746 -15.937967701259403 17.09275061437367 
68.39398783015844
45.474973779048554 6.048494863740828 28.587248506820657 40.73778538051336 -9.90250222136887 37.46395695531024 
83.7507791185104
-45.063553306578676 -29.91391446592131 34.758220575924426 28.680873456769476 43.811907868066285 45.180641366018435 
90.70902373639626
-26.778164144301307 -45.169232018448135 -0.1352687625615232 41.313904148281594 -48.47420400150254 -10.942202267152453 
98.15599370952519
25.999783881164745 -25.615588855027383 8.888884690959053 -14.319787883065061 -41.241643760619155 -1.2629018536193044 
71.24375046174498
42.02279927617012 -11.383975628524354 -26.15628401184784 21.512026071273667 40.74601870111486 -10.726959228458753 
73.3166391993274
-5.254818298202281
-19.688284101819985
9.465862388448222
-16.657995933816437
12.680981107287323
6.929156738415898
