constraints 63
variables 6
1.2868820390750457 -20.961194719306086 33.379395038532195 -35.32642249323901 -47.624146648055785 -23.216857679535618 
45.527628620139104
9.153738029459213 43.99647614328657 -25.504716623641222 -7.825565888929184 -16.039305247899605 -24.14868405956233 
27.366999963703865
17.534308509884013 35.675824826247606 39.88054076525469 36.400414799011216 -24.783526573506055 -47.706678764708066 
14.882247140408067
-44.64100911562342 46.361522148083694 41.16714848671714 -11.142261786085726 -15.33336541557113 -25.512303723422704 
88.07875097456481
-31.77214839220034 -23.340196899940903 -43.87546405650611 39.652725438288854 9.335974241784854 34.8983297877151 
47.89368410978637
17.46088248849192 -0.45204614300005375 -10.833592620848876 37.90367765283982 28.89346800871209 22.778598588344465 
17.346018371241346
32.15757814644567 -12.760470375077219 -32.58098490968651 15.52079353697296 -24.87068227505039 -8.593275651512322 
23.408559161098776
38.46917426512857 -42.25331000778523 44.32419196782237 19.58969927655899 -5.868588806922418 -34.274091287766325 
58.310281504671956
22.503628899701695 -22.31417876878409 -13.465262987227746 -44.449648333257755 3.4290227737915373 -26.4545577226612 
74.21817376205675
-27.68200595551672 -18.264211021773757 36.887015553761515 17.902766846428605 -33.31355115720264 -30.47970945319739 
40.25003592513726
22.00258027656203 11.215145865366104 -24.992028417497636 -14.705651616537573 33.98196246378859 24.459664255693866 
20.3538912723609
-15.019396008058415 48.987217320642486 -41.85833189814254 43.24119897896257 -32.761410006787216 -20.258620514802995 
60.4286114667914
31.07208956279524 37.61434135521934 4.80321957214106 30.01135727375545 31.565324347086616 -34.562399933335556 
48.623813870611
10.531085809196597 -5.78103416802108 25.72706997903279 -47.20917266328919 0.3951800780900925 23.366429718337272 
87.35163894399645
19.432873299316455 -30.865001523096545 -34.55141384503766 36.89153291129337 -5.036752971899816 -21.80315452275934 
60.64406339687878
17.194179359041527 15.174385534080429 1.4205812041582107 12.144563821184086 -10.204727793241567 -48.84857824713781 
78.4487118592485
15.13140126223422 1.1763841395563404 -20.444698721281853 -37.07796321427767 -8.095881970692808 44.25621471057026 
0.5328220110144555
-3.443808703781805 -0.36851770832313235 -41.43667369201606 -8.156828075456012 0.056745496127000195 12.83975640588205 
55.21407957885306
-31.25260330097105 22.318773066094124 34.02262430919549 36.12012525013374 -34.2106365800247 30.470112506567702 
2.651711382798483
-49.22424245179986 -31.196179496289023 -44.944234866229806 5.3861635933062 48.52607762430165 3.319099324745814 
77.02424905897686
-11.575737668865095 39.39274975353496 28.97913987538486 6.164912264665013 -13.290373414275066 -27.66504853715063 
48.691486087358435
4.2585568497036235 14.09903697852232 -23.751180168531704 -34.08505452669276 0.44199170189428116 3.6184691375343334 
36.05953778498452
-36.16736031573359 31.15037038437805 47.578470946288746 43.93598361648043 -13.886781279732752 12.48953092406937 
13.589510161310992
23.95859315503195 -29.454989219941584 19.003763264233783 -45.587505653414354 27.49694620862502 24.034946831681637 
49.54274468956393
37.09916457846613 36.10430103255075 30.29608342649054 -41.705330559824446 40.021602669078575 -11.087879594161954 
0.0046561913183640335
-32.95914548927129 5.159632977646012 -27.691613906355062 -42.7104786371586 3.300414218995371 -12.590569183706549 
21.109342985071468
-43.87602442470789 28.27186764732889 12.696149148155143 32.48497584220999 -14.478081691018517 28.341794882152698 
92.31796442040074
36.57444443201851 -46.602648470683114 44.41899887925173 -7.781586153015915 -48.97162576215636 35.528280702871456 
54.46584816983142
-27.221521756735257 -29.35925982512385 38.27306241858818 -43.66319753799581 47.239343530553086 7.783839423988823 
1.519332963713238
-29.60260393808426 -44.988630679847134 4.535632449524719 11.80261843755104 44.385181878828746 9.894261664695478 
33.18951761705008
-45.38618379922206 -3.4124623440223374 -37.37199629380339 38.26239606697652 -40.378278333925635 -22.350626149778297 
62.21366059893373
0.16762896534176974 -17.13113923662025 -33.81282515137186 -38.912348646258664 -31.604690356674947 25.955853342720687 
88.87405111788239
35.502634051424096 20.34305073308701 13.81160578719387 21.773715033408706 34.362713661353766 -49.133774320385584 
89.85367510761849
36.439663560676934 27.28014320835163 -12.832565403481546 -9.82486653359912 -48.34093391127645 -4.2346929532468565 
3.820738816686331
-23.148683398967318 39.709133102381244 0.23121275886085613 33.52694007736528 -5.458097617273808 14.607082515208447 
9.888349714964551
-19.37795509263365 -35.72929288712391 -0.9269608948779577 -47.37480322749569 -3.588248551842156 43.597758796728144 
76.78852211668176
-22.385714245524124 -31.919360944824327 -36.64493982289753 37.02141939403518 -25.34678106406708 6.225486211665995 
47.699676704790484
-40.19830183889387 -38.855457676309214 -10.012042072082863 -13.555355780692004 21.57029156956375 30.137957603190685 
93.31261853047776
6.460342075017877 23.586940804944533 -48.99711986250836 21.032118220612347 32.39595783723624 -41.62893628865927 
78.06883174756386
-20.717957154630827 36.05270002799364 33.06294915426881 1.9657501525394494 41.17384540026728 48.44744952803653 
12.830899642001325
23.415790306843675 45.70491074422684 48.93761092297852 -17.68677700313156 -10.127248158925852 -14.439262098579 
1.7348758550545518
-1.4277809692592385 11.674755794546357 -2.235143365580491 31.71772144952311 -24.849343676224088 -33.729629228106646 
20.057995922683624
-31.340539035195334 -6.440576418005087 6.597904552381863 -34.561258444910415 -8.179321941379122 -14.11157122466603 
62.84207822228557
47.47370858421198 -24.688043337690303 -29.77901436936621 15.561887415637386 9.786043348248185 -31.28519105005787 
99.1453210886467
-27.422064478132334 -25.443134895826002 47.155735408076964 -49.10497757345815 -47.97290506432931 26.925002408576745 
80.3604175954953
2.513586956249526 -40.363168699356045 -5.153808050210927 -48.82795698795556 24.926488704684957 49.54113575123057 
17.27367879796724
-49.400219511357065 30.917482785923994 -25.145542165608237 -32.55206382754632 38.670530721779 -11.255904822681217 
16.739613626347982
-37.36599166197973 -11.811010136355307 -13.50938466135927 -21.149822243509263 -3.179256178802767 21.968207636363672 
45.24509374007684
-2.2026513502846115 -21.30298429829289 13.17478548366099 -17.199799461082463 -0.3141163959894868 43.64573203729381 
93.13990855633979
-26.183953285652084 27.783161640910436 35.54728925375039 -48.68054261719734 -12.753632642455614 -22.970003748232436 
71.85988658793939
-31.95656913287176 7.317718682507078 -2.6286409372571953 -36.25515786668304 42.27699271742465 -39.53533809921919 
19.779692036178666
11.930936340942253 -36.177542827020794 -22.63782081885478 -33.636993062299915 -11.437502143809866 32.22355233753966 
66.55980588476514
-20.905466320113554 45.45178204909813 43.090376300681214 14.210298767287313 -9.529823483686961 -40.043071344694766 
96.64542117628501
2.9989264690603505 -36.20540890630609 41.13264659241682 -17.001851552656376 12.617708096292645 -49.18377290138377 
20.85143491792558
13.987563516860668 23.992297471972293 -49.92381828175828 -2.73094689586393 -47.610682594271715 -0.04262802095333029 
50.6052916201891
31.30864385723298 35.8658788060975 -43.8102201156987 -37.50162614856396 -29.23624880996787 5.245314896386411 
17.94690840684079
18.414077342611122 -8.828787948680649 24.54633303249946 30.521041192239807 28.1933639976089 -2.219271785657341 
73.62417260606355
4.308763533356242 -17.440899678841504 28.748666028928156 -46.60596622922937 -20.992280180606905 31.253859018431967 
86.10942809698598
18.2957519438999 -14.308626652793436 5.992486106143467 48.128530354983596 -9.00459024543271 -29.624383566189515 
69.25057337650779
34.31729149859237 20.27666597447552 18.179434200325673 -3.8205349635214247 -47.31017848409864 14.656615978608514 
33.29507023436488
-11.16700465154107 -42.23123259482055 21.467944679640766 36.721413670714114 29.410671485067184 -12.602910904784196 
73.9812842136921
-8.922355569322306 2.366516852220215 26.588882421839543 47.598630674169044 -0.19757682022763134 -45.99760595894612 
17.453066893298185
0.2307347203430723 -43.34278876935632 12.559069589483173 45.64953194337373 -28.32158461324168 40.69056968663081 
11.83788226324588
-33.79223646717193
-11.451767381937827
17.867594260668866
45.14885095775773
-13.637828885942035
-18.213386291057944
