constraints 63
variables 6
-35.8258583027432 26.300264076135733 29.989983950086042 48.3822574298498 32.47832696726263 3.8255046882605868 
51.579817526464666
-20.318244277848795 24.531665010447597 33.83167996074502 -8.617889107123148 -23.234059307590638 44.46876169253194 
88.95826651736563
27.492117952756544 31.344116969495047 7.786944908707397 -0.15316558297466543 32.13605218310049 42.375717610008806 
67.0034504594123
-24.69261660075808 8.718432262278078 -8.982920657689796 38.563542025977455 -43.77459765064564 47.864833334487315 
88.25698904158581
45.32147933076345 -28.92844145993475 -45.473974557465745 -48.76229685295223 5.8107379665583565 -15.198214214863526 
10.416628595146104
45.99643131914753 34.03947217438048 -2.5137900757460443 13.89335255481111 6.7255395635443165 -38.308329950327206 
4.181250728369368
32.834958483649245 4.638034864827645 -41.61592122248074 23.359924337377507 -34.831875904022596 -6.861856761121842 
55.02342536067376
-12.358772853013775 26.390400525998842 0.23511715847788395 20.328003071466625 17.610178353189994 -26.22653309875158 
24.001632188766198
-48.77770917344246 -32.8040156818468 32.88698914263925 -37.633534996364304 -35.917280803753336 37.37646269931125 
63.66531649020667
24.64442182840162 15.707246137376302 3.9027346858065783 40.44638265954687 -21.0552996825224 40.401027978432 
44.28891102581963
-26.75585714176717 -13.037735202490865 -37.28517156907375 29.487321085138447 15.972930924253362 -34.3549987042 
84.14252928152015
16.470582157266293 -8.575841718371244 -6.157295224933556 -3.5215019693843317 -10.632381280588156 12.502795261580872 
1.2823305481076686
-5.444837943214317 48.8514990875491 -5.436885646008008 -12.922921816356983 -3.274345729543839 42.15275235457587 
84.64020731128781
-34.534738924341625 32.725941943306225 -40.62740545678605 29.955813725324234 -22.41180194416326 25.445361406682167 
45.696287684209466
20.284026678042423 39.85453306109237 -24.345992733119648 43.657653708634896 16.594486229742273 21.80183980665656 
6.879996979876923
34.78148168404587 21.847698092025823 -40.6455132682665 -8.60089447829089 45.731428525556495 -41.10088163457115 
62.99013263695103
7.693864000658579 20.516754633896 -4.824259556566638 24.56546328699757 24.75864981101094 37.361991063650294 
44.12087910716982
11.415020270156717 -30.728040793763046 -33.4805157275576 29.35990787725342 11.82534671914268 7.926449763293476 
73.60548770858144
-30.87821906599528 -37.90012238886938 -30.898029201608747 21.966258685690065 -24.341894607297633 42.168303500068504 
85.58627694783243
-32.86856755524661 -32.766330866552906 -25.94255371571723 13.19267034303094 16.58770255064843 -41.280746477066984 
45.52891606019909
18.893355149977992 48.90660635685286 30.89969987148575 -40.19783106574934 -13.518203171193797 47.68602004055383 
28.31714207108621
31.519779698143083 -42.2030756460322 7.815750056137006 -49.19860810581563 -41.02489612721716 13.18656403731736 
64.25335485710335
34.796480144289646 3.110734260250105 -3.8430215203778744 26.797148193081483 17.174417565496952 -5.09052165160999 
54.04993914127978
28.26911442129972 36.43420257824117 -25.462194555836547 49.10833838658681 -41.92878695888107 -45.983766246663826 
87.96506872795318
42.43577078407138 -41.74562566540256 -28.080798003980245 -20.229973679570158 17.125156467209777 5.0402341133702535 
31.88868176066699
-25.540509546236724 -13.774057875832703 -14.838524875778937 -43.84642136874204 -17.137758506585243 26.238974853639235 
53.43737322994955
-19.981320089537824 5.024543596872512 -12.527357255891502 -24.323027167112787 -17.421434016552006 26.522016066809954 
8.863484969235547
-30.69692427696421 43.4001491571634 21.215722947263743 -43.241113521265476 3.0160159787243614 40.228220710225045 
30.218791323058902
-35.320890295173136 6.3669719818854915 -44.39973223366369 34.20303622654414 24.220411530636937 -29.71366794769438 
28.71403854969037
24.163393635767818 -33.96950887015079 -9.586548799149632 22.97320810114985 -45.62875244069205 -25.81790783726241 
66.4998878809498
29.343595853488395 30.48602436832438 -2.709909299421753 -26.791025172948267 40.98446422335577 45.657657751378196 
5.36195437752286
10.310412242612479 15.576333075159027 27.94088570656605 42.64093495660303 -26.43069811497917 -11.6510908087049 
53.455567568336285
-6.404032658852458 -38.44515270530342 11.01966249592391 -38.534493151215074 -38.268297508121684 48.144722732221254 
19.68568405708515
29.911540777955963 -40.96330523369953 5.6768926131881585 28.168435321099224 -17.07703501101193 17.657244051092505 
9.501441385265863
-47.60693882919591 5.4445885630345 -35.221037634173335 41.110761306569 46.09097650632596 34.35507222222313 
96.71765777693962
-15.922778402803871 -31.553581188444625 -19.68460271635606 -1.1343662133632932 24.70323972928034 10.264769385468028 
60.0746773593461
34.40906882850328 27.589418199184678 -23.17759059647354 35.07373833163079 16.626657841420453 -44.747763430643886 
12.764917248040675
8.92521412974412 -12.900784720226667 40.47354539487385 7.252499315117092 -16.28782315901953 45.304487643334625 
50.239886757968335
-13.991493593671287 13.035594840500288 13.840966421703115 -49.069531497017685 31.008960264077643 18.354194900074987 
27.918981562059166
45.838368408354725 -31.74196708221375 -45.60139742280314 -42.223076194397855 -41.83962990866552 29.42647170028117 
69.30487806695699
-41.6750292020475 -24.73344737889065 24.08695268282591 -44.399106319169114 41.58819911377553 -46.638385004094204 
5.862429835288873
-20.707743753287534 -15.5844643075827 5.575609345577867 28.01053272980849 -43.96727143169004 16.44049609840495 
11.072625679961446
11.79911747492649 15.727463378304307 -18.575804312225575 37.941680938699236 44.485110345999075 -40.0944327820819 
78.88066890567902
18.434896152171987 -17.209179361723827 -30.18818630450788 22.279067720743683 1.543781628764485 -37.52112099328642 
17.40566154332238
45.1367938741423 34.95528793627982 4.959073686449756 16.318913560628317 -3.0378102328095693 -3.894996021946149 
17.817333838453887
-24.68826000068278 -2.725024446955082 0.3457012934712793 -42.2608967016712 32.87997294613346 -42.17294536351818 
13.175197257345406
11.506511214474891 -41.595049829510344 40.665944146229776 33.018277856015445 3.580610548327698 2.600391604015215 
42.827554458402126
41.23322341317257 -42.76288128926336 -32.00086245033297 37.21459583693934 -13.185759460688807 20.30605157539071 
98.83578325317598
3.6114115083513028 -15.31309288795046 16.272711627368494 8.919634452969106 3.8055965290144655 -41.45550365647678 
46.82949127822775
25.95554635248618 -9.568766026042738 -48.15116751880003 2.9250219893535956 -18.74135005568701 -9.581816676468321 
13.920142929677592
-12.06081617952249 14.922102321058802 -29.173667341471067 -8.03391857667578 -31.180426865239742 -1.764609242232396 
27.363274580596563
-25.549018515402643 48.84700280957638 -2.4860626591495247 -15.971588852551513 -13.617943560814417 -0.8453015297840025 
66.4890525193797
6.096010219352912 32.89017601449089 -4.792166045171342 8.020573818430996 -41.95574723305735 23.908508912582946 
29.15710122724098
40.13279263041669 -16.943119955417288 -10.196812341394299 -40.68792681497591 -13.762424396449802 41.36854144824754 
65.48590312550338
-36.06293439650228 -15.103179611641849 20.994511834066856 28.839090635147443 38.15434228604008 -19.41025492115954 
76.27993163096845
-21.789778688197202 9.946449417051703 13.68871049217475 7.223306032345889 -26.717593393484297 -45.91845656790914 
25.210605042412894
15.67349463289392 43.80436609424014 -48.75740377515243 -20.100907355438203 13.268976119063645 -8.536411337027829 
23.723390748093298
39.806304871234076 10.382669286052838 -28.387751523121896 28.76126350588308 39.78081818225982 -14.644816267292548 
93.60627457545748
-44.09145748801446 26.132090825699123 18.94383309040282 -28.80627257656949 5.801730937317515 20.229743781142318 
30.18434326414665
37.689418909988575 24.26943860685546 -40.09056844548594 16.756640311390086 -35.40151155148887 27.92716375731308 
3.2952443430739775
35.46574700282241 -13.097545798266808 -14.760999640671749 2.011952816406314 6.593209745156692 43.397002665448355 
60.4834183396456
13.748595856277603 -10.355864531119565 -13.728406983632269 37.14228917843076 -22.251708895772015 -42.590647463939575 
50.5467110870911
-38.06065514268431 21.03733363069047 -9.71817547397761 -48.964599019752654 41.0862744258599 -1.9299969483647317 
73.41089073278695
-2.50999530100723
43.11237276845881
-10.611416870093237
15.631786383217062
-30.887658221623624
31.26684039199145
