constraints 640
variables 4
30.75740373000852 18.093692071856637 -48.61441504192941 -14.628029627940322 
65.84884897691029
20.331235743121198 -6.168698597166312 -1.887025446184765 10.195410769324077 
68.85862065219857
46.260772857721236 0.5410970590343425 -43.26864148000179 -15.550675299697168 
41.1968659006603
-10.013687347586618 -29.293624843626464 46.54595426067851 -36.57512058002547 
90.63132392639788
13.307959876441366 -34.30284008321725 13.102072251800543 -40.86742250666909 
90.39530390406694
-21.899194421046687 32.06612408715469 -34.56255390429092 -0.971629442985332 
64.35607198869981
46.93447219303147 -28.738446352486758 -11.676441311772365 48.53104813987065 
52.99659703304531
21.756678537789043 23.13994226838946 -9.218698653582848 11.436455431683733 
62.0910020462911
39.197826928553965 -2.9912155431533947 9.082510142321752 -10.02007473029964 
6.453902458843109
32.429384577224596 -15.332169134415622 7.64705986011441 -26.094961852858468 
42.42129111602503
-41.50696881059331 -7.73856671481694 3.4653496979601854 -46.3447009040823 
13.41983853470351
-37.41170034938304 -36.84115160150442 1.262033869391999 -35.716636780640975 
81.40743440813708
40.59264449697076 -46.32997728237365 -29.903808836555434 -1.805891458663588 
56.52332636830521
-14.247580844762219 38.827664450709904 -45.37558113559533 5.301794335533138 
83.04911290573096
48.07679071864624 -3.3419961785401853 -25.92053532003311 45.08485794780425 
56.61746250721708
-38.73236741442845 45.88148567747746 44.18293617220674 11.579731508222665 
33.326489848564634
-26.99986564009036 37.67781804826478 13.941150102812841 -1.2695363532758464 
16.634375897420718
26.059166559337527 41.03721512894248 3.524103212105757 -13.700899214696705 
97.33343401335212
38.9602346131682 15.61530910682329 28.250258412692332 -1.2317976934087511 
90.00101039495672
-24.39472438946545 -43.98022952579203 -18.81163650023169 30.697915992161526 
16.326563066716048
-11.873248059558072 18.122087594101288 -5.406909738900808 26.873608504678145 
58.129216261230596
12.348459965750337 30.455666211732506 -13.77363584789606 -9.596888471850647 
65.77759964241748
1.5170364042596773 44.00922103776169 41.38318374635949 5.09790803961576 
4.173394369164162
-18.506315623097937 40.472811532350136 -24.745902254274498 -44.35412001530173 
44.64476900999196
27.42765114695854 -14.426543683286383 39.24885350393859 2.8274355922687207 
73.74050638943557
19.236792283023902 13.201972975891948 1.7307792617496602 -5.597400007949624 
95.79436185710819
-15.668112575687601 -2.8658148375051553 -46.61100374345965 8.556014638238771 
21.54453101763315
-22.669093060936273 -8.686406624213703 -6.061334500798509 35.60916986046688 
6.341122055303949
-43.078163106010116 -21.76684275036407 31.580463787655347 47.48775328989227 
5.436813993825762
-11.243566131693953 -1.904963520446593 7.474879143855006 36.24721565191375 
10.983880365729826
33.814119690402194 24.799868601218876 30.023168365277854 21.010592410779978 
25.444055373966357
13.146862593753774 -38.931315496276675 -26.43078028967952 -15.948422005449395 
60.35055780892148
4.5670863671278354 29.83596670628475 -33.199062696777894 -23.41429916211235 
30.34843233876341
-33.61478079899444 9.775104042033533 31.629112645364117 -25.094349949050553 
16.907163094299882
-25.796559013468602 -29.64258143615237 -38.39132073880348 -38.318282291607254 
63.203390974417815
48.08511840404954 45.41366671272287 46.305918533442224 -0.9461319790792118 
82.91401154668783
-7.163173321343706 30.80091176518519 12.053223715950715 -19.0435832820266 
70.56030751957194
42.978518692227325 31.174791546119735 2.1109867735927494 6.760003297199255 
35.826304585913746
-15.981818046392057 49.011398508050235 -41.90704278837906 27.67395963836215 
8.964645268565564
-20.165467482668266 12.254613238942866 -13.9672927350857 -44.01999481253041 
66.846210733426
-18.886128404131032 -48.74658587275407 -45.831226992682474 46.878940174541555 
92.65651671316459
-15.47213995498555 3.968258198440658 -12.622464546171877 -28.684710904660303 
66.26169201287117
9.781606352425165 -27.785117823986273 -44.26252148548577 -34.523649299601146 
4.88389989007495
-4.828465478477206 -9.361380852563087 -1.3487375126758678 34.59554750174246 
35.78919535217562
45.113494662546486 47.296428473497826 6.002406517506131 -17.750385312260185 
53.62331720691892
7.54950606539353 32.91221816121059 8.996768845535506 47.85063171116802 
2.2203347300141063
3.272050025070264 -36.98837940276161 -2.288906265662284 -4.040203942017115 
72.93168808244555
-38.0348043609644 -41.96599531157462 -32.39120428941001 44.42297132975301 
59.917069477680315
23.771060219833856 -39.71295160642907 -27.664698345655857 -8.20722140355565 
31.065502118195663
49.41028289701079 -2.0973261410381667 16.56509981753544 4.111449937377962 
41.57835219740294
-45.42226525100408 -9.119468542719368 -11.544091328877492 43.155675195575625 
3.653549612607676
19.813691959831488 -19.75645595350195 -33.63067926728493 -45.59609901632716 
49.49881113094282
-42.122965358582746 22.878953042447677 46.748078704216326 -12.421157408772366 
47.663408699087014
-9.973221161035099 -23.89365369529336 11.7291777741097 8.239475229719652 
23.35452808623425
19.89731837634396 3.9542890516850875 49.917086434316644 30.47840486468678 
83.0387458396194
28.92213017195725 -35.43836360421383 -33.95813239012668 15.848300838333202 
58.292409564859646
29.214857205006922 5.219976757557568 21.901111375936637 29.811352395335305 
62.39563461498104
4.128001700857595 15.685984978948824 -30.113057746852824 -44.13980332774189 
59.49081274214335
10.31237929240313 -48.574960466764175 26.575725928789637 37.05857009669849 
14.055362675477634
4.898131901171546 -16.240940222318713 -1.4919370465647503 -8.81404622658215 
49.93501372356077
-15.945154453703012 -30.051996579816276 47.31936400677394 -32.839083215734355 
54.27510754427978
-38.349544877368245 -17.57612710276576 35.58417816495371 -4.405072457045414 
68.25950094673718
15.668167307241234 -30.483172144329895 -4.3034941396244335 -48.51785453213054 
25.44518360461321
0.8329733940453679 16.076595599332734 -16.85461304755207 -34.80442747466519 
67.31016716045848
-9.420074626496032 -44.49275266102087 -38.93581058681571 -14.134539748142572 
68.19387271949782
47.838507040018925 20.95800880584713 -39.31086744549265 -41.76263694696828 
73.5457461384396
-13.765836410274488 -49.404368016104115 39.29952098827971 20.485269588001955 
37.03186232670876
-2.6475064055188824 24.63140784289959 -11.378673871051504 20.172167058700936 
97.31461342529072
36.16664217073303 -26.189032356462494 -45.41529649479443 -17.61754636034685 
26.944580648999217
44.25183031576965 33.38060473746002 13.119340029758789 7.43215840869604 
7.007984168791848
-16.02393541338413 26.804308246939783 25.088370337527223 -33.96709937904048 
68.08112008836041
26.26336798822389 -31.512182026145553 -19.76244753084514 1.9033653566200428 
41.51355203630397
17.417596733884537 -9.59452591090885 3.5764831849021377 45.570404470580556 
38.5843103144847
-2.864367754918341 -20.39133742259792 8.211029951802075 32.915714102825106 
38.49773226046791
45.05607431730914 -22.948752765603064 24.914170373012936 35.713597682557335 
33.1617814007184
-16.01323800136923 -2.883311665403724 -2.06785854651568 -10.639410622618719 
86.8646771855012
13.439043745577273 -46.95571166168682 11.83550510291159 -28.806896308385312 
44.029076963994186
0.48821759997142067 46.22162045705949 4.763001329885796 1.2269725441619315 
64.1241184897157
-34.411568685965655 9.247809455672986 -28.67207337937505 -41.48839654370621 
68.49168947175302
-12.837182730977773 30.065317490916428 20.30181135167595 7.671115206706737 
20.007657488415166
-38.91988519787918 47.960132812229034 -30.119599091141648 33.981658680059425 
56.11493065668645
37.664427753468445 13.371124953207477 -36.64672440396397 -36.731227824713976 
0.977468775338719
33.71232205989955 -21.618860128343798 15.371223430634444 0.7712862251875947 
70.91265003299
-15.37424873820391 -35.61760185918214 -4.115035324170471 -8.777790101938564 
43.557198507218246
-30.302259592314172 -7.873598381578347 25.526261622091866 10.555687064941111 
38.33429618082346
-42.51764968416705 -27.09677947330621 -14.28188655412341 -6.802137826004859 
72.7800936001102
-17.295524667616938 -24.674702624665912 1.9779543907646016 -44.4521041666075 
11.423727066080636
-32.60914120498299 -16.309721775451067 -35.54964883402777 11.658719257412073 
33.404211166943554
22.48401038103796 14.428646219331824 -0.371645663095741 -19.80352515001225 
59.053835856763726
8.55460674764474 14.99335982796947 40.79955675889401 -1.1556001272088565 
21.611391423280068
32.13887632426588 -38.76494647736012 23.207405529138185 -47.457466372932856 
5.61237129779234
11.360998542628856 -35.23066065094711 48.16495242104067 34.07059446644742 
22.220961564856868
11.490376724456432 38.92049713545191 -43.12568895171551 29.781308209413908 
35.242741340719505
18.94443849382496 5.379804754315018 35.508935696572934 0.20940916038216528 
47.358275585550324
17.011214099823476 27.933138301557975 44.00171643376633 45.44810004996275 
84.35801415385835
46.15168114007531 -9.882913085446411 -34.73131337003932 -46.172986860824814 
6.1825947576814695
44.20576281240072 -40.78261916939536 -41.21151024914956 -45.87043181798733 
48.588054858476845
-12.749262770638168 20.691142899128707 6.320236787332533 19.561289228886054 
58.67081841694453
-21.719195144587967 35.89309924309825 20.258317004824605 18.78691727719999 
9.842913593188275
-32.24985976664112 -21.83293598088465 7.262400605767404 -3.701029319127926 
49.35872394059457
40.89327392726338 -15.414718858255902 -15.977672112345552 -26.42236437900084 
76.34626362181173
45.85501539497963 -4.601182910349976 -8.501344002883101 -35.74984274926742 
16.9569274862827
2.442911957828109 18.236359287276514 44.7307020445634 -42.80038816831804 
24.19020580514498
2.6653164194996606 36.70047338902734 24.619489590880974 32.12223287549534 
3.2952325149482875
13.86287673660975 45.41069381822308 -0.46026265281635403 -13.2089975879748 
29.378066098834676
-32.682709505103404 -39.41430402877357 -6.913998150811764 11.58148309210143 
68.32878722559377
-47.47044777365296 41.603448916068075 -37.381531113338525 36.648777418847175 
0.959254930570097
-13.208049694151292 29.455978654512933 -14.339516216851976 -28.31212948160715 
67.99786361400295
-17.544888610737843 -31.50815864394595 5.466684147030577 38.638428295698375 
30.53585744156916
10.786707309417608 22.006872589267402 -47.293907396325466 23.938051509062944 
87.41766684003555
28.346981270857498 -17.17418975180727 -4.319751011022852 29.129807988180573 
93.26357030733054
43.403531108890064 21.04084436384781 8.483748325455167 -45.79239613422551 
94.84550415248927
30.733451123318247 -29.029867510275643 -43.840729231770396 10.39439098369158 
97.92116097261679
46.79665485866251 32.82908054552824 45.81964905652876 31.812044590004746 
1.6026659557093703
29.79327516352275 14.015977373829074 1.3007997743780706 -39.76478699675488 
36.4366937968616
31.505116566023673 30.969212702759393 16.724398862979896 38.98643791528811 
71.90257809755342
-41.269298333389614 -24.275282736222604 -19.545187141246856 32.60244318853661 
19.501859751283124
-44.05696211847187 -35.02981674072271 45.24959352223405 22.506610915099117 
24.452774643249555
-26.240476054362873 -11.989677769523297 -28.83379725742389 22.297653392255512 
67.95664537704282
-11.781458953699165 -15.999023024336744 36.417446966601204 39.44517120217486 
37.66627538667431
12.56741754658993 20.681938659091415 -14.894464034879284 -20.376449212855906 
18.17676416639282
-30.301737411886307 -27.879552518347182 16.614124534723302 -37.01100907512367 
3.0606830068682145
32.40334797222714 -18.960014160585857 43.04874858469444 24.840797622930694 
72.74964163005603
6.9389114408996875 -9.072609939709075 33.370060238764964 13.970555271904892 
40.47579550871598
3.857969952822728 19.745358832384085 27.05468211295002 29.20985534246502 
9.597682439965528
9.99240691535038 -32.68758970394392 -14.25375095875686 -33.275078488514325 
75.45047947926544
18.493591862858665 -19.927989730733174 -41.32426962440514 -41.303932857878536 
48.02896735930003
-23.307342490711434 31.54715235072412 -11.798207679783246 41.83099790956125 
97.6272083441541
44.54257438679943 33.93096433146533 -17.500032772794242 -39.61427980269433 
48.90684965143398
-11.803054397160963 8.316284593964454 -38.7550438594737 -13.703353132053984 
41.37050415308868
42.06018458130576 -1.5459005768330698 -49.245918067745585 -39.60284470804311 
8.485058514887967
-42.55612444805919 39.79942951912935 19.590444551926694 -32.81909402856303 
10.678890686673803
29.631278970828816 27.796036295837652 23.59951326436186 18.48432421460015 
47.020189256173865
43.77534077286586 -4.826901069877401 3.9945660029331833 -23.79538615205744 
72.53634391476433
1.7433524150194728 -34.68717357427859 -17.054608075743914 -10.656771161559028 
19.927971877037077
-18.962961313797443 9.867893330925256 -4.7347726954321985 -10.413134479293682 
61.49894438320283
-2.6815319819164287 18.379118910995686 37.210489213558034 -2.6205151887100797 
12.184567655582512
38.11863437315573 35.83778951685703 9.805190142209263 23.4755006759668 
26.76797018110556
-45.97850272297769 -38.403478810663394 -2.0664841580646325 -28.27449209939469 
57.39360914134721
48.03063270100765 -48.457506985615694 14.917747771017417 15.544079943928097 
47.29737881035923
-16.47578612225803 -28.377637618033212 -15.789121156517552 -24.23120460373226 
38.25984691019666
-30.036809173405576 28.18976304385508 11.268705116991882 -12.453094602765269 
84.46889404933198
23.907213096308666 -31.279493784202128 -49.300363463638384 22.340915383320592 
32.260203509680686
36.867599044075845 23.223409756195707 9.455250080160084 -37.888425481435995 
12.20229546387298
-33.85863983268804 -35.3735001936943 2.739975720340958 -3.1944796158235746 
17.52419681655829
45.29155058882763 39.57847319384355 10.490956448466768 25.37173195316494 
95.52412051048972
-18.263908293227228 -45.53630246975784 16.7173342843936 28.1703423075176 
22.081710318587476
-46.35504920266158 -38.325797605668924 -23.100550909077167 21.079872892692364 
97.88064013775693
-36.88503998873058 11.09254551591777 4.103281801638083 -1.5567847873010834 
2.773778901445856
16.746337591126988 38.60680035509159 25.552412795096757 2.782867966504888 
9.947581321482035
12.333083142614989 45.08202966472366 -31.99719686530407 -34.021994725410885 
66.62996351128162
28.1862680488035 8.978881896992384 -33.26175989533324 49.9950140755186 
66.27057759438432
7.953295995540174 41.933296095701394 -3.877251626531553 -14.451719283616391 
81.08558377542607
5.340989406766596 48.015150381842986 -29.63419328313952 8.881505358213502 
66.48864647445075
45.12636963147044 22.545585558634826 3.803080739363317 30.192278349471835 
64.04754485176379
5.187223231178372 9.130274119536509 31.66640186157261 -45.102113040495475 
43.683881850792694
-23.632623123099407 43.291498865810425 -4.626643164821566 -15.847763777024312 
49.83485098843171
30.630086680742252 42.314322473638256 -9.959214682184268 -3.4399642034360767 
29.911231612112456
-3.31112540366135 41.372687301213944 7.177780220120923 -33.04273312042321 
12.04850110938256
-12.104305301608221 9.27470406248603 -11.594617548578036 -31.20191553468906 
97.35319790195697
-21.541518459466282 -19.919373187643497 -42.96774009671286 33.156758618390654 
4.406152375205819
4.505844083516365 9.225406879359397 41.9319313020755 -30.756839808808213 
99.78787211909042
0.7226159105164456 -19.274401137525345 -26.17254252171537 45.498322239571024 
90.76422425022237
-33.89558406790026 -46.13933793461068 -32.32887869797181 9.686560348952064 
82.94039435104365
-37.779062287350605 -25.332084431912406 -41.02317552433268 49.37105757846069 
56.50989225925082
-11.583649274414896 30.020053055580277 46.23797371558767 21.528468924147205 
61.4051132170397
-35.33861869399462 34.24895353672886 25.24444255586647 48.823583307930846 
76.11689900181345
0.17550513340419371 3.786819723253899 -12.637192565506837 22.30160954005308 
94.5886385412655
-3.8999590493195484 -32.551598723572 25.303089149143048 47.95245143132114 
2.1136201364339247
-25.945033433797082 10.514697634771032 29.33638223841777 19.630432228487138 
12.7554129054679
-3.1477655073495328 -7.426620135559524 -25.390421938821927 32.287569497734154 
5.513175819634908
38.382680694659825 47.11735708944903 -47.325672630362135 -31.102243214897918 
7.792272972859626
10.942600032525839 -41.18754041440339 -36.403696326483185 12.1375371198952 
48.720200836530424
23.449228142690373 11.757402949335592 47.97895748953425 -23.620596854049158 
80.59470198860454
-6.313363999809404 -8.526799625645495 -39.169009702368776 -19.328309120390674 
91.18575933765123
16.048279075787548 -6.969727590758225 -27.915895320874775 35.92738746808402 
29.674921421575252
-15.099689260126581 20.38835930904392 20.07036190317939 -16.407363867660138 
93.0725779354055
-4.118479426958885 -12.64381145977599 13.04043578397495 34.99982517461453 
33.17360942718616
-37.91297594730061 -17.641473460604594 3.7186697413800545 -7.809464821265564 
90.67090605912038
21.768718007400835 -43.613034424533424 -20.94206585318642 -34.1699599142996 
61.20769300651187
48.69379362184823 -32.55481820916512 27.103121757591893 -12.221315846328828 
12.337458291327252
-3.797344404226024 32.9328509714302 27.703526101196303 25.98962574637207 
7.504326627000479
-20.58509742779676 31.098444206845826 -38.48870286487269 31.211606904388105 
98.69482217308413
18.463335223868597 46.65908211512583 -34.19670186681128 6.034470186419817 
31.46574539451221
-26.882220508356937 3.970398871685674 28.72973293686698 17.417105619943115 
94.41800722697045
1.8534408536491824 -7.653546400961098 16.780215015346897 2.1452554329230864 
94.90390217408013
-39.84834865800394 -33.886614775717874 -9.18062798188516 20.480191187894633 
20.152256894139995
-24.951974852212533 -28.078813441773633 -32.45743278808023 -9.186247938930961 
85.21290229243651
-24.23439892867365 -12.80970938916959 21.316256555493396 -28.540357779686698 
86.26815188103399
-35.71180338869854 45.1157652829676 -48.689428229969735 -11.875323709728924 
70.05878657742149
6.613394029282674 -22.758772061184686 18.52143547799278 -11.730169525454215 
19.895636844520503
-1.7735272717470139 -43.784396488666324 -16.473570017445503 35.79381603826083 
91.92035827684374
49.673799694740154 9.180310967945616 38.92104853502002 -13.09353698754456 
82.92890191348448
34.49810226113871 19.8801887008989 -34.35330964585103 2.913095759804122 
5.984216887567706
-30.503575931643155 13.07303354837994 35.247737716272184 46.13288025404519 
21.713282079292096
-46.791846242720624 46.81830144542434 -15.61226446322268 29.70101827786135 
96.76702300447913
-27.064713224353998 -40.28360944862056 45.761489207343516 6.383349026773288 
14.479653272707605
31.96114243969768 39.773758987041916 22.920834742931945 26.154015367968924 
90.00606069362902
33.20988292851291 36.270749981276765 10.808448743860552 48.80447783095818 
46.16042495520496
27.103773032520138 -43.217548894060855 34.43988541456862 -46.655563403310516 
52.235318842376365
5.30221068582879 16.647076289839987 -28.2611892753042 -4.419870719896757 
13.19509229858774
-38.400637754878275 7.2470246354632835 9.113201610994203 -17.46925029999187 
44.271539204230926
-29.262510664106458 -26.179389333060787 13.271088048772597 -20.68281588531905 
34.81686253696687
19.315094032683106 47.60884436950542 -47.84717643116626 41.86381405094403 
52.60780527652395
15.397280030866185 7.820344014144439 41.13396429760073 -38.53108941505986 
58.92108341425322
-15.796989273992459 -21.843244103739146 25.87622469119073 12.231276240018097 
58.29925798362174
-16.819708972082857 42.242393762534405 -14.635444082156958 9.512441219673505 
7.080244241811018
39.42761888920073 6.990152871096498 42.293542862614814 32.93415904822153 
42.98627150705111
10.374974794575017 1.9777965069999723 -0.627421830049613 24.662151358223454 
7.030409170147511
-37.714929288152575 -42.14640761696348 7.838606762170407 -19.998125827953285 
60.70777272010483
-49.83239509090996 36.4660584764227 -5.51518909544594 8.888919208212684 
34.764199141858775
-45.0690582145232 17.29850683597232 -40.903034779548676 10.903215948623526 
89.3964503674463
-41.27824599974416 15.032846627534724 38.167227642089614 -32.66311358627627 
0.2920637861036357
35.4586039227687 -24.46714959512677 11.30383183199367 -49.607258476097826 
92.51592189248524
-31.01660706255972 45.40374620682684 25.799839814769683 13.10672460356129 
99.55557637105366
-41.46699124210198 41.833642066144606 1.336936065176495 -35.25185325597181 
77.1078523334974
6.356972372312917 -37.221544340885615 -44.61957135486109 11.84298468842946 
53.58531748853459
27.18318925392687 -42.72603719898642 8.074182418266908 22.52136943530006 
95.28700776323488
-47.45943164677422 -2.8135339879019696 31.799269463781556 17.47033519307479 
18.79530246235429
17.900923036943396 -22.178514320717703 -2.7040070094871993 26.272952548034468 
50.4896348429011
-13.706078170899083 -48.676147121578886 -37.38813093562704 -15.570419783413989 
78.612503812396
48.105718224812094 22.979080045196383 -29.42723590413102 -25.972855776017965 
93.89280442037646
-10.754219152014478 42.60127745116735 -13.893368219415116 30.34206079232544 
86.08248891098415
29.352345002723695 37.75069289169227 10.386490965702237 44.12826874511126 
19.539861745113118
12.843065995212214 -27.561440036969266 -29.201410999531518 -16.534673840578925 
84.61213164753771
40.2246308321934 -22.16843170380973 -47.497564410794816 10.86328882553451 
35.80234343575448
41.332481862957195 -43.543899177221775 14.469900697558131 6.691691823759612 
74.8615769905999
21.33794655690832 23.857319797205108 -15.445479784494111 -20.97960909822153 
35.66685719417576
32.68714771968291 -37.513998874805836 42.02694108148965 2.094465091593648 
50.54652689945986
0.7356537828805543 -45.06970326420726 -47.02806786717259 -42.83006251798085 
46.55424760775235
-27.599820325329127 -26.58423943396455 -8.431365421511238 -17.133037389583592 
95.43745801916592
43.49677186073518 -45.58452845336571 -47.39798738918436 -24.11352487464794 
82.36781587040922
-22.869427182393153 -9.242156700750371 -5.709616390475837 -48.53784872230638 
14.335944019259351
34.67096414733089 -7.584246811424698 1.3358928453415686 47.69474800237377 
74.45035966566292
49.68292367503585 -22.705751257060747 -1.376332871551213 -49.826699320589185 
78.77368419231891
32.632780620601324 -15.035593951692597 -49.80866448081704 -20.151920841846405 
35.141221236285546
22.423056086778786 -34.22588110013758 -14.912785476981568 -7.541140707449877 
65.43367966521157
11.322632622000796 -4.31082143988958 14.936901342255823 4.075155446393374 
26.512292411087437
-38.01971870084482 30.854575983212996 33.76796713896378 36.98029254956512 
83.96401773861281
-31.847768087209737 42.70027479479673 13.55051115020548 14.415296425864426 
19.28600073181588
18.280256111466656 -13.506872332587626 -20.462386082001228 11.375081458722782 
58.3843958866333
40.94508856841182 43.23606855243132 -37.49595340433627 -14.23099080777174 
42.371397475774565
30.21918525052294 -33.14096995142789 -45.265034003988056 16.826166296852634 
90.42774987068547
16.31800278475471 -42.016737119763626 -10.223785603384862 32.698973600424154 
34.181808252919964
-11.428307353542024 19.378965775339083 29.109451689245788 -32.075995304918905 
86.980546943837
45.360266825859966 43.10057180832756 12.153949855656222 6.517980580081286 
13.016651756132003
-35.7248358495998 -39.57095876376143 11.643230288740469 23.370514701344845 
40.664329149211184
15.118325224144826 33.25862835821877 -44.864488451643204 -14.701428874549784 
18.211180687765328
42.61896528191677 -48.09651957302478 48.07748804585029 2.781177899409329 
71.22940384845538
-31.156988810009977 36.21742620268506 -45.24344635998655 -2.0491790847159805 
27.20374048472959
36.96669504136895 -32.28473948212408 -3.495868363498758 32.04937504350676 
44.81307409829258
-30.38618327771654 36.66272685806187 18.896259201453717 22.068465332064562 
99.67574105454702
-39.35507720629966 -41.68666282607688 -23.499214360453667 16.106633438850423 
12.565877641280455
-35.95682031216795 -27.406738999530255 -29.130553558121274 -16.71884901861651 
19.832646185271884
4.046489905517625 46.444863778115845 -4.448290662438339 -37.08427242741347 
44.298804718126824
11.318128710338371 45.18282990975726 -12.030027380696417 -40.87443801110272 
15.875048834403671
32.63706147181888 14.371786669934494 -39.211763841082615 18.456334861018746 
66.59397750609024
-8.295139057846015 -43.26074333030159 -47.48917824206792 -3.972822495815109 
3.7298476518978885
-2.451249971242987 -29.895478342140425 -19.40836105377676 -30.597691087397116 
58.5044636007603
24.4838916221819 -9.537863495753527 -18.970095490285466 -2.753658421050318 
84.95805391932343
36.23616060968796 14.28863647423276 -34.16765327132334 11.056192036116187 
67.1123730831859
-7.428058983643169 -30.207720117439962 -0.2673328526260903 41.27833719357011 
89.02524857179607
-40.988452724641746 9.333847795994721 16.288875967733645 3.6226229526022067 
5.696922075111077
-42.892917007506824 -20.810909644430854 9.770920506486789 -26.788460919114186 
83.22356705045667
36.233728988054835 -24.819150515468625 -43.77347465318924 -26.396649803051986 
10.277255672849162
25.123251208618612 27.42178508548227 -13.727907842952071 -49.74341737170026 
32.69274294705383
-41.121342778372494 -18.45444146315163 -8.338839125951402 -9.670129425904307 
97.34229939747972
15.029332350085667 -30.517291263929934 -10.39326287314072 -38.30818453812324 
14.237536403168406
-24.14044053494353 -37.83995003153123 48.24126596028438 24.575804692513657 
73.47824665609869
13.659379807239262 24.904934874618817 28.500190718144907 22.767594510284468 
14.82736090454938
-31.2047018513528 -37.14499729364892 6.01827475794321 -1.2175223693189778 
53.48234243963991
-16.290923269576474 -15.216615742809715 2.3539512761623698 21.92802383485615 
55.45132436979456
8.26332679886196 30.522186375691106 39.01983132979417 -28.5271696916648 
99.85087232828536
17.767117681622366 -46.33745476257099 -2.5458188892496523 -13.390018123733718 
7.86070972147942
14.547460692020337 15.093104663911845 -47.81542932377283 -25.481221762757023 
76.00348566007092
34.04891277933389 37.4811481559759 9.331196930973995 0.7447092915012661 
32.94662848080433
-14.558208912428604 -39.481538915470516 -35.13584619297598 -13.524864555480065 
26.321681796658027
16.316489859810574 47.083604043383176 -15.069998698320163 28.10803887932599 
90.17044949920869
39.05454597821206 4.993150722771219 43.06493368952904 -18.57768804305874 
46.41545525981321
46.10785581424844 15.861145947430828 4.80569955080459 -38.654273483937864 
5.499017406796137
-18.664118920081417 -45.184424258461654 26.516826342234594 26.705023008063705 
70.67979371450504
-3.100839954957088 27.626273279793764 -28.571038959078454 -36.343544683773864 
56.418382795386165
47.11033770920146 -17.41668878520413 21.46204858452745 8.463123363779978 
85.16637247748274
27.593684213270237 -40.081307754510036 6.848351777243799 5.875975157962067 
35.34353425906394
-24.080467115355873 -20.992793612641446 46.00522504477448 -32.41674455359693 
21.391318736272158
-45.00405538913883 -18.0315191566114 46.19339153688685 28.51285464682627 
93.45563854286002
-13.522659295084807 41.38316404353131 -22.47456760453952 15.129343651686796 
20.55648440651553
12.721873246801174 14.1939110139339 5.412421145426769 -1.1065964943404722 
84.84219716527565
-32.175145567922094 -48.58243585994727 -13.10101701635508 32.72075261251196 
92.72072364063754
36.16502688048551 -13.608720247683394 -2.3672653102840044 -43.95316714873184 
22.76239721418437
43.474794100668106 4.193845027646837 -26.689606693395106 24.81724904258685 
66.9728320159254
1.3441084449536405 -1.0013412047871242 25.829811911466436 -21.319367348128537 
5.694620548396179
14.395810505721045 29.94181796968597 -22.257863787146448 -15.650362986850709 
17.19589035048388
-0.8285446102619858 40.61338753910182 26.132828057925323 8.25176808833612 
58.143430796424546
-4.639244250944195 -34.912022520148 39.64774142317991 26.326858190364348 
4.4522797179398115
38.19071827339991 -14.743937198581477 19.92279482890335 -36.26434145058485 
80.3994001121763
20.035321805712755 0.7969740891035713 26.95647052123398 -15.510475335431565 
47.551257880640186
38.232328429331574 44.95545853255115 30.55761765388749 -3.451699807304955 
90.77970084459317
-33.40619277794954 -29.35318893857316 -33.12732955752807 10.114130888913166 
84.49053531402197
37.63780874856539 -7.354340866540788 -33.442042998764066 22.816259060171802 
34.36531298241239
6.308275946882802 46.81086294218197 6.672726364291549 48.86142769082909 
31.006130814995604
-21.56899200503194 -27.002258129929345 -15.306108853593244 0.7561076348249429 
92.74013822527529
-18.529837459276 41.558475034521905 -42.06603000314797 48.07960852305048 
60.54989571036271
30.60124282644695 -44.1552096880245 48.723082977576624 -21.42708783728804 
61.387790710458646
0.48565671707289226 -38.74439549252392 12.731486065516492 -6.997029118027562 
0.08283481169081286
49.85765013311433 49.80502615588507 -49.543943151378514 -46.416809693873184 
24.686639844230108
-8.332994314188682 19.382650912100743 -49.9976741968778 23.427356277017637 
55.878638258634325
46.97609356409012 19.379571053191185 -24.91344312124195 -42.90983075699507 
95.1475179734436
-26.93740276004829 -22.763977601989605 -21.494280477579185 13.105087962934661 
96.1420960440136
-46.837842593437784 44.327850300553635 -29.140602341263243 8.079579524703476 
43.75918616718629
-16.1168730569982 -27.396620884565394 38.91912437430551 30.506900473293996 
36.0401386197435
49.48150074462116 27.946365745431166 30.50277039933546 -21.43342399857722 
14.95443105721309
39.2558913192301 2.2722134590179763 31.232129140394534 -47.218270698351404 
4.410683294911344
-48.040340219152334 23.74914044406377 47.58660389966296 46.22503038823017 
33.50699197595692
40.05305583744483 11.033071006540126 -40.32511397057314 -6.44518552111272 
48.95993515762037
2.8373647960088206 -23.962577666164854 -27.94403866089674 7.898403398760578 
95.15177350819586
14.584055674663873 -17.030492104186223 31.198569822088757 -18.699453390792687 
32.49898459515137
-34.09251815547133 -2.6693669777211113 35.41385845114898 18.16787904481322 
19.235370082665703
30.52103143280935 38.19729528297145 -14.420971559686656 -2.1185524820221318 
31.334126220564663
-4.109350128372633 -31.69808861091691 34.98880395911375 48.09261690225067 
94.41132046764426
-19.64417514425151 -24.452091002648334 26.419991126527393 48.743905627179856 
8.253838042475492
-7.723553832053533 -2.276495457810867 -21.17091928354755 23.604990800313715 
89.2670128421949
-30.903671517143415 17.521206458463027 8.880381202878475 -12.69772825100943 
56.9026400262041
33.62552152915579 20.2963107951241 -23.759071088012153 -35.780364663465924 
33.59220997059691
-28.759535243615453 -35.49302800777989 -11.65446617121708 -10.864001696319022 
7.264640484861273
-46.53166052009507 8.742896682324542 -25.133610885043133 -40.60974210414482 
15.370238182569175
48.071591351716904 39.9550002375813 -43.679484662980016 -42.50783902121864 
19.376067663518302
-19.06709209264843 -1.8742649584421542 -37.673435050017034 -28.973386287723933 
28.90231841578228
44.066061195990514 -46.16889889678406 -32.325496720649866 13.763227886422115 
45.43836908360517
-46.81479927818434 -49.733907360982066 -29.50274748022984 -39.318129163371026 
53.985663304963836
1.0710166006846151 -41.88291908812282 -25.550420191196686 -33.55510748127747 
0.7149203133827609
-29.418480488748433 -45.049559000961224 2.909260265134293 3.367147030307706 
30.79245172528896
24.589576138323082 -47.10599136727072 23.519136857872567 -26.268552450429727 
87.78180797218317
24.835025283547353 -26.800706467617175 -7.139833615012378 -43.21380607776692 
13.886694624264528
12.00534599472094 -4.899880759032918 -8.492975363173883 -9.65102949722263 
73.99532193455947
-15.976273727511106 -27.57061047600782 41.685690135264124 15.263420830792896 
68.33006163507233
-42.794956725326536 -7.399900466311038 33.93727067991223 -26.754976729930256 
30.876969334256966
-27.737598394569652 0.36812507721562326 -33.82287155973478 47.32871932484349 
95.5381181845868
-0.5541963797246936 44.77652588803632 25.26722364274005 -24.055106593516516 
29.255281345233954
-24.513831852000546 -44.10452717260943 42.069345645378405 20.70199175984098 
13.740606959028367
1.404057673461935 36.30439322654672 -8.731903819427956 -16.840854855587153 
13.50829814809501
35.021478024510046 -27.27791330330969 -9.60339210668922 -20.519734884667727 
42.67095112270224
-42.61071683644979 -45.24369026550531 -40.52729135686717 -21.192195645099353 
90.50090268885343
37.23626466385426 -36.59544293002874 46.66887713112369 -2.825405517703885 
62.37104615916758
28.275253958716434 -5.318490169701384 21.73941272309689 38.048141924162465 
97.497971632139
-41.837424753860795 24.40340901182205 43.419035508750596 -27.310763887603184 
97.47069842578281
25.672207550532093 23.091669880266977 -44.6746894477037 31.003397912571927 
12.461964209507514
-3.0176649539874774 -29.226750614868457 46.68475401761356 21.51043722334549 
69.52144149571818
-29.572809801296007 13.968172370325135 45.47489699609413 -0.6509615905699775 
39.02817240598322
9.88265501981931 15.015849079015766 21.202366886167965 -6.2816400258936085 
17.279964135972183
-3.7993078913966656 45.38909213282744 -1.0217796777829307 -48.806116740591236 
6.72154394149257
-2.9436701836151755 -12.682089577864943 -29.898213670211337 -3.293325962980809 
97.4069336970713
-30.558301897350148 -17.117448206651055 10.315114404592428 32.08095433216853 
39.57698469040124
-30.60619998358024 -7.160828421472743 48.11155858749257 31.75708596381817 
92.84535290112142
34.69973704819621 20.181127185063033 11.069629741516188 -4.475328200689432 
48.504450142958866
29.344643574748844 40.23005847874137 -14.06600806580908 -41.751124253018844 
2.9538818471602335
46.31240023394983 -4.972273030650044 -9.223904767530215 -26.792652151097318 
25.067088474414724
1.9926881396308076 48.77020741034919 -26.43272736244173 -39.02164630085887 
5.892475785946482
11.844401250909442 -42.77357556016559 -39.938763467250006 48.50140590406518 
57.69442656822626
-10.126121714620474 39.37105962252525 25.782177268019097 18.823460241780623 
40.20027174940461
-7.704232484655613 10.71540424069508 42.004488732388594 -34.1004521953074 
51.92422305692996
48.56806203154687 47.43150843553609 20.365516650291156 6.131219513710818 
77.19177318097466
-7.579011563932568 35.848006399560035 27.492596785012537 -30.429189249123446 
30.560214029241116
-27.475194084426246 18.74153907820235 43.59353371783391 21.359254978288263 
59.76196035158783
40.19975211180906 -15.100047751257804 37.74849760696108 -4.223600330834834 
79.4649088723219
-17.338030783044047 -10.826203044355218 -35.018668725814415 45.60837708866087 
85.28177704713718
26.57650827420035 28.48617284064622 -29.76508337662137 43.247786549689025 
22.205737467550268
42.5392191978365 25.978701306854717 -30.233604633735844 21.99541769526708 
62.142706976512976
29.35764457752464 -33.70825866351144 1.1488435105186738 -7.363762463427449 
79.38068402474435
29.704591283057823 -35.39140673292853 10.736038903316079 -4.099644102718571 
80.64534418092093
23.24977729141459 38.333854417683185 12.42558488325811 28.38505360773206 
43.91984614584453
17.30073145836522 -3.0426390651200563 -33.37769760030805 16.858225874346857 
1.607337976311285
21.382538327340924 26.72264636571738 -42.43567644407624 -45.736138159257166 
75.05871523260801
0.17126420984165946 11.842481011790575 -39.10104425681629 21.445780045499205 
80.38832701058816
-37.4622939206361 -0.7614183775704078 -22.012637269130874 -34.43943616300598 
44.38613824059906
34.31203690300137 8.918115997617207 -41.228662742615164 -40.56069009710049 
42.903840246994996
-41.729648551769436 49.465518859583696 -0.31847639866436595 7.586534885748883 
16.076283088271026
-38.83570671161806 -24.255269865898267 10.610940211759015 4.609734369106711 
4.348974527658445
21.035468632812766 -49.00329422602853 43.483821112973146 -19.438188603421956 
89.12366316121702
4.357497134426595 -47.481176218451104 -5.9743439430660885 -11.096931922699326 
44.311521361827566
-20.482924022690476 -9.536727277841571 -43.181490849198724 46.7694736451589 
96.42935592143301
-40.69899796998434 -1.6349642671135456 -46.04152220249363 -8.130035007727031 
5.0703609120328235
42.09939489281133 33.731892342579954 -49.464747208032165 16.57508237377465 
38.56430257420045
31.53136574569683 0.8031249908127336 -11.729978193759635 3.811226282906077 
77.3088438555598
30.63857154242804 27.30222561601714 2.6174450108429994 -22.217316881735382 
18.903074813962284
11.793415651388905 40.02842629783831 45.59344665827959 4.2632753759124 
51.19698198723499
-18.48338502812371 41.2412868572042 -32.882993793957326 37.94155341323061 
51.83295210747022
31.128348603387252 -18.697544141891477 21.077062716796718 -29.462436588995168 
95.59590148808739
1.8288354123613644 27.268180983018212 18.23122557261013 -45.4625873353541 
92.46462942099362
2.233847071636305 41.66938645249985 -35.01486170245385 -37.257853344760626 
46.61057975294397
-1.7743837792551957 35.00921038149676 27.784722287233407 -25.778880906515923 
10.581635691381075
-8.665372793208206 -23.664364805129345 -22.14111315661703 -48.94392704909606 
34.27294836060304
32.465385235660236 -2.0473647315487753 -48.3555967585402 12.881889117676138 
24.65669828718203
-47.145430070369876 -9.372430363236482 5.707450581738549 32.31425317865039 
5.999156027747987
39.5170103787697 48.02958284079358 14.218767589094256 14.808672616839473 
65.13894374288878
5.22382409826173 -13.95722467443742 -21.024436079969043 -29.179082920488277 
53.667744696374534
4.76804249922349 31.63045860533252 -22.071207621834134 -4.4375758259836715 
36.69224952950911
-4.0913038612471055 44.41249843637493 -47.89435925863374 32.68522767017879 
61.557087731319896
-9.445974982109718 0.6447635832347203 -40.54733650517832 21.47651648018484 
53.771292586372624
45.75388026083209 -11.212100837234317 -3.5250545803197966 24.116712731645237 
41.62096199871762
28.140008479979954 18.00924621984521 -29.98064802204743 13.697375459336044 
85.29914643667712
33.32322659634379 -0.14514971522634568 11.253394350969138 -2.4023623740154534 
45.14308270829598
19.08731974685591 9.29981461689534 -28.251917389514436 -1.029548523719825 
35.01266126482172
-31.7228636812648 24.28733529000054 35.01713784002747 31.54287122412218 
52.98024184080664
-15.432133539773218 -21.0455237233247 35.00606632604834 8.377836776360013 
22.33571645291075
-44.09578895971084 -31.402879260968465 39.30239056136085 -9.843127452185094 
75.47668148670402
47.89894693855261 -6.572336212817575 -22.69844223944608 -47.83398523251561 
2.804638955787764
2.517376568739259 6.168604519805356 45.040905958890605 22.20581802959086 
95.619907029729
-35.07029465568088 -26.576494826052343 -43.027300466815156 -40.29960896641679 
60.79600808431274
-8.872186821247539 34.036553079506504 38.14291826365461 -2.842809961864326 
80.83291729627106
29.7953742690285 -24.37798206501811 -25.184222038457506 -37.70473829698936 
24.598760903741024
39.0339511155036 42.63714968898846 43.358129850850005 11.728112654890744 
68.49478132064142
-23.841686919431115 31.095323654752733 14.07346587898796 39.853584026416485 
44.04620780444925
-38.06998660494667 19.618416807330448 0.7355729000117819 31.768926983805386 
4.198601496927845
-17.120299469286884 25.821306268306742 -20.55907164907832 34.38334595149462 
53.608255896796464
23.884570610541573 6.525941634767882 39.116419172276125 -13.656372777626046 
19.052921813368094
39.9289519876648 -0.9380479090158786 4.82382582493981 21.821278541269095 
33.98128723679593
-32.08844801282456 -6.212149237316403 -48.4596184891821 -29.07952398139755 
69.98267564866997
-32.63171141420314 21.41830406932651 8.689248924319628 3.2881123057010626 
18.05649918317538
49.51466482812374 49.22565876006723 1.4488234424967175 -16.866879841630123 
14.773512279320112
34.88896281776961 27.451186140981292 26.491729287006777 35.83236109869618 
43.263615821892834
45.003683462967444 -27.056320240617115 -37.8388272238945 41.30629410807923 
39.1269099807769
49.377276689568205 -17.973460504201597 28.648604646222736 36.614769059440405 
82.55463302902974
-30.15728413587905 -3.159259359930566 -40.86647443510351 -23.135337006589964 
16.662550969132884
-43.58097021627981 -23.02060815311162 -2.9891319444754316 11.877754181990838 
36.902953682472486
19.894133988872213 -39.60229410491486 21.639407243210584 46.17489579892805 
42.84220219236512
1.8894898726132254 -9.924052722514688 35.168526059407284 39.28167567563739 
9.65093071031735
-26.922681725856435 1.389346989985718 -7.7846828585581775 44.93856735358524 
1.2303808577674546
-19.48632863144101 4.186859824804202 0.9975373107319854 -41.56795407004634 
19.159869405445896
-48.60834398259316 -23.37178260911328 5.7730568264655275 -6.101598007433253 
64.19957658680582
38.5225202135005 26.476691798883138 -8.33513934643453 46.642125160175425 
23.129677188073483
16.9931248643082 44.96283931462632 -39.2055119956472 -16.40340492792273 
1.7915344224903929
21.591110949316857 -31.512745098632987 -29.762025859878662 4.958491152937569 
3.1023063131212947
42.411382377474325 -5.97347739614149 20.40255695481656 48.79787183722968 
31.433926517206757
-38.246171517386685 34.28141339195429 -17.213219933064863 -9.179067784760328 
88.79748990846329
-31.790723180884218 10.483122345476517 17.06781833274094 -9.159593618540626 
29.868721434099545
-32.10964192845213 9.166470977810683 -20.576857552358806 -21.157500263016505 
32.117650149725755
13.392178171642364 -12.129448061854177 -10.202729546545598 -25.20362077249506 
97.07243547744349
33.9189273855647 -27.40735379077952 -28.587408970211992 38.303577402127544 
83.2801299382734
-10.544713911871185 39.04377517026563 -36.789932464593676 14.414330384639484 
93.04925121658313
-37.41397293875605 -39.90477230377027 48.94308025123274 -3.909823565176197 
85.28032782074739
-49.28897749151019 -45.58032822900234 23.09226212295806 -16.805704979281565 
2.8785328892848017
46.58384178580825 37.90348002249459 -34.71156211716202 25.819505849224683 
16.763053850561683
-13.124214531998646 -9.206387847488763 49.813466742629146 -13.257247875034196 
46.83355817011038
-26.150998063904762 5.173557746335312 -1.786884395910839 19.444875594283957 
51.69763575752088
-17.961581551014206 26.810041256538 19.16664646650021 27.20908257111884 
72.10610626448565
-28.196817183203994 10.626018031158011 9.096630062338818 -33.80987574931377 
11.644067991371577
-36.88309120499024 13.918944628898167 -42.64356340300556 32.872479556722965 
4.831898345210961
-37.19621395106522 28.40430838375282 -14.710604121032745 -22.4838921040999 
2.8041010134269073
-15.417327736339715 39.83999427284945 -36.57886156321298 7.8943982501913155 
27.68767183455665
27.31035646711861 30.753520242994043 17.83800297870779 -43.93408785791718 
15.726640350087518
21.253545543900927 4.503467288507814 -33.4481635241434 42.25571385191523 
84.10672040337228
14.680980361476983 -21.003365189159663 1.4413245087275044 44.08157753970731 
26.04739714500346
1.79986891283135 -44.22993728160209 28.603854460986028 -31.348929613938303 
7.734025268780642
-23.15342444854467 18.41859884211513 -41.86464033817033 -6.643956985083911 
45.86756264236003
29.5580433192076 8.892357649036128 2.428796020708404 40.61931778824852 
80.52457762258804
45.43600793110838 -45.970588925182554 -37.11632412868823 47.91452279719883 
8.506452734218172
29.40018516087403 -35.07755314232265 16.14982023940391 -41.23487626100609 
38.101852256273105
16.620489748417526 32.55114717901559 -34.58728656077933 3.6577146204182753 
15.902822822298823
-12.322589281250153 -20.340161749934826 31.6312196809357 -15.798732099376757 
52.67290857886956
33.70287406206073 -1.041646787783577 -43.968707191872014 20.30494897375179 
74.7050580392039
32.36017211450299 17.149877664951546 -35.558958588004415 40.25566810258911 
25.789707127353466
-30.69959797570011 3.9062086461569834 -43.12230383191152 -17.87863251817184 
1.2106641134333351
30.977405312738625 46.37709269090824 2.6698594198744203 25.29536147448134 
42.213367120355414
-43.825627549044675 39.62961087665498 47.42444273756979 -10.115286445865713 
89.23193213503706
-28.845518120900937 23.153970684222713 5.960415928471448 -3.211827078996933 
56.55159182740221
17.976232561799378 -12.576724276318473 -37.167844627621236 -20.058147997983866 
31.431048109589767
-28.371636881981722 3.1001035848269964 44.74383254190613 -34.669680954580684 
73.48482841510359
23.34784867567521 -11.533609730592133 -35.11694362460508 2.432882739504393 
31.75087243468424
47.549473696907214 -11.83168898925431 -23.495851232171916 -21.493741090073314 
15.371357143742125
-35.81151232564518 -46.804982189921716 -47.94137636989333 3.0445291809445862 
82.64580107352887
2.4490074776466457 45.84459900520619 -17.74869065373612 19.619694240319603 
55.735561363219844
22.048234721862016 12.12421623987634 -7.516754615365237 -22.970871456862707 
39.58225427178199
28.054976438007202 4.681738912655362 -33.56625645275123 -17.642189484465234 
99.32001553048943
-13.593295803494733 -24.735231749335963 -29.122013166760773 44.539144596172164 
60.73392909824161
-17.409149872283677 15.28801201487579 -20.761945134569626 -33.545938701417626 
57.55553372387916
-28.762231391624393 8.164200414949399 -1.3903796759640699 9.239410042205442 
91.25982051457949
-33.49054002095069 35.66233924829339 -43.60992634288946 23.83889301668431 
58.82195813008161
8.249959392190334 -16.961456165006894 49.946367086998805 42.143298134885256 
28.6517545188139
-17.162737696382827 12.535951879773513 0.7863582761935319 42.36715556584569 
34.89613222678339
-11.65551360795667 14.172725866888598 33.62211682421888 -3.0404943871947054 
73.31433141882606
26.277730466579214 -34.847094160836846 -2.0415817463508077 3.0515661951845985 
85.48498381144415
-40.72278698205169 11.288783881865484 -42.0431556321709 37.03117477686537 
32.04764691127966
-7.39234619838318 -40.98664326178011 -33.27415231288361 -24.807211979163725 
71.50607248191028
44.68912006518056 -35.74026420421169 -8.413818313349786 -4.891558031007335 
32.00834487533134
-2.83083130657441 -20.856237570428192 -16.53525019133381 5.569377739041045 
62.402969273044775
25.335381978728478 21.54337341687925 -2.865661507359661 11.442131012027914 
19.906294046434315
-19.30137119760663 -34.61178695532329 -22.948456610042424 16.939526415319023 
33.6786059048054
-39.43714207184483 14.996841055156708 29.050328196577965 1.5552353431897075 
61.84400444271007
12.438473837858353 -33.711044894014634 -1.6000125929077882 6.826982145486305 
6.218878379872228
40.238247798998245 -29.905063661259767 41.759610454717645 -1.1123466436201852 
39.827624656763014
-42.63962128759794 -41.091726054624765 8.063447499892973 49.54523900019086 
49.89659967025511
-46.894073612869605 -14.389730298846636 -26.98478694493498 38.47876323610534 
23.388383539637502
-2.890270033824507 -4.682959293893404 -35.08967004592972 -32.40205600727229 
59.23975108642085
-34.04061740305452 -34.06820079714599 17.930994259643015 -7.075930757506768 
11.08063794205808
6.497982401222046 -6.37101973671362 13.495862129320479 -11.76616079626266 
0.2784324763772217
3.3597074887601224 -4.37735488334814 30.02358153228495 20.8020277897336 
14.308636121231178
20.36858114571703 33.897810456333076 -34.64182621511817 17.597492592925363 
34.524193432611625
44.55752904656221 -4.416586537545697 10.37014151809337 28.212367668233455 
42.73255014674437
43.60370853796324 33.733348857655514 15.783494194321392 -0.5183619034475839 
40.6690522247765
-47.28727108104774 37.141462212224624 28.7105296731702 -3.5915860738550123 
39.481777638515624
-18.103866092355148 22.26144641736336 -18.850453942890333 24.34462388038297 
77.11683237575699
-18.287088587777454 -8.810555206570214 -39.6992934820469 -29.03470871178423 
68.93883479928307
7.46778620219127 -43.507692632927764 39.11540655427656 -16.489075093538098 
91.78699799170963
-26.566513227688425 -11.378936622526382 -10.811251716652649 1.5390357970562292 
38.64164820038043
34.77217731853271 4.026807311059244 -6.159613839963086 35.14058582536681 
80.4830327659426
39.03824411856324 -16.956850724268705 -12.72343599069827 34.88587757625899 
18.889890939775377
11.781544793707354 -31.613398792394943 18.056672687217628 44.763538169153364 
95.02951757614096
-16.91919762842184 -37.82123835271164 14.303497118900296 -0.9134180605268796 
33.248228873456775
35.954182648301924 46.48063242574773 -27.024602897418536 -38.63151662091584 
88.70118170661739
-29.761769634785583 8.42603088968157 27.30878780879013 33.330462373410455 
24.945203504526535
-33.56177734687981 -34.49095923622105 13.271574426541022 -12.03267311879226 
73.35439360497466
-11.695032691509766 -22.57524511293517 40.07730573097635 -42.55745189282561 
48.112149919220926
19.34245215988294 -47.040337440510214 18.179619592124823 46.29136383869921 
22.098652357491176
34.72658731871459 44.74222178814857 29.73831199143835 -11.316941056015104 
99.14604990271039
27.65314894483579 -2.4114985693083426 -20.738947104383232 32.19359186649602 
38.098439551326614
49.90068311920828 -28.730704646765403 -34.42553891157924 -16.878878194225145 
47.779886874741315
6.070713501903171 -18.977213685613926 31.714283256956065 20.123796390854366 
86.77154640276356
-38.530223962185495 -3.222590965303027 -3.976199633524267 45.807008962995496 
75.58295538249767
-49.03360412564073 13.824794654879824 -41.968961862221775 30.713718794809893 
50.65906857610152
-42.05462638086692 -14.700467795329239 5.950562655083161 41.57437181974453 
2.7827867338173995
1.91533401435575 31.760553507265172 -27.97513780528561 -0.6253640223497072 
66.80716154928409
15.611720568552485 -4.651457169183928 -25.038021293774715 -22.056386157496487 
24.004233864168377
1.757437817294317 -21.80386506276506 17.237201326931412 20.49838958277654 
81.65674915672719
-6.545819859776223 20.07236055341653 -23.387439855741743 -12.570154323331181 
66.57573188113763
-17.404748164091977 -32.12556983220465 -21.24927802276315 31.306318317050284 
52.03205658353851
40.84402357381455 -42.323034070649435 -49.169751269323115 30.55641733685566 
88.58712863034833
24.092724199084586 41.99859981610436 11.605544194625494 1.8629331272674747 
9.512497316187806
31.20554024520129 9.048452196823021 21.199830098100804 -22.17695053358778 
0.338917482231893
34.238646307010924 -48.93153949006076 -34.76787448440686 18.828647548473285 
23.737530608612655
11.521307881622597 18.509016847492163 -26.46085263787371 21.373707380677672 
94.95322155336719
-19.456488926950566 -47.900349912531496 22.307206474026245 -33.95252950550321 
65.31609009185514
7.238964177976349 43.896645705929686 41.507034977928 -39.43630754036268 
29.78883509223047
-1.5787950820441736 -37.168941351586184 45.74173880350986 -13.757228503535224 
6.08815801181678
30.18145812676073 -34.675447661078216 -16.895184101122474 3.260708134422785 
98.29494020915162
-46.94733628117551 -45.26458386055972 20.469699791602352 46.430744350998694 
61.42696718185808
33.99922341980806 -22.47330566993281 -26.49535723568972 12.566019080981846 
55.74226138768354
-31.06513041255985 -13.155144822079393 1.4842592517904336 -38.02640011197281 
91.79800364206055
48.415723593062964 0.9152610051010228 -25.40069880992314 0.5568183983758672 
15.890107121979746
37.99559419600334 26.654102023305015 8.135757596227954 -32.38836319464073 
37.44123172913696
-3.8011242265051735 41.462304258201016 -19.72685636020791 -46.710096222178144 
68.39966733400601
0.8247083797464754 -13.952315225144282 -8.150887630058712 -39.22332987933227 
67.16302879349396
-28.056205047293027 12.181032865075359 34.20923207584801 49.14220633402529 
98.3167128879516
-22.728128784068467 28.00558625871527 12.73486314238881 5.752506552286306 
18.974650720843623
1.1936761881139688 40.04535970695996 -0.04783918976312407 -27.119157589074284 
34.162132827641514
21.23561420051 2.7778998573740665 -14.532369072293541 44.87805616142711 
93.66704601290176
34.28406894302748 45.18403151320925 -47.869054031711556 5.751934849323014 
45.34016446453347
41.580460107983214 24.599812333483115 49.51138405726387 -46.636284888886216 
12.152796940494348
-10.98693511752861 25.466001566190826 -5.284174656033947 -4.736658226777692 
33.26853913399835
-23.760719474436865 46.472460037829904 19.317529861870895 31.10359622136123 
51.13260851992819
-12.430420792716454 -26.683393125566678 -16.24705855466717 42.93470862259336 
64.73046994304707
21.972948019796192 -28.995599659408455 20.357265043298526 2.1187873576723675 
49.766045977315635
29.160639360794676 14.74231254496128 -4.679117845788269 42.63363572897735 
26.637382169149536
8.065976133625796 10.046261879351079 -6.566181407598378 -10.723614352501919 
10.766975156113245
-36.15489036682019 -2.1195432889351338 -13.075922900000691 12.557253384889044 
5.176964514356941
-8.65448192347641 -19.57560529637352 -12.874019354954733 18.324852544141947 
63.73844891521093
43.89709453292885 -17.472920039102405 24.934246887923507 -20.385938208374476 
21.020330180637515
33.04438346079199 -26.633528212801984 -26.273150409905067 46.009089361001685 
85.45734646553392
5.591256645891804 38.441006544012396 10.078641864622952 42.88422051929376 
68.00333658130103
-31.278129066659222 32.404854578484915 42.758483554836644 -12.66685661917667 
82.87591950198131
0.9408444359016883 -48.00181979008828 15.731782394677325 -7.227181295426398 
82.92217922460267
-17.943164285941315 10.14566581345754 5.974441122771964 -32.509643569572766 
99.29836296301563
-49.74370943861485 -45.987764032140255 43.58709985871526 32.01745957616359 
16.545854222749856
-44.00437069141279 -14.880452098557754 4.430749141088711 45.45952066671222 
44.80064274309381
12.369139862383271 10.09292920285624 2.170321395494092 4.2792667711631225 
23.714611379671336
-27.553978319238837 13.112828646757677 40.24653957597347 44.96221170257462 
28.588807117695016
-19.76310975513159 -14.556290351231446 -25.07612591689593 13.857331681068509 
56.8428845485641
19.242252511648374 -34.643246645326165 -30.56362084139934 0.8951082721089278 
66.54490645599087
-39.02481837912115 -7.024346379711723 -14.129980829145481 27.15630908836755 
40.968764333796926
3.0632977832060178 -8.518676273827332 26.837248111632988 47.30798529842265 
92.41337725623788
17.033915766914234 24.3228967591797 7.091349040915929 1.7527430702326683 
58.6939286533227
-45.22316732346344 6.28574762213789 6.646701681058822 -31.37770087352768 
39.46908963272035
-49.56560959601273 22.881739344816026 18.704366950516985 43.90778841032076 
54.2542943855014
2.527522543795378 -25.48178636879349 -27.779561100434336 36.517989087735984 
12.429250827068305
46.219598296210734 -5.727714282490041 9.211743581085749 -40.36460942221973 
22.18152695450728
13.825555465716619 -9.314718433464641 4.144671135000834 8.511566153563798 
0.9848480644263802
41.35562089391668 28.360186997593445 42.980302409130815 30.24030474660904 
17.50027754944048
14.767329296037119 -24.570644495743622 36.611602123076096 -36.22718190229129 
18.606139351148244
8.387640105531737 -23.287742210567497 -31.703685594404284 10.687674036895864 
71.40962948609784
-41.004926501885606 35.53796909166398 -42.992207155709096 -39.44038721183 
88.00601048151502
-8.359204843892975 46.44070759706953 -39.499005915212706 -48.83482500135923 
24.485930446757
-24.451414689616826 30.80995537216957 13.409981484943778 -23.518210945852445 
50.42232860050292
-19.58212069204781 24.976997536200543 1.9239285332030107 -30.527383744661694 
74.4970826386169
-9.334646445698823 22.74215759409691 -41.78080379110892 16.63962846013331 
95.11603198429154
-33.450939156908966 -12.619736634013279 -24.16090663418087 27.957736840189597 
49.12680657816657
18.94276242521397 32.57032508725585 -44.88855078291193 -30.16329163552731 
91.3982629892734
1.1723912341643583 -11.887786379981947 -27.091298995720415 -25.041948756685827 
46.77508720721539
11.99805399669409 40.165554816526566 -49.68512257721701 -45.830489998611945 
44.132373606104515
21.45926799057304 40.39785907928372 -26.691637879590523 11.267563023437098 
77.94478226807622
-46.429232240731025 11.531815754197673 0.2239717054186272 10.288796933143175 
78.8529812574981
-33.850082110769485 8.749793761250658 19.009092010423984 8.996216732366506 
92.6726714978851
-2.5561788936907774 47.3624911696661 5.629068206548041 -16.235898711804488 
21.064429998876378
-11.45282391386717 12.185307640178124 41.90671528319551 -1.8854307872394926 
98.45777214987513
-35.03921755192576 14.798029256464545 11.283947033642669 42.82926524791877 
50.39769112792519
26.660854268417367 -31.85404783481428 -26.671538671736528 7.573845877652715 
80.9343142018034
-8.55163383615836 20.99936310306711 28.878564532805697 30.2226311313687 
51.403183663941185
17.441486228535112 18.985595521613675 -42.086047810218496 -1.4275748982483165 
4.197810843985971
32.48749482719289 42.541552563257596 -44.736926910488805 -30.948296142324406 
23.934725930850455
-19.254989124894507 25.785809406411133 4.279799025833121 10.526692726980556 
27.599025083220507
-8.501473599627452 -33.61949643461472 17.330773065566618 -25.88727241757206 
65.24706954615164
29.395440244449347 -2.340610882223345 -29.137471116289614 -8.367967001872024 
64.66377731134013
-2.8859858932725047 -25.99335529222302 44.47183963273221 48.6970676043081 
58.80891466022844
35.33963098711229 40.898773414465566 47.83490826015159 49.41639392751834 
81.58042041509438
-37.28401234751095 3.4393109898955387 -29.070881919037873 29.74748556009358 
49.959971126101166
44.60839770398759 -38.58590172866252 15.25992466269247 9.054324412213042 
86.73766594912092
-20.4632499125483 17.313438312286365 8.507115156622191 33.72973727430025 
12.262395545497363
-47.88474519117263 -31.20450121000411 39.251109437345605 42.89643872754537 
68.72235227842822
-10.102325463784354 48.15718593069968 17.503396334426043 24.512283066372845 
99.87368639218903
33.054407940231016 1.7488615252808017 -12.273704992641207 -49.037064996510956 
62.941040061968124
27.337321994161826 -36.94061876833686 -14.142271736019381 -9.034224212935925 
87.47278268202649
-37.06779479794331 -3.871427685155439 -23.43395945896578 -45.85207378347299 
51.864931232199154
-2.7816948519487923 13.595446471316016 6.57152565685216 -25.716850223150345 
49.98860670171821
20.522560948256483 29.672704883199145 -12.878744257584998 -32.506187865548085 
61.38084086712503
-35.62544983977677 7.7488199233628805 7.473344645505641 6.8721381033909665 
67.2084896692916
-44.96942184274244 15.995530372036512 -36.126071313928705 -34.1552611073489 
6.740891307441732
-44.24807058631335 48.57305543075938 29.243073382649072 20.088663309111467 
23.69272864709484
-46.45360669781296 -43.61798536637931 13.768832168562483 37.010163896440545 
62.331539552934835
25.90349453596643 39.74174151229953 -6.081669012403921 -3.6217224991012458 
40.5139339906199
-19.14815222609767 46.24416832767761 -11.255782692473623 44.61157772893034 
96.43234869423966
-45.464242978342895 16.495670360954023 41.36385531679271 2.202530842479298 
33.210562506811094
-10.502537127221181 36.33739831568518 -36.950291705712026 33.20757199370274 
87.12309866892697
-11.212669167668956 47.69787882438497 2.673743300833479 -43.61075580139181 
58.84125079848754
42.80027949371053 -37.59343565719625 -14.883735713316412 -0.9326713462344287 
50.65328117813343
32.09092096598948 -8.060871023830273 2.2947782469800444 -0.4858973267800053 
45.80989594229814
31.340694758910885 34.058916139819075 28.41511443434939 0.8755200863383337 
96.35201687426915
47.67187869179324 19.40253909437118 42.716906397336956 14.161983598820058 
2.6740422954793175
39.28756830538657 -49.620424859115154 20.601279882398245 -16.699987735705946 
20.28308711025809
-47.8687469926954 18.313232987669295 -7.402972453844988 -45.690688428164805 
68.73574363290761
-29.603093454030528 29.96251683555076 49.286829433497005 -46.85203593553512 
56.40530007535243
45.121381487236505 47.3956634738185 19.69956604810558 20.804283504756754 
99.94260584522279
35.06419451199599 -16.713952392294416 25.34551549705344 -39.00140359099803 
82.36183388949608
-40.36741113033139 26.27922576633685 40.39961062490403 35.50461857799246 
11.407301103016154
34.930447726064756 -49.81047248356418 0.3429241057057979 -38.233007417119346 
85.88490030140869
36.468137181337354 46.98576832405891 -13.1380946900153 30.878387093176002 
13.408978586636023
36.12625667856835 -8.107665808161627 48.45626407854047 24.470752643151314 
16.167901085803717
-28.498543998412707 -40.43286573139822 -31.645866959358703 -33.08829690781327 
54.60501861374571
-32.52236942215892 -9.365187523049848 20.34904558176727 36.200063735213845 
96.74275735110044
-41.492557533167975 22.01559931994808 -45.738832667046104 -9.561007393371732 
5.704069753440056
7.3965793451819195 28.52412840354566 -12.535107325502146 -42.59539711301839 
57.03390086022502
39.77346217236246 -7.563265916958308 -29.16432615586747 -38.72914464928434 
93.19140758735787
-21.169752701329426
48.48725071153062
-22.554139116848184
-21.106569995299886
