constraints 640
variables 4
-11.215637664036613 -24.82678303435687 -15.843513991635241 -48.039964642247845 
77.80803031686001
47.82800192956263 -30.085870337007993 20.614056890496258 -13.601156331695819 
90.48640093439779
11.2169362825571 -25.411905096326414 -48.75145435408711 44.42741241819098 
5.5761114363439335
-28.649431279835724 -41.27175697758246 -46.731989884086985 -1.0119874980525267 
97.50435767379122
-9.328765420708372 -7.041404739699985 42.54351170035106 -48.48869254694409 
53.98620653627438
9.6787621864041 -46.574099146858785 -28.16915618239716 38.75713770432833 
74.86499182417293
32.424379887764445 29.128017865238093 -28.54101738624625 23.730692143507497 
88.62537863167205
47.39781885001739 -19.98421797306532 3.8930109674168634 -1.3959060668913637 
68.16897557504049
-34.349437234007866 -25.90031336758727 32.22380083446433 24.391823954804863 
82.82401213228479
-40.44688135990779 -39.939400315641684 -3.818710487568346 -36.968410581627325 
89.95779496692587
18.50651720460256 29.277407750289598 30.82637721666252 19.17102477654852 
47.76389672736768
8.902200227683409 1.1576439775934944 1.2159421073987176 35.22932454781201 
96.6331636381991
15.962728449370289 26.419566847133964 42.175362962734084 -44.019992596235625 
74.92254670717712
3.5676558189422636 15.1735863346738 -36.457306379613215 40.38862487171349 
9.221962829164054
-14.637425277700736 -23.054766512657633 -0.287711588617114 13.724465309355494 
38.44963558384909
8.18112133079211 -0.4457939827525479 -15.083015460457403 -3.754784489971911 
31.572648607197973
26.22523665175504 15.233548552459027 36.5641086865549 39.237801244388535 
93.70711530419791
15.576754635801251 42.48772046871325 -6.225193836761768 16.724198498307473 
70.26830124248407
14.266807541115014 -32.184170325852435 40.085136109532556 -48.63226165548175 
97.55427126392946
3.167695628461445 17.48601755730658 -2.217572317994012 -19.80726755757839 
68.44897993085323
-16.935856797954187 24.84557883464413 36.44177582069892 43.44911798863649 
37.21429845352412
43.418166199370006 2.314909172163496 -39.12329325512751 -25.472999103445883 
34.07439423335281
48.60643940865249 41.73046263267935 -33.819113409968466 41.559318688498195 
79.2236221872761
-30.782180772084022 21.71904413417643 -22.538842365202093 21.599581627716248 
57.96245014029703
-4.138255207818631 -5.080353051865046 43.24770193938491 -9.816527310698895 
74.85573585283628
28.19580566654058 -26.07171581657588 -41.4044913959893 -26.167186319345724 
72.05732105963952
36.43346704682688 26.97008380015825 -48.251832599659394 11.187664926532229 
90.65654263033768
-6.384600658865715 -46.30845866135758 48.20600706729874 -24.603035863385216 
20.472797813408327
21.711999079461805 -29.61114845882664 40.26249877703505 -28.905306677347042 
74.76965049159645
39.81323226161078 46.0651217241485 34.46016225184263 46.02546212883668 
89.39526221459599
-23.732578284256135 48.4007596231197 31.402790766645822 -41.82335561322266 
44.32144232158657
-23.649432028150443 -2.7979189310722745 -46.78423193873454 2.1520223657186506 
34.20085604264317
16.52271056028691 32.56880977837771 3.571867769133661 10.231157463660992 
54.343693758434874
-35.8997398605704 3.075761297798941 20.40498693037543 -0.6624404263961807 
28.241148126010607
-24.75357366606199 43.75977545176582 -3.1605652040743593 -0.6828591588243214 
22.91476080628071
-11.812892815298007 21.865945367745198 9.697648121819022 3.2523032763766793 
45.59059534619628
43.67628270887168 23.77091080168097 -9.866073393701022 7.225332244136155 
74.09038107595453
24.62899074694863 -41.60605284628646 -25.035941551846395 -39.37318057147563 
45.35048199126256
21.008950472557018 -27.698231938151007 32.49574986005092 -41.102319501570875 
73.7758513257333
30.101752755155786 -17.420220603982592 25.898806303109296 3.7137731205679287 
96.4025769194115
-28.24162071076749 37.96485079660641 47.20360728611713 -2.9531712189029093 
73.27908820713537
-14.305522132550443 -8.210856371484788 4.458920639828314 34.35140561833802 
25.14931630846672
1.598901321660172 5.59061872447927 -30.263060916128182 14.335924482070055 
10.507937402342781
-3.130609650082974 -32.16799301266489 -7.890445926800169 -30.555974953935916 
73.92604522433295
-16.41341154623572 25.918814352442737 4.6527967115492 26.944572547751278 
14.576138580513732
-38.06081159948318 -7.728426454420898 48.66847635133476 6.64045394285867 
71.39728682585223
-18.778233025832613 -38.58567290239121 -36.27357449186715 0.2666383312693341 
1.214915839331987
-28.115381710955223 -7.0808136224643405 46.019668330510115 -24.42247365398247 
68.13847235668439
0.118795039992861 -45.25046533161743 -30.364899784256437 -18.22988796147531 
64.41728345483223
-45.270752813680694 -5.444147264550146 0.16143442955737441 -40.046495301259824 
18.354545251081568
-46.16021414660558 -21.383581104261083 12.87092785236186 -26.57920393457689 
65.04894293500044
-29.748468832242413 27.976166468827586 16.813207284783843 12.90984317117514 
62.707648369011835
-5.206374366894693 -31.056599877016787 41.57920191414473 -14.934503660806598 
85.93443182457564
45.64444041736718 23.64925976462135 -24.212066597488924 -7.954689420160065 
15.740263930101595
-48.62085099793156 33.07887211647626 47.07590430564612 -42.86569862377556 
81.67393253345058
2.7399998675074144 35.20050447058277 -27.983888891314677 30.49303739795667 
95.42289542547311
36.45296893028855 22.663659072220483 4.655035756323841 -34.88447300825729 
61.98118924406045
3.322787960350148 29.415837463011428 -26.231489971588783 -48.19989855061942 
70.77440090385335
-21.267475888834774 -36.84204313547276 8.019986281987592 16.453697655148915 
41.785203328498085
-45.60189321393299 -35.25067040471197 26.36476497617386 -35.88554630846049 
97.9583444724914
-47.780699007658924 -8.462282749585995 34.642024845257055 2.6056530306279626 
97.14945775733904
1.404473787816876 0.8776926834083909 30.384898207974516 13.972022705005195 
75.22318908777108
-16.224774612825335 6.565803808004034 32.25466092777104 -37.439753035636734 
30.98569804724288
-41.57317161799216 24.509428378220434 22.84262766274223 -7.333591720892606 
64.81262984414576
45.54810330837016 26.122363375979234 -22.46106044443319 -30.40688133385432 
69.64191365482361
2.4487595920280825 -1.4500315966719626 36.46860342291953 14.966179226023542 
5.622840531797335
47.27362443410962 -49.99313741798228 26.158164748983282 48.61254149817728 
44.10434104538754
-1.6355624579802566 -4.710976448234582 -37.46407382409828 -2.6756654959763537 
6.835785178262732
39.14840289805656 -21.12625115018322 18.289935243061308 28.190429220223223 
16.4629078979885
35.451461781743404 32.266207466660234 -14.300451944708527 -37.482672473741204 
60.73478728267405
-5.150547243461666 -42.180079051082785 -9.379871189791146 -1.8882146973000928 
72.45227944376641
-10.30547581229387 9.952387619597623 42.08833508578378 -28.01382058840097 
15.945502103941845
37.56205563706169 21.702781304378604 -40.33838033046156 -18.32340623383375 
38.61298287184691
-17.030539817528535 41.735867232495266 4.168579956897723 13.470921198116102 
91.78970485818543
-8.92611139650299 -23.55736366734208 12.80626209897354 1.5228135849842417 
92.54786042644615
-24.317049702401906 -47.383989732800345 -44.71158809132627 47.58592726382062 
4.45133674112318
19.91509738499208 -27.924467033393807 -26.40893498998863 -39.30701535917059 
6.819831225994754
-2.1373946421402223 7.486011285276142 -46.27608907299305 -14.15611269944226 
88.20650824901868
-25.69959752673141 7.70705583346092 -7.550037586557387 27.137734794426166 
11.501414009227695
21.565393604594448 -37.75218391395375 28.702570578111192 47.6793644083922 
84.84683915163474
-20.297876492011945 -37.87781779220071 -29.76513929914274 -17.252897928664936 
32.811173711657105
-10.70768604452639 30.874292852340545 10.313106978786912 33.94015229233 
4.226329146712904
30.005542787993747 5.790923453432114 10.840371901927703 18.048084821743686 
91.53602487693287
6.148644468475794 43.858478115904205 -9.729831790375641 -11.88971758767746 
23.99600157393319
25.437302015387957 17.34684960409828 -46.51549990100929 44.438900557478334 
46.23274036726651
-47.12995088881095 -26.479487537917635 -7.1514733430448345 -31.481391973076022 
50.28049862086227
-19.808014709955536 -19.908981130534265 -17.975838101945328 -11.404787473595121 
84.03063928022115
-9.54484735972737 -0.053434047877956914 14.406250906981981 -30.399483006545967 
39.33185169884821
43.60330559412927 -40.715285377380596 -4.12652368608213 -7.3592315932967125 
83.03713327540675
-29.272239178353622 38.78921260315373 -41.93439465960924 47.858847132371935 
26.915382815024337
-13.181675904919288 -20.64882472633248 47.71083513432838 -9.202424644416332 
52.00703367553531
-10.768276320520322 -5.043030978058617 47.41142279216547 -11.232645729652091 
4.001323290607739
3.552097760471476 9.831549704839148 -29.413313053592027 -26.69636180792554 
47.51703802572958
-26.213704259590976 10.865900637349966 -17.59026606549132 0.04264303021714966 
48.72584395152977
28.255223727749225 -8.930988614207813 -10.030862466793764 -5.992501520120598 
49.14229329907589
-17.0402643238277 -43.76539992562722 -7.1328580540061 10.35700900008247 
92.83210853668162
-47.14086290303867 -46.025126363551884 23.6928619899018 -25.371886069543812 
57.128911292056884
40.62670107472887 40.50466930396908 23.178907616798867 -38.133122590343504 
91.00305797537283
9.427732019137757 14.52183092039354 39.02471628500081 9.428870283244052 
53.17363188686404
-14.55442592849694 -3.696873143337143 28.19872358831445 1.3930202591996732 
31.563428144274553
11.105281371900368 12.28469472397731 -44.244093322867585 -34.96905911103572 
16.850913998128124
5.123201432879867 -19.31489396673205 -12.034274002585995 35.526148513224314 
92.68123024229916
8.588712365604714 -44.30641290681031 47.31687646953149 -4.868858828639944 
21.972520999605084
25.136460804832893 13.271085462215822 30.71719724662333 26.473586990597525 
7.974193101021054
20.15824481057213 -15.224172644808341 8.641178335935251 -24.346522458130448 
98.04150426697143
-41.62439760894529 30.201598462880824 43.88373403691291 -29.44891840511782 
65.67174406199288
46.57847712541944 47.95111030330908 -14.555064845260134 -3.176063990090597 
51.60028127041485
6.998182740422351 -11.234595943834961 14.205078812217295 42.611979150829455 
65.35835166171145
49.748205786990056 -46.367401680545974 20.617933425789772 -7.899673971471266 
15.61282175912051
-40.51728012568445 38.61823199641526 -33.87051753639592 -24.539058026344996 
92.80215115032797
-12.039114259912218 23.509336890450115 -9.267687704648885 14.9104146886486 
67.31739021552747
-3.8922777739740937 -43.984989222163684 15.490040030357164 11.799384191623218 
26.238693511087806
-11.520255054072251 -26.209288680674103 20.769252421914757 0.6625962690051992 
6.805548176408404
14.327391576861643 -37.94231817293857 -40.87688165185388 -48.813204592623535 
44.33129031450943
47.58633849561015 47.541584961863805 -35.14083088899284 39.21654964461705 
70.80400555028761
4.055115493071781 -45.4451258112488 24.45432304046004 -30.12036406280354 
87.27671620120182
-27.60499268975134 37.499917190611214 -17.74401097887978 -19.528239085591526 
14.949687189638883
41.79748696666681 35.95262689537806 -17.213289543119195 16.5442013441139 
6.3907844380914565
-19.082787567676117 -20.767632227863242 -26.637951168412865 -40.702753599812226 
99.75924650833305
-35.18468955340498 22.493458645126324 20.55673637807574 -48.639529065602815 
85.0276299925885
15.80059083971696 -28.254953717121833 43.14137588813402 44.846411480871524 
72.31830129127076
22.746274742281656 48.173395340254814 -18.539097199649078 -35.11802263874371 
93.70701637376332
-18.138508668552454 42.13663273472724 46.771655832661025 40.34927207256243 
29.5820491144533
-42.05778479888903 2.3842464209563374 -35.802158374128545 -28.55388742612256 
56.50593729218505
12.293364879872911 15.78190419667473 33.268140925299576 12.535654485403569 
57.52892639808805
18.499392354492826 -46.14431566285078 43.52693451435458 -49.49370012771496 
13.586645207854986
-2.104552292773157 -30.099251705405237 20.75752293806468 -47.48523222899348 
60.99645724552039
-26.246505816036457 -47.535356941410456 -7.86199521435865 8.861101667880433 
8.468459732147316
-32.2319742715545 30.048360635344423 16.0900791015942 32.62929033082597 
74.9200114022924
-47.155417730336545 -28.212640715902214 15.99243372748721 -46.42295529152985 
58.40256307362088
-1.083547087832983 42.716895995494426 -19.12898049836992 -45.26191471365938 
92.26946474303193
17.616109390459968 -38.62678901422471 -17.31823323746051 15.94550485400309 
64.88806695215025
11.661914748644818 7.339955140493807 -34.60475252071337 -4.403679082523645 
65.92744681403677
-25.805754510391488 41.37352213323726 -39.88417254765947 12.895913854341735 
29.69617450118043
3.552068499486303 44.82402935448458 -3.674226567198332 -36.65742745428121 
70.07961973673903
18.508992285325007 -38.571140191432775 -11.529057937933374 6.0367529099750215 
83.28278617118453
7.790227595640452 -7.606817434200906 48.51803104686687 37.229741941932275 
15.708817225660788
-47.010205078947465 -1.0158759158742612 -38.41442085273965 47.35355335270988 
38.51572505869632
-25.438201545718464 -46.06512450806625 36.72725569190017 -19.877182089076516 
49.12975378815403
40.73065630963984 23.153265990888684 -17.51721130538472 32.31350008066123 
17.381384038866663
-48.15257061996279 -33.10143094548338 -20.077416810005168 -17.783016363036097 
62.1107405414736
23.420680099110285 -47.10134345373004 1.8369373248180025 8.775549647822146 
83.73935069042105
43.50301640414929 19.6599374856807 -34.239074516111955 15.001833986788853 
67.25742036660967
-3.064062475028372 -8.059547981928993 26.208429365668906 -22.93788905032009 
56.04787478796077
-1.0016815908282055 23.469510816571955 41.95018073723669 -20.378239628421113 
48.547296887703425
48.159854158003085 -2.9024952277778766 -44.21981131862959 21.50481842780715 
82.8853908391675
13.992709387772685 -0.18421376185169436 -3.4290117730297993 14.18148322970157 
60.08169452143558
25.62748293474455 -3.3748863076664435 47.990684210756456 15.73648696971334 
86.45388230170849
11.954901025303712 34.22184517874422 43.05829057866029 -46.245496622422856 
87.45516741030008
-29.928597448606652 5.8097872302909295 5.530922767720327 -32.719433272717914 
18.291475536682313
22.6818761921878 0.9464231895252055 -25.090507244495562 -3.7815831624730336 
97.13521878669715
26.794001569970064 19.173933492172225 14.129321451384442 6.2170969599707675 
13.17912845298328
-42.467198340248636 17.37287771674336 -1.960730284574609 30.72495358728382 
16.713802091768482
15.724886941514953 -6.9873942179931845 49.67413137270485 -32.17833947639124 
65.54770434546559
7.469551045748823 12.452802281549978 28.108113139579018 5.586681213538569 
19.96547834634904
45.57870615642132 -35.17821523294793 -14.384303768971542 -19.66469998168734 
14.23676097476113
7.903661879160772 18.647665524907225 -30.508269023498215 3.4119159386285105 
37.7665970628365
32.05493320066954 3.986832492334358 43.1604228058972 1.9948901476226197 
90.69825586881593
43.5185939021151 32.41712648654918 -19.477340433195923 16.042066407628553 
1.8494986568676208
-44.322241610277025 12.697381660988007 -20.76243272157049 -17.98590645035995 
29.961631112016086
21.607626594648607 -46.71585461967144 5.227845585727209 -34.34846687847845 
21.151667769127037
-30.366528817930373 29.569648323864527 24.124030957058068 -30.45367864617674 
37.979584769889655
-40.70446591399231 -42.47520183243403 -10.677010056483041 -45.51786403895499 
28.551262024372104
21.609980920830324 -41.66941309459604 -6.701087923342307 4.286696243457897 
61.266043988550614
-11.13736565882025 -0.9423637022826128 42.33492474547022 -19.86308068136061 
52.74850825907077
-26.22407391196878 -2.0956734368142023 -29.271316898228484 -20.90354285909266 
80.74229475996329
37.141898535887435 49.42844145959397 -1.6513494393857826 -30.00015304143381 
19.96132977902053
12.065441243522699 -18.593763888308878 15.328347915147049 25.98945370836053 
99.95888680485838
25.804934862044448 -9.000832614145985 25.269875599476975 43.83831991220704 
72.26947679522074
8.0815788130813 3.272727860005162 -16.41117850027669 -5.552241564250636 
74.70772695356582
35.79465887673334 -4.535261489106631 42.22326927429171 42.457537188354635 
73.49330553108678
-4.768005862890746 -15.272973428678924 1.9037258006809878 38.08570280058045 
25.64048107185708
-6.982129152355199 44.36097506539947 2.6501495848926666 -20.30557059061784 
24.37266928888423
14.01224662695067 -22.99366882909869 7.3800684478231275 20.225588976392885 
34.83911837162202
45.8085172540508 -47.173746847684086 -41.981696797976866 10.161925942750216 
11.771931704420325
-28.684794460635466 -46.42938178412565 9.099402987025243 -20.637528180571884 
81.12688587093275
-4.946342587317467 23.886409883538718 25.31512674352608 13.891886445214233 
2.2454539268627616
4.742287640007902 -8.493370427523004 -11.055757790518172 45.47137077201708 
54.86119749911822
2.9929934394745246 2.106824241278929 -22.520500027872913 -2.900194394616193 
59.432759732684914
-12.591464542673727 -21.526185592707 -43.933477515869576 -28.348049477165414 
81.42380243121569
-10.37450457255391 -15.429576344121834 -33.23314463568779 -5.758656820549966 
13.60553865317825
1.7668814753896953 15.065938087264001 18.510591677560285 -7.970609820941753 
1.840884379248764
39.76232500156969 38.580517417135766 -20.82301437846208 36.697830825225736 
56.763491853257776
35.43703854202259 -31.050700347942474 23.885629369553016 -44.23511795177228 
19.961611193744467
-2.254922276058238 31.850689033699382 26.25939570742794 -33.02503090111978 
39.78914842514839
48.63443395616697 2.464828599465953 15.596421907483261 33.41633008652333 
47.24576898403865
49.706468535415254 -2.359483614740263 -23.08736478855532 21.198890467154612 
41.45227871445925
-44.91073998384294 -39.261916984705515 27.084751087126875 -19.016846502227803 
10.119515297294669
-40.69684645235816 -12.451670287599981 -45.408987427897664 -43.26839009404221 
89.94350468672879
-22.327158404042635 14.232529096853355 1.7165627200788762 -40.66471944532065 
40.525864621758686
-23.273452483438216 44.51577123271939 8.315974377820808 -46.49867801952017 
93.86834536400069
-49.53159487314408 -15.076543063648081 46.09511368614392 -6.755941434528388 
40.00812900124053
22.43847331363493 1.881134368811665 -36.9362470561658 -12.437761230624055 
74.31350261648309
-37.29170962802115 5.991791756931278 48.222648866742375 -38.9063819665333 
91.51809776936787
16.73828742674229 -42.30042052054567 -34.217439366260805 41.68623031303301 
46.08556491016157
-18.364732469253433 23.579943237062764 -24.57956788262048 0.058799803181486254 
24.046307320231342
-10.486861718386805 21.50102382362259 37.11001035184792 41.47976204945387 
33.210077207660824
-36.470850157374244 18.469916997564255 -0.5904859500975093 3.9068179960889395 
3.8518605549221596
37.23215790831706 0.4657343992963803 -19.243576521181428 -44.538013213557335 
0.26966300564155166
10.281804084960655 23.603315174153977 24.424696468896272 -36.25698802948162 
6.059356957562068
-32.3900223143104 8.761496984885412 -22.254119527486882 -24.60638640421542 
61.47046511142612
-43.77359118881448 28.542718696781776 48.4674593634105 33.417905933702315 
93.0378900138493
-22.110936881395272 5.414252810852979 31.830790165029825 -41.615988740505514 
88.0849659844525
-37.53434915404772 -22.03449308022243 5.397304703425917 -11.302770835009447 
5.442229456896652
-12.80972969181893 8.299600144222353 36.296242822755104 7.211016016401558 
62.068183393982565
47.5460763106161 -7.911541168613056 -13.074497468086953 35.73491677361051 
30.051638935612736
-6.014432869625509 -6.819912103270873 -2.760957038417075 39.96168723238563 
29.436735743950525
20.65231449038103 11.860817400825098 -43.066806965423524 23.26032284620922 
0.3726771600184975
-41.10222607004217 -26.479042396872497 -9.253318201405811 37.45317578673635 
47.00323475788676
-8.982230999878091 20.463826552655775 -43.077807935446884 32.886391613424365 
73.97616511345842
43.482857354450374 8.254683384058112 13.030407026256682 -2.3566588067180163 
16.150248753660122
-27.746908613227927 30.05749260479722 -20.330325018670703 -7.930793382559223 
10.125755369665413
35.467684128389806 -2.29474203156623 35.61250040114015 -6.073937633186851 
78.70066085550364
-42.122276036163974 -15.925695557637852 9.956917836032929 48.81758426657707 
95.64855898289356
-1.521253700139816 -17.688415401768054 29.57261911465457 -39.82601819098053 
54.098025391640945
22.413293969007952 -8.75854672839008 6.050426303063695 10.89312245674887 
72.23248156137076
33.296765843601236 42.20350944912502 21.375239870160357 -26.198124377616917 
10.868291813196995
-33.3166804955343 28.79632869049607 15.716087204353357 24.89772617410712 
48.25774702036553
-17.887821709120175 28.493747437375006 -19.00356638423436 0.9494645448135302 
45.821681763058706
24.99666428890795 -24.763460109670767 -13.95885718498078 12.57110459849585 
9.541847511353529
46.45364792721671 17.577287585655114 -15.677715297307806 9.908684768659292 
44.11210084663531
42.020079347706314 23.918878266044956 -29.865069050918937 -1.6186752026506568 
10.470465776909787
-6.955086773643515 28.81161264238237 -5.205509081981418 -37.25533333651752 
84.85507514896214
-2.4716804442510565 -0.2916455885145197 46.600155632449656 29.96627269593904 
47.18679433445229
-45.24419126096632 -47.465904422561856 -46.964726121356215 6.092100279780119 
58.58033295897831
-45.16890589214785 33.80721534027329 23.047108220853787 -17.635837594952704 
12.916109797570618
-18.694874719093946 1.1173713109040264 -27.99028701234285 3.5721292831815816 
62.74056745210411
-36.70003133277001 24.306379453069297 -25.788714104672337 39.76084353888457 
70.02116789409274
-12.987474491513332 -19.85813094359552 3.8081957800563444 -29.795670508188586 
23.505144274151522
-5.347320669468338 19.651737330824204 -17.409298217406985 1.4972970168991253 
59.7400159261673
-18.43709603482886 22.06231723743373 -37.703885960554516 -22.568472269742802 
60.14040699631775
6.907524783959552 -47.82820608951592 -23.08493192609731 -30.549161839044004 
7.286089246595173
-49.3693117258225 -18.940420685874283 -36.063774783615465 22.592260008078796 
11.73321374420394
37.418952588818726 32.44996511936529 -44.019429979437994 44.07002115959362 
73.43871307867427
-7.182243681788272 38.01050605568243 42.607440156600546 -16.660723738856312 
4.480301136598818
38.18269289396939 1.3359464817262108 5.028453650990848 9.059681771059616 
93.08053763977195
-20.4969870543423 49.39976053223894 29.10148568851602 -27.102261333892642 
66.18437524977048
1.5020049559639617 -46.22007352776926 -45.6765302817273 -11.95460339982786 
23.31953932142985
17.01333121089516 17.073437708416193 -16.6331395101613 -48.7185489441196 
28.222552644546028
33.79644232017131 -28.242782608250515 48.12190643473487 48.874986812760966 
78.65243091467119
-16.554098097132687 -11.65728671100996 -31.007919073500968 38.54951027979028 
74.65006201903218
29.28315029714966 -23.04168763971881 22.84372397588463 46.2296454043677 
45.68092175152678
33.254843474492475 -17.753166940585295 -48.30652561833643 -15.387890347676134 
54.151129776719706
-34.24623016551772 -22.408411767243297 -20.173197084208915 -15.076982517542568 
65.59278852522216
4.426777003207704 -0.24894108597667497 43.82592936949543 24.517787722749816 
9.440917076809473
-8.195272727319903 -2.16306276726349 -42.79634124414714 -46.02066494592276 
27.18856500885385
-10.910301225107645 18.071948424700096 -42.39088550411314 44.9230210264453 
66.9613219076608
31.565484181422832 48.76490364979267 -8.325082310883204 -5.069535002542544 
87.70707067420199
-2.5815620133202017 4.7871924355859505 43.61105229343056 -4.281268102856693 
79.11565625905736
-10.069209198508076 1.7762044686442806 31.544406919515126 -8.302080363889765 
1.9266611814389711
35.72211050892956 -38.68961139454807 -3.8784509469253408 47.53972978489517 
3.981719797377936
-27.92578820415451 31.012491459188894 42.42566445517369 -10.816690814439355 
93.6541217956449
-43.05937277376958 20.915101276523117 -8.240877509119962 -49.10236497177899 
20.870879146062936
16.94892441946145 -8.755567573629087 -5.560893051071247 -6.154097957464998 
7.232141077625009
20.067552355925642 -30.187343306781877 -24.32212695765551 33.552712737567674 
12.016435087121923
-0.2718229561322758 29.27442922486415 -49.784295679482405 -17.022260668741616 
72.38459538596787
4.196615361662346 24.67194525491027 25.079278749147534 49.88589140508739 
34.1442017951735
-45.325645166558274 -2.9729473825613724 -14.858102464782789 46.28651617981835 
53.67393731042521
-26.786908095151773 13.077170484455912 -48.29549637105476 -2.328571907843589 
72.0806435999093
-37.46222507928054 45.68243795454889 -28.630591195641674 20.268217079445307 
18.977103303358135
34.185325656171074 49.22366377667582 -26.785667353039766 -45.181658733741294 
18.580746964169712
-2.128580581286542 -44.8101787660272 -15.667431070122461 14.511470855562152 
90.41806839907733
2.134827651924418 42.93786935182055 2.7978989762527107 -19.807194019359066 
89.2126567600465
37.01628840525612 -39.65299265623913 41.83760774607629 1.6529460079708471 
59.66179493129813
-2.732858106606187 0.9727852286613654 12.241623334355786 20.213928376879537 
32.735641317006646
40.18636054503095 11.725419689188264 40.99807772337468 -23.36102189969558 
88.72332004904024
-0.5662634301304905 -16.615108521390923 -3.3973211672144075 -23.995230395081315 
80.58093500975737
-22.902420710415537 -9.248970391011454 4.985899776221899 33.99715149652684 
41.637415460765915
-44.615821263703445 30.365585333101734 -40.553961856088314 6.7640315593482825 
33.732891356767425
8.789327409231575 37.22283712264985 10.158590033556912 -42.95106929846557 
23.44117736750073
34.386496138665535 24.714272952320925 -7.488374560331536 -26.20082150594265 
71.76454936479108
45.339952914324925 43.77887782815901 12.832778677613867 23.779779519738526 
45.729341504065765
9.483525594366036 -41.450477711253455 9.182718713819746 -0.7607520346193724 
92.57360956831121
4.552341599290287 -5.065728131126178 -5.16293158221859 -30.882243717583236 
5.147540903963965
-22.23211572125907 19.018992756695482 19.0445630509966 14.547593253495421 
28.37081957385771
17.666784544895407 43.25750090538355 -33.158314535479484 -18.3407176195871 
98.00249580968378
41.664529520933854 43.6609258555512 -16.71772444178856 -19.883226468504965 
4.884252561855207
-10.156031523225337 7.274236982876026 9.98790305606979 -21.26187592394452 
3.912765244443439
42.68664199622411 -48.52490171048657 45.11085430780764 49.79704709363442 
8.063959389400221
-16.539049724087093 -24.641183834383394 -40.99998187904945 -8.210567707314851 
40.13441292295732
-46.83106649281559 -31.723302792879558 -16.388606684906378 47.347000303728706 
32.618163386879864
-33.0997787923817 8.07090278152657 -23.958594605453964 -5.843656060334787 
9.720308473302087
-5.913274570833394 4.943038041488556 36.33286764901591 -12.52794832107876 
16.61374983581775
-40.97852513259045 44.31023566558409 -15.827957332123873 26.07617736212596 
67.67018791133263
7.55527463550402 42.9427855667908 -10.8130913127804 -32.880722168655794 
18.571392391997954
6.235256419935872 -49.20026571127776 5.287451373694822 -27.867050210224853 
94.1733418831671
-9.398895963420614 44.095774515422065 -49.79454589530684 35.62283295737461 
90.73338957408022
-5.792777561848219 -28.417050479792096 20.591547593527977 -49.14828202674267 
60.22239554034965
7.246640123214561 49.69603061699331 35.65158369063536 20.553242284850057 
12.546412653581296
16.684239576368768 -33.43532926659212 -34.48705682396379 5.5296194009693735 
73.38248604723448
-25.89460173314544 19.60162021422262 -22.910895010802513 -7.061176943632894 
10.26088055986496
-20.466134215780805 3.075130561503059 16.863995502830946 -18.647797898184283 
8.245520203030043
41.11352782667552 -5.875074256993926 -49.04503682387498 36.93353545782617 
35.59499476770925
-3.5753094473922147 29.752318202263083 -7.875830658298035 23.14823151526801 
22.806758966751307
14.603787055967516 32.83113390930801 -22.117873849754655 -11.149752754054198 
62.64836024743888
-45.943211823927854 10.779953093340055 -19.02318166096717 -12.079501937451397 
87.20578481526148
40.85119257767025 -5.2312646266105745 -2.2571425428017022 5.422080602031166 
86.9941840481339
-32.298449125653434 -5.930344284460041 -27.573448174320912 -11.004469250481996 
61.323747611965906
-49.01019043681425 7.123903452757688 3.6898312228840666 45.66960545450695 
43.75909540520654
-26.93605135921696 -11.974069603137174 39.570439777614524 47.01575733096689 
41.78375119187842
-25.3664342744647 14.5332987887721 -9.755862794688731 22.12353938558772 
67.45695788175638
-23.01492645348121 7.0860468407390655 43.80065871588191 35.11949529898028 
3.93391449493089
41.75979062146958 -17.15768929712349 7.906391511783596 20.478732355817513 
80.63186626899225
18.919168855007484 40.59977959398516 24.101475650712175 -40.103456110655074 
20.188394539795418
-12.126581255449906 30.30579812019741 11.353701341246648 -40.05401379761409 
51.55182007942947
36.91959130427014 -2.564609115401197 31.2047925013688 -0.23876758160113098 
80.25783488792733
-46.08315741252284 -9.744075627424053 -23.152343302984246 -14.653970040907119 
4.157708845902119
28.337718744100698 -30.090379695185177 44.5334961301008 32.25454214157725 
41.72779886665361
-27.1088245720728 44.07961530668196 -45.85437418318169 44.89018769605116 
92.40320076503379
-3.324916839804395 -44.5055207064957 -1.2491370407561178 -29.21124037635362 
29.364105417988583
-26.911533579050683 -43.25853120804251 11.420909982185833 20.96237957335599 
82.52412284970431
-35.05756047029056 28.819030246607042 30.819635020734978 19.11095734446397 
89.47303674496389
11.892380885502376 -38.34562644371346 -48.78934378401924 -15.782650021823386 
82.46726689469871
-46.8076082406387 -4.361241956399844 5.0416343281231875 -46.7731710763284 
10.469536915589062
13.29104357265016 -27.15022696795448 -10.709841519414013 30.913121710945816 
49.81699432597006
-12.859900715966333 5.880069157652592 -42.30478171380664 -9.052088748211695 
94.16817109150935
-9.12349103252447 3.355095565761914 34.99736702878218 19.386534337813927 
25.52530143671623
-42.68316498606799 -3.913169117951618 32.523886372349594 -10.830511827294501 
13.682168743780343
40.80952610879682 -24.517512422001918 24.59326801145575 31.557450231174727 
28.330644883241852
48.17404970993829 -40.58387915892604 19.17754673921263 -30.667733279090946 
15.480749747702072
25.94743897398662 -34.781599006879134 -7.253538145643098 -30.28057709083425 
97.00955855073953
25.943895669926945 -39.11978847685599 7.303391752218282 -41.54019023748919 
15.21153642651737
3.320940830521536 5.737792917308994 20.489820948088024 35.865413049122324 
47.92161103582265
17.65067500242104 -20.74701823331556 -14.326227263405954 13.199492697644246 
32.25354839031376
-22.03138728578251 18.722483109873437 40.642854022050685 -8.558548805382173 
82.3741035654414
44.05451731846087 37.70501997541328 37.68406214491202 -20.756184412357605 
97.3495518164993
-27.3246601661432 -36.0743076581326 -21.333649460765493 28.566638271378835 
11.151825492561883
31.90351975280271 0.8693236856881512 -41.27316528250253 10.50033076816478 
24.609741580367405
-43.396492277640476 22.391577010690654 43.47031340025474 1.064772320775674 
86.44582070411883
28.89648755859035 -44.95259715068707 -22.865027495409286 8.853338852730275 
45.02922588658452
-32.34190259871673 14.819908102245108 -10.601876720956113 24.593865476612436 
39.002131708757005
-35.7496083245816 34.33532660133784 36.18323332452833 44.07316422784166 
67.58010235762092
30.504724108375 19.484502927959255 48.33862378303138 2.019905582561286 
0.5384185099878591
32.57229953696094 12.58468861911932 -39.54458000758319 17.445168802634285 
37.897411115062354
21.592534716010974 -7.595190197682065 -24.135571560399548 13.058158848690468 
58.59715155677192
-44.484846512676924 -1.3691438960408888 13.94536902303679 -44.60982002885757 
58.36214936132903
-33.23732782168787 12.480800509715486 -16.036636775086457 9.009363943620741 
98.5849408916463
-21.07723316799561 -30.250609284442298 -29.40042862268867 -30.578497342116485 
79.59162180274471
-1.197958292366394 15.192209993338906 7.136900555817093 14.871691973342294 
61.667707315751805
-39.87269218843984 -29.217646024967326 -20.52490860383681 25.235533244461948 
67.38772569200944
19.697453843299755 37.20684118227602 0.5135523308669079 -14.252110712364207 
8.641918688004624
-34.15044509009808 29.063360074514804 -32.06135817082401 0.8794128738795166 
44.289885485131684
43.736029732502615 -49.375765483454394 25.608080250983832 23.637838876054644 
70.38714220166746
43.67888718759498 -31.269899938458355 -3.1560502952374136 26.408911025766585 
37.06673341917251
-23.324765257585046 7.198239613157519 -10.797403752178013 -1.4295858948241147 
71.84098439960536
15.098771582646066 3.1245228007684034 -46.320048650073886 25.18463045536133 
74.60652860905938
-33.02581917658421 -39.85505759771103 -43.399885544863714 -43.442773311918295 
95.75306733200658
14.009571767309225 -13.064682962343085 43.379633201929906 -19.791970257580015 
51.39125187238466
46.853015197521714 -37.726198650677766 25.583085539445378 40.83021146089855 
57.21138862933578
18.03157572555972 -12.96117776781395 44.72867625813946 33.237658044093294 
34.5356543285264
33.358624476111515 15.214732385954903 -19.508920842517895 14.85231128204812 
62.846171115687085
-20.292612067120807 -5.540884631673094 33.83690386460377 -34.27124020357909 
64.52566856894224
47.60339498104278 34.300098717038566 25.91619078249869 1.076126954552727 
47.769549831697454
8.036729396834474 31.625110620929476 8.46939884069372 -19.902139817918872 
6.398024844030282
19.16384902286589 -1.1420251121223046 -49.08085990103635 41.59196259129473 
7.0829458427120855
7.353683115445818 -13.406960420553993 -40.4747125643386 -11.06825855559854 
7.07481290582831
2.8435910627863734 37.754744316984485 -7.978478473762252 31.68921159893013 
50.86942891743813
-12.006097522966265 26.880900741400282 42.7610966035833 -34.64616613725402 
21.625912507933144
47.49927154074511 -2.7242578245651714 36.47236910980911 -31.198586368173288 
15.989277301141325
-8.092449471740714 -46.906457782021626 -23.045289775833634 16.959482883347633 
84.91351782533434
17.59059112801036 2.9502671810959455 46.67350416221973 23.975421563069972 
14.030115807036792
-45.424533818176585 -40.01793334199846 -11.119479303451854 20.976013396298825 
31.72445646253631
-5.950413465429136 41.621923226500854 47.744708785425416 -34.628126426847246 
2.0570569106242
-36.683760964792235 -11.329556268841955 3.314071502956807 22.34812517093873 
47.27746755683053
33.786981741559856 -4.340543883259919 28.895472873411762 10.6525490475345 
46.30475925886769
-9.821636912846678 7.499705603811705 33.21535315043309 17.360157416774655 
57.87689558747082
-21.206850748504426 -18.767657550334548 -13.263747143474902 32.53797409226213 
43.90609010472628
26.754493358205806 24.602030922985037 14.476812001754936 -38.43682467960727 
28.25652189399789
3.7897202954100067 8.386924233980253 26.41280638200088 -2.764174358591873 
54.72755725193211
37.90663121943936 -42.44743986662285 -12.800019127313533 -14.132059875849038 
5.4150211703032465
23.498792970600007 -43.58696697008564 21.298621361077068 44.5701631754323 
25.258754921471795
-26.162779165756334 4.197159958661878 -4.768722596356042 32.69870650606195 
58.89820154783031
39.88664715768671 -34.33946630189683 -28.93834926975345 -29.98179502245728 
5.473215139275034
35.278981340066764 34.273512838229124 34.303022942792666 34.39364247053673 
92.75505661963795
-40.41332283928413 -8.664930578323208 43.6739150287229 -1.1669555851896334 
34.145009645023535
7.7161926609335865 -40.702676335211805 -38.937293728251376 18.214637394856197 
5.8203500755603095
10.803310245407836 -41.52973704292121 12.109871954626492 40.15759526749369 
10.085928165334689
-41.78519387081903 14.253889726817832 -2.18269507246697 1.3334619495090436 
23.403078705312687
16.348871961594753 45.64993843093701 19.14836077934966 21.48954675576192 
58.290510035293345
-3.8369898045796376 -29.890638505905343 -43.93249131658293 20.246901053117426 
16.548444806886376
-40.614721641958965 11.360968931997874 12.2320595742204 -39.1752130394894 
18.48259995210453
18.355846975609197 -17.460616408872994 13.769210040610545 -47.19325248752811 
24.263042255300782
5.560579851293802 47.13066131281852 -31.560588755544337 -27.115233357946845 
26.800749854545792
3.5568801828070846 6.382110470834576 32.45944454447309 38.310432265942396 
41.73441686627037
9.488757670535378 -10.310561530951858 -18.70942219605123 -2.567749968110192 
72.40765430396006
-36.09031499448493 -25.713362196141897 -10.544101287246 -21.923986233949154 
83.73431640262076
45.173004762756875 -23.039559087068795 -44.34225531651814 10.022193626721233 
3.03929944200404
-44.86280601616349 -45.71206855439696 33.6311862427204 22.125082007176815 
59.98022587885591
14.585023124726618 -25.81500631690281 -25.890236693752968 39.655293699854866 
35.61449078372776
-43.04488372900236 -12.65035420814683 -10.064808608583874 -21.164697198281335 
48.964590993934465
32.06412731257356 -5.768108377437706 -27.46675436897631 -7.451067533603606 
29.0083696078103
-45.05268535658401 30.342786473286637 34.86369010805228 -44.170263802301044 
52.1808972238876
-24.31818613234793 -34.79314227340209 30.09060919761069 18.273601621290197 
70.27123639225292
38.52839564745956 30.850267944738874 22.23435797506751 -20.615868823417514 
83.1279012417026
-18.26634926493089 -33.21359097207052 19.066707070707082 -36.704523053550176 
57.57507211643637
12.587340501560988 -28.70391836897559 43.52967245591634 -5.989991287822136 
59.118072068058304
21.887483439331135 29.9703579421723 24.798325613536264 29.802447181553873 
72.93614260487075
46.8132035284533 -4.802613824243181 -19.88954250923285 6.676838999067911 
40.726448451653155
1.3637058588778714 21.714579573282165 -19.133341954349213 -5.3305624069136215 
85.54693715096082
33.210081027840204 -32.85576063323479 24.016430362536326 -25.249861270841468 
8.476561919046876
3.291385814457648 -27.482028057036278 36.56542377759057 -22.550589142345245 
17.920622949422217
23.386132008852854 -9.945719743254045 -29.1137363217029 1.8349100355477077 
91.6687261061096
-48.17306443651199 40.65495525510005 -5.846630007432196 -31.91837562434371 
17.885376595284942
-9.864158956823132 -26.730417213471412 -8.402890217875104 -19.670241934444398 
15.522814916878524
-7.193395596615723 -11.659855163315392 4.688060688638238 8.12371776246075 
80.95558383665903
27.7233673110278 -1.5859468127258438 -29.797741365439844 27.932432888583506 
13.255485794176536
-15.991211003506159 2.46994981418991 -29.240246921577484 45.08667438980838 
51.2559272273879
30.02801100039123 -2.821231957176785 14.108480002034781 2.2214819315849326 
45.37556072532075
31.21880000611705 -36.695351938581844 -30.04643548514945 -37.958176515784515 
31.79933471226416
-18.94681358614846 37.228040814474454 40.466518155730085 32.7125262601716 
73.20888070949718
5.221013940571929 18.943979568547903 27.431511484461993 -3.950578997024401 
63.64931766683733
-43.237057729820904 5.412681237150927 -29.452877424285084 -6.29472283620531 
74.11538351125519
-22.09239262574706 -10.067747957644343 43.02221288436651 -46.085814031800176 
90.77307411817206
-22.857263800985784 -2.0577060007207493 4.350787310393798 9.365226301885102 
46.50907374395901
42.51847934541027 17.84040953300277 26.32658690261033 -25.09794153049415 
35.96749387969418
1.9438583397814213 36.92230974729951 41.574909782996514 -39.299103179404206 
0.9212785934984424
48.55466933150879 3.060284010548031 41.59648878282242 -27.235328712882513 
41.1825183724517
29.736531549488618 -36.16757868342143 -14.127603215339114 -26.405000224354048 
44.05650185646795
21.391580243271008 1.9702411815514722 -13.163442848319185 -33.06393574091267 
11.253927770631211
17.450113176196496 40.55287583634039 48.42849541416956 49.32966105370116 
43.98875639337866
30.625057863359345 -18.43534093983369 -26.65380084201504 21.12533299108175 
77.18201500865693
-25.882030286418722 -34.81282541048878 18.41811274654306 40.9286823424174 
82.056894583339
-29.408253098975358 -47.13307674484071 -27.299652218455627 -9.42323100347 
17.657726518092975
18.479377079246348 -23.748971690522293 13.856504696868654 37.25213277858609 
99.17539181824591
-32.49353957223051 23.06477174579487 18.218002140838777 13.665804490142705 
44.859997450905176
3.644074307446445 38.17637498928221 -28.49259021874189 44.56227656370008 
87.53005675130784
-3.2424151259219727 -46.771954198943064 -7.146773808041317 3.7173290270657446 
42.25609888135223
-35.76815242582968 32.20764739778865 -8.538050915842057 24.988329862178688 
52.136150847254214
-7.0867842594509725 -25.585372982143884 -18.956976801401094 20.257917816111032 
3.1724404928674677
1.1076282372756836 -1.3511080457175382 -33.84097873746571 -18.98221803964165 
17.472284051011556
46.044449060430495 -26.52393236473607 -20.448251467667067 -49.55715751659685 
44.52004639169018
-12.298104726621382 13.371463885999027 -1.7936084993173864 -46.7876746107626 
12.152241147027487
-21.490106402993327 -7.712557743393454 43.26643943532716 -30.957466184357507 
90.82348983228384
19.409680077870632 28.141563218526272 32.41612869106778 8.478777662235771 
66.95628033322737
-15.87964561881737 4.606707624356055 23.03794810592396 -15.145868506496804 
40.49319271160918
-24.015956357714096 -49.38372506141302 -11.163843399200069 42.42317117134641 
78.92360916158455
29.681781388293956 15.289906501948309 41.158004776890394 21.257047121624822 
35.29023241191679
-23.720594890278633 -3.9599001668694456 11.90183299133728 -49.10377576956743 
54.83124755572075
-19.323707283768044 21.934920443543945 48.353746639023825 25.20475574766033 
71.66382497570564
-41.933474630324184 -35.682686095210926 30.619965500831455 -37.57067687354656 
62.286657035092134
26.97732562297483 -48.2038937705483 37.02271831771988 -8.601646635466743 
80.91110076040651
-46.34286349396306 9.11816266631834 23.218059507304474 -20.19645354515951 
4.6898061950826015
-19.990814305185133 32.414897998685746 16.889183110645334 23.693638772007034 
96.04547426284292
-21.722913953294555 -8.810135515410536 -27.958904185959945 -9.256178833274667 
49.135095653355535
-36.02982433619675 26.070154468609957 29.71593395619591 13.737559374791545 
44.30517353200646
33.86033421623807 -12.409021368697537 -11.432613384874522 -44.74722845653626 
83.39725974081053
-24.72914412000685 -8.098118301781533 22.845748313466757 -14.990401692024605 
3.141380666025695
20.36214061440576 48.965982322012906 49.96622301597404 11.272692222474454 
51.76335027111419
-23.86379489672239 -20.749664278084023 -28.8226153099025 49.269035374468146 
27.36220940863464
-38.218855861173665 15.354985979612096 -33.831259910957186 7.381087218503332 
19.732657674949362
-19.363435834353037 -21.96002186414392 33.01876623295273 30.10305233168866 
59.25345601162532
-0.37826283983031317 -30.167277478144893 46.316902583801095 37.58917501224671 
77.41821860803778
-10.186539392795815 -8.603394808007735 16.73378848866001 -14.132123792834129 
30.64095133592376
-4.881898339207922 1.2451865599528915 44.85426640991072 30.839894706073466 
1.5699836278916801
12.931791140307865 -30.59840916768193 -12.849624311373034 -19.33602340544156 
35.00647031187229
-41.41076611612405 -19.47194744100522 -12.601363880147296 18.621520902569202 
30.036012863046846
45.41073945901992 -23.94291361797173 38.57977741269272 8.746241932006981 
13.235880922826038
-6.976526085443915 17.927028710946885 34.6761385960543 45.66606873665704 
41.531734790015115
-47.83386539797453 12.070504543625319 35.57740288232121 34.41417575439985 
52.99331191670774
-14.56400804821898 44.588185688944364 -23.203697548617974 -1.2577141762941864 
91.95872444740064
-35.2469575208438 -0.31181934785888643 -25.867864788665575 8.240398532103512 
39.020260267398854
-2.4484154732439336 -44.55021382689963 30.418414812229912 -49.8522131112716 
8.176036999715198
48.9583276725392 -48.9479837608289 40.99596610859628 11.575789741108153 
20.107405900947896
23.59777719483911 10.462769823111138 -33.8763023033562 -40.96781820086578 
35.86422378232651
38.79991464647924 -5.233195177021912 -36.137567470669254 47.52676779469725 
33.64594067734424
-18.07757115798807 37.52357630423266 33.60051347606698 -46.165038641045406 
42.532376430369276
-14.00347492698684 -34.29003641226488 11.887438115170902 -21.2431014213745 
76.4134612000622
-43.939011089067606 28.06204251923286 -3.0812040353584678 -38.09826401110783 
85.21186710498043
8.945264811118534 -32.43787221056749 -43.2516842320054 34.05662358603182 
51.778119238503805
-25.13124797758648 0.24230343779070296 -7.124743787804086 32.066934944156074 
18.17990425254853
-19.53678726833382 -24.128118169846957 -33.50209867349682 -2.0010484669775295 
0.3178972816225367
28.31322883250273 5.772668063025478 -8.394737766243274 -42.710892577568195 
75.19631861208941
2.7049523434814375 49.288148254520564 25.643868501036167 25.315546732901453 
19.765807624002452
21.213696923107022 25.259984509968987 -37.33416518200758 -12.762204528992946 
57.06618042081379
34.76417875104477 -21.69009179989446 48.23603260577795 5.859713459310271 
58.335475871868326
20.154132325752826 -19.923334466459618 31.694674839374017 -14.687362029154336 
65.51879321467669
-37.178952792262336 2.7373300296617202 39.65460229159457 -48.044921018168786 
75.29651264210807
5.330022957420589 -47.661970837269465 -14.547537479896874 36.49231182092477 
82.89317129703515
3.936211580461176 31.99653451606332 25.951899066723342 0.15924670792485074 
76.90878625425103
-11.621204825996742 -39.36950791767532 37.28278132743641 27.541794870267026 
21.226316952480705
-22.340611896640294 -24.500593408008342 -13.987150392917727 -40.58946817800696 
72.55623316018234
46.260772153089945 -30.28372174084599 -25.689089529437904 -29.35690142037992 
79.15115267263607
49.76829728646601 34.85059114506383 15.781853379546277 0.3954289489088154 
43.5224097175154
-20.212472035211437 -4.991018703400776 -46.602962591103505 16.960390810778605 
8.436051307925041
-19.7503499825733 -14.50159490634315 19.984371964126268 -47.18981337361154 
59.013517128113925
-28.964742684530233 -5.079319566236528 9.121466094332611 44.82236741833671 
19.760145229988957
-6.043726743177579 24.63039116869389 -44.90760767025959 -48.160609032196724 
14.763752799618956
-42.95792299052279 -30.70849389649959 -44.11838777479243 15.231077517499656 
47.95306141331086
33.41483364249832 34.83481002358462 47.99729061039679 -20.7023903380953 
58.1690759236191
-13.906977542911434 13.405680124998064 -37.69166463363022 -32.27080772876677 
56.78234940701519
-34.47897061892331 -7.802753747577064 43.52842051947373 -37.04987416146248 
20.01767067907567
-11.42013263427689 23.26540493329877 12.259888739892077 5.030277196481634 
31.606385741487674
-40.84026523329403 -26.20127319020902 16.469488323977984 -3.1697706684430926 
11.459984387525513
-4.26754424719892 37.83957285964483 38.03586771408226 -46.6940923155376 
81.7980311406974
-38.74447341897289 16.564072699244292 41.269128151000245 1.0014702328322684 
1.1421610117798298
28.114220104577555 12.244326640347538 -28.60653812732975 25.00785975112413 
33.569661302081585
1.835591108120525 -21.576210839989372 -13.279127720548246 -40.91638351365815 
41.98021945201563
-38.870444680119846 -13.123821616030938 42.47938137372908 -13.725051282590975 
25.29112017984764
2.126038600327419 17.960124695270792 -19.682766452218047 21.69357822410413 
20.75760960018236
49.18988885688725 -8.653141477408411 9.760481200541449 -4.663919788124147 
41.99888257311712
36.57080717989987 -37.91952823260746 24.891974745403218 -7.717518438421337 
2.776975730687792
-46.273691720039864 -41.08360480054459 2.1048459297253075 31.19000279562013 
21.76978216342338
-26.661807799954396 -22.41562799421397 0.9950970360052978 -24.9751677785347 
4.692138169268844
5.829712472554149 32.553413439032994 31.805144043627138 42.84737558861276 
95.01140750362308
47.055229430980006 14.361358081207143 24.950567371396332 -48.404363744787574 
63.20475342922307
32.66700392610022 -6.351692354896954 11.83296176256244 -16.49686938439484 
47.351074711470616
-18.811456886902445 -9.213594316210227 -27.206210363721016 11.829176060422256 
57.660876486252896
-38.50047407155371 9.957015511217136 7.064005445903952 36.42081580939967 
29.34664226323729
-0.011795515879789775 48.889853116344 12.653131452349584 22.173698752887347 
68.16699560694884
-32.53525283222307 -27.93526207983166 25.529714729264228 20.622040296160762 
31.167713928351215
45.85754750253412 4.105152250560195 -3.6810759620654707 13.137597691229196 
5.41701651399471
-34.56506754647266 4.346331758991099 27.653733627735946 -14.437830519570163 
39.990236013145584
37.34823771049305 45.687709010901216 48.73812059152819 -27.02531628968502 
77.04757537504
34.20934358958672 4.192203630333381 -2.543204197630544 -38.970556703658765 
52.208905837985284
-24.04000060333499 35.91213559162499 11.299635973875311 -22.09845272861254 
71.39774332602296
-42.18510284395218 -15.39314445260024 -13.791241450684545 38.0326893403774 
4.610100809135542
-7.885280963462435 -6.634370315118254 -39.33680137240544 -19.785988996872593 
51.73222059714021
36.381571574217375 -7.0745111376068195 45.13172169758052 -19.740939688428494 
59.08606434271795
37.95409353158139 -4.6526546838890255 -45.52514420316483 33.61989497218846 
91.2982870511494
-46.66641514633266 20.398913048375775 6.486282988680173 35.9168415079603 
47.84389842330857
8.169917145976854 -28.344825222412172 -16.141318611195622 11.5918861776685 
16.34250742333555
39.71788140564006 42.14711476052666 31.488896402619773 -36.12956593913567 
91.71819680306392
41.42051291004077 -5.197709700795038 20.64356173930021 -20.96005923386238 
5.042449841738139
-13.586785233795538 -31.83128118466535 6.609917871215863 -46.320551073962 
7.294079567436851
10.831998367187325 -34.320970375912765 -14.24529419643332 2.392431211527658 
55.15279412292854
-35.42667349977076 -2.2787800043370012 -42.700753727065724 -0.46250607083503326 
41.0605786785043
9.75800335935616 -2.6038910969220055 -19.736547100012036 28.356951599898323 
42.27815843159247
0.6171448881275765 -49.22854961797386 38.302188192342044 46.54775751293468 
15.527960785535688
30.817575052525186 -30.139341031398715 -21.250348271061405 -39.88469192528038 
49.63306343886538
48.859546041230956 -29.013546263337386 13.49749513774755 22.96333544292807 
55.754319129911735
-4.997872343289046 -47.29290683615033 -2.294924267270879 2.2155438423584926 
34.81175854798191
29.763795103459202 19.832912233121903 24.460040688651276 -17.035785052933235 
30.446741250707642
31.40485465250518 21.50323412055279 1.8226302123666258 5.492030172987775 
80.65834391635585
-20.111485252894568 -3.9673044223757614 -32.61749854671507 35.55641727245164 
92.95325843011732
25.25901967718241 -48.536652863621136 -24.383872902101277 2.3201638161497584 
47.30486352452705
48.80843749468983 49.44902814952721 12.056351391519293 20.89079691697448 
30.07873922728904
26.166214512683197 1.8216787599692665 -35.34707092166567 -5.44447032936376 
37.64799613521402
-5.668432302185892 14.331541223465521 46.5975581144731 5.6510239666345825 
14.588576859415326
43.656100736759456 -27.037269660272955 22.823284800123687 13.590840775198807 
16.092806033867113
-31.248755636682446 -40.079936699514995 -32.39557809784635 14.405938317790827 
37.168558430992725
2.8615901852258716 -44.40949400352612 2.894484164799252 -31.127046309713556 
82.74583794216352
-37.992691162732754 -36.79936610586646 40.3638754600873 49.52745949979712 
49.96041575825782
8.746904161989136 7.683641966734022 5.796631990459829 0.5542591178741247 
25.143834309072645
11.64647846749206 10.939142477889959 -31.69874228595001 4.320285868217667 
53.87531386209865
-12.068208601908694 9.574130014481852 -11.336374633147628 49.118115862284455 
15.124734857317023
1.340722100437695 -31.882849098043476 -41.36802352375142 -36.41483647319429 
80.79968178746472
-22.032695876341123 11.864568290344934 -3.075714423617349 3.039124233136725 
27.96338096921508
29.228982734426552 35.0022732138757 -16.530575372163305 -45.55241604078347 
67.45939678526895
-4.496522928753421 14.535119914522397 -23.66654660912716 20.851364754150353 
68.09689781825617
22.089848276512896 3.0558119164279987 -23.36797956257555 44.74449289968166 
55.822128024979214
-11.974428645067327 -9.228210941605653 -23.30734955697529 -9.751296830109304 
44.65787949691292
21.740699762390093 3.7797141116068786 -1.9539027053319984 43.70224286288639 
34.028739059815116
4.915191334066918 -4.130096015553718 40.38841161528171 -39.30890529026318 
49.933862317447634
-45.68476474667099 -12.188009138100838 44.74559766853994 -7.4992913108767425 
8.300729643584337
-20.98112607819398 12.940999570420345 -18.659786261630572 1.912313257919898 
24.407767158455982
-27.76880403979609 32.78626876059188 2.621916736468833 13.355216723935392 
59.23187827520556
1.496514855424003 -26.19979789644794 -20.622269001507288 16.00249405123158 
8.147702563235992
1.571273473414692 36.68069497126322 -38.312156679416596 33.02620978555059 
32.311240941653374
-17.395991131919594 28.87000109624283 12.65059256234521 -9.52854789423823 
65.25946390794007
35.92268169803387 32.91062564769088 -37.088946967372564 -1.4349460686236029 
72.22657447754631
-3.319953229932736 5.552492778707659 17.91660997370539 -18.204434152310746 
56.45773275248277
-49.07252561312744 -41.10276865433469 -7.319804584154589 43.314854172839844 
71.05976407903371
8.710209852012838 4.4560686584705 42.27307894013383 -20.864826196298335 
25.431260536190482
14.171384168920142 11.211627706310402 -14.462062166883157 43.71105265950443 
32.3191168104603
15.498584190339031 9.08662663673607 37.21914290577328 14.715837891306592 
53.76460991200233
-17.318390738941588 37.90566511396638 -36.389506714052466 -18.41525956039468 
84.08003793164993
20.06717104419208 -18.08704046285611 49.306724395315385 -32.85681560389661 
43.23824859798984
-1.876477400151721 7.8619228464151405 16.654869069199222 12.090696341091935 
16.360864604500502
2.117514691506109 -49.3113101663933 3.8071448586696306 -14.172430307494267 
65.1763656352303
48.50555685388973 -16.193776499751202 -22.8814860132178 49.003587186848875 
89.09207978006202
-20.768512310662135 48.96896293877447 26.856482682736143 45.70409631755359 
6.276503643552855
-11.644414193434159 31.21720193679731 45.15872005336615 -47.79636576313426 
9.30497594168167
47.27512546540437 17.122051591272296 45.82421610921834 1.330729282054513 
66.47860791177932
28.26863369058904 -38.75699279650148 -22.888510259558593 17.273411593117004 
18.942702622760986
-11.170115444447347 30.838793384930796 -19.132222311683723 35.83013193506763 
74.66699597599515
-16.395035114291403 18.71176348658753 33.1538511144587 -24.870346017363175 
60.26769196625526
-14.648864119074666 47.03451286169991 46.794501012379655 13.41934575690653 
75.41374199454773
32.912006125426345 43.52853032482467 34.405503324593184 -43.291058452098 
94.30236573058046
22.39779410599209 18.77851688875967 22.768367407558486 22.668513690490073 
67.94473679356092
-15.861560184015474 7.628909180687074 -37.187818045694975 30.418267681274997 
72.0049403873886
43.25647317633597 -34.051724351131675 -12.299201690819451 2.1803190075529812 
5.7317367055536135
-6.498158683533937 32.96174499592516 38.005106869085395 -9.833218933838737 
88.67168536565498
-39.52303277700394 13.974141426988687 26.294118401795856 39.93364824963483 
70.58895793145929
-26.627586644092773 46.76729297415466 -29.08960500898379 41.44263817617998 
62.906422055919464
48.43491936079401 -45.58649754342902 -30.08320802380827 33.74809981614847 
43.19762779127993
-35.03244092319058 17.08136902203985 -46.025108204723786 -20.469912845037108 
53.75484813557494
4.545978843420663 -3.919139980996732 -21.652076877224104 -47.32685241120234 
97.22512213057992
25.050184013170806 17.621961694739042 40.0780255818011 -24.66919719879188 
77.42577254758177
18.989960796260775 -20.215015689961003 -6.186639861717595 -10.127850029459793 
36.5885865097624
-22.964353671352722 1.0064959411440242 -43.07684949674302 23.426074131387892 
80.386126770424
39.89262908845393 21.92140705920437 3.8386638059559246 -3.145373223090516 
85.18990112846649
32.597957980679254 -38.07845269069567 29.169189308702528 -22.62777199265873 
23.306777803694658
-34.702241230166884 38.585473908669 -49.23092735447777 19.620398551958118 
81.18604320910731
-15.501720208788626 -32.94837159125742 47.809190033887745 7.45140515749172 
92.94950795249113
-42.30259406307373 21.66831713382605 -14.830232185624226 -39.86087448338831 
49.435230106330806
-27.777270292585598 31.210694542823873 -45.825425381291 -4.792064078975585 
82.03203463238651
29.43992618342321 -11.45194340432625 9.850104160428863 -14.866585446296078 
47.36602584931673
4.209929536197812 -35.53657715683424 46.102233642461655 1.4031490290853057 
13.610439471753255
26.382333925369167 -12.723653508979048 28.394599775148038 29.710888487606198 
42.6578599199826
-8.11847422798757 -16.360532001512006 -24.28079422580306 -45.852407641810125 
72.6118594171293
-23.612692831197368 -2.816111923511045 44.585025475474836 -39.8396669752501 
72.61351050297077
-22.915916673575275 24.411565809742555 -15.738720653253715 41.860617571597956 
86.68255861894649
22.689684760832236 40.99769518495894 -49.97148918493737 -9.837818793551165 
12.075860223789425
-35.557060426545775 -46.780892701410274 9.44545314815722 21.617099176520554 
48.147631912362634
29.088750913214668 -2.899474004177705 -49.954997799660894 -7.450949307102775 
91.63425339081356
-40.13394257879188 28.276445853390328 38.0716916076165 -27.063896957949208 
23.08118099820954
-6.009813504981885 30.50407636056866 -28.894900717278958 27.18569277911297 
33.4337762540702
-44.82169541961027 7.526243510415107 -48.54039706695771 16.02536378427571 
69.54522728700432
8.466444594797984 17.29994643517854 45.850142828435864 -40.070434124899954 
26.210204479570955
33.58680306540215 30.81129866153553 -2.4343181246225 43.11015073912043 
10.06925221847882
24.980517169009744 21.456079442362608 8.28686828155891 -18.794002175026502 
32.603256514142856
31.16121380459404 -8.814765135596524 2.5242481519590996 -26.75087502520761 
31.320480815580854
-1.2079699581242878 -45.6856625181081 46.75789634709864 31.52076865271657 
94.04231477103441
13.35653612710422 -46.08318394602565 20.070263275217087 -28.210331835790203 
32.380337582628826
24.21502745837114 48.30169445073214 45.68809296886445 -0.9145411211782601 
75.55610584990002
-16.77945671337767 24.43101790401535 -18.192326015630357 -17.53016242084324 
10.63019731875613
9.01545666435345 -42.708463341190274 9.14951491637148 -1.692619491791568 
24.047119626156977
-42.464088198212714 21.551239208009832 9.367674175565 5.574843851881262 
67.30717508576977
28.826800358353992 39.652268039274304 -44.45958612339314 -48.331158229344474 
18.52192014552959
39.783536141860026 -11.34750523587089 43.75526943439951 42.25676154352551 
72.47844769234642
41.34104517767224 27.021023399468817 29.01577997625256 48.77515749181909 
84.42122022989335
3.3263473889055177 1.7091820632359571 33.019645842777905 -18.806507874723934 
48.47316296497078
49.32831093729051 -44.22444442229989 10.92928309743526 20.18484199535841 
61.80258354279542
26.261868994247067 -15.960865711236963 -49.973034789164515 -32.42439582469589 
91.48945222827236
9.69306226968989 -29.6048370843369 -25.04662064331068 47.95887174923509 
39.26039658855361
0.45005178767480203 -42.562419190454236 23.598330241477953 -0.34090821585222386 
40.75814803171093
40.542085222188476 -37.43804505042475 -0.447901211546629 5.401617331112661 
43.001071433091276
-36.424905506093374 -11.698886063648153 2.4485523266161593 -1.1878170774096617 
43.70466271772767
-27.314393180484885 8.929409510576903 -11.78162151227776 23.74899375579521 
49.61775154581019
-25.15581932148059 -14.482721512659559 8.883069691484927 -5.568543959429803 
32.228671908052775
-10.50305858071107 18.76140006814795 3.7964644402994736 -20.062691172126822 
38.33218460788278
4.972221967355964 -20.093973984008706 12.553675547526211 24.935726383028438 
80.55309208493462
-41.690623369091924 12.718979037124875 -28.956470871588934 -23.780600051466195 
25.607924249816005
30.172474209070614 38.72397456177082 -18.976355547631396 45.20661019652903 
27.926854191789463
-43.464457512830435 -28.645183468415414 -40.5903065254777 -13.744522689191498 
14.217930121450062
-18.49642217613927 14.37275928881013 -31.45280772508897 34.58662967276554 
21.460354007711878
-39.229544024840344 19.588506040082436 14.211166220633501 3.179860406780179 
17.512129100400188
-13.538381741616902 -14.507637565193257 45.23699707115988 48.43513860439144 
25.00092130165992
-8.085863195991216 37.615422345140644 42.62834713046644 -19.3707215600732 
85.5305055089647
-36.68842649375227 -42.114110266022195 -38.60052201156394 -48.84139834619352 
91.50326712882074
-30.44573385774515
6.258252408795393
20.980182997202917
-22.607390532448846
