constraints 640
variables 4
-44.18867043691917 -37.701493191554434 -40.65750643048928 -15.204146000576479 
55.76588160696034
8.914311913335538 -23.16446434438778 1.731591579805844 -36.14076912718205 
86.73706103731242
41.63093698965487 46.350321387281355 -11.158469080001609 48.28518721559146 
40.855282676271834
36.08329971362386 -11.061718666800033 -26.52634300290292 9.92894296762914 
76.230227584885
-37.327368704253395 29.778431537187174 -10.412493198489415 40.88409340864911 
82.334549038796
-13.65077746613018 5.141506951632536 -31.19560566253775 -35.14907360390458 
1.5560379281851389
46.76159715689862 42.21051782001413 -25.09174306928018 -36.29111546985591 
56.236642476334595
15.783506459185404 -16.5977241260696 28.06891228117817 30.437181990674006 
65.60581417949537
-39.36348614168797 9.773213449788685 -15.372945880420438 33.33507327230046 
68.16446219636435
-38.07566270820796 29.800952301751124 -0.40069966702284177 25.767616133751133 
90.84957010765616
7.3860103988466435 -17.582616629026546 20.784393839929166 36.413846292295986 
91.93051151934675
21.390063287197208 45.85254274605229 24.274152544978236 17.813090903534672 
76.47308756441116
-1.8996978665814268 29.092108750926258 -40.45909589012744 41.33557123944644 
47.919278204253935
-27.0246155225245 46.86539441481682 -4.376984575980245 -11.325408018521308 
21.797472815425333
25.72944059648526 47.88586360037398 -39.944420529271106 33.549266294032094 
83.96987113326294
-48.4991344954352 47.242931078650926 7.504785319853369 46.734414497472414 
9.603900406538102
-4.334184260986298 30.73731591677938 -39.267636469199076 21.86938882019929 
46.84524604260258
19.40111004625841 -21.276618432012818 15.91273037791207 -5.332494287268787 
6.197722735613642
26.059009261459792 -0.8413010601992639 33.40421082130756 32.57496540532023 
79.6266050469489
-36.789910435634035 -31.10683003587045 14.460335222469041 16.205628645427083 
72.06731114614861
-7.483122823538537 13.709728404586215 42.03127545380369 -32.008943691279185 
73.96315208607662
-36.04388487587418 48.27070024197333 -15.633437350165458 13.225069105738129 
69.1717910506854
48.15215855585208 13.619382666034795 -45.10501327204376 16.01168107404932 
40.64758502373695
40.04902002772697 -41.46985146213754 -33.11585637871265 12.894289736592526 
12.388140672704884
37.7149719545953 -20.30044261429601 -11.048417448645132 -1.0384793385239206 
27.41780620060328
32.37595381685658 6.023316976781736 -10.489706080711116 14.337585858486989 
15.43477098440591
-49.06251661377728 32.06343124908116 18.158482760486976 -5.601172596159955 
19.459153146970067
20.679830585456898 -7.021692738166294 -14.791595955480709 -31.07678321341114 
80.45079773215417
27.64903464625823 -19.499679895603496 -29.29146986254182 29.844072116267782 
61.3655541994225
12.348737093421747 -16.76477709296266 -12.713010171530783 -3.4386855250599453 
37.94536026727331
-41.54790012178603 -21.172207046878643 35.01729033310208 -11.299395694853068 
65.19119399510586
-3.219556268083579 35.06323355386145 -19.6238054567514 -38.69829020757546 
55.449775184336744
-12.152039910248192 -7.8864124505091695 23.13576984666817 -10.649826030267128 
38.877966691750345
-14.39851146740363 -4.256552182667384 -8.227589568092242 37.3713794144919 
52.12967315466421
-39.955135948676514 47.119637862561774 30.44693012219507 44.9051938829344 
24.282128494457446
-30.875010024278925 -18.234808477980714 26.760994223987495 36.214199583900026 
18.879600480412694
-15.037870557363078 -10.734176509332812 29.802795146281923 41.54130064719456 
61.06251379276003
-21.751707849534764 15.547698235818501 -21.339382932313512 -23.966481942047977 
92.87675298990635
-2.8350821628552083 34.25215035728621 39.73642319468411 10.690701543284753 
48.96136726247392
-2.9442377961135477 0.7570040099780684 -20.64184185541572 18.04484797931653 
48.87345792716607
32.94287881032493 -42.562475752426884 -26.581735589553535 19.434226398469605 
18.948691292806085
-18.94874822381496 -39.95778252236366 31.930509479818397 -26.312291266717992 
81.132563143844
30.110207797499655 -29.813597319063025 -33.68896250638199 -23.214597724340138 
16.065869350720817
-11.640962332450265 43.183320263451975 -25.698317846473305 -19.6981650940236 
77.14109804072014
26.296490762090656 -41.491219804383604 -24.985061568277445 -3.3762836920843924 
61.66069733533113
-26.625795884797697 22.35264214482234 35.295491532904606 20.43429316355315 
52.17316191000626
-20.2292437415581 7.094733408564004 -38.09762534398469 -25.971223549905876 
88.43262190683411
-46.00154919245243 1.8860082035118708 43.2635047999038 13.515139896183413 
80.32301950728893
-7.238030376424362 -39.24569340431718 24.447133791768366 6.727850485314377 
11.995460323788276
-17.637079282573595 -19.609261941897536 46.854808463895665 -25.064085436221962 
38.51663214372206
-18.31337233303284 27.602515313061986 -15.401322314503716 21.143682302956762 
21.519048655671547
-4.7738916247711884 -43.746990156097574 -20.578482024229693 23.716845550380867 
73.76938905378451
7.859461219053145 -45.82513418908232 32.39170589314794 -30.22225887648672 
88.74742922575845
22.2646103147858 -22.97487032660097 -2.193408467373729 28.39622415557301 
16.93728811605967
-27.349297552321673 -15.068435262795632 -25.219210178984987 37.85899288502267 
28.938448062150822
-0.7170389319129171 7.4657093736178695 15.436325909292592 34.27315304456059 
37.56849460618763
-45.521070813188544 -1.9690509782569237 1.3287880914856558 -0.3852813669069519 
13.969214619551629
-12.196730460384707 -40.823796870520354 24.148953376743805 -18.25100776098726 
61.17455480641549
-46.378477355226956 9.359869601509274 -35.95303055668274 -26.7241669612129 
72.25775972775297
-5.7835964339192785 -38.85752128328469 12.255743576759478 43.62237474681599 
32.09098464017415
42.02624547910875 -11.051575643478806 20.88860721420957 46.92452194133169 
92.82984865995935
20.15646763236458 -0.3213811693698574 -26.013034083723397 12.488871479906052 
89.68282938034046
36.871590299144444 2.2287106810156914 -2.0476596404553575 -49.75045690399447 
32.690130349279386
-46.71555609455348 -41.77624961843608 11.569913022817616 11.883442600191266 
53.382534911239055
21.616598985963563 -4.905132918683307 41.485916678114165 -21.27060169560724 
53.83001627781026
24.33297381400486 2.414920008756013 32.37969893318963 -14.202240819522224 
61.14757301037995
-9.918252275874593 -8.830325589509258 9.736441247831863 -6.936623111541309 
55.22484180776988
44.982236415879825 -10.58340751866097 -25.631214335258967 10.334521422934465 
37.42896835558671
46.40273513320949 -25.320916821786433 -30.676322857279693 6.975469501218953 
27.8563636132386
-7.370414228166197 8.508972854377625 -29.39704520840525 33.46835789163512 
49.49670342640026
35.50230140940273 38.29043072182279 29.184998317347393 -12.201186327168948 
29.272380783656605
-4.081867349672173 -46.385547393555704 13.307707498849766 -30.57846740679675 
46.63433024578887
29.348200044508403 -14.594665460111479 -44.36715465871502 -43.70593369957086 
25.90455975758984
-19.650596547724575 -20.72191670077427 -42.7303054514378 -16.400855734024198 
24.765387983277677
48.33683460722753 -23.250397060748373 48.36968879559328 22.56131758143212 
84.06258246649928
-29.417173173596833 36.43037207804316 27.46566612305807 3.2415462453141615 
61.793715975403686
44.60343221101623 -4.482392959819457 23.425215333786568 4.082196625130955 
47.27348875815511
-12.907295032176158 30.17777524780287 -35.0584067622302 -25.867320485463573 
76.42611912252029
25.164691529583223 0.4673754710413647 -5.767665602613469 -31.900743728025404 
31.818879384715125
-25.503407800423815 -8.670375484190487 -35.415288337815966 -28.643875128442275 
58.40916993609817
3.115207679967746 26.698250791077797 -13.928544813278364 34.738686268716364 
12.630625551375418
19.68550451621131 29.133429694835698 -32.31845417250317 24.0317898181722 
41.674947836140774
-39.496610183049896 46.66003848901012 -23.17239614584835 -11.642379288260543 
87.14191638709976
-44.71400730147451 2.820405592599471 -31.992033762079586 -37.67511249561039 
67.38831105739122
8.197559831340108 -5.660889681769717 -36.32334704805206 24.208945467622172 
69.57121113669949
-48.81027170784644 -47.56191849497513 -47.561643312547595 -32.76415300525207 
42.668628290356956
-22.477746328201988 -8.547113734479218 -8.489031487629148 15.137034893635786 
27.07090104389074
9.932877127542973 -1.2411503794835141 13.287516875460184 47.50970416009022 
6.981750002907394
-37.484992108650275 -38.41767347316812 -4.4892233629680405 10.932737332156897 
62.14164353255606
44.44292567061734 11.805860777275754 -39.778736515997934 -23.487981237229015 
93.83629244159076
7.453816738713606 25.017490047426634 -46.543680385706985 -18.71743893635336 
32.95123295528568
5.754840813429581 -42.95270890181438 2.812440051119026 -41.51489308684927 
25.256801544634232
-45.72346620319217 -9.968268329297068 -20.338320300555203 14.855668647084656 
90.27001138657086
-21.795743666594568 27.205722007793142 31.71333549772956 16.913987714886716 
13.143280759729015
1.4096548895573733 -15.504419062445052 33.61028438950761 -17.294421511343316 
72.52210476260802
-12.382210535942782 20.85236876133625 -34.18895082438075 -13.199385977322045 
10.471379821607607
-2.5885509787837577 -47.83519809135321 44.61340505768669 37.35665661050139 
10.144455966258302
-0.7625156567246734 21.760217764351736 -43.71079248429097 -28.216644521664904 
59.563546435830496
-11.907554100394755 0.4133557352441244 46.53798674180159 31.04603513912066 
38.54793228485125
-25.55239871983275 -4.057781037209253 5.71042908469078 -9.124105297354092 
10.403371517745652
38.09589033624921 -31.771064458733733 -28.387295784497102 11.759851964086408 
42.30265975317364
24.540529185442068 -42.72069626986503 13.343995148020142 -21.923458102454564 
23.02101759395263
-38.69373077656314 -44.64369659287127 12.587568064767915 -34.088805132382895 
58.85262730926826
44.29931844368633 -46.16034881424065 47.09017969326031 21.469765334331527 
51.007191603589895
-31.778577919899355 43.78482825266545 41.471831255906125 -23.458903807217467 
60.543413757556884
34.43512018233335 11.909267370956321 -49.59331897864902 -7.727321036292203 
12.689231962924108
-7.797756899097628 -37.63389177585851 -20.601460592763242 18.380980889559567 
31.775856267613722
-30.94129184291663 5.210847126414443 -39.65380172548613 44.4492578093908 
59.710623277327755
5.24478941269215 13.063512833126303 -25.13415217607711 11.405238311264057 
31.743902021136062
29.358915325882975 24.912002136052408 -36.297376258918725 -16.784335061998156 
24.79239158905998
12.856822225193888 44.83759707338376 41.00163957939526 -44.15116330817681 
20.855632657489398
-12.707596981975577 39.256832692470994 -16.315694277960844 47.49507665766069 
79.23148473607928
7.330590082483589 37.93265355473105 -28.782167373231548 10.10213125464142 
64.26395180450918
-29.0435549689687 -2.24990459283557 33.64627924921831 13.9661573569783 
21.929964373932876
10.065181946201044 39.635071974802756 36.605502166268664 -7.728969364505559 
62.951706708212626
-3.17071414844208 46.84755318942187 19.19229246071768 -34.0850025590802 
3.9850162985793247
-7.20374786960123 -27.478530304231462 27.92551998694772 -36.83445579358856 
0.8411970652802747
-8.555939484000405 45.43827824124172 20.186610579096524 31.08697997094238 
22.45079989019728
1.1422881780349812 -49.28619128936447 45.638168263323024 17.526156892034294 
5.0593854938737355
7.347153824927432 -42.26390481463122 -47.506964500130145 -48.10319857501014 
82.96933441005595
23.591388606180118 -20.56728767913357 38.96806066257082 -11.299467454862956 
60.72874052215679
34.22803328486536 37.531950138432464 40.994108777559674 26.758084900257558 
80.53171069506125
37.0594377153345 -48.276110498955916 20.70906029899892 -15.15948392007845 
86.7235838383567
17.555123789010878 25.413232462566242 33.860077230313394 41.31765271370382 
10.457672395128558
-6.108781868784938 -25.0261403725763 29.841777677869914 -20.08866176102664 
95.29956080514296
-16.61616146177809 -45.84131848568961 39.16966419655836 -23.285219654953092 
35.36929026138994
-7.595852769406598 -27.11005068168738 15.87974464352159 -3.886001316117536 
27.24803070493369
-28.496367061876025 -12.989863142669513 -37.318892844012574 42.636827164470105 
68.89257943723476
36.856439531029665 -12.031239225685496 -15.691089749946109 34.253242172131934 
71.43954673895387
49.85854918510768 9.158737247834537 -3.527949785042175 -14.774258673056984 
21.27271058522617
-43.563501187964874 9.901812981388602 -26.02056669506053 41.4849417132191 
59.80476993694259
4.120299700682509 10.129735505795892 36.783571655567314 -16.56603475933447 
97.0685869284631
25.20957629826124 39.46474559919912 -42.3964881850545 -9.091854705561644 
37.77373712256317
8.137201256495217 -40.31420017228385 -36.99789606383892 -12.825183675519071 
59.44912063656419
34.92514430737634 -39.3825597631661 33.67384795293498 -18.39860282387328 
78.08416873813519
7.261337776875678 13.584872165656094 -36.60934374081941 1.8151173176822013 
31.00632092088016
-5.499524418174175 -10.970816018357077 -49.47616149098284 30.72518006694726 
60.11795393088776
18.617866089654896 29.529253873856945 -45.15188549840007 -33.21659554850666 
96.90217924750067
8.48135497069881 29.070937050382312 4.593719772837758 8.820082023151663 
25.285887625346646
34.38456009816659 14.744083758976728 -20.645316175598694 -37.80595193196214 
4.862430813121
-38.2187162855002 47.333379441566166 39.25066967459905 -14.166044467405655 
34.520725939520226
28.06909142236401 21.95454470105183 17.388359526448767 -47.39218438996811 
18.118152114464316
-30.230330320771536 35.59487619420109 37.05185454865948 -13.066721281110063 
60.03636329814722
14.391509105799997 12.53344450922421 -5.181036833689014 7.866378651903581 
4.786057857298232
46.88391986655208 24.350573500738633 16.76624318385224 -35.17051943069633 
98.85801166481654
13.297283960876591 -12.981723608109384 -36.23690325314897 39.168633703217324 
31.092937463386725
-20.741167626826986 36.807512816331695 -18.27465503583753 48.0277808099557 
79.22853744774622
-36.74742567421677 -37.884408190623546 -43.41200827592894 36.329350346641846 
39.82406585545867
28.590679255550327 -32.25126471974461 3.408558661660642 23.74424892279869 
67.16587187940316
21.530494105338022 38.09985018323536 -24.53022376041044 -33.08317195948911 
20.75723788901973
37.08686803884221 -10.218086521245255 -5.847811782937271 19.7089253022654 
63.81471225145033
-34.27961508238684 34.864725787015686 25.23980131195067 -2.539895302033976 
30.793583137144388
-16.28874545729505 46.937752012085426 26.381002031353788 2.964311100157026 
4.744006684598312
-34.971022985362644 -17.198341296657404 -4.898417100543007 -35.78603940049536 
69.98607703849757
-32.85071522018214 -9.094550747998632 -11.01080486212257 -33.82336292272649 
40.24357485315223
48.75322216777485 -14.521001608804099 -26.606799509026047 -30.54943686063101 
20.48184865262497
-36.57282692554441 -45.26547922990598 -49.052582742180476 5.812633100898083 
46.53556084522958
47.06181177710111 44.40493114791964 49.94087722435626 17.601525440704677 
71.13269349320714
48.679633962822706 -18.245573921258273 -10.299254991490706 -47.48063294435877 
17.517589143128532
-16.78848210626822 -33.08061946736155 41.54651838331188 -37.19288080492984 
76.59975782774981
-41.762743507396316 30.738315969001974 -30.422162394426365 15.71438651954827 
36.3864217862466
31.64278894603457 1.7285445246355096 19.435490088985887 -10.142908765984295 
89.40579118238499
10.376662396987257 41.750150200590994 -49.304386086256756 -16.904371768219015 
67.75710958232578
30.956988933103005 43.33676520937459 32.53338058987653 38.7585644554663 
92.60690444914397
-9.564647952399255 -41.73720081145247 19.470352915273494 35.67526570065279 
30.509745074331352
20.297621791782518 -32.47676626208005 -0.47279780063195176 49.18259987562149 
93.41302351394917
22.542599860279495 -19.570968721379856 -49.09827587322868 22.001820077019772 
66.69270482544867
0.6753043125233589 -48.75333194055187 -14.10502773364071 5.075724524942196 
90.84230881228885
-48.72569954936482 -49.95015632903099 3.6596126083682563 -13.754688979490801 
64.82925032877087
-34.36148263821968 -41.55618159748084 22.368229462446692 7.342782852290128 
37.82249822765944
-16.267815278485124 0.8507804775429975 -29.63365157293525 -23.62111886069169 
99.66739130155082
-12.440359339183814 49.93364344778173 49.34712017058732 -30.408427989790788 
97.33647076465165
-31.182288503245726 16.994326020932505 36.332766406591674 16.2071373176166 
32.84732090622457
33.65099905667701 -16.822820225452183 -38.8471743271003 -10.33061542820679 
68.34797749010771
0.072225860679211 29.985155119897854 -35.30802707112577 11.689276763325473 
68.51557946571636
49.433829434157005 -16.584943414391837 -43.97555895870835 -10.379391826036944 
88.24674009984227
-48.04621861369894 8.73791057623908 19.008665817166644 -36.08114703949549 
58.281757113852294
24.351793658898558 -10.536064544191618 -13.392368623499117 -24.430530957089157 
20.142384485848396
-2.303345269428533 1.8591234666031866 45.96559002474339 -27.90036493522323 
5.095687583235408
14.96027497545029 48.26663948687147 23.312725222629453 -45.98842278635543 
4.0494318404863066
6.143077843348607 25.243754705745772 -19.103599604269384 -43.441617466963 
74.93755672638163
-26.14449787628925 -34.463149466363554 44.12572081297073 -45.47621362386125 
97.1881004653586
-8.347846379714206 34.812695258004794 -36.687999342743815 -1.2666020915249518 
8.288606470509308
28.269152644928354 24.209822028625922 11.83462816822474 -26.272385559170463 
89.43852746909454
-42.80518141194523 24.34300933896732 -15.965647381804573 49.45730757825203 
45.1278452853752
-10.108308215972585 -13.09076256636407 -11.404241722949038 39.53380530243801 
52.40148048903741
-41.83537796897355 -34.596881524720516 -48.7007900784606 -26.188420523397582 
72.93426368607538
8.661880747354644 -22.416483801241483 21.532588109951604 36.6332236715826 
44.322180226522704
-49.2861203891533 -8.252185572980686 1.7211295060470562 -11.72127876724106 
57.430675043835514
17.44293024517532 35.4817184096689 47.6690520174532 -32.426297558074545 
35.92287549492189
21.31692381416758 -11.68652229997246 -19.8532511565765 -30.42117955427397 
71.46375463535126
43.98317836820371 -8.32927444472358 -44.20307539042771 2.5774994106490325 
64.37468154431363
16.833378933472233 -2.845487338233667 27.284872589540214 22.98504927211097 
44.6661177467901
-8.57180330008633 -5.404111615188192 -16.47628095041067 -5.173771871298648 
42.44240759061025
-30.02656542814521 4.063236522830671 -1.9646274356358262 47.41566066177964 
81.89462909433955
41.822537105134046 12.322924836948076 -45.78416797080006 -24.101750848938607 
8.292922830659432
2.4453798600865966 32.81458109453317 -40.60237854539103 14.358146239690427 
53.70068409237923
9.235027855122837 40.94857857531656 -11.873447377844073 -36.67097434144774 
67.41560197125031
-33.80282317521136 -5.615432810019541 2.7892722599226403 34.666999553696925 
29.392111663611487
33.897214418173505 22.422898618024135 -20.222009829630082 -5.868175158198831 
53.22282586955167
-23.63510836128102 19.32979954572366 39.92654145675738 -48.72459470891975 
80.03379200227087
47.40764140647333 12.190566585642372 -22.440366731108863 -24.8693266763671 
76.65192035000368
-7.559626132265038 28.819788041336736 17.799556342992005 4.470500644218525 
22.759144622791037
-34.21462473065506 -25.550673014523937 47.23738699131815 13.998583512947384 
89.76256402705947
6.709987985372834 -32.56800419219805 -9.27600378559724 40.01202580498092 
52.093645614735884
-46.0728014285968 27.56876159065129 47.17008644284313 -39.8466637361724 
4.013127184218124
11.44949227351789 -44.58838344942897 -24.71956152362129 -2.752277900624989 
22.003348891305496
6.61935262768899 16.75407501239647 -4.146165570509908 -41.355915600448114 
63.51590711721151
-5.746449167556264 4.136679303494461 6.793611472099002 35.53098306197731 
12.76756809551256
-29.72574101077544 -21.868997937625057 11.117833054402837 -35.318437693552 
17.837351127412436
-19.889032273382824 43.29932041792448 28.79721878424985 -48.4754679616963 
68.53911704884294
-18.584590832279744 46.13582319137713 41.851605615056215 13.651287874062646 
91.36027793014668
20.59979450358739 6.913725867634938 14.929592657170701 -40.961324863348416 
98.91443473138474
-24.157591094973384 -17.20219932397793 -22.662454136145303 18.7444728173749 
38.20855188411312
-33.62604662153914 25.600331884469 26.477797661246854 -43.623592097669174 
45.618227660137315
-37.592191555898545 6.89128602043246 -6.307502459045487 23.49918733537308 
67.41067580127884
35.76135962061005 40.39722572186943 -0.7882210863863008 -13.97443860284433 
63.45458545533287
1.2759503468282674 27.015528393117776 1.997475546825875 -37.368810547630304 
44.3201113706247
-33.0783923708754 37.14819215317772 -23.582866367099864 -1.9520024543452905 
13.24251903688819
-44.928603700977874 34.74798441530173 -23.361465155921636 44.92839546400572 
26.101909135980872
-33.93955398096917 -43.339500465614165 27.64899273527631 -5.422392020862219 
19.105171847896273
26.933377299445 -38.25936018173381 26.229187404460575 25.377027074716324 
83.93504588942515
12.422592530005694 -46.525799053924146 26.506691196949234 49.17533355828108 
79.09731285713598
-20.54168814393179 12.930127627279475 -7.916544601062846 -40.915530213066766 
47.878034514797285
-29.74989769835883 2.211157974604518 -12.20150755905918 34.93568302173816 
7.926604829768458
-32.067579223934885 42.16475526173679 22.218644026492314 -48.719357645495975 
85.32435378474912
-23.02040917040141 14.861482308863643 -37.73141594284694 40.542922942462496 
24.95445610099557
-21.959180840422356 -32.918142686562234 31.760985403862833 30.344825282954062 
76.66932074353686
9.349461527956912 -27.384938994301912 -46.65060001065534 18.096502305915408 
16.568423480654914
48.11116088615208 27.87553779779435 -34.309459660719 -35.64004331427428 
76.06887886151496
-21.198175815944186 -37.63339147453784 -1.7532008211820767 -37.563112889419315 
6.528974575149327
-22.55628012714267 -24.130232714932088 -22.808121497071166 26.395288017196634 
67.65340919822165
23.909318514957363 -30.96312603360999 -41.556796760765046 23.690075801059123 
63.45050566928754
-18.256220639538135 49.05846413841117 7.384093552696605 45.12736790749385 
32.738917829517234
-29.836273007362347 21.395348097036646 1.1055116526551885 -34.59080189072136 
83.93349974446035
-6.733866946622335 14.809231289919495 40.610517345258444 -18.592524035727955 
98.73881480140675
31.272173555678876 39.9888343445523 -48.08546340382127 -4.564911096502875 
81.08829607546804
13.978313810292242 -33.12024196849017 37.31002283151767 -30.83761515608262 
20.719828365188764
-33.62799120164621 42.73546752901777 35.8071841896456 -31.35300349657616 
19.65982180586392
-5.366071236987615 -17.79323431647626 45.115877212295274 -7.921620586184105 
59.77525014398133
-35.13654668370629 36.20829729566168 39.67065951216739 26.165000619215903 
4.368264198074412
18.71775657606966 20.35088943870403 22.39475416230927 22.68250195445563 
34.330694772419
-44.251365349652225 -49.109042753845024 -29.909234005186324 38.14487122534143 
1.427004797110898
38.19039518670968 -21.916695194733325 -1.0795336454444637 -15.171378970676855 
79.6867387770447
-22.351657608911935 -33.16154450359099 0.08812817655018534 33.73403043658281 
53.802571107945916
16.04469151471646 -43.23978354456335 -49.440636842633324 -33.339239306305956 
13.887042770113933
-34.45275726400192 -44.87153200820154 6.943008323464426 -33.4931531891422 
8.270712449549434
39.92425105850266 19.540874295926642 -8.675160370100507 -18.383914944667733 
63.53979514708923
22.61124876723906 20.965620420331504 -25.409607039036242 -5.94629530157151 
71.6395151999942
-49.70636668445053 -11.832499798182681 32.347122919920324 -31.988870214935094 
98.48754740834217
32.255820355495985 49.838093840167986 39.85354323743191 -28.54117579307135 
39.908566596704986
-22.449591797781853 -20.742108220841338 26.42413439234197 21.606733054877523 
89.00044119203429
4.462638087334355 10.0702752823562 -6.519843776414682 28.076928992134725 
28.178976482886895
-35.4959557112047 2.4921676562619552 -5.095016422842079 -46.03953026141181 
71.05851738681119
38.89852456707959 -32.37289376627295 41.36700543727086 31.03101352916991 
71.70141873314513
6.100358628019933 27.64590576655705 14.557008960123724 -33.64543174363723 
54.700208212650914
-31.24942140046747 -5.92190447161407 -4.364497954400981 35.738038822030745 
65.73982178000021
17.24103897924128 -15.613621670280594 -47.559342887219536 -26.051468103639884 
65.5688767155477
36.73471126432621 -48.993378364319916 1.7931950153608796 -10.126099015792079 
80.44070697805265
24.94548783795632 43.67326012454507 -38.86372544359131 27.177886997777918 
81.72263563125942
-42.847932449226874 -23.54903356997714 39.83897046814418 31.673621334302766 
88.44873879626236
13.649543760826845 -31.630929071712742 -47.78155333323364 -27.7549654699925 
35.33230237035193
-35.83657079961537 -23.402417761470716 31.908868467981634 3.30013363227377 
9.727109457221994
-44.33208564276211 34.45884461376244 27.75439987543919 5.079143014855923 
43.738250817025104
10.941763974409767 -7.8630033243774164 -14.706119589833143 -35.00958647449801 
37.367794125553324
-35.88827251940842 -45.392640163178896 -24.276687451225133 -16.054385658373036 
25.94198769498748
11.676734769287776 -0.5261329546955338 31.082464111645578 33.39864850043614 
7.865929069979916
-22.989990526992933 -30.538245572731746 -8.664014464663182 25.840806867320353 
41.25737724765223
48.48350189885116 -33.79763192345161 39.29239857360416 -1.5871768730093763 
12.450531593602987
41.00632976099469 -33.73322318530357 20.814107508736356 -32.893977553333286 
56.63755682707028
-41.63461411314698 -15.423282218192547 0.47565390990613565 -25.05374863658948 
75.98977659221208
15.575037698120923 -8.559732252361918 -6.386791067502415 -14.160128639488889 
41.036555175064805
-22.93742735740666 -9.403140756068431 31.034981112441514 -19.165791402283805 
15.414155451783584
-23.177558124042143 16.512040367294958 2.503326584710372 -25.503397334151124 
89.78237273982835
22.765588348287082 -42.92390389344247 49.82334081285768 -32.15420954324729 
9.529278292544607
9.017817168204608 13.326322375347722 -44.67084625633071 -2.3412455812139683 
72.86570873522463
24.474407486068372 -48.241334212359696 -27.73903142675378 -28.387689586747978 
90.83796344332325
35.25924135028198 -16.97485771797748 -12.5579247180451 49.80681351020381 
59.633589264102504
28.745693761911994 34.12100201358412 5.766338703104459 47.44894332645502 
2.187699844155344
42.15571693934339 47.75923259069775 27.3278208070666 38.730493608553445 
12.77968854768674
-8.492016516354596 42.64315828035349 7.635289626565253 -35.109262803929575 
36.64590435060221
-9.05297957540975 -41.68222805836401 20.25541293995103 5.102120521989541 
38.71603125457622
-14.333204514113042 -3.38784119972172 -20.19138794068699 -5.624448781891481 
8.23550857642472
5.746661139405376 44.24506193437283 -35.931437769410614 -38.95866923589627 
84.17913444351541
32.80991715223614 9.264069584274502 40.746383677828845 17.794727175456444 
39.603696371869454
-26.946175342297174 -44.84981993100754 8.564637335069783 -1.0667018914951498 
42.86499658188918
21.211432808193493 21.446901375499195 -5.306340804935402 -28.679628973985693 
26.226101297271263
42.62229036310636 27.755779041509783 34.10654229198384 15.323885535687992 
76.41207580702425
-29.41215950081949 13.96449675259143 45.10557912254397 7.54091989586253 
66.55870078475854
-36.704145956248794 -1.9712202432926276 7.849428434605322 -12.279176391265622 
14.381961006999877
-14.94028159978722 22.127495154491115 -0.6577526050248537 -24.158044881018036 
75.14400237276179
26.43075546747876 42.054914088560224 26.70978135620939 -20.79066183592718 
14.059053366907436
33.209366698852904 45.38907833531559 33.69836263137397 29.317142445362265 
7.873349655099171
-10.251235815078573 24.039933060076308 -12.755755932918014 -33.11530591991948 
76.75102908346567
-37.997659424179375 38.690551733863714 24.466336878687514 -4.742636815566236 
82.53210536028939
-35.56488564418072 1.1341114275324884 -25.96280809551682 -44.532882341703996 
9.480964078004806
-11.02445545117623 -31.492507151642823 -34.57689167450286 -0.7702233168975781 
25.85056310723084
24.36082337785689 49.18752823604318 -37.07028925520298 -47.33733691470068 
23.99294067730562
-5.884886254765334 -23.393446599103594 43.57176609437545 22.520231250410944 
93.30455316113448
27.62960633624664 42.86764571107071 -15.819015085692541 23.7458302675969 
96.13025529270851
14.195417501598655 -12.956506247330289 12.162974066879016 44.68251060808758 
7.922310060157711
-25.802137741882724 29.937106954288396 -43.02880049533017 -19.34245218438789 
92.98731530735989
13.279826697874029 18.61496439334745 7.284840685581372 -19.66132028981138 
37.73713451716255
-11.122419873989053 -39.66037319630787 -28.119332638686746 -12.8607392891929 
70.69247953727198
-5.839099802109807 -14.707569351293415 -3.7281190931137473 48.241867624211096 
61.97005773618436
-45.79617082810819 -36.17055496191588 -23.726848960487203 12.876920046669227 
67.97271599096315
27.621369984688556 23.40179599345589 12.785676572228574 4.793451202166288 
67.53714784807379
-7.158784731470604 -41.72878465435469 -19.155194049441803 -46.56354738618348 
68.31660711616004
5.718898460407438 26.564261171376458 34.91558772573397 -39.63887217826333 
19.368556593602037
42.63965889692831 27.81167219613448 8.759161115080417 -48.62389638539638 
82.93806149193625
-11.658778384744295 -19.407139852787125 -45.39620126670786 -40.65445898067506 
79.92985685415438
-9.83545133183695 44.57292801356921 14.370618022944441 30.075060933083932 
57.00897881474455
-29.13978395321989 11.367843186176543 -5.005926188454083 11.275811828475192 
30.192053219665915
49.36707322524474 48.34415084556997 1.9541685540622638 -46.41183506391327 
19.747748387710907
-13.037441944153002 12.727413046656686 -21.870869782100478 -14.623485804623769 
1.3588644693178997
42.68780988670157 20.269676148910193 29.330351368178853 -8.397761829564274 
64.70707458446047
2.0924665884359612 39.95631152712316 -29.718425282152005 32.95022702080129 
44.49464096660518
-28.227122869967225 33.37650196686516 22.83660939036531 32.02210371808374 
47.59685724283034
-2.837596018586794 1.6932652640472625 22.914178758091325 46.283606621923866 
94.6828106485191
46.41237978193385 -25.10610824275352 2.5973423301091856 -1.1423848913499484 
45.61577860634518
-17.66316522934686 -19.017863823695947 40.955782530005706 48.14598488933113 
73.67420169381708
-26.616838852092183 -27.053692630945193 -2.8553214682081247 -0.7667798517810667 
12.771605085528194
-19.848598018094187 -30.45416965898792 -0.8090886922181326 -11.344386215049951 
86.66101737281132
24.50218208099902 28.91472442162916 48.61351564706864 10.12793364709912 
51.08018487128382
34.68625743934841 20.764494379575268 -35.152124039025644 -4.500163537408916 
16.65194002863001
-3.9042430300620836 32.43920132357508 -8.737638315468466 -12.18279003918343 
66.69420891683559
17.97191135678021 -38.299997806643205 -12.001623791019497 26.184465068570105 
86.05584806779711
13.798641921801 -10.131025958889971 -47.94595745062116 26.183162257075125 
94.58537728128238
40.585159201879364 -43.94963742624676 -20.469805554782607 36.93955794795899 
16.947254486503983
8.463214742567473 20.459194879923743 30.37720941321716 34.65227746464845 
14.860163648205804
25.120325638113755 -35.82480968703068 -7.085091136966405 49.72130727263297 
76.83966902093678
5.142813679128487 4.582032332034338 -19.57628797669472 -46.61096746701509 
90.41506704824175
-41.161398422564446 -2.845254153374512 -35.23144317986525 36.83301522754826 
88.70031169465112
-0.4125585301476917 11.793235262501234 42.79330946583643 -31.288895751441427 
79.52991664766782
15.559671957873903 35.8901708920132 -0.38868045122178074 -19.73519051695685 
25.7795061286086
0.2396570799067419 -3.785158119891733 -42.07644091380382 -47.99889670410348 
1.067334793862662
-17.668650061228227 -32.005689369131 25.901316656492256 10.95697782020234 
12.292333891952545
-49.05892955006451 45.11418162476757 -17.900731100146295 -17.512702996110043 
94.91571513070888
-30.526346726853415 -48.05410309792697 18.289145167072036 10.673315304517786 
39.0826294131139
15.865861304783408 -28.154545366937633 14.055130907695698 -39.71940716735526 
49.717176599827475
44.43496711411767 24.782607374987606 10.367496142896293 17.688609259152358 
53.436284773416446
-43.19046753555183 -5.148503362042611 6.33245272073929 -1.5715434313532626 
95.10845452492931
-47.976501421250006 34.40078112106541 -6.459263046644423 26.521388343360726 
38.82141939682094
-0.08601091618126588 -26.1085258603168 -31.81630045426894 49.23242145474616 
40.83189413583622
-47.19620863952064 -33.96601046714892 -38.10861047366981 3.7640178026814297 
3.4583043761321597
18.05170772242326 37.06916439899726 -13.652894913843838 -36.259194200033676 
12.118118794395894
-15.095850951882795 -6.765647246335426 -33.7344566818804 -43.22483093144473 
6.51609281463309
23.08217977355835 26.902306836213157 -25.339321092026278 -32.4489927463828 
84.4868581846251
-15.391773877967239 -26.97278239444607 49.74130014425408 22.51462570805063 
72.96287175351799
3.5059265182682893 -9.774576051568587 -25.71458709308737 19.527836365906396 
74.15542440315697
-39.34358386041133 12.011639810544914 -37.00030977040431 -19.16010543847798 
58.53894441779106
-25.04000103539089 0.09784050444611125 32.109309386894495 -18.230432181596424 
37.995496483150006
24.226459063235325 2.008665601612634 -15.984894352577072 13.683521695915658 
96.17234512190882
-41.377964827486295 13.349150827193235 -12.633032497747386 -6.551788484125495 
82.66110960262301
19.476957548504174 -9.797982352073262 -30.636477312694932 10.036846721991822 
75.9140007553623
23.82745049845964 -34.49725868607637 -44.89329400183244 2.643803074787776 
62.158843103568465
-37.98659430468207 47.16892380632267 42.06561094355625 -29.259610717312057 
18.954193814350262
41.77907923096468 -13.547193804007485 -47.846518944509555 -41.07428200579709 
50.59325700837955
-21.32198163064939 -2.827376705602603 16.304513437620898 -31.304134612255474 
9.621057459435878
-4.324399636119203 -18.376690343549072 16.749179233311096 15.460982546270202 
38.75630978095623
0.9883027341752069 6.805556239316836 -14.036244210241357 24.05498183619389 
49.8968753693496
-14.747843245749856 -19.08793215652196 10.012010535592978 -11.583217066412189 
4.111922664668677
15.984122335751323 1.5679352800058624 -29.589449731626804 22.803500818056847 
21.673281729253425
-10.226406491553497 -26.66356258037502 -3.5333548575342846 -0.7493419245263482 
10.840830462626016
37.13000731118203 14.088595643237099 46.307875620308494 36.35556123473597 
50.767979551577326
9.920797247252153 -48.922609954058196 5.691395085943498 3.3387045043998285 
85.05426881702898
-40.487072687549755 14.103448198923687 -27.208731256614684 42.525776306110274 
2.0227082228194027
-24.451651679101115 10.00787553356983 8.955951332804204 27.783351162714453 
87.96787598209261
-11.558197935164493 38.474330878365066 -16.277559848438685 40.59005653767299 
30.285918813980107
-29.434768331906426 42.542940842375145 -32.257050710394886 -11.015610369874949 
42.47229933066249
29.572781001665746 21.742793932085576 14.872795649094641 38.92842804758378 
21.75808412543376
8.609545198419568 5.829677545917491 47.23169054355539 -6.221305892013277 
4.6792537061027595
48.0450425953906 24.06682575970376 16.04976868809473 49.62418840688608 
83.3590916664583
-28.02428717371318 17.283422767562598 41.95792156021048 -0.9029204991461413 
68.00917908423183
10.31949379691546 -3.2059001558729534 -26.076134817184716 -15.153587376714484 
44.09472314050611
-37.55604805985375 -21.035636073304953 45.54711799401967 -13.09526259148177 
32.37904064130791
27.283768742354056 7.105507482379139 16.523455298121377 32.15215209022392 
86.79408757564109
-24.895923675400443 41.279583872796934 -42.93939337781264 21.751154716507287 
12.019065182485633
2.850157913012673 35.65272702173087 -43.7710144470677 15.108376359364286 
16.316129725009688
-3.380438212360424 9.305948469051309 -43.683354471715234 -14.064789893262578 
22.180376292529104
36.169919065651186 46.261078328447866 46.12233310839308 -20.23813330340406 
21.94722133974857
7.115529142481861 -33.71175903250247 -14.412608018950635 15.782828463544988 
15.089251375680025
25.47187588391526 18.734004374201845 11.546941687724598 2.2006549785722385 
8.11238056766619
-27.718619211693586 28.51571648191019 39.175240964129856 -4.158289325673827 
99.36824847376514
20.47158117774734 6.550908021054028 -18.161011593271315 -13.711776856720405 
44.89124443359778
-0.5473906088206846 -35.92711202384599 12.198469617769405 -44.76287577499642 
3.002352818965437
-18.331498461791863 -14.419096578842371 -11.159395064002162 19.95934301009345 
44.67030801965821
-18.71284927843948 -39.536808690846726 -20.060928543970448 -28.36701310285167 
38.81483383554677
37.344268076165406 -39.56103814916535 41.75700666649141 22.404176677599423 
65.391835249127
3.9021978779926982 38.69606467364099 36.6103038789669 38.14524746361086 
22.180148333887793
11.698607359092982 -12.80191514989125 0.23666079974483978 40.00780941561338 
6.405810345769103
-23.477337773484585 5.300489779439076 -7.5144610345179075 22.41357448859928 
25.000352933876947
4.627909363066493 8.064262208481523 -12.383756642132873 15.840875643010705 
27.336035016418958
-21.839724408590953 -49.61513333231953 18.903378589551323 25.419091375267243 
37.279626152718535
-20.20693257305972 11.355078514017421 47.771550273609364 -46.589021275726274 
31.38864241142404
-22.24724055331997 26.12083274886578 7.4498276844217415 -18.58075263365617 
40.23375381577503
2.7798865352971944 -27.45428506553723 5.955629378662273 40.69451075049885 
5.227542518014516
-10.481862604547821 33.016068783113056 21.151134557516073 -24.252739447184226 
72.86564987693075
25.58078658006383 -24.082165540870413 45.70251665767212 -26.6033884615127 
61.295309496470566
-20.194507411772445 -46.500301406987965 18.138946278101244 -39.30312854955523 
30.234071851779376
42.88712471244607 -4.0598763271204135 29.958122095243482 -22.031080552438866 
43.961358328033974
-41.9524142110028 -23.572435711581207 11.132467610710627 33.09969793121539 
56.963617114926365
25.656290009330164 -49.79077929559609 40.01038574677439 -46.00229989407093 
17.135750784971616
7.953348380306878 -29.810282885452622 36.19318091647909 -17.368553172805704 
67.42455602996382
39.29786897340405 46.68405971747488 -34.217412423069405 33.81938772442973 
72.31297624048915
49.04160313229727 -25.452092921577574 -28.66854684559621 4.795583871291377 
15.799339206693253
-30.88699555396307 -5.034479002685224 -13.806700040819905 -45.90099664498288 
77.03472280023918
49.04680783731112 -24.161892526155192 7.278776919923388 -5.316775858833822 
69.10819173495683
41.13646047448573 -49.77081587796275 29.452593990448477 -8.095486352744395 
14.424945691801206
28.4708605970997 10.74596313015882 -0.5054897814326083 40.061929272569685 
76.16230987871381
49.401258441565815 7.647325485083925 -3.451700232729749 -13.375318638148755 
55.00892033583917
36.27198570048715 -40.181949643982676 -49.52544317254235 28.48298384320364 
30.134593940681654
-16.687915603554472 -28.915472683389066 -16.717822325393186 31.819424120007625 
8.046323342550298
14.84535799334526 -37.16221607781552 -4.2934965248855335 -18.392163852604615 
54.58241204012667
14.030151489675546 21.679653544542305 8.860340618636023 18.4828458576429 
46.96600311412755
-19.654582009732746 29.113127330018386 14.01911444800588 -40.15630439945571 
97.73465202726643
14.605082553250412 6.608132536074741 -15.646133050932164 -33.22502204623626 
13.378129159983054
-3.875636526133306 -38.151995253470375 5.263758743117172 15.962139549014253 
50.88907381165987
-6.582373001366385 35.637557856691586 -40.234094153876285 28.38680736166245 
18.0619362822797
20.525557250376266 47.666520977535654 -15.28589739028903 -37.71803761260697 
49.890733387322115
48.01212442130574 0.6443779299524905 21.72436537548657 40.504058840604955 
62.10063989274668
31.19677300941281 30.908209346424954 26.563348471898024 -7.8302432691745665 
17.725685873396067
-49.39678831871558 41.45982623315912 -31.968856745178485 -13.19834672130441 
54.088078576550444
15.011844231665378 43.70441742016452 48.533061187532496 23.30275348860863 
37.92665291106776
-43.24582120636171 48.48218742013785 23.81848330828639 -24.182553287254393 
52.50596723528683
21.957872546949986 -36.41513790240324 -1.2055817620653073 12.914730246410869 
47.221116775955885
-45.426926994093755 -20.535153619240308 45.58199940026505 -4.981265492499752 
88.7197701881323
2.118755259330584 32.26565605687841 -24.135854000134348 9.986155952372435 
18.94300572487725
8.198828699670244 43.61327138038972 -37.11798486574921 -14.701852396954841 
43.63205358492406
24.1374278075389 -25.535435315668153 -44.59129066324877 27.235628597660323 
1.2739892793342311
-18.392828230432535 -27.74091581397261 -42.65344365313767 8.739518775942798 
48.24314974911348
41.05347567267572 -18.482682605251334 -3.681039793663409 28.32498352094916 
34.28989484790655
-12.57878013712044 11.398415621013626 -30.600512209584018 38.314469451343285 
38.891832048666494
-37.21211467650689 -31.01543025447522 -33.83611108660058 -30.2784045637721 
12.784319008547374
-8.65655005345306 -20.42996684951852 44.81741226698399 -24.44581013261733 
25.787265289135142
-15.807564550284646 23.408631794438207 35.16871421119018 19.2972500955147 
86.46045941840957
12.225523812148843 -14.996231737549778 -3.957238094322676 27.84859306516188 
77.91401211279104
31.720432802746984 34.28159136368592 -7.025367450450219 -2.574972019611799 
1.6710117733707897
7.164185786540969 -28.39808912127325 12.714583486646283 35.32929587856199 
8.12354011806471
41.44317052568887 -28.186744747603143 6.222717136238387 -26.182324213594775 
28.605062896077705
-17.828538214045317 4.847963505112318 38.00176448535797 -4.421322854426954 
74.1595684705739
-14.819459453937789 48.24216588499314 -47.12711249713413 -27.30052433592547 
81.64263633611
-45.955266909729964 39.70374692050267 -46.77291975374664 -32.227402324411 
29.754941686458714
-28.405494513355244 -35.46745169956416 -5.656796449126759 28.497543093687952 
8.307330023335835
35.49811516709728 -35.695174325840185 24.458605205603973 -45.780907976418675 
45.35065457214318
-25.316504281750685 39.97294416593596 15.070099223508976 27.769061391529476 
81.44276966143921
-28.834896575722002 49.95598870725789 48.033976820975624 22.322235996791562 
21.302244612096032
-24.50056570887764 -10.61976278189335 14.794364216183425 24.552393027336308 
0.3297198798705936
9.809881264655573 -18.464664391513796 44.5016864011407 -7.685357294101223 
83.84638517920915
44.18439696180128 11.569431819241437 -41.56941332286391 25.058333003438563 
67.6701575441118
21.369913476055913 -2.276934318324045 44.65342893270265 32.01122102358458 
52.10505060423161
-28.498585776916862 -10.958588841027073 6.252351969217585 -26.767818063480973 
21.727660775092883
14.987113696591251 -49.923612186858 -40.06361216450046 -41.49885449739167 
4.822483236894836
-27.3640747132356 48.34691933497474 -19.393284695463297 -3.8408412052085907 
35.277790011713336
-35.02751224503379 39.28583127094055 -49.35927069262831 -4.912867830688164 
40.490263051222165
4.706296004113817 -35.50344874531453 -0.44303092843721714 -27.19131751072731 
47.047692391558
30.006605642440107 9.19283538045947 -12.765802347657143 -0.31392054704295447 
91.45957102662324
44.49117785218584 2.607395331419461 -19.347138668826837 1.7838765645323278 
26.483951755690114
-48.56607209139412 -39.640836510774164 26.754247546545997 5.920872827096588 
19.320986418734876
-21.481560284747992 12.523845123230558 5.164615006220252 -35.55989933334317 
31.266498933705112
29.20477935231473 -20.996801089218554 1.272259410150376 -29.33054144388446 
28.31741657004967
35.8376744610632 34.55150405498841 33.126585790785384 5.151618710091256 
49.08215698780533
9.108258569102766 -9.38356308332331 -11.569411259557313 30.11715221527173 
99.22387733956718
-0.69899603867011 39.140804370359845 -21.233985041517613 -2.8570080086232608 
3.6940891140153975
27.98903386020993 25.018294935901125 24.550441278162296 41.416469573869435 
76.67018555035169
26.60264567757463 33.10468579729174 33.50184865869706 -8.022633369435603 
91.01583906836879
-19.47021100322639 -11.716009306079314 43.758143359259364 47.743378677462516 
67.30320428248848
-6.913170185447306 -12.181259987765557 -43.33890038228034 -4.363259468817503 
17.255779990256237
13.10046095864228 -48.01400086663901 17.233266923751273 2.5098390954714986 
98.80038367942372
-12.351453303984925 19.211830114286855 22.160525685070226 1.5809434590042812 
69.58752790068294
-41.370919902213984 -0.564934220437209 5.610722838719305 33.222447972857566 
95.184982413586
-13.042334299119318 8.901433629537358 0.23740341613613936 -11.013993786248712 
24.38409579473475
-11.746320282218925 -22.18576846548518 -24.35091222232971 9.251271546519149 
82.09681771649045
45.58167768597232 -45.43509921655029 -12.705171862843244 -44.39419042499391 
10.801189756964291
27.799009599281135 42.80419058033873 15.700693524189518 0.688885150935306 
6.894743855267061
47.02597915484603 -25.118109328663273 -47.72285631940682 -37.248269871493854 
3.1930390368881345
22.327274937599867 4.8481571632495815 -20.210817820336825 10.447747152323075 
48.274558215587135
-2.274303312486083 39.7632118021005 5.744705631053748 -16.564810605762148 
27.090263961996342
2.8926077872441383 -17.24070938892031 9.033669524740297 19.48669175382325 
74.35760517163514
29.894963341323617 15.038786442748673 -13.177836412259225 42.77142436494864 
75.67363942046215
34.25096582367438 -12.093472845202726 3.884449786862646 -20.89016944027591 
58.1325818584604
34.96570907537705 -12.433919827279851 5.110663356448782 46.61570227955107 
50.062905407273426
-10.980529940263082 30.510303796998812 28.594460668637595 -4.008862675519431 
66.21951963125586
35.03871645786657 2.406824361312168 28.95470683505654 4.724598309374485 
43.34107556343254
-13.666741657661653 -3.764060422872305 18.297703103719797 -0.8944087767192102 
37.98737031515517
31.047537954684174 -0.817142439226096 20.42387824034124 -41.5536393660667 
78.89977639054958
-44.58225209071101 -43.30058754602696 -27.93332885908808 25.06564830256231 
74.22371469089741
41.73607128792095 -23.847060899983763 31.106033309290183 30.29940491147144 
15.080069648513273
-14.003980335437468 -20.079209512277153 -34.24545232919786 -35.744898571393904 
60.26843670173293
-26.579344462681 -45.5445785161096 -25.77815018816271 -20.636611712553176 
24.6686790932527
27.713829301786504 7.209444955991152 14.9859436090576 37.21887793133635 
80.53645229735169
-23.992135631070955 23.15287073269633 18.383658228374742 -1.9383221002384872 
16.876677454685474
14.73008581468224 -19.70951063922045 -9.65385303801527 14.416916399800172 
7.734419173810114
42.842207277198725 -49.67662788959388 30.069297217490558 43.84904208713223 
66.07423508978115
-45.457984381428965 -11.656588428379344 7.949548340607201 5.905908802224857 
9.201481054374716
-19.55110972420091 -26.089668012658752 -43.08799110742571 5.037715668954299 
53.690971650680005
12.558604064511137 -31.50549408655542 33.77221220052195 -33.190676320692205 
38.36597036173111
-3.2865696380422236 -13.87761914378688 -43.61966614653454 40.315228370322004 
83.03967380617911
-3.2183725786449244 27.46953333425965 -10.647356297983443 33.421462847606335 
25.312612787690835
-47.08780880575385 -10.06635236630391 -43.6898754171386 -36.44267856695951 
39.916558018578804
46.39253284204517 -43.330327300755116 -10.047235692797841 0.12559061606238942 
46.214416656546334
-25.50132025234284 -0.9487817104191976 -10.16053886602235 21.76036362114428 
1.021759174440473
20.579150455730172 20.792509044780402 -10.405783877680577 3.4619242737241365 
6.529080878547355
-21.305277477000008 32.282371824104075 -9.816003335776436 7.063775448740309 
26.68924277956297
-18.614637639604936 2.0030892979921475 26.422389833042587 13.943769478227871 
82.332766262443
22.581201459957384 -1.446752082730363 5.785214713196993 -28.029357472217942 
61.088745305766544
48.858187552335096 -48.89676551297758 27.793323407962504 -26.313167322829713 
13.218479546440765
5.1898534220803185 4.219073787654281 6.88998489753434 -31.617459979448416 
31.748596173039278
-44.25825114775699 15.497887988543539 38.83079689024915 16.498147874250293 
59.38827186353293
30.538680725565797 34.39320690046213 -13.388194866007908 -10.365582603595158 
28.54519260589896
40.180100984350275 -4.824494281775429 17.778979119883928 -17.510544775618733 
25.797189728078408
-2.086460038966152 -45.250866249691754 6.829707145649699 -35.64931260063976 
20.622544978068845
31.40743382264705 -5.62200235843364 3.4087345289978614 -9.929310076177153 
13.653505528948696
-18.92450620424806 -40.12964236889411 28.56044786251961 -19.038801469251343 
66.26632997527605
18.603462407504182 42.91972227263042 6.464607033066727 -39.31003879678546 
0.7484471363249479
-27.622512112874297 14.304024218928419 -17.83432553875356 31.744199213950452 
96.5965433075441
-44.33449908518791 19.821996952823824 31.418397184962004 45.077367212875075 
38.795455254724956
41.7275219804806 18.89419050742218 42.21346124723314 -29.755716450505055 
27.908635623288692
-26.399507887729314 18.469989556373662 -35.30927871743006 -29.006451184979408 
20.33327217414881
17.473918906917064 8.921257722108521 -49.89912349313017 11.100383926461255 
31.245282478243052
21.8865995311525 0.09499676919148925 9.392649391048081 1.3655721805075558 
37.22987535285613
-32.04073007856624 -6.440968929489621 -17.42929590944138 47.27883606531222 
70.79212310553629
-14.876085355425218 27.072377121157814 38.21705759565734 45.809912278027625 
75.16968894009173
12.85306363621396 -35.00323594991872 -38.25561327816649 -32.68209242463198 
7.246290672454081
-38.47148061235305 -6.848537872607096 29.37755883967648 28.305255963304546 
56.780761937372525
44.40195839196487 -2.610945935608669 -9.220779722664673 -29.35525621839745 
48.50380617264302
5.577726273239733 -49.04142414473854 44.76813525369515 -42.59080159977483 
23.640816388324147
-4.784167367617911 -26.96679889818232 35.089001627626374 -31.172984631810476 
50.76119808372478
33.95308650607903 12.41071844910585 -25.572135707249654 33.94786799043138 
92.98246347076304
-36.264878326974745 -11.414605945755 41.40346306785561 36.5863710406923 
19.150667444854285
47.73060700654143 -17.669434936247633 -28.116182057308837 33.39362368418982 
17.50253071884813
46.510602435850046 25.780287725113865 42.755833453924126 20.657696791038035 
1.8618347351009645
5.726031026701214 4.660861767351264 26.265152607054702 17.84352127555431 
40.58460899426819
31.09323645234771 7.392134361672433 -33.43519374466052 4.568859639780889 
96.69438786512914
-14.479182136639913 12.148255723725008 -10.200913535003075 25.09278106434587 
69.09661732301623
-39.28564343220857 -16.23905586399357 -17.08535416835835 -39.10627459362668 
8.294739817169216
26.788141874681045 -10.074353852619545 4.293719486586568 -7.951736425647191 
71.66772539107568
-14.117314398201387 12.108193160246458 -28.654496019401343 42.563407116036544 
79.92899606618408
-26.763425750108404 -10.396382919669968 43.67498657062623 46.74453985304676 
62.23542659859861
-4.805064650857815 49.39967618483924 -24.832337054175866 -15.214358289590258 
30.319070863555055
17.23365485599122 -30.36713579288485 28.079201419319062 30.419705164015625 
2.2499693205469073
-47.47658768651599 -0.6927963642806318 -36.45637898624605 17.711488342760745 
16.416491565668956
27.71610242255653 28.98102249655767 30.225250549890603 29.202427262915236 
76.10923823410506
27.592473871152194 49.817279660510934 -47.81150954845151 -43.79410601849494 
12.419306873143421
-24.59549140084213 41.5516213160693 18.930234655296445 27.49068051465379 
84.36318737296598
-33.116597463582295 45.487718567531914 -4.818084040615169 11.240753561110964 
97.0744292719661
-2.0033568759088567 -31.954871304273947 -4.869175528219515 -26.585776850533005 
99.47769499396769
19.724566324671173 37.828610224998144 -37.46334134984042 2.1645362827372736 
11.385528190133865
5.6067396101236895 7.71981708432984 20.38355249040137 35.02704693761373 
26.299085042517312
-23.946902042484865 -0.33886631359860786 -46.8849711075712 -19.647098237198513 
31.113322322987212
-32.74806290814861 -24.836125410681152 9.607179442551463 46.04541297665334 
60.94179408486162
36.211059196563454 20.777826194271668 -39.677759300658025 -37.23598174098308 
69.57050654127283
41.97792721259299 24.9620414608776 22.178120729229406 -3.182939504618872 
0.07395316634670746
-24.38922517324048 -10.705014724677042 41.645720106685616 24.276526424502364 
20.650662882482173
-7.107205977405627 -38.93430583351984 -2.913083478118736 32.375084235224875 
90.25312019654966
-22.66918008938189 17.568151818156934 33.27388134862608 -13.743247833520243 
87.07417825075183
13.882311341064543 26.602056550257586 17.714000390914904 20.306260931056997 
42.133095023835374
30.658742290094864 -24.4356472515456 -28.747633301064123 36.7756194132986 
39.58222866127324
-7.634472868844753 -24.553661619493518 -15.79714793549384 49.9707292327748 
55.402141138195205
-36.93580215488783 25.590874154134227 12.267499160074955 16.779334021532193 
77.17254817648028
-42.31721459770182 38.60282027896771 11.026847461475 7.383137648459538 
90.91370657391035
24.6642185683896 8.024270976251088 4.346266825289348 43.12698667584431 
22.170290096448387
24.468228333615187 -41.41776383343828 44.10442619820043 30.652315771467286 
90.63753168832255
48.341349252101864 -48.76906166448828 12.501816925825246 20.87239821867783 
85.49944142804291
29.836710746428082 23.621079214155984 15.969076346928148 15.937300107193792 
33.107663653144726
-6.482417360719751 -16.39874010958605 11.4187586204323 25.92756964462653 
83.31220731804373
-1.0850221079767408 -26.32639260438837 -15.387089585788075 -2.115063462880393 
41.60365576444291
-41.79206175088251 20.224185726084414 -20.73924363816473 38.05530109592942 
15.305897685455982
16.98504957334464 12.342287818411599 -42.4261094441269 38.75324765567318 
49.31327709905305
31.224630830936206 10.212156916751994 -40.995476651308735 41.06529900120954 
24.581829449639482
-29.58678500565808 -33.167983743052076 8.81857682973456 1.9931945595212852 
5.443527257272529
5.9361852103358075 37.36388431330309 49.58172484003302 20.509923285859628 
28.563520069065838
-29.947911934054407 22.965685669020914 -6.511460918003344 -33.13073262989509 
59.23778043622323
-1.7216183458093255 11.353672679886671 -15.421107847563988 12.784714484850447 
27.890014371360827
37.67974353792947 -11.556541484903285 41.445646647064066 26.469446405829814 
35.999660694693304
-2.949367262434734 8.9019065538223 -4.847400926259439 47.33809318786243 
85.74431190067769
11.345580115037457 26.83811957636118 21.898282515534717 -49.27763531042666 
66.70993764393006
24.00983847973727 -15.333817312501196 12.823351845769906 -24.998674732116722 
1.989462900086092
-27.39411450776127 -37.92054051978736 -29.34155622041321 45.15187139823024 
17.15542738874982
27.804382644987697 -24.537445673582535 -18.61074837894544 -40.10774259315774 
45.80116814942059
-23.755156700968616 -9.010768359312735 31.522766807212406 -15.78341535297433 
95.4848272725152
-29.90390671772675 44.7604676730482 32.63484889759398 -5.13372308529798 
26.053026621508614
-49.80745268040677 5.195051166571453 1.9549099238135668 -7.822673635776113 
80.89468696226766
-42.167034721309385 28.384659861257106 -37.100728371114414 -33.66081481480726 
72.18937854629368
-45.712998989039654 16.69943746971657 -20.948397817154753 14.293430989128353 
88.17052610837938
13.907992734650179 38.50624861099506 -15.179063040853833 -25.944446363784124 
29.183520057793476
35.9110783842643 -10.456037443400177 -41.60876826079712 4.3677370160952975 
60.817590501857545
-26.470539655428936 -1.8697095619915984 36.4164754257462 5.901653965549372 
80.7110479612695
-11.690822645068991 -2.7638961966997684 49.79612963715262 21.649543580764757 
12.579041960895488
17.508543762013474 19.51652895530148 6.614151515278181 -26.644339435089282 
54.966925939186076
13.805930541807435 -21.44227969568201 -10.395978288364958 9.087790718158487 
26.635646898686637
-38.87419896901759 9.746002776511794 -11.205268097829048 46.13321630093867 
20.530710224452232
-25.222812482613875 37.52219022181488 -31.630484037289953 26.938161957634875 
82.40153824727663
-29.132902337917656 7.721889335164022 40.95547432543475 46.840292980988224 
86.05991631281339
5.940372030270382 -6.123271129286046 -29.055868779627037 -40.38445778400378 
40.57924877502611
-23.468295197644462 -2.6647369968799666 9.778480999088067 10.1163241789206 
0.9017665607565672
-16.47117822819788 13.75554661739573 -22.13252874402839 -48.89263497295111 
52.33051579273788
36.23331526835496 39.71411139186144 45.93811396956734 3.2802281924341656 
45.306378012467654
41.69654302726346 43.78792203556171 -16.491148820508386 -35.303536220225496 
12.686078859597528
32.67398694594834 -42.90166440941328 -12.97871416905788 -5.365803959834437 
62.95987863831284
-19.117443293217306 1.8759687649069292 -1.6929950450434887 -1.5306002256549789 
91.5993022635094
-25.381249099764148 35.948529203255504 32.86922752777795 34.40130289038798 
47.00661589734638
-16.02358072260226 -7.485169727318265 -34.043112553541775 19.20536580617538 
8.598923349559096
24.39549036419872 -3.2814769202601752 -35.79738904517992 45.152018262394805 
48.380750647956596
-3.589850875942382 -29.71901072890081 7.990864793194895 36.661903864447865 
74.38183366056673
4.962883129938355 -28.070202854865133 20.09866008174002 -37.79698225219165 
44.71681918278298
8.510307626906396 -38.877559538535124 19.713168429301163 18.71956965727867 
80.78656065367338
-24.085774412072624 7.721398269729306 22.09697563598047 -1.1467872650302127 
34.76624120561331
20.644234286965116 14.320348555725047 -34.99961273763813 18.853182761109366 
50.59337429849512
31.81423340461768 42.16586908593899 14.08011941811003 -39.22708932606604 
10.335243444145892
-37.73528540390636 28.240581351226908 30.518209256366617 32.31054214509112 
52.01162857419334
26.409740335025433 46.906218519740335 37.07850240927992 -6.988360557363563 
91.31405783025444
-41.4102958128267 7.852932770513867 0.179696482594629 30.360100234276445 
76.35549528542222
-21.763800529170464 47.96008580749414 19.071693809546517 1.8795765462640404 
83.23546245246392
-2.648432142974457 41.87595275242059 41.24938324612506 14.99016583803781 
78.40443968397254
-34.504853801118315 -36.9535230078439 -18.20219958463135 -37.35922950843229 
57.642776826408536
-7.86972868324758 -39.47110422254224 -32.24070869309532 44.28862063182575 
89.7362615721408
-22.848907176023538 23.02152195142658 32.44893173192938 -41.900198706334265 
47.836026090551755
-12.124088870141392 -37.725634147190334 -26.46085995313391 -35.99827691484697 
58.661914393703974
-7.850368348533031 45.77908701086575 -41.352963743996156 18.646065276554467 
63.58526580595052
23.2693557441156 -1.5363844497923154 35.17728602213138 38.87332042365057 
14.349235676972826
6.464789842066473 34.408828743810346 3.79518551432718 -27.667021801272828 
33.24965647067815
-11.18063016093501 30.11114074683681 48.93783255742561 -38.47546630355602 
35.67598646052434
-1.8723130221837323 4.9494647139285775 -1.867071377447182 5.616852453823448 
88.33005539170651
-20.383015026262218 30.598980734440858 29.691667814025593 -37.11626234941268 
60.99261605945874
1.0683163155236528 -39.51700454951148 22.750287128665363 -31.721419921290085 
79.53411741979292
-11.65816321420207 -5.770971528579224 4.216517621701179 0.365148144984353 
57.30590662570765
-30.072298765001094 10.652344183797382 11.406338662109803 -13.07073829877455 
3.4815560454442673
-36.3678558796797 23.301494553069844 36.03709497316724 34.7817101157781 
75.73236927340233
38.191551970404774 -47.670414009694575 -46.959941616697186 32.800202070291576 
81.57073167709731
37.79397495637218 38.709408095026674 29.87769522734868 -41.163136727604986 
24.044115768339335
-37.9060538696289 36.805862026784354 -41.04899133172775 -6.008133225393017 
56.42647046260478
17.852605190669607 -18.374513015893267 -43.335010408027166 26.25535967021682 
51.68101663160735
-28.41175588487703 30.521196161675434 48.17550471675263 48.07222782737264 
3.725475603132511
17.268300751053857 20.253966467775214 -13.960351301608029 -23.716735832388846 
52.985475440022846
18.942452907799733 -45.68090578844269 -14.187065493124706 6.250832236273318 
27.83512382103719
-40.30802856774432 27.173728112949505 4.015691138741559 11.32168310409358 
81.19627662016315
-15.339698417092762 -44.873978318284834 -31.99795253625677 -10.997039961150634 
56.20144431331908
8.676753658811585 -36.32962291870814 -34.4173048590962 -18.419640392048187 
29.794773953971166
11.742580640505182 13.760879449060404 -22.244287429237186 -1.0184126445805433 
40.1928544912463
-16.236000842529194
3.195037132861124
-14.716282188816557
-21.77658252271084
