constraints 640
variables 4
25.321456471539534 42.88332935706049 33.528530676810135 -35.40454225204232 
79.65058764494692
-12.629586655338187 3.1278358369035146 -34.30295150140105 -19.20669368527035 
93.45584652531994
-46.722350683568855 13.952601378985108 41.9104056022 12.356203519400232 
56.929116820581896
-47.051971072467325 13.030246144345789 -8.315253981878243 39.48158060881762 
54.42465850856289
-31.987811417996337 -48.22572693879077 -2.0864905144197365 20.942611751049412 
71.19611828397082
25.37514279563625 -35.21344689582935 25.468250222847274 46.71470324149476 
93.59288191098513
-49.30484773895236 -41.701074033963515 -48.33224651045778 14.308624109311438 
53.51919582678741
4.179602287907571 -39.294323261854274 5.829620568826023 -44.25252243738458 
28.03242011559528
4.041676788827132 -31.8541261476044 -7.8252404543883145 6.411590850238305 
63.510002376326625
-3.0770802783150586 9.435504543443308 -46.387525001814254 22.01022282450539 
71.23969383818375
-43.87761085102069 6.30507975058832 30.525141614090217 -24.915757438942208 
37.647983449950814
48.62862416008083 -46.12736139495773 -5.250940438619423 43.54304039456261 
80.8752046084958
-18.550646580251538 -30.47835999932742 -43.45497696253587 -40.79294981922844 
42.446833896447856
-38.555191862634175 32.61571663443348 11.293202583035047 46.368364458944086 
51.42525102901146
-1.0631909683210807 13.317914864899315 29.147393666949768 -36.40238688890959 
52.96759866968173
-2.495574169171647 -27.233879212459343 17.60540381971596 -40.19093330214753 
46.11420848669182
-18.0045430616784 -40.66113009257886 -12.596269331479313 17.823169604325827 
45.7252248452799
24.673925911738976 39.51087028821949 -4.55729325214044 -17.67386915486768 
47.88508328472722
44.931853928768945 -9.855080516206542 18.582703640936202 36.65928555468135 
38.12042635251267
-13.332323363496336 29.95901817862682 49.01642154171985 21.09805365381405 
66.41666731246367
-23.6932783903282 -26.053793941210756 -20.49553130018874 0.9479444349080524 
1.5975160406317856
37.20004001520873 -13.351190222111256 17.00589362276662 28.859871367335373 
26.430353638366345
-31.413131100200996 46.10796631870872 22.222495921694033 -44.251184478012675 
20.53508199203733
-13.391116740568677 -43.185361293927485 18.778766665109274 -39.65787530142954 
24.243515540371007
34.245998241929115 -38.59391689336053 28.274078866188873 -21.661066010585884 
6.4867279551127925
40.6865828616947 44.02930117980277 15.202612483364746 24.19055241384568 
24.74704580574354
11.684301730638047 47.63515833205625 -43.14819692709134 30.020762899506963 
21.182081831025645
20.08231828549046 -8.340243789318713 36.78745847602167 31.009515447524464 
62.632449575298764
5.51131345815562 21.741385557286122 -19.129433814374654 -16.117961565685825 
20.36576498759237
-2.8098114033731605 25.44725089171422 12.633253351769959 -4.026987255008976 
50.491161495579284
0.7503959494516224 41.45392648578374 35.979247798254036 34.46033034397915 
33.0974800958038
-28.678223909723588 33.511806042288214 19.743780291852218 -22.58512913042079 
5.8910484650871675
-39.432483166433414 33.51945920312497 -23.652919945479024 -3.63875436051935 
11.876543568098363
-24.598274874843028 14.56567425205391 43.493898845883976 48.38639542066335 
21.04965200502418
3.7057209278362677 -27.985134934948654 -1.8916239774111077 -3.2658250293809203 
72.51781499693656
4.455935372492661 12.791478109794376 -16.002078506441897 -45.89122547850791 
76.43105033015304
47.73631721767917 42.54560857607248 7.554429154274786 -46.5912994756347 
29.034399496286746
21.631667214863498 34.702903371179175 -19.766373611825948 -2.3843639877552434 
65.46577254941491
-45.352933504232865 -31.0327755454192 22.70973475777552 6.535788107494945 
78.12995089598328
8.057562711804813 8.674673152201073 32.25158089035439 -17.942934382327458 
56.4162585752362
-21.38182834929403 -45.05794960961771 -29.67527485295166 -30.3291107402475 
5.835750512879379
12.99162096110652 -28.666335323586477 42.67803685664157 -20.18845807142762 
81.78137624365309
-35.157665384959884 -7.676564254976839 -12.624230911936266 -22.896127282209843 
51.224477349457764
47.70213412976588 11.585394394203377 40.84964762434498 -25.26930530061129 
60.96297634647067
0.9921341658378964 -40.98274117238911 39.013922263340106 1.4180789707619468 
40.18468041222367
-24.52233536495463 -42.03618214564783 -2.0405362942632834 -41.16038329840238 
31.427655590379633
-32.1947131095843 0.39132994509499497 0.9882035466219108 -19.904127095948542 
87.45151570063442
38.97791423471388 -11.19619502540344 49.019006876371606 -46.738016391174256 
73.32325565376775
-44.06253401062678 -1.9155013499702136 21.641162625444778 36.64061739978473 
94.27673095146527
-49.45986848900405 -21.67629946604972 49.53571469317933 -45.024498394772664 
56.29970067436164
16.72709626060977 48.619271986162616 19.70034406952314 -17.872113565151103 
49.41298618937826
49.58090800860778 -38.73862927307965 -38.33361086997515 -3.5166680712269596 
41.79767954027744
44.14340717756782 29.76726936409824 2.6479832916560326 -7.882926324178911 
74.92588789946933
10.22830019363031 20.73518805397758 -30.854384870132414 0.177488092020063 
23.779143396339375
-36.42314555786508 36.1906854149356 15.134264413330527 34.04597723452201 
68.48543927696323
0.944515305476159 40.3176282116312 3.226141209838886 38.94957700221808 
53.065782240497725
45.22122415909328 36.33328858575227 -23.289345378823246 -32.99441373332303 
48.29334749252787
-46.87257838444895 44.04272221595876 46.74102275162393 0.6642902897096334 
40.22308110183448
0.843312862911219 -8.479027138212999 17.415587343368884 2.372899439758214 
44.052820605446676
-32.704880966676626 4.660807928454368 1.5526137641886848 37.95534574604942 
77.18861601130624
43.30523658628579 -4.772462694840186 13.07397564159185 36.20126527952175 
31.07436241065441
-38.940600423553704 -21.341292099649102 20.25140118588098 -46.75115572144377 
24.316380637963732
39.175312069523585 27.751179601066013 -0.4838007244244906 -13.621942457780136 
28.738626338931226
-36.908742433472156 19.44715932527498 37.98089988188889 -20.906079853843963 
25.729398716144225
12.327286870053719 -20.771169465347363 -33.46487086106879 -33.981203638188504 
78.42211036372674
-40.102676518193206 -8.941109635223611 -0.521564209238214 18.2266389561305 
98.18836563494712
27.088502455734485 4.899142694306867 3.8478785157126794 33.847541264150365 
49.26207682740748
-31.504573029394933 12.391509127014565 -27.566592466218754 -20.935722290094837 
76.25457113772273
5.071638490573513 31.533220798624328 -31.50876326107702 -0.2990896004537831 
57.73511540182265
6.848000827753118 -14.52661009843441 16.48456578940474 -1.4103532878065863 
36.32377969828073
-7.558898517777543 6.520343149552957 37.14748370662248 -46.115132549017815 
14.203127517837121
-33.1560515127929 24.744261638482087 40.82879162244251 -25.78188756987877 
93.91898123080522
-28.534947033989198 -47.42847249314024 -10.625502148271323 -9.180313630303218 
56.90753992889075
21.185508427615844 2.5543270343724274 18.53076163439539 12.934674471175242 
10.05184836652796
-0.4583710568457633 -24.45301113893361 -24.5829609229991 25.952076975932584 
2.246215681488861
-41.97819810934085 48.93761174082809 26.053610415647924 -46.25115537354929 
23.90537009977074
3.5294276954320623 42.49710249888254 -37.666072873585655 -41.17085657047339 
25.739177266250945
-14.327294974363348 1.4610286796711733 -31.06477047720699 -22.34245326390536 
78.77616906337384
-29.463347158313358 -43.58463906853657 27.029630983289792 20.864647753306798 
7.382895933573385
-32.784354748993366 49.15655636064659 23.385956371894153 7.459723972495915 
37.179667680681746
-32.97803580344744 -33.966052905775044 -2.817177156576612 2.8439531041066672 
89.92476331540631
-28.213441771595793 -20.910939940589625 36.166150285061576 32.872184112893834 
8.112028930058024
15.136823344037609 -41.34222167657163 -0.9152223183166441 -18.417352882856676 
41.088596513650266
-10.290278203730871 36.18775176670313 -43.48569308588679 9.708332176938143 
86.34009506630119
33.01061248223111 44.754101401848885 -6.583678817447236 37.16047651340304 
8.38976241704933
-16.632988236451766 -11.920602843736361 32.04799192612656 -44.03362573027505 
39.72671649576972
48.77452538342516 -9.172989083261449 -0.30548699644089794 -40.60556100714308 
55.648904564349685
-0.7942553811401396 33.6221142195442 -48.826370824037504 -46.59007119930661 
68.27938134891369
-33.519908810376634 35.85722135158413 -18.48650795725678 5.102795858988728 
66.71253777165185
-29.561913921994343 -36.22073798214055 6.152300888088988 6.803582151035904 
97.93223260175307
-44.0532692987446 12.937315836319655 -12.895849460511222 -35.531834571947485 
57.595971294581105
-0.41080388846575744 28.834553715690177 39.92479073777774 -19.10776397377587 
95.94593512102679
-36.46354417076838 26.154092734112766 -17.22636840443822 -13.53222090670377 
11.970410797032171
37.70374865789225 -40.51369057284209 15.260289880661887 39.30288654051786 
93.95877066935493
-27.21826826349415 20.54771435620792 45.39926408067585 -31.24988866739472 
25.625760317177804
18.130985392682476 49.137023462052085 -46.26785475713244 31.92943479016263 
52.68104878787972
-46.12406107539198 -44.79020048329194 -20.403491668745243 38.15963338241646 
37.56978943871909
-39.399973744502546 19.092924718592002 -35.774000112847446 -4.523262605107384 
80.34120724598279
20.77859844132378 4.179557994149555 26.023190050069886 -6.181982336184625 
33.40200719472636
21.80473831315723 41.09858908305581 -46.25186781305344 43.443272530697826 
39.42580878891812
0.9062805910512992 -17.518872578946166 30.40154503198106 -2.454194447999072 
20.46821033258479
25.78875215780991 -13.342310791330583 -42.364875994532326 -30.021076710677676 
14.979751906144333
22.203382028885116 23.951743813638842 44.426896344850434 26.551244025320216 
4.312948093710012
-12.283580851975131 -40.75098172468115 -29.90740070570763 -9.855639765599655 
27.53263336319024
38.25657249740935 29.78668476805653 46.29102152202597 33.63248660565222 
97.66879533620929
32.6072060020243 -36.53391779427364 10.346091302456927 -4.187257989017311 
17.18983612625261
-33.21377020668635 1.1334821118916807 -38.10419845887114 31.358666439498847 
92.53200612792436
-26.41559013043181 -10.7700757394297 43.41847721563035 -49.20310952237953 
97.98285320208603
-21.615788743087272 -37.422797364130886 -29.902457496507584 -47.65057223941287 
43.965239493449474
27.24186640875304 -25.197257122574214 39.31632198492865 -44.92790859345912 
36.435199185894206
-20.851270894645612 -44.24421949649376 13.945758836432617 -30.79099643309672 
92.64379679530002
14.77454832836672 39.93023135317996 9.684320397831748 20.825155136569236 
81.50313307422154
16.58522096589475 21.227258279775327 -37.383768711828324 49.050096952279205 
78.63816951697693
-7.726662674015493 0.9427299166745655 -0.9419569799124261 -37.56421873839698 
8.442055312554631
-43.19905736032924 12.489342723693177 -31.34694781547832 -9.162693845151729 
28.631932020242022
20.58606100593279 39.24036874082685 28.808198563893612 -31.359603711157458 
13.389932431553708
31.936920110288554 -23.051303439030026 5.607158774474641 -46.225301578313974 
85.15133373009674
-19.25653710546269 -40.220614328009475 28.634418710359085 3.6080918975867036 
43.0211137546374
9.58280682601739 -44.312097505893476 10.880950395218704 44.25509846004306 
62.18533855983939
-45.69929102340732 -41.21777588789001 33.75622698361248 -49.64829110078301 
81.79262756357465
-44.45054216802888 -34.07014767956809 -23.436210507003974 32.88994430220529 
74.86870593974523
-33.97544658356387 2.0415462801318682 49.298176496048654 35.99620756338102 
73.17814823492577
33.08463431098349 38.81243693297591 -48.412005581238084 25.070679640135978 
90.0648584232379
-41.05110879461028 -25.680414500212876 -31.876971330450367 -44.56518258467745 
78.7722851012952
35.97552794147434 49.93359427678105 36.27829976251084 -5.589155350522979 
63.41132910670917
-23.475484428027748 -5.78696129532883 -11.308703923626155 -25.362170729094213 
95.9727132086566
-9.133278834593838 43.3931587238566 -44.749165924017106 2.129978295145598 
70.6821464687162
33.81284280694241 40.52643651260381 -12.609737279135423 -45.532235890621955 
59.64454602710737
-18.27489820743938 -38.15883403082583 -3.1051930958823064 -6.3737290566581635 
56.49528446300695
-2.3593927334706137 19.052527883122465 9.965755801022766 -7.2600430898345465 
52.08849940849723
-36.79189910701933 38.252500220522904 -37.09285428275203 -29.38281656187608 
31.077985226199733
-24.62153236944732 21.388134919193277 21.803292519801957 -40.79735160708998 
77.93142134263412
1.5547815249417738 20.507623124805406 5.426737256601555 -49.408651775666755 
60.93989211685001
-47.62154268044257 19.021914804413242 -7.748280315270314 -36.83758449786653 
23.20774010526302
43.649762983350286 10.903826036619932 -36.57825692167495 20.008397544316153 
57.14729593941655
-29.23621865848475 -29.266860790238148 37.18496529114101 -14.97223904078188 
90.68824019186476
-5.451046547927753 40.79865762866004 -14.375375219211776 -28.38375943196869 
46.00790666523863
16.681863892345945 43.966713783738015 42.5909892532688 -45.22256286357521 
74.03597615458303
28.75771379296998 29.856875551198016 31.301718601860557 -44.84961248041479 
62.24332740083213
-28.406701701410352 1.2406342516094213 -15.990635063574196 26.284578208784552 
22.03841081206329
-36.0173695541453 21.807438616091062 29.615921511991516 13.072215688432145 
80.33705249199889
-14.22716174176125 41.05192052490733 18.76987431809141 -24.140792077426088 
29.202418860328795
-48.683547893402846 49.002504928959496 5.734046037493933 -24.75957837667293 
62.20356856972843
-18.145845222873515 14.742050105539505 -5.312655852950478 15.939240195141565 
31.4400094866405
41.55349449230606 -30.99595111336483 19.898430239757275 37.65234982289796 
60.44502095618379
-16.31979848622317 42.242061669909475 7.427140310750843 25.504980616948473 
54.265004696872445
-47.426388180245596 -16.684451671471948 32.49178905142168 -2.387888006364001 
58.375217827418126
-35.538881689517545 -8.26789377509354 -25.730504957994672 42.7683441940716 
57.52468151633386
11.793329212890988 -5.551023003210695 -7.945793540553247 -9.334426886394965 
28.1375815176396
-0.3609904694595869 -37.475687544621664 32.37903320126176 -26.438017990299343 
4.678210199347232
-24.80837279694057 -31.19385251013099 27.95267135003249 10.986076828674882 
44.378033963313925
8.074077363859622 -46.27228185699652 30.651175172548378 41.503928390463415 
98.29070206057176
20.316674678139805 43.20604931859103 18.960896005462814 -32.99076139446916 
46.12222827114903
42.17196425869069 20.6086462254425 -35.70520871584022 39.63203036709716 
16.835531063957866
-14.77751753302715 -31.033791335753214 -47.303546753763456 -43.77685585798685 
7.12773831180149
-1.8470103069304287 18.46068314273394 6.868090363323276 -45.70716879140543 
43.99845105130685
34.037192457158824 13.719082014326865 8.312649694573928 48.15671180453168 
63.72733341214033
24.417867252169287 32.99921803184867 -35.327502069941964 -17.551599965449405 
41.17749342981389
-1.2932738945836704 4.8991590697789675 0.9951980312019373 -38.37829543167326 
88.0531096761576
4.301694393963409 -35.137183701512974 10.199820533386351 -14.639377741304102 
0.3080097172354579
-3.4200905303552673 -24.829563961677792 -43.07709368643536 -37.18700499001068 
57.84953749882352
32.651075051501635 12.116286362082121 24.50647516837188 42.26716182515207 
58.85994435313374
-3.5918847591817737 -33.11256574291207 21.983160053151423 4.429771866161644 
6.475208176226566
29.64335303790753 12.399763174593062 -19.447375073897256 34.930535256251545 
26.01491372370608
-12.159880531403878 35.718573404888716 -2.433520250155354 -35.16730779859406 
78.09967365665987
-16.060138404044068 19.5581478104736 -48.896084971889906 0.8878638777225376 
80.60626992234805
-41.269620738416606 11.343712607930826 -11.609303030408256 30.49617306448451 
23.77725194999245
-32.71323283064574 -2.467546682489811 3.971734532860907 3.233012938886084 
62.1815871251713
-47.01257520514898 -17.984382294616964 7.028560749470259 27.561110800295438 
59.590249268578745
48.52043709128503 -13.372270789472054 15.19972138918024 36.51605936211948 
99.12111031838874
42.022805937485955 -41.09185582794416 19.44929824961325 39.86421315097719 
44.27884378832413
-26.115852858226653 -1.0672379047457738 -43.862742908324684 0.8515199827312045 
47.52832080848472
13.186027045512226 -7.465168881879045 17.563389089625957 24.950668753023336 
91.90511555661031
-2.2826637303904533 15.908623556843764 -5.164899203643458 -46.097101187250566 
54.82204712561215
47.26641701035216 -13.104631273858203 45.92236972616928 37.61507474725066 
6.638394508546708
0.8473668902693419 22.5526349744855 -44.67325933532494 -12.314424834306656 
98.63911560747341
7.900048657009819 24.991798169810764 -11.87448295418686 6.621181078729023 
48.514635012584804
39.11975865758279 19.960510195152565 42.406683824185706 -35.95541965207887 
78.64962636513964
2.5427641639251704 -47.638570519551934 -22.810786774822933 -43.60290099238385 
18.14275640924128
19.981128127320545 7.7435698331207234 14.58131329413635 -10.528000649840408 
82.85406623507335
46.875300203138124 -8.477933474959464 46.52172819454451 -23.52598752296392 
87.24730903947756
17.227357898609114 36.114066249188284 -43.14049201733828 -27.802811393947813 
95.34500767831948
-8.277553112673274 -9.24785277642389 -7.092817100720396 -20.168979950785204 
23.403241144055077
42.10784563769245 -43.653992501124826 8.691251853937857 8.090604886172613 
26.66143814608587
-31.263393752860047 -35.71814022263937 9.041844503965159 -47.463504167548855 
29.401492163874256
-10.092090467521139 -20.119370248669043 -35.81152189398853 8.060044445777905 
5.838430268409489
13.4706410052071 9.410901366103467 34.99971800284389 34.36011557625062 
78.7623324348044
-45.29948755565003 18.01585434222345 13.120746525361525 49.79065631394019 
82.96890377935112
12.612398971786341 -1.2326297287191679 20.161794193214504 19.40439770361671 
12.678463481452818
38.76314006378563 -36.347966668355255 -3.770555670353396 -2.2966128744397167 
18.270589415774975
46.952114325446004 35.16517660815805 19.56557426011338 -28.88183896474891 
24.125562897490383
-2.393823001218209 -12.972004678630867 29.120493001056758 44.00961144728073 
26.824901549663082
9.296018980764323 22.402122493813437 31.57250047254915 -16.033350937231283 
91.34075507167701
34.877954952957225 12.15115781449557 10.162319825747943 33.163848926220965 
63.67290722461156
33.52828815388929 -19.222339577023906 22.7772695933848 29.016945714845292 
4.968219290067555
-45.36593594566296 -21.6056785876096 -17.969304820934752 14.615838992018126 
60.9774281711753
-10.824262463990799 11.820684924859847 -42.92673070891071 10.037951325959796 
25.847396996450534
-39.56779712153421 -48.49603354813512 9.215184723794955 42.603826062149096 
14.461630753129572
-42.725846963671685 -33.76096920860249 19.934366840334462 -44.490927286118755 
98.9266212061784
-36.901172197600864 -45.643536452424726 -31.844068652820457 -4.80790796328273 
90.09900336336607
-14.486751516595184 -26.218943596708566 -2.221467742366265 38.09126475179143 
63.690229829170065
-18.71702983328307 34.83888205290853 8.749628642753173 1.5285484175959212 
21.65456422370652
21.302901912535404 -32.30395362404003 -27.440076046192285 -37.6393879704565 
43.668963286309435
33.35075839431532 -33.83893973371107 29.597278668422987 -49.61325510311095 
65.57294544925286
-16.37703425028195 -48.233190783064536 30.62197637743452 -7.5263920429372675 
63.25326790293357
-24.120611499048515 -6.0204542753552275 41.224081788521474 -46.222753808846676 
0.09813944250941509
-28.32860717403438 -30.75010030116886 -35.22395757275092 10.272108328157579 
45.65080896266524
25.891245318330803 -39.50195959040863 -43.94403441970445 -23.605092832895778 
11.427505546487648
29.10218966903109 3.0941134248979907 -7.69783020330118 40.30500187863913 
53.2396139685141
-48.249228180298495 -25.917836127612205 8.47319364400552 29.852530431874527 
19.996469251016237
16.04965071878192 -39.07374816650271 -12.832818296463934 48.315377318958625 
72.89546384124476
-45.13686328276444 -24.919890365083674 47.876735311870505 5.291726524944373 
16.320837406041132
-38.51522699605772 29.717578299444128 -29.40092066918545 -6.298220998029954 
51.55815770532137
22.312842919825115 15.97879759974515 -29.692175160098277 -40.375303634977634 
7.662899535903112
20.372794623159294 -40.19029782220834 -46.06254970149452 -18.09263980228879 
99.09970014889956
-26.477892768803223 13.564196575337427 25.478044182924833 30.225305002683584 
16.421107280871016
-16.46133041774872 -0.06721365000272783 35.400892844602396 40.031925073963876 
89.53492509767527
-26.134295733753987 -0.4769213230979972 4.631537391985908 -23.45460546474092 
18.668516109823496
43.3539299183567 30.651958558837208 17.390868416835985 6.421299172551578 
71.15035221133198
49.73648564007415 46.36336149424993 36.820050077473226 1.3868400493448831 
99.59258196230616
10.900340756900725 -32.19766796650606 2.8158201532260705 43.60147233939972 
99.91160973417581
25.41111942558355 -49.604934958422334 -13.914056147887813 1.2276762553709375 
22.44094996405269
-13.97830238944021 47.204260387560254 12.611130218854136 22.539338684629712 
17.54755156082516
-42.370532828587585 30.87025158374645 -3.309663788863112 16.210763399646993 
32.48981285898297
-28.16335204719882 -17.613988874440622 27.40363874869483 -13.512591659649232 
30.3164435545498
-27.704428418442195 42.60699472751547 7.678612002247299 -26.402829772315705 
28.870692257473085
-8.64364787880394 -33.90889554460639 24.69016090000342 44.07958053928755 
1.2654434907240608
-4.831027366854471 -17.789081471819244 -10.65882455469579 41.41776221537535 
48.97851717769025
42.647583819631535 -20.26520438415913 -40.15305197958126 6.1739847780389 
37.74026968514057
8.68948504882674 -0.6380210967156472 12.913712076570313 -25.208284535735302 
94.61114732805696
27.6333474916442 -18.76630751761146 20.9523262760152 19.284538852770297 
47.241461443549085
-13.173100844226525 -46.12962030122335 -20.608963656081425 -40.70122132939471 
40.74314140384436
10.57075601655265 -32.887940026035665 -9.70777214421097 43.215647251491404 
4.023304328760469
43.54187199388532 5.952714022256288 14.636922221339077 42.58450896785007 
69.51242311209063
28.243616121006482 -11.352086323962915 31.34388315528024 12.436839083784804 
41.970345438828225
45.3708342839316 6.379050067589986 4.906986272701694 26.048208360343168 
59.00749509069833
-46.97872533064328 41.034503183770525 21.125952495104556 33.341297275905134 
87.45571804472571
-40.09639003458033 0.0475414380598167 -48.87745082277053 37.328446396542645 
82.00785897991993
40.54486768669429 18.883112225064508 -8.495148048267808 34.17192916207647 
10.589239728052135
47.41778191566746 -48.27822423541177 -28.786506297199853 -34.0103187175971 
69.98625551009228
9.598303079210254 28.479033079051888 -22.888813215764124 -34.76905219724827 
91.31787536413918
18.391447122774963 -3.003717399268865 -30.12775464591063 -40.73304960983892 
16.27616798746051
-43.29164101187229 -12.565702693288692 -14.986787502725306 -34.01359042099956 
25.37540194828557
23.570787556959644 -38.77114860517845 24.22709352852813 2.1979580305223436 
6.001546622067133
1.5122035498145934 3.9808894507722954 -34.404768596320466 -22.36272651862331 
86.53365777924843
-27.931285556668904 40.69845412472111 35.1610628797993 -47.47064766285486 
3.63096397102457
-39.43920609988507 -27.848217344245885 33.888916532671104 -2.805392981631684 
88.738174573039
-24.224160868530685 15.431104763853938 -42.004757444531535 41.30565592655864 
19.140189085989434
21.93386875046538 14.352074822126468 44.90904138840641 -12.409094676010689 
72.58302694488435
42.147676663738224 44.11162573355601 26.558030344925584 -43.773596634386855 
35.84336271986287
26.081135061101605 -49.01120943817827 -10.332087181666886 -19.035182201114807 
63.57204204934973
11.977733315893758 -44.291252561880256 2.6216272339214726 -11.806366216807497 
74.8936761677787
-19.759517213160816 37.378171817689605 45.114310838566055 25.11983554271376 
98.41756143112502
1.672327254535631 -2.362173172592918 32.4648451534497 -21.215725797718587 
8.98226978458304
45.497270522220674 23.36882810001238 -28.795969211065618 20.070624972794022 
94.24777001946252
31.22007133571759 -30.463655747459818 45.889071504154415 -35.20093520201036 
19.414247760364855
33.229605109370596 11.105451354968807 11.914246982843714 -0.7704306433897656 
93.34543449381373
27.71932867055493 -21.588906206256752 45.15762574566877 -21.997026009501376 
22.86083124528894
47.83763911279003 -5.97889809570966 -20.170801039206722 12.621546865574814 
72.55370853718497
1.0259379755904874 3.723961391504382 -35.35487832870068 46.43534784191324 
15.836931702598067
-22.903864587567014 -3.7908557135571073 11.829250021973692 34.83217974671277 
76.69989704039946
11.658769614759926 -11.08064200189753 31.883166138175056 26.297825370908853 
93.30646953192168
-7.67192226339597 19.32367622761133 -2.399855506841405 23.29121972542559 
54.55962381510015
43.212190288223155 -46.722857371929734 -19.605740808586457 8.803192661712977 
72.55875989912715
5.314379394690363 -24.562398662539543 44.648844789721025 0.8787652751907871 
24.578017250526983
-38.3547942387104 -10.570919024363768 -9.747547597905225 28.18024911747446 
82.22581558007295
-14.815701210004953 3.0104243815050395 40.08240507192045 -3.559787092133739 
26.66044233346937
-15.768238194774497 17.34606320762036 7.544640766254538 -0.7176623938327324 
79.4328310224357
-40.45993017991037 -48.74398022288795 -42.293647781523134 -3.858782890813252 
72.0340780138969
-8.236506012456623 -34.65883757005423 -4.5093367900742365 35.256827122622354 
13.814757214406715
-26.86442635988978 -19.46072143327553 -8.529908760344298 -5.965526195781393 
51.9675343728203
31.704692330764544 48.20685083297995 32.386113869144666 7.128556501607456 
26.526240419463555
13.24488073593281 -24.43271156876613 45.68300845157877 -29.094330699287486 
19.83467378435051
-31.867291424882417 -12.108178715016294 12.044257925710596 -27.126828761844646 
24.267721876443847
12.42535136725045 49.48564493976025 -3.1874726281557386 23.389292592229893 
1.7503033743460739
9.990104104023004 44.31573414525339 46.130246156722905 8.86072629019661 
4.407332414724041
31.018602151296363 33.76642652925574 49.43330623656874 40.281315634017105 
96.23024667413262
-26.2245880680382 -15.477685336667555 -27.38782787802615 -47.99809410721284 
86.9692428672042
-1.9303088107323987 -12.983685287272294 23.71653262464403 17.522629407831857 
90.79097835276828
24.46768375969573 -45.800693507448344 -43.77809313449512 7.4079020562203866 
74.86916258270142
40.3218192836446 9.388990473754369 37.73357031803519 -12.105231802341251 
96.17039520319483
-38.81155436983285 33.77648149743585 23.85954717635549 -9.928381452818023 
65.40472530051271
-35.185446989462456 44.81554910929506 34.11580750477472 44.28050373688693 
90.30069892070172
26.63864941691365 -35.70812203473195 16.63594957935159 -33.503477013357376 
56.56240728830843
36.94460056882494 -24.757281714945766 -33.10911358788779 -32.56849671356248 
82.98801500368106
-15.694703627940974 38.74528976817905 -0.11118524904507865 5.156346244562158 
71.90628295150607
38.518134629901326 26.776453223072053 25.546457130461036 49.401083538468725 
87.45509775099944
20.222610370340405 40.8035347940601 -49.998630666937935 -34.70701392272395 
91.20239920888733
20.524318157873694 -7.834366192321163 -35.190334728588894 -16.197678091295522 
90.79992073848724
39.918993773138794 12.862703937827682 11.984365310152057 -20.707168787666618 
51.85336195157938
24.594624415723615 35.33717097862876 10.840461921544254 -16.68701321439047 
96.64278443659585
-17.88190828282447 -16.69982453141735 -17.850733756448044 -37.522997844895514 
42.83139336628763
22.198430253076168 47.43266593719213 -21.601674071907496 -24.345767015788656 
9.719307334864546
2.638446856573097 32.26736587906926 36.213477720066535 8.665365355563011 
70.07684918496419
-31.309136185226592 18.532803656973044 5.246419069281735 21.717266776900743 
4.180274654854688
-28.58902782599857 25.899462242450767 -26.94016290256329 -36.293677504774465 
35.05850092691234
42.815672021923646 31.336808434955643 -43.89136977126261 26.511470105002928 
70.44803519376197
7.079965938056191 -30.02031325996448 39.15749856115282 -29.004192633611915 
48.96920065138421
13.927575802069228 -38.34960446394541 -19.29031304409078 -34.118603452588516 
45.53202953850429
-35.44360833388056 -9.165746051869625 7.187496667062533 31.84355522454311 
49.26623142184546
-32.89821405692655 32.599725356796256 10.935515950508425 3.023860456724634 
69.91439646296926
16.249687540782944 28.804182872634655 6.363794192690861 43.698897703405564 
96.1820623528354
8.822019261615289 44.81571098246788 28.3915900655699 0.07750113600246777 
71.98448991707579
-14.573810402437118 -41.39220655601886 0.772200323787601 -34.64904965069894 
90.46391537154764
-43.22645188661174 31.020594077194318 23.365262067356767 -44.38390281948986 
95.34464835015403
15.951482209271276 32.151964125526916 28.050265585917074 0.21076141652911673 
63.79677423119474
-9.581002010732185 30.906952121120923 42.48006664934158 -9.273960687200102 
62.25810745567743
-4.894731536211083 -30.93746527919129 -6.001138160855547 -3.0808062022777563 
76.7847038108059
-46.18245160993849 -20.84905017059665 -1.454885112573976 19.27292211955293 
10.504301029648232
-8.441151538899128 14.888510388020222 -47.83924061636847 -3.6289643686886492 
0.4820195049856979
-21.807600546804007 -43.118030559885234 0.9418002371474827 34.55993280165568 
73.70151783192411
-31.86327473668673 8.407152268052407 21.745758466612017 31.681412842285567 
23.564284393839053
43.99777895267441 -6.212899225727064 -12.642424163120872 20.261581022131622 
64.81776401201813
-24.381802819212183 -20.153026384668493 36.06099657686005 33.83682406635211 
93.40683259797248
-34.060481582282065 -24.07809617121347 -27.91150414959127 1.503172948394436 
7.497210190031456
9.356988106259138 -31.406037651137076 -1.8333785795909492 -47.726243831579175 
73.5058053481015
40.12879997407936 22.70069785584731 17.117729936786702 28.284380950859443 
73.67262298873196
2.504851243243209 49.807412874264784 14.981119648380528 -46.77075199437153 
47.55603437573406
-8.824363473730514 37.7356391233822 19.677642299167502 -28.038267200042334 
82.7181344388486
-41.47141331922624 -12.588373637109243 7.480126044344303 -33.46098046643632 
70.6269313918632
44.74887247989173 12.28186825881491 -45.72781685896297 -7.129460660925389 
96.43748847167333
-30.26802858861298 49.52757494872756 -42.24765161330666 -33.93893452959931 
16.599105403148496
-5.553544058630642 -0.06419933365688735 13.740767250155791 37.853602845410464 
75.10991428826063
-11.3303854542241 -9.744353320790943 -33.90571133047088 -37.16997281301185 
87.50138638857135
42.55010679419931 -22.351739374605206 38.76326938609675 -32.24207173775923 
7.569987785699716
-15.48347477231168 -2.1791135278695393 -1.548376770703996 -18.53350641081488 
81.59242464709035
-45.48886210738126 34.58853267924779 -20.570192444763148 21.958617441166368 
78.13343251515988
28.295341515308763 -42.238156057546085 9.572293429513692 -32.34543908590274 
92.7486765733516
-45.729640216947445 -31.72274022400038 -12.367592034715372 -42.41826162873321 
15.66416894015945
-31.164644386161065 -24.287391631570323 16.25954467415987 21.351978447978965 
71.54864330077537
-0.4911289823306362 30.855554367134502 31.894929664182314 -28.952322832290644 
86.08773741254979
27.728820587047963 37.33564440694229 -38.04992148864372 -29.186179050197836 
88.79217705259435
-44.275787831443914 29.347529370639023 -36.02839526720977 17.37849817450669 
35.384186179600185
6.458266957615557 -36.634867682588954 -14.84669991374529 45.80936698854828 
33.285960676961714
49.007015189904024 -2.911451316468302 -48.44525735380611 -5.245134066902409 
82.04338884575961
45.203771510360085 1.0826912728420055 -35.45500956888059 -5.778436976889026 
58.59710045282463
28.24810244317078 -18.270067253480317 46.49227398979005 -2.769763217967956 
57.95383929015433
41.323977612857476 5.748653320282074 29.997707939833887 29.480557565403615 
86.97389805143612
37.23910398353706 33.802233208545815 -48.90746432455324 -45.71514176666205 
36.851490506007664
49.67440638948234 27.74390458601333 -23.35129681824619 32.251186429312625 
34.416312340406684
-39.942760830897214 -18.053176813810225 14.765674616005015 -48.18490911335087 
97.21917661338371
-21.871303419817288 -25.0564373200628 6.163871556647095 39.0353826232342 
48.42110558759124
3.8760196767593555 -17.35606972964454 -26.890209194619395 -47.198055616122204 
89.65380737876251
24.06327810163104 -48.03918904854106 11.376454624809973 -16.256768766436622 
41.5133658275929
-38.140315125390735 -22.577444530238044 -14.400509650580858 27.696919869129104 
10.274034600673343
-6.874023876833327 45.49606554148825 -34.003614871823764 -37.97790612288995 
59.404657397335455
15.33393471195707 -44.20616451664993 35.590938847613344 42.725911635441406 
85.10457989530283
5.119635074662632 -19.455407872668207 36.4486585691899 28.71587567225413 
75.39849464275741
-5.45444169691126 41.97701912735333 -2.9498728397455167 -0.12194664715180181 
4.2360180041707824
35.89039951941969 -11.59131708137496 -12.733586686146715 28.072550221162345 
43.21916506109375
-3.0923086862587965 15.171600983335125 11.180902765624033 44.1638368457877 
87.92472797570599
14.127179956164667 22.394996112726062 -48.19025151776605 -23.64379560619838 
42.30476398380989
31.867032312715892 -38.232127618407254 38.230558704489525 -46.54444871141787 
43.98314067382957
-8.823405520864092 19.132478172297255 16.189380765493283 44.791789097278695 
94.12795696699263
13.928473474455508 1.39123028613092 -14.250289805799468 -36.66406908533526 
81.4443410298237
16.391517662641135 16.312848725008095 -46.2568984677023 25.030157941730863 
29.447932018202472
-3.2525738381651195 42.76608356415686 -34.64134120123313 -3.837081328823622 
69.50891197598665
-25.99109228334632 5.337962803120945 20.65241185714514 42.63434207299271 
16.527496853920244
38.67979652392802 8.597724228182727 -8.18394352014925 10.107255950034869 
83.4494936555838
-3.24598229018347 -30.827375621115237 8.519741411252689 29.834228964398307 
74.05505141850806
16.205350769833714 27.35325204609542 27.401106977209466 43.14545346698351 
16.026409303675514
-49.2339223777064 -48.72316333046113 -42.01193885019158 -14.332641088714396 
52.39009482071635
-21.03405314856951 -36.864674991073166 -46.875642789854346 39.616258015378804 
79.93458129664384
-46.679830497668405 35.76915533210267 -12.377539431611076 -31.377854492209657 
68.21313435545278
36.85252209153704 39.758157782781495 48.20315139238099 36.50896844506852 
5.049457934099221
14.27903040342754 27.206833476866734 35.94732235593318 -41.65682052739342 
73.92886931985126
24.012217916349016 -8.561459308280263 8.017543071180796 -15.505190802725124 
85.27153102367029
-7.84300951015279 -18.874783857691114 -38.784120848301605 33.474904884948884 
70.28075847502105
30.521536317247808 27.80382412093128 -23.845383423994214 48.99794315163987 
40.40172723630854
-8.161033148274143 4.637127079895805 -14.53378847520166 -17.74829538827226 
72.43287313045516
-16.21356140329022 -44.3963555174746 1.2204263269158702 1.30343463640137 
85.84239796439475
-48.09463926618154 -33.85560637544489 6.7869002286951385 -48.75727287182517 
92.92174378903762
-2.1974911767594563 31.815307985629786 17.227750065551277 -26.399420066858692 
99.45222922297458
31.516662625794567 -8.93808458350047 -30.61322968352197 -48.704420445436405 
43.849112247828344
-41.133631269133204 -6.210318484017932 46.24618590379326 27.559289728428908 
13.34201070733938
-0.9303433675298862 -11.783708454755526 -34.24112473518062 -45.92740432650746 
2.761562254756622
46.11518354176695 -9.457626996715504 12.632625365855532 18.94466978208669 
56.848297168408955
-5.677044239763141 31.384902469033847 22.484595597699553 -1.171200328472878 
56.942197820609984
-20.362197802569916 26.914407234584885 -36.13885546936836 34.11334678150317 
23.74246583166296
12.188394123740665 -10.27123017039576 -27.613233990895957 -21.25474668281616 
97.23348074164115
-21.584249177760984 -11.419948296101659 8.370982830292625 14.039558756274786 
15.614844547502827
-22.505801378713418 -42.602363240789884 -45.02848989060854 26.022080270040476 
90.74119177253317
-4.106678635275749 -16.94793997880558 -4.1093356534871575 -38.36281969339582 
28.321508800012186
16.156019456789608 19.41462191926854 -13.63056550489079 -27.819337311025883 
20.37284932336855
-21.26471832508421 -39.975952542595785 -9.370442439393564 -24.764065296431824 
48.711341820193056
7.5653981359873015 21.459746947910745 -45.91665372800483 27.06592780833489 
44.48715246776362
-19.188235942582587 46.506226431541265 -21.878310800028167 49.60863131020233 
34.19184647691027
36.65742759615921 -5.942330699893041 -16.630872123009112 19.631083600439823 
41.134372275618205
21.46930511817 -11.023180797344686 28.23907857572115 3.216516742365492 
72.98557956957382
-29.102320987503184 45.93932276605821 -13.570744741101706 43.79505118447172 
55.42381615617871
36.833721994322104 -40.2775667770089 31.155035197441734 1.4395177279815528 
3.4287742956184974
18.993116348861818 -38.69400284873809 -3.992850551816332 -8.133883195532178 
45.248610493181694
-37.31422183767387 -10.975912541682519 -28.66469920663818 -41.60282011579848 
86.9359618628016
-6.044397804776516 -43.993200771280094 37.470292996362176 -30.084633746382885 
7.527675050739912
-44.89156968012736 -6.978396323077632 -6.216733509757809 -19.732479049759732 
32.178493568966445
-4.48562594499149 8.18762681775086 -48.09144562168128 28.06414059854839 
84.70033146106046
-6.308700250391382 0.9304477361903309 3.8935777884990443 9.309459169818865 
3.791744268661179
45.88377433165827 40.03592100827501 23.811544941190718 3.2375428561261046 
77.65272580610556
-15.027349894942688 49.576811188524815 -20.182384854052383 -3.561774981071906 
84.03975257197038
-8.545750846351432 -5.603343852805722 24.997691539273546 32.15983922594137 
87.60278053393193
49.69307805473491 20.55662084720332 36.968637582489606 -39.64829447002934 
2.143259481164206
11.811069726096633 -0.8495553955906203 -21.06664167402097 13.168670897211165 
44.568972475398716
15.332276607244637 -8.877733507952591 -13.739947697352136 29.832219669042075 
85.54657691560888
30.131483154553848 14.515492182439445 1.5002451713621099 -37.94243897912266 
55.558289460647636
-30.383134006561907 -42.62016182362767 -40.743617103915476 42.73769239919652 
97.70185235204293
-23.18522816187969 5.365461671002755 43.55371763442052 -49.81371677610205 
81.00274824961596
-44.14747749006314 -46.42520420891376 18.314303084228797 27.94607726365045 
5.739969160374947
35.32097487365482 9.061483234064738 -37.01359587161558 33.405472899920284 
65.5371449771073
-3.0113447371126085 28.002713896666307 32.00469391764035 -4.46221932764773 
11.741873998579377
-32.39426670214351 -13.692669188155214 -11.994826943900307 -25.883339253975368 
59.040770918198895
32.52275993334705 -28.935456271234415 24.952196281719168 34.0149438873614 
96.60171104736949
31.025769651451412 -49.406060437000235 5.293630834428733 42.535617469710644 
48.87291700115851
-3.739314876439984 8.664911359859914 26.335367185011194 -27.600821843874968 
74.37478818674961
21.74964951665244 -6.343605535298266 -44.173832456468276 18.761941726049756 
25.13878856697366
-20.552816466538324 41.81300381107549 -42.400495100290705 28.468348069943985 
66.53341119389758
6.951971575220227 28.090112455889653 44.29645381441988 36.710125068960224 
41.16395741333241
34.059849273159614 6.0257619090128145 -47.300513893698124 -16.15171415606794 
54.02803612864415
-7.381598475574968 -7.758197483546461 45.20798217429105 41.76825911272364 
42.47956597019984
16.62266708332986 49.862870718404935 -26.02205935524292 11.639757940257745 
95.09926838355372
-48.32063755254722 40.396451575497565 7.244590890732773 23.97398847001425 
83.68714661763116
40.559347906719736 -43.635030910016326 24.47365714860129 25.01945961098511 
48.34903702694503
-47.73062632890209 27.127908244197258 38.00496144800164 30.599803105798117 
55.55386059091845
-47.9996900012404 2.855686490329191 9.237767127633255 15.904353926359619 
73.91102641782201
-45.16306797113213 -12.215950690396205 -28.23036784189944 19.70000253485425 
9.37135890070232
22.522034542069377 29.852359987342552 30.61472487998529 44.22096027467248 
6.227273124670174
24.079463301460265 -12.933104277683924 44.707028989200765 48.08127481697976 
4.591960939779128
35.287346912200775 -42.13045386404603 27.23804162026076 11.298325112502994 
75.81885309185739
44.53395013222131 19.484863234374643 -6.335613768192239 -27.678463531033227 
64.44454798626626
46.53658087448717 -1.3333872146354295 -34.174272667095366 -21.059715226570585 
75.7251445207538
-37.78543266875908 -15.64761548864817 -41.9100031889006 4.193970880421773 
5.85226306345612
20.731234696501105 -15.229339000433043 46.17923962680179 -39.82303940532118 
12.481976409660433
-43.1364290725835 -45.44204737817561 -40.83203991931492 -3.215896947852329 
0.559758529726917
48.56522052027074 25.496776610403614 -19.154019002630452 22.707421781454073 
88.43088852855523
-4.105971031581035 13.3940203731538 -1.7995140430377319 34.658294971224976 
17.777235689052773
-33.46208521952477 -40.40112514804384 4.765580316932095 -16.402302561841317 
38.92809706211477
30.487406821057007 43.53264666158371 7.743457627670992 -29.09331164317248 
21.521737184682653
-45.855481047283085 42.339300124171785 -29.736581190022406 -11.323946907693639 
97.09450479785308
-27.086350620434917 33.24308121557982 -13.101241317837854 -48.69179258794561 
32.65608130913654
9.611335600028205 -10.801300546426539 -2.3278764232880675 24.868175658761075 
2.870737815227864
-18.87409508621821 -21.001820593178387 -2.7857971454559163 17.129091117410354 
83.67729283982419
12.428255368097929 18.507169405965556 10.657345266467509 3.8490682913968968 
80.3803480441892
-30.980404177426347 42.83443743045096 11.37410242676851 4.360765927961708 
68.68727683058532
5.961601164565877 42.623828436894826 -37.6857065692506 34.07827527717562 
16.338865281434256
38.22074503973302 -5.342982026355244 24.628187250184823 0.03158644893331086 
29.5988967825348
-43.26587457381407 -38.603263365490534 -2.0849625163710144 1.56620705374754 
16.167614064578594
-22.520434461264895 -18.129804206983824 22.863871876717354 -37.59344932659118 
88.21307316703911
19.414102700868824 4.784481248125481 42.765175040150595 -48.560994632462595 
47.58321879551439
19.101917339205116 14.331743602283865 -26.65057218397361 18.548468910851426 
80.88245831297229
4.35374123214384 -46.18836926407012 9.225717770520994 -20.811993925215898 
3.052687041724911
-43.423602689958905 -4.944318209040155 -30.751337586362702 -27.705562314132372 
34.40197962187971
-25.8376755351479 -26.62665954578699 -8.861432018824367 36.88005166311875 
92.25905065770682
-25.316482550798614 25.013015194301843 29.62878458358219 -39.04292159663532 
27.696582385694988
-0.8921185497382425 7.522131170829802 32.54059641808989 -47.14829713636512 
78.55491359477833
-8.246728523818092 42.808416524543375 -21.737494779106626 8.056848174208184 
60.78411452527187
-39.75798889738432 -8.70273596096537 -8.146543102651805 -21.38837237741733 
84.54498523592783
-34.97127697459026 -48.7412092218367 0.28572091230688557 20.509193752526514 
30.162090518813088
-18.523206833254314 4.242225584732452 -35.80217281780892 -28.25892138963464 
42.00006153203768
23.768530026299942 27.596029134187845 -8.251606437364565 -44.38075390343198 
25.798253129291915
-4.835351126830709 43.6583495802945 9.918198446496454 14.235279140391313 
51.1430224819436
13.065797026035789 2.1026546897367595 -32.86362348773404 39.98172071959529 
89.70688732160357
43.10787216433171 2.335533833545668 -26.053597646840533 -49.49633065878175 
40.153346377176746
4.472046698313889 31.719096997384767 0.7058146591917946 8.26029971279634 
37.8882967278162
-0.2666706163227843 -49.23066333099416 -29.279601780125887 14.492077874491542 
94.01472740479517
40.30338890984858 46.10172406897057 33.43221432922263 -35.541156856032245 
57.23278041152706
-14.899260115891778 10.315138421521354 -24.23686940302924 40.2651895876362 
14.396591645317114
-32.30600077519642 29.640149866477245 45.81845095996472 -33.363191085626575 
65.6907576253121
41.47421551829699 -43.24526623541739 -24.21894280512347 11.865679300467711 
11.243897400556879
9.58483439456915 45.25230975861142 -47.17252288404722 33.317902290626236 
19.247144814280237
-47.307580814005505 -33.41867822041496 22.642046870993482 -13.867610144842502 
39.59174460196064
44.240797255560466 45.87016647575912 28.716496168167012 46.66015165387752 
72.48383704142013
35.151985161357146 46.98046822226904 46.52933377381072 4.011506484013417 
29.576107061237156
-13.26251960099836 44.22411099195264 -17.727499666406175 34.676469071731645 
43.05386037457873
-37.18706507521816 18.845038628542483 -36.05430150432393 12.14199024358048 
6.7455844353860535
7.121809003662236 -22.040927160807854 25.419590878145357 -1.3913922043187341 
94.3224931248702
-33.50218256305936 26.871265604498234 -33.62322863427725 25.362305168360848 
26.970726145305314
-14.585432624864666 -32.28857293046554 -33.26608825313549 -21.53180216613203 
67.66423263107714
-24.545663378145598 -33.68602675003582 -35.05702816929256 33.304742505791864 
14.18819087380082
5.88447137931194 -6.703073388476355 5.222616648635004 31.582675375051096 
57.16287880615325
22.563599731434934 -40.38361403469642 -39.78236736072165 -40.735809843931804 
68.91108664203999
-22.506469712919277 25.672487775070962 45.77161263430018 17.850243388753256 
98.28009298196189
-15.10622431283177 12.971798302551981 -10.18177441881172 18.710080580046736 
35.20030218002535
37.31422073266502 38.21757593059134 35.7281752470349 18.75803005516501 
19.783368769665664
-29.9737971365044 -9.16931777055612 9.95457274416173 -42.373791313670054 
68.25375669637877
35.08604344641188 -36.174307459272605 -30.243638766716852 -37.194893897954714 
99.01766774530566
22.53398049048708 -18.839725016665675 -8.278298426542655 19.598198367181894 
23.872454687801447
3.7596767815624474 -31.69318026684792 -2.2041801840112285 30.863543525826515 
36.43835512331278
21.300853203780562 -15.570520782722497 -45.253473203970984 45.320382079629994 
5.05788425292889
19.531485908996217 24.994181171459147 26.890663061596584 -15.414946913663044 
80.98217346536032
-30.52795101111935 -48.822304881512466 36.34128178505816 31.872853518832116 
5.451357783493371
29.97228577404833 19.852135854656268 42.869624173092376 7.909360911900855 
55.934871221121064
-32.51725167117616 -44.207972564296796 -34.60159441241791 12.448025681228792 
10.12086787140195
47.68695030284066 5.7378092931434 11.199622390856192 5.057265563052674 
50.86956568257213
-26.11980522955052 24.736042991875863 9.010894377834688 -16.280471361053827 
72.52665823146228
44.60368408802306 -5.968663719689516 -0.5379552861379011 32.4127240757976 
12.20099940981677
36.9212525200991 15.729816297759712 13.659785170026083 39.09215134410445 
23.85667174008669
46.393317228840516 2.1843008921226286 6.287260479699974 1.0431465276147378 
18.96319599218841
-44.120250972594555 -42.12677860376965 19.530934503389688 25.810083111870938 
74.1339190977377
-16.617178492176897 17.72255056116262 -24.486579209218785 11.216872465407626 
15.418965496250003
-41.3588670000102 31.842376502858443 -20.827552228822167 -45.6954238267379 
90.68830793879985
-47.81168852016712 39.06895680350465 19.907742490329426 30.405309155558257 
64.70962750803851
-39.18772296975514 -27.704460133544163 23.66132280457404 -45.98367724338816 
41.197260383158465
37.49888650905994 -22.27184667210007 8.912881437867185 7.471030382577418 
22.4246640067868
-29.1395161090941 -27.465396204956626 49.40435218636637 3.8303074410574567 
38.28614392110281
25.153861649310556 -33.28501983475053 -19.720129487352768 3.9209499672243524 
22.999176117475884
-9.340511351933912 33.12960747277434 25.657869023601748 12.621417901098162 
38.70777918157239
-47.15509681254556 -1.2596073327030979 -10.342152391660761 -10.562888689379527 
50.32934864221292
16.515128184037636 23.28607684661897 -28.869858612686084 -10.549326376121634 
20.768868756149228
23.226520621051833 -7.965877054224293 -3.4229037040538515 -15.109554406122925 
84.84323433784994
2.8360988906121847 -24.308344078564204 12.257901882797263 9.709464585211336 
72.63152414609418
-16.46913777873616 49.53664568979657 13.945684558312507 -21.488547528421165 
98.19804134732699
9.984425763118196 -45.295777758703316 5.866077697010354 46.83057904837233 
75.39407401602195
26.36606663664014 -18.399959349304794 -6.845815861130809 -3.034794653071259 
2.3317683386902432
15.677607318426908 -25.86378148140479 -4.8188863854310995 25.72986340904926 
7.763467608795516
16.454038401532003 16.677358856332432 32.93251467338369 -14.802454812122726 
58.12318446844478
42.12362523211753 -22.540397727303418 26.139888910708862 48.384180630864066 
53.300615875856124
8.668830220066468 37.444365381551975 49.82561175196349 -40.16108085684312 
49.57083244851221
0.667503530992775 -29.27496786936069 6.496908304405302 11.174675450366664 
71.59154819259592
12.71818928521806 -19.610100455880552 26.960565103336165 18.738374230629788 
29.16093471509865
14.242976288215843 40.392965202705085 -35.426353847193795 -47.07287274052568 
36.52500198412899
30.82874245430952 -0.5518281160023619 18.88967981151262 -47.76846248394169 
18.741332956280154
-27.203863794784986 25.960906823503507 -0.8804747009959826 49.873412619592756 
28.707520194223
-43.677878745859225 -36.643283848024424 -30.25315245529082 43.71464748013861 
95.35142855625752
-44.16595070534382 14.900196454930054 -6.519477759873958 -25.237482665645217 
45.79930139349314
-34.709606840195065 -27.950809737409855 43.59618387426072 22.005462905545897 
23.486685142171392
12.4161058047886 6.960197380272767 -46.772492656332574 10.60125101502588 
10.399040423688922
-39.207920148941035 -0.21366792770477616 46.34240170792857 35.13783225888854 
92.42319321526492
-14.37118165898552 -38.857411696327304 -30.97614352481073 11.351536377667102 
76.54814622022366
-27.995054878090276 7.457757520058891 -27.615540174057617 24.288569829000366 
40.52840995770466
-35.44329338343789 4.1914868864136 -21.435860944706008 21.512933016772877 
74.7800055076338
-39.68869005722951 -10.569114583019136 -46.387345744667286 -47.58540142002855 
66.78590231218155
20.987245656034034 -10.303621184621448 20.959662730607533 -49.15131388114017 
74.03758370642676
13.89101386029484 2.6721263126435417 48.472465788154565 -29.861131518878803 
44.725130483152874
-35.1173969808379 -44.91310275474948 32.360700121238324 -20.643865716293863 
54.163900062719314
3.404021475357041 -40.87594475061089 42.555986574873515 12.031911387293128 
25.044433402488774
26.644232100578748 15.946813819698704 6.581356771752077 -21.464571251612476 
72.78871437328571
37.91912200899654 -16.693513020375214 -44.7434879361572 10.570728306114304 
82.73180404662156
35.32955997047067 -42.96356156888787 43.03450443015433 48.48443551354585 
18.357468012911394
-25.64005503695881 -47.05162434936738 -42.03113003725563 -11.09033121758538 
82.5212111288461
20.507003235799843 -46.15153317709718 -24.29188545532883 14.564970446242413 
80.15417276243008
-49.820279975893875 -46.40736915717682 14.485133838867256 -36.3272017798822 
85.98249482445979
-23.077247508627686 -28.095312440223896 40.84884294738197 13.381415234562645 
45.149786933023506
-9.660492052868108 11.301129746280516 -7.217573263486301 17.090425904488043 
45.152680814010424
21.47909090930547 10.614907043751188 12.405975665312305 44.43478341948831 
79.36567766425217
-18.638862054862436 -11.111138328101312 -33.70049012715275 16.08284809489038 
44.91133331959352
-37.61923433112635 -40.53706162770941 48.38215179739109 22.723858425303092 
42.494385457318714
-39.5213714777168 -21.086882370669525 1.8366483903079285 -8.216539018802195 
0.6296304019339893
32.1973057101755 24.46724078707591 28.603410181562467 48.23243026433856 
63.39604061213022
-27.244712796932713 34.62748250862764 7.986749405594992 -5.755025893891684 
53.14274088988561
-3.168876807660851 28.00897222380479 -24.061170243051233 2.9534150073575205 
10.729758594510653
47.31599603752312 2.284786731449728 12.924919988660058 -3.2470073186670376 
51.78005608766129
-1.8968339320762269 33.76245143430266 -15.139238913804107 -5.045880741542064 
87.63917776028481
12.22531351092924 -46.14527528933466 31.67126768350205 5.659718692440144 
82.82342559541749
-28.68921805860758 -43.04959044462976 -0.05570340208304003 24.892483624326715 
67.6562802316241
40.494601017700546 38.03936799656698 31.632875658969766 -6.361881197374373 
97.94711034636491
-26.569522923944298 -22.36114475494758 4.275622945833959 44.07430786773115 
46.69680615923097
14.510814509684138 34.36474595385623 -19.82664467618447 -4.252149139778204 
70.3350189568921
-19.30226636899497 28.25656522176196 -24.097899453244274 -21.8685213247397 
84.38513834294031
37.94323390086545 -4.647216350478054 -39.18793303625557 13.014635542181821 
58.49361581604094
-45.52413191319631 5.757432044327238 26.85384967091126 -11.951336705119118 
38.47068795171976
-29.187392452709805 25.901941923713196 34.89300759080315 -48.01632205915374 
75.31765736774547
15.317469763452351 1.4376358853781284 -48.34908439932908 44.731105364082964 
95.59761883385995
30.62252696551751 -22.094702833414004 45.47028082862717 -19.14340573696225 
36.56850771402359
10.92928603422343 17.78414015457325 23.648586821027436 -23.438529619347204 
77.29443466741816
-11.209472344743034 28.00344005274897 -40.169072688391104 13.613919972038332 
25.251223002707334
-36.30926381069198 -19.91109064351576 1.4445750235550037 -33.77544072230987 
54.20070443251602
3.42404017221957 -26.290005138865368 9.426794756109082 -1.471958767859718 
40.89950038386257
-42.92346559489949 -38.05020776261527 -47.432682894990684 -13.917390962307266 
56.99902392833015
5.924034569614797 -10.223631711662826 -48.26246412433958 12.563389021285644 
72.78234264512207
-17.263299871732805 47.041638373924584 -3.211689774888903 -34.02889905300428 
97.33758178796131
-3.060177488453242 -35.29162969180915 -28.72777901651172 -30.466833734166542 
18.630161828574497
-43.653797908982085 -3.659577932232949 -9.03035925509431 36.67802881556578 
44.59136017283033
-13.37311843890651 14.252071636547853 -12.115204792170296 -20.961254458274226 
73.55166894978903
1.2182250436067932 -10.20888413368074 -34.00037405553347 22.60377898195047 
78.30935831017042
22.573713016719537 -7.816609444712306 13.989045370894324 31.97558323169018 
3.098480313241603
44.95839631353306 -43.487466297985534 24.026096045459852 12.021616082914036 
5.6353594287056215
6.573499042983002 -18.067802954669897 20.084434774637685 -6.123066444746804 
38.46735233078363
22.313681913687105 -1.8736241243557998 -28.877699349315055 -10.369505332658193 
97.18689253930435
-13.15533701338871 18.82568022153285 35.03030698513625 12.025269006242837 
46.95794911671109
-6.657119578836948 -21.40603843973231 2.2810221057899653 8.185238270709291 
23.460170615943788
-13.613879901638093 20.739103085887805 36.33018198505334 -41.15512508623523 
26.18705722281036
-18.07764902082849 -8.235113352165037 48.107265118808144 21.18904930580814 
31.739362967220774
-40.263849589037314 -26.301519768173666 21.72036028877193 -39.33575207600833 
93.17105410899114
-2.4706179690188534 -1.7774595832165545 6.960126116442424 22.037647565778556 
75.98036217594759
-38.851884401673175 -47.19415127895563 -0.17953392407071078 -14.117681469044449 
19.012234898499603
0.6581141155764101 27.299446416699496 14.084157558307624 -5.476841012496806 
29.77877054205663
16.57475867883275 -47.61768172245072 -19.4670321558025 -26.420204477199217 
34.158967078994365
6.873009531406183 -17.508835342543186 -22.71396385779535 -9.038175564431526 
76.19797054727742
-37.849598289173834 42.388528341198935 -20.878044771432936 -23.310250426255642 
68.464801735585
39.45881054782615 40.89350187852571 44.08261110465705 15.937886349877559 
74.11731590229302
-6.82516814546176 -28.759599757751765 -1.8815384811365874 22.29660097293582 
22.770215205731002
49.26280000879093 -45.49079820738218 -39.5871751509436 12.104304968578539 
65.36657035575556
42.844169578601324 -46.343494494429294 2.8632255397542252 -24.901439289417702 
5.507783999072158
31.336302354703065 5.914877473624735 -41.27760190708244 -41.19071017224015 
72.0571799240237
19.86506634348268 42.030935527358665 26.89307885613323 43.48698389248011 
27.73489768806776
10.371672528423105 38.25667719833824 41.5631163796306 1.498840222497357 
71.33255898559231
2.1646313396727592 2.2136502994445806 7.601739789386173 26.3207198004973 
84.68786591340486
15.014874248904746 23.076962329114778 44.17679443274089 9.664560341432683 
52.6799366253222
41.516780789881835 41.00273733270416 -31.430032862386405 42.8708784983683 
70.90000301091307
-40.4588683163948 -14.901000001456651 -0.45096860713862696 1.160754602968609 
8.729137716089653
45.206844364330834 49.92641617911946 -1.6137649646266325 -30.539570899811253 
71.41919602440632
40.05337993665077 14.66015800830968 46.12358790986846 -8.584752971263995 
77.17546055058769
-12.177473142416183 -4.854386321104599 -24.79719266859134 -29.784977748824527 
43.79527640826718
-8.445690908018399 42.64647741054357 11.08093631418113 5.627193968160171 
2.483518656539496
-26.32389185027111 48.982200621763596 8.040516849946755 22.580322072669944 
87.19425417937421
47.51905918156834 -35.9845718183534 40.433428250578984 -8.482330010034225 
80.04783841193408
30.82761397012665 -2.5727852217385845 -0.8706232963128855 12.663372944053243 
76.95796533132425
-29.164027462798703 -8.415838715620382 -3.884457582867121 -41.57761781874933 
61.50808170058857
16.60182739926917 -11.925889437736657 23.323568762381996 -6.849979686231308 
98.69890142394773
-44.621279527386484 26.805605832806876 -14.994750182804864 47.15091549313503 
62.258500207435375
-44.90401761614563 -7.366844420217966 0.6437675379465588 34.97848684201686 
26.948704158426327
22.528431191993477 6.6641225756335345 -44.03235946165551 -36.44403431099015 
15.481395168624857
-4.504878719357265 31.205922487490042 43.874806701449145 -39.135089943991105 
73.62523916051137
-6.504419698735589 41.319062269420414 -0.5562482093022325 29.444320444192712 
51.21436945342198
-30.10415153785575 45.837385951421425 -34.70755706002539 -32.753784638866435 
53.11968070478269
13.42728437398604 -5.756498711215194 6.007337640506307 -32.58369220665712 
54.28512618708273
-32.5530778893976 -32.16636249374337 -46.76784947040733 34.60824368796082 
28.4172299367359
39.46770245715115 -18.30576273413447 2.184026091918682 24.352698182443476 
26.98154738965841
12.419368666589179 16.56494992145005 -8.61937696010002 3.193745547914304 
78.95017849300595
4.921208707711486 20.56823451081432 45.48736967470997 -7.700346420473615 
76.94801839601854
4.604618768545102 11.907744653131672 10.214605920045159 -19.260211515295612 
61.25048868842037
3.5166998844789674 30.02243520117763 -41.79641575840382 28.96896778367571 
89.2026774654044
26.30453005613664 13.369429876464402 -17.407969944952484 25.493674083766706 
71.14342098593069
39.86509974758451 -27.55638891514628 38.392685187409825 44.31986864669062 
64.85832614250417
49.03181117204578 -3.147060677942534 13.589826654799516 -44.070621687019674 
97.23903451206294
-1.767074523247338 -8.949782991343639 -45.3777893713528 -31.119720661096206 
4.918795849775126
-49.39365598029081 -4.167500313060145 20.566261578263706 18.274443345986498 
23.68264614339849
45.72604147985656 -15.000609077896257 1.177186800898589 -24.42756778029489 
42.54116921199387
28.14707366612427 13.619654685793016 -46.798852816421096 -45.5860376302435 
72.17820339768453
7.20611007962102 36.58157569867848 26.27520611103978 -5.38489042017877 
33.844114937874316
20.86836792507573 23.903210748947743 -2.1553600848006482 -38.46987856141787 
3.6731287848720484
-2.6232531752011994 29.948458072311354 5.850154919559344 -46.81977501737777 
78.45752627745584
27.754055835953864 29.664525093042172 36.60737902588734 -3.1582070076775253 
46.07436032123814
35.41803024964719 45.68405445653222 -1.2442414894387568 33.29524601163668 
74.6148888210302
-33.925560546297774 28.029766822216786 -37.21333198862767 27.22021182602991 
1.0509166866917719
-15.428748909733045 -17.945494880107084 10.097511931332107 -23.772392851173162 
8.06664011723316
-2.883329728540737 8.064428786889188 -28.207325977241936 45.77763669160089 
68.27837311742991
-16.25355196837822 1.4318169045579907 2.457301935068699 -44.70209542400818 
13.131101091764108
-16.985546538545293 -12.303309243475539 -35.124330068432556 12.572751956794505 
25.117795322963588
-28.577205522040018 -28.534404592837625 19.970776879574345 -14.406837001205133 
31.803835796335367
3.5994954092469698 17.94152820289004 -6.3674387201074865 31.478000982584334 
12.231335042454283
11.35628566983258
-30.383421861047154
-7.193233745904912
-41.61877131623602
