constraints 69
variables 7
-29.67175271803525 9.332687085923133 -47.54169516128882 -44.654462132828634 -21.73503375786091 -33.11372234970666 11.983926235983247 
80.8381267610968
-39.147591935547794 -35.13048219675533 24.700908470393117 -34.80301109805495 -13.025508794339466 -14.05542702178969 7.3047015297546665 
72.78656493138588
-23.81460728521796 25.38743565728437 10.883700734383858 -26.59156510045865 3.460674993043753 46.58598893054776 -32.98341835603104 
85.46557637737796
-24.3416659161256 43.47213779478899 13.167766005558654 48.6024743383345 -38.80084364033889 32.437465575168275 -8.365475162021433 
11.505337954910665
21.370333632884225 -29.792399422937834 28.506316803164438 -47.715128559872525 -25.824217128520132 8.701325427401763 -23.071043995845532 
71.22739269407072
19.80117697207477 -46.92381285353441 -47.57676261673526 8.688325081124425 -29.468809219778024 -15.036797739575547 -2.91030386957771 
44.515408309901574
-42.64894775433275 49.31895384291619 -15.76181965389464 29.62722616297458 30.48394470604086 -19.625739324945002 15.312983904433167 
85.23595838717002
31.760408475680464 -40.16571128159477 -33.05870464998108 -19.30848482163817 -7.01461961254163 -41.21420185999389 17.514723871548043 
67.03750670527128
6.363048136936655 13.693014279977625 19.920775194259463 0.10780125197493362 20.55924793723473 26.414354368714186 -10.12692344016628 
34.35566676340549
39.1256141730472 -41.6519473085318 47.74627973593361 6.595808942790825 36.77930407932064 9.61548456383695 -14.096481721273214 
57.452887914841085
-36.57344097996822 35.6168116414656 33.21140576708406 -42.45165685422965 -24.162035038332196 -44.65571958265197 -46.230495368984684 
15.320713931145413
22.527764043023623 48.514389852858415 47.838322176678574 43.86284210418927 8.659143433131064 21.880796142376596 19.531840857878464 
55.27268121363764
-15.308109752808477 49.015746285331176 38.047669233161 32.75268130355559 35.00841441673474 -47.60151645871134 47.0399101929691 
3.056037490673069
-9.101383997655546 1.8249461622680059 -29.803114729257295 -5.133669704167417 -43.94639231937937 48.95378519051948 20.167871540918554 
22.31038472585871
12.11287915019431 4.2296047766315255 42.69005737991665 -22.957503832345715 -33.17103655668847 -10.525028879797851 18.098941148403327 
47.20135182494531
18.058236765433207 -32.88132426511228 -1.6375741422396644 7.029386248633294 33.05599258291706 -44.671614794562906 -20.639089438653645 
37.05746866677916
-15.551513983366895 -12.758321483487919 -4.657314042832809 41.496203656880056 41.77413441860641 -37.959791746068426 -24.68399712959428 
26.8383194789105
-9.369345817282529 -34.21247979621348 19.59618167284374 -6.335008858502057 40.23436202961334 10.751857068195882 38.8081949514072 
72.2621210062099
-15.407502454277278 -46.63898554493898 47.352146279083414 1.8909837578313002 2.5088556472460866 2.987157014405831 18.671148681066967 
13.420857882327786
17.287626901353832 26.43522798927333 -9.381907447207283 25.519558268082378 -11.73014689302525 -13.690599329404165 -44.200151712719624 
5.711091595084095
-26.768623688748107 25.35779267262977 -16.015514209903046 -20.652083293725486 -16.809173046667425 23.446433811582253 1.489090539613528 
91.9085583192879
49.32055593527818 8.98928739820839 -4.077165412502261 43.01964638941598 35.423100909994204 2.4618701274105916 23.741949526189316 
14.214696594989896
-41.169792197093756 6.051830084561246 -27.219695071238615 6.680246875183862 27.601014329574227 30.550591578945387 -27.748675275356284 
90.10322981042249
-37.459511774308396 -31.73400334993538 48.67399329356847 39.221783284317866 48.82880321486327 -20.963382839055058 -2.2422708689270436 
0.7949124301336985
-46.053202054915474 -44.64580239666105 -20.512011083980564 -9.555227865737173 -43.89773306203199 -27.84848290719273 46.48639858749884 
66.18857908367278
-49.493709576921994 6.988641772474139 -15.823657717424751 -36.53457591547925 39.61839744471091 37.17145446227137 -24.633103791891543 
5.076621101553069
-32.126116904753076 -18.23801422411423 1.5750603117731998 18.69637581728331 31.426061677439748 -41.5090170865136 -41.261710680494765 
4.473003536817821
-20.919100241503983 -31.741170695081934 -4.073730107787341 -4.270968271484378 21.8708670649452 3.211766596293522 -17.756927929830688 
46.88196588538606
-14.390540772681895 -1.6938369833420666 -30.68234393495215 -35.55435309199632 -26.712635857428737 10.824287638197951 44.61291186942252 
69.33551283798161
-47.684257843829556 17.48089855969542 -35.7596871978078 41.6892698483625 45.391666232327154 -35.439282958369276 13.04937716487656 
53.02783753176443
-16.844739152474666 -7.047408743414728 -35.531873177425624 34.81966369553008 -28.17236198908897 -13.002958164874038 2.902759736388383 
67.37478437952531
39.663248296983696 -36.26048895722307 27.46181824154749 -1.516652422455735 -47.680214205423525 27.482592343516657 -22.647883021995042 
17.326490219272806
29.1433248226205 -36.543853891264334 6.500766691430229 15.925873098837258 49.88594399928165 33.97507954210987 -12.210344458439984 
67.76132799840886
14.517504140712106 -29.3696835482942 45.74574149287483 41.17446040050929 7.562924132664371 26.85927965442208 0.6126004398564504 
43.789267148406054
22.790727782395237 -33.33203535249655 -43.56433026955258 -36.580881440428584 24.09819916959978 17.32749011453879 -18.87435807416734 
30.792786040053787
-45.91697824909602 6.543785402570492 7.421557086825068 -20.079620056975102 -46.93919766612951 37.89986052606599 30.25710350058833 
23.033463341173245
18.182399493883267 32.29582750684432 -11.759299495598697 -11.228225965174502 14.824531764157427 -22.337231812720283 -5.208019263861239 
94.65235907995272
-49.428355421497336 -15.597863384582077 27.934299333066406 37.84515172514854 35.876585697643094 39.80331722752511 -3.175080985090972 
91.89232192155772
-15.117900620957158 -8.882344819010832 -22.188398202220526 -8.752988342964827 -45.095218510745696 -35.98189217232864 -46.86369852147912 
70.37035208761898
-16.27242844200496 40.84940251653242 -8.636276007920841 -0.38607751649968236 -39.88355489812503 -18.625601471900556 -19.805433303110263 
26.228127368988517
-45.12849970343503 -32.35186135579566 -40.46977615808803 -14.424806624759213 47.24212364049805 -5.798201588725547 5.48784613885627 
94.98884177793441
4.68050076114401 4.894611650896863 -15.47839326599815 -19.289099211872774 12.67723811302767 -1.407425835581897 30.888108755653292 
16.94845311429357
5.817399704375013 -12.741512846736804 0.4008638795916397 -24.666606716762175 21.214796953204058 -7.911238291544365 18.75085880000688 
92.9294897368113
-18.873090255360225 6.00812143244854 -26.372850672735602 -32.579570652724655 12.822309095045782 34.13413387114002 -3.5464027110274827 
79.22551951970934
30.667052987421144 47.749301428267316 41.76476151572636 22.028027537815902 37.915986586901624 -48.130786954530514 0.07609546847893256 
95.5644439516981
-46.160547524897225 -28.32896507803746 -26.43947589561134 -22.48880343278191 35.58542396328069 8.847407878449644 2.9256511996037986 
44.91867639904981
43.57164012662054 5.37657891734009 -41.407307515447556 -40.119364174488105 -5.77819512552459 -20.74956612594824 -0.38954663446620685 
68.99040548790859
-45.49551897292331 -35.62222311657335 -40.30546192149501 -8.376440200007416 -40.99717308256321 -4.818888888478234 41.36414102767226 
88.20001231320933
-27.862145466907297 25.33084592978625 -13.64430712909396 6.316757008406803 -24.31257875505152 -40.388310722863494 43.324736819085885 
0.005791020375467415
34.88770322988243 8.09177323955329 -27.695578074008797 5.360000395611394 -14.826580101402008 42.56581332712972 9.471022677301612 
34.38309585640534
-13.992394147959189 46.669389070569096 -34.5260824891575 18.15795780855261 8.27129438124927 3.112252412735913 45.91953665958741 
90.29103368913738
-42.672051303815024 -45.845722115146025 -36.44424945924365 -47.9212946566564 -14.852932994490956 4.748531462106634 -41.714726901168845 
1.9548332869419927
11.765870263894165 11.701653776388788 -46.656384564731454 43.51697206272017 -41.11244942861227 16.752566443363605 -46.190764214112946 
8.792006632340343
-3.4409277104627023 36.646298427502515 37.07047355348584 46.39026581631012 17.64102461516947 19.080456859646645 -6.044035565535289 
27.81044920801716
-15.823361636178554 9.827727251917317 -46.05776795765796 19.395961723338814 34.78647025507992 -46.61147318533442 -31.815849413182384 
52.30656845169545
2.859974914333918 -32.79633518158771 30.07108636322802 -1.6424842838068088 -28.415497576853465 -12.242213173934132 -15.406528588054904 
25.69160445467592
-16.252990951611054 -14.170018942946172 15.011637253581156 -35.01208623826912 31.763108842852873 -12.30111984203105 -1.849216368403816 
64.27423582579914
-23.467241235490743 19.285217770728067 -11.897076945128951 48.398476690447595 -17.508666203076196 11.015705966564504 22.198771008060888 
27.82762361976229
10.619404822447557 -37.382192964966706 42.81947890862489 20.681155837305596 -18.805966818821563 -30.89422665563909 -6.049793744511213 
61.768988486722776
3.708996914413291 -48.105876324745466 -17.665436993128857 -27.10755983060632 -27.339205069637917 22.27547930202921 -10.329087386918289 
59.77986872671423
44.79190182072608 28.425499480510624 -15.501343816761256 -17.2330025617647 45.90220421101637 1.6483908504789397 10.254580726494034 
20.69518197295518
3.484134388199898 22.752306326066986 19.43638024649671 10.489173757205315 -34.79347562950098 -24.755334637485703 -17.107432946019294 
98.48920465996342
42.6666946606985 38.46325747058813 27.96493165701672 -16.149507231676864 14.84995441076073 0.8097527066442538 49.541772074155816 
69.18660019619496
36.38001698243755 40.92802302345237 -5.962802445372795 -40.87875174849725 21.913579424532443 32.970469373969436 37.893743138353344 
63.52662713345572
19.92668793108649 -18.978687425807163 -30.587357457297227 -31.035654503369702 46.660118883176125 -22.703385832248447 35.54812632148517 
39.20863217577326
24.135529215490877 8.916538115522876 33.759092258764525 -6.280506512811499 -45.07637278818702 8.84620301060113 13.093591997820084 
91.54698837724067
-29.259805800570383 -41.97282774595125 -1.6114270830495983 17.385903960856425 11.965267187201775 -2.2275038358204213 -33.20065715064027 
26.363560274719966
30.825379401634166 4.173948367740408 -13.169708125561982 -45.36842668122799 -37.75175869641825 9.570891691061249 -23.379634458919686 
43.94586003020782
-26.706210052270663 30.056003548160177 -49.556086808227285 -39.842677924662695 -15.41492161706747 -27.45614676175514 0.21949230240644368 
7.898993465086002
42.17150335263817
-23.748219134280767
-8.046262124080684
-44.45247789599376
-15.652257078760222
49.350803206582384
21.53263956285049
