constraints 69
variables 7
16.53893660102794 5.98569348921302 31.43098145080215 -48.02693247107894 -25.618988921671903 24.241473607432084 -25.542551817419568 
31.068565763778878
-31.503809484692948 39.23822784037664 -8.779280655069108 -21.677643821270422 -24.90374006389713 -16.940423069634214 -49.701811435772846 
87.10551629041531
-28.14713907359483 28.120141700794576 31.8580488886478 36.94328499678619 -11.363746380800478 49.6972609506515 -31.544724566820058 
58.564722336658214
-41.382298333335456 -42.44730092741725 10.63734965382551 16.914728985781608 39.06228354802607 -47.48102298373582 23.25878172935714 
33.09096716428249
-33.0603180843421 -26.993018366797383 22.016742610261815 -4.4373073899325775 -49.09369341240441 -28.901433592140748 -46.041574305981484 
56.0481466624286
-21.73714401469482 -1.7801636357703288 10.574040827427126 -33.928437011929624 33.16725040147389 -13.652073886552621 37.57758551917959 
86.49049935583501
-19.316391409473354 -17.713984818132225 -28.409123040078043 -5.821382101898706 -29.826249282705696 29.74843208795754 -9.315437472977258 
17.568670912277497
-48.91155333484557 -3.170321393179698 13.093128750608727 -44.09508993564592 -25.608502289709733 14.88828328086744 16.409205358837397 
75.82370350983602
-26.349595152774906 28.958361377851887 -21.824240312437215 33.27565850311514 -18.74673522430228 -40.49112057633938 -41.96698750410121 
38.82209742155214
37.26223792854978 40.702538519038754 -48.559767443348036 -30.016748740356803 -8.910227690437644 31.263353391979294 45.4808516688493 
35.5850582748974
-20.51550504016737 -9.356093098622964 -1.62743987323244 13.94602086312031 -11.760485841958271 -24.609611729431812 46.0424142230504 
19.265061697396312
-30.413383731262677 38.43551559334057 11.490187217360635 -1.2841143457368531 -7.584346093804172 7.506442171052477 -44.34846519916973 
26.52285998169547
48.25917415920469 -22.083131763303733 -37.914215968473954 40.687987765614935 22.408140273039834 -20.28049726499389 -7.94851527765973 
63.05803938462235
-33.42462454737863 -30.472877453470193 -18.603918325646994 -45.93453066211901 -22.800868352482816 -46.732491471542815 -23.825603006906103 
79.74628324090587
-8.220036224522197 -32.28049951396497 20.023891579603287 10.532496145644544 -35.43010085126551 35.88454659429942 13.062906732985013 
28.836445780812113
-27.51636993163935 -35.919945668412524 -40.55857290155078 -4.411345430393624 32.27728557912917 -32.90204035653396 8.662167190033507 
14.660555324522074
-19.15892705379151 -8.146095586170631 -25.59696753451267 38.49785716571732 -18.12210364056599 -40.34051220244538 -16.189653259661306 
78.30989719104664
-25.709169949337294 -37.41793977732589 -29.904527586511144 17.804865632011527 -29.721900930948486 30.313567187887998 -28.244262019775768 
80.73026891747371
44.43499594741027 30.551983130266862 42.853900318089885 -30.627414950038855 29.08798011355387 -21.89408744112584 10.528601448390617 
73.68956930221313
45.63694398406024 5.76496442184807 38.271609715108326 48.893201693315476 -43.14259854691116 -6.564493074291612 -33.50412715111564 
73.07080418228018
20.915229501269522 -38.876491073946596 5.531725069651742 25.82636521990287 -35.72776635722434 6.05312766945444 -49.57314294224177 
73.94368759461814
-32.28828343820443 4.5417897389580375 -28.211070065819342 10.717456991977969 -22.611065804096842 5.209522433793481 12.398029588593083 
71.86789217423642
11.112124216643323 11.682326335437743 -14.57062131106347 42.849141615302415 28.98559147943982 -9.843615676954876 26.865084445974745 
79.88115649642953
-22.902911137777693 40.02202085255449 2.036896707421434 -9.820726010078019 -6.892472098195945 34.203216668949494 4.230322965064396 
55.62529203998204
-16.598149954228212 -30.04934061000286 11.893614395280885 38.518323945099425 42.885616130016885 -29.466760899011348 -9.766445396147425 
78.06329226321841
-9.437269966281605 43.60499299571727 32.84314069033468 -28.10058466171801 36.70542966333366 32.981461695581515 39.494594600480525 
38.24059615555782
-19.271513066924516 -2.8584314882739505 17.344422217165274 -28.905873955656325 -37.19465351725175 9.978023059575868 -25.46451151597453 
33.54369460032971
-43.185308436018964 7.151387440347264 47.54438399825386 -17.772835658567374 -2.618270661359709 -5.140050329247849 -33.38937639800223 
79.90915947865828
-20.420748168090817 -3.080473501952909 17.19751654152506 32.4430331019349 -43.72068444793771 40.754444996749754 -0.3271937560594438 
81.43624436209453
-14.802809160773691 -26.767119281419294 24.260488069955144 -5.4221527862248 45.34493318641462 -46.76315589155349 3.80345483862461 
21.856165781068306
-49.08716249764419 -10.560899067242538 22.989948948278865 27.78937913272057 39.522672739714594 -21.03366886666851 -30.56496525711283 
67.31121317178113
1.3475143075386669 -44.54010680791309 9.371625698901155 46.09848979526919 45.768645370311305 -26.497415677834123 -21.3061499181213 
94.89678829297355
-26.959113813139624 40.46178251098797 38.708841114668374 -8.204934758667967 29.86343072921987 -43.49354572988903 15.191318903823941 
86.41951103931656
-20.19594261729448 38.88747496721113 -0.8014175524783909 15.661578178328085 12.200381919771928 -12.47221283350445 38.59186871574538 
51.8245170297772
46.46258400760087 -4.449063818625277 -9.676755505068513 -9.032601438808449 -37.37215181055342 20.58353810247891 35.285558546687895 
71.74505931079189
3.567479481853397 10.499316489975243 -20.113826711572358 13.186976145201953 49.423514912075134 20.729297486652968 -18.506428689585164 
73.62757308020998
-39.347620189113655 -30.655139050659653 38.519127520367405 -37.60495483683248 22.478923700458154 -49.17265941988954 -19.865318130943354 
80.88527330353199
0.6149779221758607 -30.230115434005743 -24.51020541087243 30.291931615563385 35.77233122939468 -38.285653702177136 -42.21914872479534 
99.53347169555302
-37.1991722864757 39.90799931967827 24.63748212415463 38.81213046149061 39.20802697863299 43.971888582332426 33.03003545759576 
31.759689644458476
7.367703773552989 -30.695328860678117 -45.73490122574317 2.269239904579848 -5.099778462915282 24.502842771311492 -7.375615095087184 
30.88170661282482
-21.49143696308823 -1.8397520503342975 -0.1844332727424458 9.990434217808705 -2.0203512253882394 16.11682740132909 36.64189753581411 
37.14670180390086
9.111298060378836 35.55858984795364 43.160784959799855 31.393510892350847 7.00099277766968 -46.672206678002595 -20.910284534179613 
58.824545926177876
34.433387041934594 2.384410490899178 -12.668741881726874 -29.540258016800568 14.02927465947829 -27.433093360129757 15.22712413388183 
88.0484373524688
7.369535646609691 19.632476397562385 0.5145316363357679 21.555567671857418 9.483309395945241 20.01383364097569 -8.05354879522352 
65.8559670736531
32.89049548240328 -12.1882364374122 28.15054426471437 3.556303059250311 21.814387914580635 -4.750429513934996 42.5399110441755 
35.883744903488704
-35.76888370788956 28.14772330084618 -3.047965106536978 -25.775024069633556 37.0982565896678 -36.06609577922399 -27.819401111951116 
51.168718273305025
28.405820429645402 -18.714242537011717 -40.321873981765854 -48.20058788545795 28.618593329353487 -2.2893081467814227 5.445688698886123 
23.50931085757242
-26.370429157197606 -15.800954742801132 -45.51080981663592 -4.2593071115814 -48.47997515922554 24.544026904845225 32.210017223721465 
29.839489272362187
-43.77749898552664 -28.99616104700535 -22.288838758598185 23.596127122521835 -17.391126916986977 -2.3115682416596144 13.238137303702615 
15.068908184492003
9.576296710715646 -31.614644943865 -6.162620374451002 -34.07016494865812 10.379728393120445 16.496230890068304 31.802995383044475 
55.842227917268126
-37.23952212887856 -18.66261208375616 31.596119318536225 -13.725897985917115 5.345960554020898 -42.73480213772852 2.6593319133257367 
74.6707615961416
1.3467025273785609 -10.08122838884644 39.911907321087455 18.054586379974637 25.752339050282572 -2.670405345285232 -25.30004412432011 
18.889554115828556
-11.970793932254395 2.729801423350132 2.588770637510983 -4.557447328698139 38.74783429249162 40.597768481598635 -11.37699968752296 
43.893035816108664
-14.380492580914193 37.81176235921407 35.54353573767128 -19.912786647014833 -37.90324309988766 -22.26060438382752 -24.061713005751884 
65.10233899174855
49.99351260051802 26.67267975172649 15.417293906196832 10.681339125998768 -43.493644747656866 39.225505331375004 10.640927230015649 
68.11746706242238
-14.430863955541696 -37.85760158085819 13.393167123933125 27.3132293890975 23.648990398890646 24.42441743735803 49.88029216218905 
91.50736503999877
-19.107442526876707 35.76015384907019 33.04851098929545 47.55818705991902 -10.042989224654228 14.956713858233712 24.952457947504854 
21.6910908048214
-33.08874366704704 35.39773070460042 -23.93036059435911 -3.737353210595728 -18.731526617767848 5.512357612333844 -31.05572667872709 
64.36314104375873
-34.48807109096343 -1.1786703464033224 -15.342749989376593 15.97400911846077 18.401792894217635 10.333114656050114 -7.64285026899735 
81.91612018577925
20.90143384728988 43.89530710819983 34.450638798941924 9.969397411095251 -11.262496643479835 28.563362898279777 43.038734202657565 
11.313829284627708
31.40886599106109 21.130857466660274 -23.20116998467705 -5.163618082698349 -26.114803201336578 -23.327547958815952 11.750536068347287 
1.8679341270941618
24.286913945668104 -40.717190849944444 -45.79323435149802 -35.4411501980303 38.513809266510535 21.151703769690215 -30.300292793217043 
37.37130814290309
41.090599042370584 -0.3023684068317678 37.78466793705843 -6.93887862754525 10.42335064022749 -30.310783309497168 49.36301339769258 
32.04120119907543
26.21153397894409 40.1157984050447 -39.47130536904769 27.163450362880866 6.936230112653362 4.025557347416296 4.931207617392587 
14.725342520778051
36.145826375507696 33.63160907391725 45.261022026301006 46.902006272643405 -12.313734499909714 -37.30649754124771 13.701861503164118 
40.82411466541027
12.073748386437359 13.513613686951864 -48.94252373769745 -4.83349134531997 38.883539435860996 6.844926369701355 4.748818874972486 
96.38189859630332
-16.67069717757741 39.58875719560709 -13.009158807678709 3.6086001751050816 19.133206264866303 27.367981729056694 26.196387891881074 
83.80076478074332
-5.6622072326043735 -13.106627949152681 -32.98204189736434 -33.22590518783617 21.886376181645375 -23.502321441009556 -12.573612697075923 
3.6295693805005302
-27.40044132799658 22.29412754335725 4.838759746967284 41.412230484410955 34.601202036854815 32.12300600207011 37.54618795670568 
71.88163567498174
19.948273806905803
-41.797700727391195
31.582540622000565
-44.30807383879913
-13.1410907367963
-3.742288829660666
29.538641609532135
