constraints 69
variables 7
-13.12052093295786 22.172626373718913 -37.38882828574636 -47.27191625688181 -19.96054378275014 37.25634762120862 3.1090024439441564 
41.87278399335166
-23.484183307983674 -39.04379630314728 -37.9734853983781 -23.41092658047238 44.91242260709403 20.84343630391072 46.01761435607688 
49.43904121699647
12.689511388486586 30.922882934204026 -3.8774733006708715 23.584595001122878 16.58817585108511 16.59950821562643 17.349380412325246 
11.462901920295533
-33.603930617511736 -5.960807118475373 -31.080875766159245 21.205972111093942 46.89870617951078 14.144108148367181 -47.62839500833348 
3.143879520301407
42.72400736381104 17.00752761286546 27.406536704010563 9.688141515389994 21.276002004290277 -6.017505125730516 18.633730536907194 
28.473767150644203
-49.93310087699398 21.393274604277593 -49.667146899646895 -39.1544224986156 -43.50499866959379 12.43804819213642 -39.12631960353122 
95.60637809649529
-39.520759886912984 31.97582619247153 3.623662504154403 -28.598372684431027 23.349378635344138 32.660145886536256 36.970325184291 
30.197258580751374
-39.99579018083158 0.27656640543660416 42.511895119827216 39.01437512238549 -44.411657346522624 41.160578980866816 -12.47977490887694 
97.41649353004355
12.801513519706212 5.21701945186642 -34.54401344227639 -45.797828309659074 31.442531467897723 14.331673876102442 6.616756249518744 
28.3377278118212
-12.096623382937722 -42.13978460145267 49.924510908888436 -33.62805645777601 39.06713936843643 24.39921881389651 6.409771350632084 
71.4065451777992
22.426841083562152 -37.8115354620378 25.12539127286324 7.153404619466372 -37.76957479168889 -0.7366583509273852 -6.976114521205943 
14.691308778566526
20.070497550468744 8.87061162148575 -38.242204717936936 -20.75768972550155 47.575683819020725 -24.319570335345155 -3.586458912742998 
49.619594308774026
8.723740746223626 3.9719204822305088 -16.13511089611297 43.9558729158523 39.784841391794984 10.239268961850868 21.732960217423013 
71.90336360612505
6.01673918084883 -40.44027644714537 32.865531387052954 -34.29656632867969 -4.02820412670205 37.58447404157023 14.799107337562276 
40.35595537434806
-33.360844626145365 -1.8420705670799151 38.84304561558814 -3.4244153552134833 15.633586542911502 -9.659633516559488 -40.77418513823684 
39.30406693040736
10.255833599578459 48.00355504860897 -20.830793273795123 9.254792173612792 47.487595030627375 20.18842027756142 47.8071582172752 
15.297828233046662
-46.152494396596566 31.05835991316735 29.541551395228595 11.450682134584902 -40.47718648590072 -15.448612733582422 -4.271772694419738 
83.82208770368365
-2.695315675876131 -29.271251714173864 37.512138165052306 0.06312636720953435 -16.406615410941846 -11.66274920042921 -11.818577796453589 
26.712058035407704
36.1028564256093 -28.752955695283312 -26.414093695637508 38.27621750161909 -29.117520900977624 -4.803891607434508 -20.033618047961298 
25.976416914183098
-0.11290326562364328 45.667273854034164 39.96671561368454 -36.21371458402103 19.564672460080573 47.74311435633268 -10.348308585323366 
4.731020533764707
40.79422209174274 -5.57144101397575 42.02923767717664 -38.632922371617475 -39.00507325512782 -38.799365402467814 -44.12353165140982 
70.94631812290582
20.340644225017485 -38.56071675503776 -47.405216992605546 -42.02479456087743 15.75231149439486 -20.087312813351875 48.3699823753866 
84.7116305817717
-31.29601375272045 19.63511955759715 24.08923085866499 23.599020596633864 -44.13341383201627 11.184838030612596 -48.73259871134273 
94.7193881516607
15.226655917811556 -37.03593362875738 28.661140940385863 -13.945991343223774 34.55576602422006 -24.0973337750342 -38.70018137858894 
14.67247009837951
13.969443998031053 6.751609781019482 31.338208590481727 -7.072156307814751 -30.19719597113045 40.38190360227644 -31.563339855062246 
35.317761449941386
13.143317738186468 23.399137210864083 26.300170207482296 -21.121765520214474 -6.9004976130310425 18.90339508932719 11.558628437894214 
92.80905710294725
42.247487515414406 -34.63127141455406 -8.653704085462032 21.486668825232456 -0.3142025289677406 -38.61398953317872 26.739266060781446 
39.1024320636088
15.741920383716192 -47.59255316768144 40.63557699889523 -6.128805651983683 -38.38748986418868 -34.34940173523986 30.713297219663772 
85.0872163334119
-22.91761175779492 24.964263337201615 -19.222246704213298 47.26136250256204 -10.044265751153603 -21.27185408513884 7.1098694324908465 
12.155689480089526
31.946204265614156 -9.247279924849103 0.3532828448516625 -18.261553408089693 -42.48906319920962 -23.334747460615123 -11.971200797480286 
72.9146043466379
44.47673306824228 16.412490117546156 47.9404101639125 -11.655928274815686 18.29493571921907 37.280030068966354 48.53797524969423 
26.741706348051242
-4.625142697407384 41.22291663096968 -21.272586138460493 -29.23961091788856 -14.816140702707791 45.3215815371297 -43.32999532197278 
80.89032875124448
25.665466047313203 14.821701753660292 -25.21178100950635 -20.23511003250502 -47.98479208756417 -5.513832971325819 46.49628617722347 
32.845220702084674
14.967124588894407 -14.11817676955831 -30.90056972343619 18.663010645356366 -28.517826644583476 -24.256825907885904 6.856568069440492 
34.6327129819163
-31.906941247983823 -6.30015055324845 28.376960449017147 2.901649512675384 25.14829248655316 -33.575961888910285 3.32217008401895 
24.78836410139804
8.811536642019668 39.648750859237936 -25.18962537276964 -17.9332814548156 46.91061363623599 -40.47277726059089 -24.02903384084332 
98.6851835183978
4.593817462241226 40.44832556442742 -48.22695920184022 -42.53216358095911 -13.76055125879141 -2.307606771349093 -19.447742765531785 
12.925603645027529
-28.82222961374924 -9.793607117714373 -36.41374274189202 -46.48666931062393 22.522888888724736 1.2968979683943047 -34.38033662909959 
44.500271353532725
30.775295149771594 -16.81614295004448 44.415440347922214 26.07862588216331 -33.155845975138945 5.127694793296719 3.210160436655684 
50.41682096036359
22.75164659726562 -25.76322819430561 36.37654261002467 16.07117519464957 12.519955244155959 43.081836632027375 15.647382499954873 
98.50174931703224
-9.395158213381237 -21.111465964673304 -18.06922796957757 -18.60494636101343 20.727939671797373 45.34866124791573 -33.95268259753462 
65.07849761761273
-5.926780150586076 39.985330555711315 -39.354209310264075 -34.48168257481711 -47.448596938947404 37.5267661187104 5.104518889400737 
20.224892588984844
20.199290741916926 12.887956521785739 25.40147466226486 -14.15369968286413 -16.230663608127728 -43.87104134615073 -8.263039465056806 
46.313044968155616
-7.8219652735957865 46.15314368778856 18.11839784091076 -49.896092200561036 -36.280022562741294 19.92823820972032 30.167667504982347 
60.53486165805006
-0.18226716139696464 -40.342491186415586 -29.912877727966446 33.93010884598782 4.565961150478891 21.59799637602356 -8.978783621907297 
37.11625083965353
0.4414715544216321 47.11725523128628 16.976471834164258 -22.112331008254692 12.28921525279624 29.09950614981676 9.013286005401014 
49.9232069792776
-35.94254369902151 -45.04324202033335 -16.401139331219717 -12.90867326613703 -4.256286498746931 11.269867843904024 -25.188680917114503 
81.16284234284493
-38.373759482737 14.479140934636789 18.510842021194676 41.6574875108995 15.094215879842437 27.063512893530145 -36.35552630853205 
66.88251246788766
20.252995223682163 29.291983048808163 -16.473022042969966 -48.82143051394955 -44.03088659099221 42.90039690019481 -31.75904348406281 
74.97018788683205
-5.867016824703931 44.941292675795395 28.22517549576078 11.42515212410973 40.655528423492626 -32.425987866185764 28.67087750998752 
36.3591413211672
25.078290287364936 -47.293176237660006 4.521588881736541 46.47901037907107 12.664751505633873 19.172324755012 -23.327254714440816 
75.14012275663836
-8.545982103912188 4.5119332336170075 1.3932357693444288 44.50019814807716 -44.003822900007926 -36.53519502327247 37.041728837661225 
8.284128126907852
-30.64800326120567 40.90104515916522 4.826445669174561 20.331289885656417 35.42786146472132 -11.791388531501134 -46.342182451149405 
10.678885587049669
-45.169805821027154 -40.96214379524822 13.069251924001613 -36.85811035528309 -30.83820728505966 2.827119829291668 32.73199390867721 
66.18218820112115
21.045904617660895 -27.322552949666324 -37.73411942082447 -47.68343364287241 -29.847962408298812 -22.086127921549668 20.848547166978534 
50.3951977702356
9.110877480245918 41.065376909956825 42.55142580955048 49.78931791483345 17.443880788848546 -35.98490249743395 -39.618336036983024 
15.858846390205084
-23.50351610392706 -31.283106203741884 9.684870482951702 2.0276774157932707 43.852052180966794 -45.85607572385286 -10.135606398036835 
75.37645524977096
-48.18293620607975 3.029429307552732 22.298554188296166 9.869633426086303 -48.6937803754729 -20.520595373261784 -18.111846922016895 
4.165700983781484
-30.180437273621553 -18.318558710227407 -40.157778768665295 49.41642472335397 -9.808183401600957 -47.29652480245231 36.11086280990928 
6.543051327508486
-14.592391658167529 6.770775386412254 1.2997784932797245 -47.81560447097358 -35.98562732991542 -1.571010465666653 -30.048158319091044 
17.843802621636407
-9.47188131925337 47.64563788601269 -30.243118500816912 -22.28100669881653 45.715455541916086 35.171928703386214 -25.448382831818826 
37.28082526789653
-17.251404059757483 -0.6186588054157838 -27.102532584542693 36.87405262719045 16.96832933364088 -1.679058876534377 28.574724764856867 
12.445168311331267
-40.64679094045904 48.85590614686049 -5.492616129215008 48.95949124638426 -33.21848838361771 18.557307932770826 -12.566318462601622 
21.151628504103048
35.785815044967194 25.377681738726878 17.063210713126182 40.96053864514971 10.738273504696572 -4.821515771255861 -9.487803155198385 
21.332410439917016
12.26801270133587 37.81807469035357 -19.515590559034713 22.031616549139613 17.200282458050992 28.77831920731346 -46.03420164262533 
64.6820240921651
37.42037645324099 25.20255761801546 7.126944360164899 -8.531991108686412 -48.19652692336395 2.7371003239625153 41.67796247842827 
94.75649940620295
42.71500192102816 -27.286976362786664 48.09646773625889 -36.641558674392705 -23.425732688259295 27.974528228527447 31.949890798806948 
75.23010674717695
46.58744611492337 -29.9453356292831 30.959215228726393 16.121687748339426 -35.00570133399709 -9.581234639066558 22.502059685557256 
19.012644227360866
-47.96375169866627 14.14046377106014 13.928725483762527 0.13033507303896386 19.34174019708088 -34.35533280505568 41.3656555773977 
13.930454637387623
-46.51487284772314
-40.406717571460646
9.708271671204194
-5.400908027273488
13.794287003480932
14.200077011826593
9.254006718950933
