constraints 69
variables 7
47.71952355321454 31.653263125999345 -24.20587202645835 -22.63562090268537 43.30881814337647 31.531836192977252 20.19934096823775 
64.81813756805866
18.91940762456072 -15.004452230939037 26.498727941092852 -47.31129525626031 -30.694573384657808 1.1136986720422541 -49.67880642818897 
99.17971476067032
19.52807251638643 3.952705222844763 15.95565372922664 -15.021576134220162 -13.214937878709001 -48.15595795497981 -40.79776422083713 
55.45560327732889
36.80082341176478 -39.032896221268665 -30.569499843107153 49.57316979538477 16.45767775782599 11.240729944840801 -15.746510285554137 
49.98753636989608
-27.038350142610103 -33.08827822396208 -48.347779388360934 -11.45639901401664 -10.925294509725205 14.248154191224188 -23.56404128858981 
6.686358809568538
-26.19140137658119 4.389893115565272 10.599469299641974 1.2741452081113351 48.46374599863819 -9.321812100123495 30.43916792025115 
82.85954221460744
-40.990189575077565 -33.3192245208062 -32.78411926087263 35.711039530568314 27.543002327073168 43.648471530926955 22.702735184853168 
96.6805244869694
27.918359620303548 -45.716280653263766 6.132448802468815 -36.521233214594005 33.64354448446919 33.47114160873696 -25.14092045231192 
2.0030323569336095
39.734009552478426 6.014634317397082 47.475096459209794 47.06804174164199 4.467598314448843 6.445107747392342 -14.824615947148388 
81.22350021374885
-8.159964685833174 -33.39252654242459 4.835582879080427 32.298442470594736 21.010918215202892 33.00503465266726 -4.4270224260334246 
51.894703243202486
45.14320350628735 17.773974650670766 -40.51613338559833 24.258821501282554 -11.222590539656764 44.68012504901593 -13.197788640756933 
7.793735186470174
-29.754950405068293 24.67478637615146 5.9000409735676556 29.92864663802051 23.61410514972522 -15.684143522909686 19.350985334669716 
40.14747183794809
13.272595335037295 -25.244919614300443 48.7039819116828 -24.316655801160756 3.494635974274459 9.01176716528228 -37.33494873336767 
9.718605147885384
5.1965984374578795 10.897809251072843 -43.93917768512986 32.88683254482062 -27.420689510243157 10.228447646078273 -19.741806564304476 
65.45542406524672
-36.53451187657761 -14.152310355185826 -0.3596077407304392 9.774311953451544 8.879916516378614 40.51683257566698 -36.70957043093699 
30.40842028110049
-40.21691008104732 -10.140897143939128 36.208710063977946 -7.171522900592777 -8.142587231838704 -38.67706174828254 30.19237217152933 
0.6168793617434165
-47.14172380310505 28.520949444159555 10.929716618072185 45.852263644407 31.280581840901107 -48.678833635200135 34.91382967250351 
27.66856001877269
9.954676366515933 -47.28832737086146 -12.544686785948919 -0.05875769956856658 43.673800996670764 39.72929191121831 -48.62517596323743 
80.63559443816845
-33.93145328952616 -32.36249554192125 34.88186333034062 -7.441193114327035 -12.317945227204454 -45.94172259058817 26.697110962037556 
8.089737002513786
-5.437056545130162 -27.092893121874162 26.65127596466911 38.91726154186988 -5.318692144699625 -3.250000689804075 20.794347273593814 
45.90008017231162
-11.913674850778001 10.59570869384202 31.474784022298905 43.86795884780244 -44.03763850029825 -9.84391984799263 -25.1009614224342 
41.51637156604843
-26.39630260531265 23.251863600983043 1.3575748489985457 -12.496435059663312 -47.18368582568454 -45.68912713665273 -23.395658997307713 
90.44104876978999
10.368431212780159 48.79996827235932 -13.197650095103029 42.67563839552335 40.84977727610233 6.951773627249636 13.998940244237914 
5.593111759855807
44.66288820947979 4.291657492228218 34.2699743943938 7.630607176776181 24.857934556726036 0.23998198060245812 36.47301095923075 
65.26698299697027
20.13595924006019 35.45919370819287 45.97534525727377 -38.03273590753018 -14.416406126328809 33.634816762864915 -35.226507607210706 
10.389451978637176
-32.43433909459465 34.02399407408649 7.096569045799605 -20.881056698922286 44.69035194159247 7.3747132925304655 17.886722772745443 
86.77783866191666
22.874898820317043 49.7133967065983 10.475605660079566 -46.43652926095786 -20.721997927708845 6.018060304769193 49.326618433446995 
53.10250905119581
47.22853080870799 48.93881295441035 33.8884910731677 25.964013011535584 22.268278011342034 26.496941678896476 10.40647075332658 
0.25685873668064296
48.03986057287078 -2.911610990714806 49.963260000464416 14.443976480892346 9.989119739121236 -9.8630175327053 -16.92746877909856 
52.837892462794436
24.71467189491581 -33.612732221481025 -26.1762878077444 -14.800944984162243 -36.71448067347089 3.096342647751115 49.87747336001013 
48.44052221773233
-12.039059376909023 -3.721366792213111 -21.46288873353853 20.649556529609626 13.48512749775265 -45.32293667375477 -6.32811828761708 
15.46872011899615
26.49235014729568 -41.72138171195938 33.443990307813834 -31.663850761590762 9.546697616812608 -32.03817703174816 44.591885665616374 
95.16662101901099
19.953712598773137 2.2582000758979532 45.4481345240814 -21.23786085817516 -32.280461935514616 42.22927485798034 16.92104585633942 
78.57275059372462
21.896463946602935 -13.894740926325888 8.344923381200509 -34.614613870948034 -49.95793761166824 -48.39892969772559 3.40465489506704 
54.100447761259375
-38.36767893012546 15.719851047630755 -9.733898237127192 44.9630380128375 -16.992419374725884 -10.626303689716899 19.594532575380384 
86.44764154729816
38.793225019738614 47.295875336114705 14.319148420384238 41.45214295631364 -47.27454380281665 -27.511753578269417 15.802485509568527 
72.53911606432546
9.425733801080284 28.84224956598156 12.499337335238756 -38.33069009110595 37.90573080072372 45.591263100650394 -0.7594864114555264 
45.20433356937984
-12.552056560530112 -17.103298931771874 -42.047356875973996 -24.087481505408327 -33.004611369425575 49.139774092701856 33.92593097299658 
20.29401855783819
10.297093957613015 -42.614689011739124 5.667589833406453 -38.25177810810169 10.794337770360528 41.0036291254377 10.929478798181691 
7.9385587017853805
42.59596361387081 -3.4190629720562384 -3.3258199014698704 -5.833146165659656 46.87924954303125 -13.98171308321107 6.544614435656392 
33.651389082644336
16.666204301782557 9.11364559944623 5.828039030501472 -9.69013982594933 -42.83660003481433 -47.05883591345755 -29.04397307279547 
39.98047140597478
33.71670432682595 34.986259211466944 38.25787329836119 41.97140860578084 44.920617589239 -16.735328650838774 14.985582060708794 
64.41099665015486
-25.46485438455005 38.54816253384115 4.554408828462222 -5.922142494383877 -17.398544199102638 21.339070189406556 -12.506239140672172 
14.222419111563012
-6.489162152674176 -20.619520333370154 29.778880019562322 -47.65184687196308 26.769740794491995 20.258258262776835 -38.985244534350585 
84.00297637500711
-5.182999708858752 38.04576978498885 -23.630759397966973 28.338244311227683 -38.512403842694795 -37.03837359202321 -31.796674319741758 
86.52480838742414
14.580577560173339 -1.3446828219288918 -13.977794452647615 -44.927328731710105 -43.52290843985082 -36.9948858601166 -43.32845488133983 
92.68276981389471
-42.132274949763094 15.207215752382439 -29.370758742841062 31.46642580989908 -48.61339171030915 34.4545551012165 -45.20642622638582 
1.2001255949759204
-35.686889374053564 13.64829198034763 7.3446410051826305 -21.25978501085398 2.490089236351814 45.35448777015368 -33.943438640102265 
83.80418886666807
1.2211228693465443 6.613052208403921 17.863806586620328 17.032282883573018 -46.85275255317506 -5.774485293540799 34.53583089454409 
76.57506955533498
7.967142142604175 22.792755674849275 36.989842600891365 -4.5901423149057194 14.352917991371925 -25.95664491401404 49.07245061486729 
13.170632296970231
40.52696850410756 -22.112277589217545 0.5666387115788254 33.48340637995922 -33.296380940695016 13.15271925466186 -21.268682389718585 
20.630808896330034
-10.037430564812269 39.09604219441343 7.856497880718436 -42.17321122363617 20.109483936016886 7.569104603278099 -42.88211563297022 
23.464384091891866
-26.30776826894702 -39.90823383506703 38.44049560699547 41.406444733095114 -7.420303914870061 -15.878317527616218 -41.86832828160206 
26.72136184419881
23.373276787861528 -11.554263909650963 28.71965275192727 -20.77726459592204 -5.5905011628969845 -41.10965664889198 30.73463904982374 
73.75407487197451
18.22544226597435 -27.557838047256965 38.09506898563106 -41.63342094226796 29.096975237801985 -19.609915764683027 -14.68738886916745 
99.37011261607167
37.62306179416545 19.244075278205585 -40.09485511520381 5.694486639788742 47.31767477377933 -28.044178944853783 49.20781826710771 
24.08024749197476
31.784174752095524 -18.639211008527678 -42.80201020442966 21.32513093295347 15.285226648413811 12.780766078890451 34.00071561701188 
60.14443833620997
34.38467916937495 -26.629521443467773 28.417175531475607 31.160576088746666 -16.173936735686404 22.06149418148412 -17.880798304195878 
25.11905737977034
-34.074339476419766 45.85101741840357 33.0789427048187 16.635287228805993 -30.503611629272566 35.702840119729245 -14.64666439829869 
83.60847106291533
1.6820176711882837 -31.527811787127845 32.518981763750006 4.896058066854096 -15.930502114852132 -9.964296236153835 -7.146286034778058 
62.92408600672399
3.0605179487346774 -0.7975950054388221 25.786927570932505 27.61595166169782 -26.278406936742293 -47.999050614070846 -48.80838762863284 
13.353986730470623
36.19539448252172 41.583047833560016 -14.233330520592446 -18.354569749574978 -45.75580820877065 -39.74752180994342 44.05901425811635 
8.746296546769639
26.609622959588776 17.023557696968 25.600634368070104 49.70372680385509 -46.38870071878791 -33.36737930343938 24.18665364747558 
8.10939939942954
23.76998419274804 4.070407121683651 -49.50386509341449 -35.686327748629694 -1.7705821330151608 -7.527033836832842 -44.941780700527666 
23.932098196608198
-25.63591972022099 21.603071497995828 -25.008063213129784 23.18301090061682 4.198559415783478 39.17376298952378 4.99880417702537 
67.92690924402824
28.12735928057836 -42.089866393357596 10.763139426142743 -10.764588706320467 -40.0876428103842 17.51499611195578 -38.78424399227814 
69.89954523404501
25.048349739971243 -27.401373887674787 -44.957472396042604 33.49422961213595 11.325419065389475 -14.847711999045046 -43.6299461913761 
90.44775882817756
37.78016668550349 23.289773713611652 34.73649077340146 4.02220679556082 -13.783954975801926 6.75074640457651 25.256314751130375 
73.19265665836582
-31.91353564911168 -5.945796855633745 -13.686340686770379 29.120185543151294 18.772426232174553 -23.790147448873366 34.169574858467826 
7.2456088459066486
-44.69300614806435
-49.89588528818963
2.276230375518651
-43.25630759283028
37.11033002748539
30.06198247980494
48.70947760761135
