constraints 80
variables 2
-20.171870238901334 34.72859973264512 
11.139121446939026
-35.314992190975524 38.20450891158859 
33.66809780490021
-43.20277528675612 7.089730631290713 
40.02808513863938
31.432463173288255 48.54320856103416 
10.98101022601935
31.378135111532558 44.00040545988534 
36.65811251307358
-41.683010134931024 15.19547128735978 
27.063757358367667
46.51982622474095 -22.77235041786576 
16.3949676932866
19.649236937435376 -0.5993109208919165 
36.40415732074342
-1.776705776800405 -43.76829588192962 
13.00306354499854
-8.876716829557886 -13.90949881611143 
46.658308319761886
-31.911567413609575 -31.44355799229527 
34.889253515099725
0.6444332064228817 -41.09671099196524 
21.51676195883232
33.72564744289487 -45.83131959485747 
54.57771900499846
-25.573415358127992 -21.979263756615765 
88.78559653351257
36.27023170066934 33.04160516359077 
3.10202261442869
-28.308806034896307 40.55505557893004 
80.34682787478191
15.68932781294967 -15.682213113439104 
83.39577567892955
-14.95658006508944 -19.91038523553876 
0.3010144845764673
11.021831165854167 6.174408176825686 
64.45051037830393
-30.146626916130625 24.122067181108093 
37.69113013524211
-20.917600416437555 -33.10505901637796 
99.99218704641294
-49.858800148025104 43.64413656352325 
7.733423482834468
43.6205720078251 -46.83731265760228 
52.89758664682809
5.652060876160924 33.169667318583976 
72.09813011293707
21.77133060771797 -15.54472758341798 
37.90770139267533
-45.204148844880834 -20.365922232677512 
85.83842111052095
27.368233859336755 0.545009850185096 
0.9634187751792034
20.389418616752124 -40.63736152938373 
82.09470671761711
-44.994216573101056 30.096302762645237 
81.4433072042671
-36.163635993927485 30.558540415738378 
1.4263586257595495
-44.48700515645096 4.482496855036189 
93.66542128904672
42.35874473985888 18.49843099342968 
20.95393673485937
15.801531828757419 14.19395559415129 
73.35389284240276
31.69143003083167 -31.965589259870253 
39.529938783764564
14.13320270760157 -7.763539524733034 
62.68274698226863
41.486003835856806 26.466143963367756 
33.68007355550859
-11.8454939098824 6.0721183333658075 
20.49808398941607
-34.542673881574835 24.931402025275133 
49.54259922270755
-2.8008920982827163 7.968959730096238 
1.0767697131869314
-34.36044028830225 20.921732528541682 
27.640772455094886
-5.820909491603864 23.822943753524555 
21.183884034411548
7.285030000028122 13.303535954932514 
38.90033682351587
24.876447198661538 -1.992749288518894 
49.309098719176944
-15.088807856023323 26.442439891491475 
15.405535117045833
14.798976772320685 -18.313554407851782 
88.0473959925766
12.438527968280475 6.007122598706346 
91.1960037902371
-25.641670787485914 -15.907963498635688 
58.08388938574425
-27.387097184783403 -32.72878677221841 
84.85321581965918
-17.4709627474548 -40.03562259474008 
24.774586991701288
19.00511264561372 -29.06966148400493 
94.30649750715135
-4.890389018079276 -4.116670955001069 
72.70132722813125
13.550430935646716 -27.51554663700373 
77.4904015966925
-43.828212358383425 -22.61524306010433 
33.823635188897796
34.24246602773262 42.169805474864134 
32.179737585537595
-22.61943933264329 -33.873390565921156 
7.144316831723829
-48.67420870637892 -6.485840053958199 
91.1762954153201
38.912255236067864 20.149841067419132 
85.52816626307968
0.9261046048642427 -7.725413823330953 
21.369645439017205
-25.80571451916872 33.38592808869872 
84.0306086329314
-33.01242493761283 -36.571901050899946 
68.07873324946262
37.33014162658243 15.591746512113431 
66.55924152321705
-45.185186513282716 33.8382879939861 
60.223813735047074
42.735032109437626 48.12945824192363 
8.847697673249943
21.289113801156745 -28.780585406610825 
82.68978778266202
-20.74165470309581 31.4262939318085 
47.696683648451646
41.48047123490659 27.255040624015976 
4.819932272490357
-28.83784465973426 38.206909233092915 
23.54801907065489
-7.868909540783974 2.579611704432139 
8.108393099230549
13.202135494166157 34.037115276763956 
67.20795240305306
27.2526687080217 4.365316557653756 
91.31343349984618
-8.652801984451898 -40.61281849932325 
45.61710634351046
-2.543504239618734 11.226622225632212 
11.55126064154014
1.1932814621351184 -48.96158396520032 
16.855438006792113
14.907373669945855 35.00268127926056 
89.30025289706462
46.879133333618014 35.628462923852624 
44.13753794804829
11.932306407351554 31.8322091931537 
12.18231216571044
-9.511243695297942 -45.44378728061638 
42.65070034774239
-40.01717188984327 -34.887235492815606 
95.11499378022037
-11.0944159314612 -17.86807121245694 
34.15667445116248
-36.80635617876894 26.940740166375917 
25.85475905424235
12.19209713322973
5.955635557722381
