constraints 80
variables 2
16.578448638597465 -28.508175102559143 
20.647128647139002
36.606093505187175 -44.90555398528867 
0.3789939873798276
-28.303367235531873 17.173783298736296 
28.470414373207998
9.218671165035673 17.095935872738735 
30.548284245428302
9.693542878869074 -31.6850132897857 
80.65433079310833
21.822153608870636 41.82371204115988 
76.65515455249519
-2.510607480339388 -33.00270541264682 
46.61559837325997
-41.44150438640316 -47.5584702632372 
16.518198106823135
9.334099705441247 15.55704546255923 
60.625785280627966
-15.446598465595287 -17.3871611340046 
78.04202097995017
-25.96495575550033 -34.67292277492293 
28.86561284302205
-49.47311750859601 -23.668460425871164 
21.18150611282157
-24.45416504615654 -3.180919323272981 
84.31108117508414
3.5551536708975036 -9.540818941237262 
16.959024144348056
-41.00276230807517 37.6899329171802 
45.369776600702316
-23.52381705048846 41.92023228944937 
74.63515925119506
-24.69953751922578 -39.67132079205502 
22.85801455236961
39.99462262553986 -41.78721836142654 
88.83408016479399
-35.83531793045961 -12.132931258490068 
85.16253884085853
0.965562553948665 -46.2160388822168 
50.55934907911856
14.561881565986994 -18.421020478566163 
84.14323334089275
9.90532375617952 5.839083323750458 
33.45279968130854
7.346177827585365 4.402598854421491 
57.57228126764423
22.464287284574667 -1.5702268796530277 
77.8830082260307
-16.91636251673311 -45.208318676861225 
17.92407457782158
20.061708414904885 42.51554478586847 
28.723552875271285
-47.449183616010785 47.06362067583436 
64.57060856402595
-9.527060146407571 28.619558853726872 
70.90491092620016
-16.617667175106654 13.335215446624701 
86.5277479415449
-39.088955837194746 -13.606372747866757 
62.59512721490138
26.743730152644474 7.1819094286648095 
67.65527929852861
-45.220230639204914 -12.250618514135489 
6.468379184952178
-42.38311610098026 -30.829268918216158 
44.641720068770795
-45.79639911586326 -44.732315988761194 
71.93000260669471
-26.55952387970434 42.93621285341359 
71.39507057584143
18.76068423434431 10.621285001172524 
87.04157002583285
-47.23639494211571 10.714914886976203 
99.99181080612928
-33.659003656893944 -3.822465663361619 
39.57784648719731
9.75077073997975 7.137984233790952 
28.67500791559271
24.197928435924595 21.417465228552558 
48.184125522504274
-24.487691464259342 7.200107440417213 
89.29211624190387
21.216529971479474 -38.86843550123512 
2.710045235526626
-5.79507385025174 10.962354308571008 
39.965608951166985
10.033749749748303 -31.465534068905974 
97.88496612661973
-16.281246064723106 35.67855549568681 
0.8236282594955124
-21.549812943338598 -40.3275630274123 
46.667659341858325
-12.205947378925451 2.319987690967551 
70.59986653052107
-38.20806905070374 -10.842416390359276 
13.634844513691391
41.033899702397875 -25.74094718054969 
6.345970312667093
-15.57502860319169 26.917575343334605 
39.1415115534141
0.12769299657450262 -17.805551100663294 
46.07690934503963
2.0912987962610003 -15.946559895946756 
70.85124980625488
25.490638842497304 -8.019354775700613 
30.769394123141126
-45.58996022011268 37.99183671539072 
99.44450564193494
-43.53977353415773 36.27353091964385 
5.8214221646473945
-34.25812942889787 5.031234688710143 
33.40207300504671
31.363779006184245 11.919471003253946 
88.11181233270625
4.3101090540616624 -23.570179441135718 
96.95277617891905
-0.43994719401525373 22.5819748842232 
0.6130501728894067
-44.64438433717891 13.870949286254096 
3.478457981263905
36.52923007045763 29.691182285377153 
46.738317875548006
20.209441870564106 25.160541410030845 
31.4835500008012
-47.00677966202924 28.57685580130955 
8.060178106476412
-14.779752145929635 -37.760681957988595 
3.946055694105821
24.83353102011239 34.45287997459759 
55.72825021334486
32.8826720292507 -5.90275224039398 
66.44411983174808
19.365785360728154 -6.704123354858041 
14.027627656967656
-7.624122214732587 -32.787847782762924 
51.55790453138067
-45.355068370232985 3.8247924126318296 
67.43759338992969
-47.17639493424921 28.14042251941285 
63.027654692935506
-31.583118400658662 -18.347354782845137 
65.83799314072938
24.400741687752927 16.494154845092325 
74.04098343633854
-49.2074960703559 27.84344699390624 
28.922092695429804
19.097047967183826 -46.43796557900938 
0.5480221291388476
-14.422857145477977 -1.1479895113116498 
45.35144787021527
3.353642935978421 31.27511537399519 
28.072460567078107
-32.4901803110327 -39.87560747808469 
86.85915078697712
22.447633026849118 19.274408856774627 
64.1971951122752
1.704717354381394 43.15233361562109 
36.689045016109844
14.637142147932522 42.8839387772326 
88.54052190508256
21.35257522601141
5.829046024950188
