constraints 80
variables 2
6.954231418170551 -20.396487702305055 
22.397122034441676
-12.924778658172464 9.183858823606393 
64.8305553758934
24.399701237715774 -21.763054775694236 
51.99969694358232
-47.76142311044163 -40.321349184086905 
96.04628538331228
-0.4598777704296282 -38.40834425456167 
24.820546873160588
-1.7158912089278786 -11.581356786572464 
78.20981777033329
3.2811636461741926 27.85932960734702 
86.15149753817599
-18.72943544862249 -42.29214983468691 
20.691943386138945
-31.82487258147311 14.135487710499746 
69.12479927393804
-46.80653267348177 21.97709453577893 
61.98823423796064
10.85045933248555 -49.07012323537364 
52.58665108184658
2.9489641499135715 37.30151543557044 
19.993542603383794
-42.48116784045277 -47.16559410280765 
88.24803699963746
5.677045522848211 -38.76140162735804 
80.86142325795285
7.619464218348703 29.233167465065634 
99.3092347093665
-16.153955654653508 -47.378607393179884 
52.8217913589193
-29.388197100474002 -30.171325865472742 
73.70814923789655
25.18580183710465 32.37018772623941 
68.56022916093806
28.866387819062354 -33.83548862025929 
47.18887080553398
5.912766120426895 -43.299972808801186 
6.844542529838149
-46.091759431677836 -47.96787249511911 
21.967102272281547
-36.03549710314431 24.804900281714083 
28.928994478944993
14.50411986158069 -7.8688148349233416 
40.512122064424425
-7.791308692634537 27.883828153043197 
75.47143607561692
11.008190304586648 -16.231065446413616 
17.68730435246164
41.53525294348803 -3.88191317650449 
37.5486860157333
-9.068442150046373 4.582064332777115 
82.19661373173037
-41.209878531842406 7.978900525390941 
22.823555395408015
3.0086863092915053 -11.22032215833687 
36.16456819223781
34.7628036117698 -47.70478298654237 
61.66301068945682
30.41416604970435 23.460931527407922 
73.11063217763649
7.682621719674074 30.28273645602262 
94.37880607701132
-25.25926269894303 -41.934164226198504 
5.132333685528268
-7.617175301100765 21.8573392799495 
10.794650838228993
-0.42479269990332114 26.570158611432888 
12.538596974390204
-26.382008087910712 29.84481387345774 
67.76025348908077
-38.11818342449127 10.92070175980443 
8.417040596260673
-17.184185477761595 36.15805519345152 
34.44257277050101
-21.010803492423346 -27.602137603647115 
88.8054717494411
44.34461994963608 26.83446155121362 
34.32590746554831
-15.968875074549992 46.74867806567059 
40.58465931892721
33.40565015811731 -43.61148210452431 
96.63033279084831
-9.345656169853157 20.403050779518793 
95.42084042964927
-9.175881373627668 -43.195585489077025 
57.78500216361635
13.307557746204537 -35.09625093822045 
32.753531432772064
27.913255590377318 -49.575421726100856 
79.82916394769876
9.280840561889583 20.56964933464586 
48.82600326250864
-30.49401538080034 -11.076340910780523 
71.00709397776376
26.87797737701598 -41.21808049829747 
65.15887793710516
-2.837805897100722 19.62293661227288 
2.908569537940331
-43.13293424933846 -34.76825720100783 
58.92513805414693
-5.874014484002366 24.91336170255684 
46.506814682905905
5.0460353323193345 28.78121782418323 
61.83943188483393
-34.825502049222365 7.020705908977099 
79.27102993283549
-12.054108610531102 -23.261227376898617 
13.054214642340067
19.102838049726927 7.454785070199307 
9.778432666004077
24.129449769399642 6.496862440099882 
26.97685373234845
-0.048648029670673054 -15.884425312969633 
92.20635186837407
-34.83153637926776 44.47078589878758 
77.8889968799782
30.611680284697115 -12.751744000925157 
57.72085875560201
15.326295989448525 39.64800397716621 
30.953704341754452
-35.755285092666476 13.501306980673576 
24.75507946530817
1.5529579686303947 24.030299450664344 
2.0161252810414476
4.791741659478873 2.687447874089223 
96.83506141777728
17.118547740105782 -46.26353449286582 
87.10596102005667
-32.76763215175269 19.106031661427465 
50.99931245497529
6.760992709235282 -29.87128146015078 
14.488967328926694
-34.70050309632073 15.273346113524255 
27.692364230961207
39.48370431063955 -17.68329943825944 
77.43114274183495
-17.04974845715624 -35.37159202487694 
74.70316637093754
20.174516891926245 -7.248330423807417 
61.66249778395264
-45.45247556143677 17.427448894756623 
73.36338126941712
-16.716919126259313 43.01017609582833 
87.17335234987002
25.65239344654873 43.98943129194703 
89.60402589844017
43.33117105661489 3.6289676494742267 
5.949220215817819
24.473190517562756 -12.726099288438128 
80.06384737047775
17.667905365401964 31.026267945865555 
94.24161525628648
-44.03988971269184 25.21525235523761 
33.40963548977244
-1.5637594288572387 -43.14856669465597 
25.860735602149255
-46.43983207631025 7.245429845936236 
8.214993898497635
24.78494781719614
-3.145993377982748
