constraints 80
variables 2
-18.05313570892594 -21.765236504075204 
91.15086170678818
7.676165104409449 9.975362098684762 
51.98410801231756
34.82629722905436 30.242559948581345 
25.993904569487512
-27.761184897202106 -40.906559233453024 
92.91240675687881
2.307976185597674 38.74692820428636 
55.87472725555733
22.556637784892033 -1.9795753321119065 
4.321850670977867
-14.682539608320099 -37.214962289461155 
14.673668393280881
-19.937991317652106 -45.08027863730002 
13.241110828183078
-14.183142182932073 -49.40819459638273 
55.43432936552186
32.39877915941243 -1.0370365758597941 
58.457796907226225
45.424011771393864 -4.1438402141944835 
67.2484183034306
-4.182099292905427 -28.24887214835663 
70.1880524038322
15.080585832087053 -26.30964149164813 
36.820412926987686
33.61021473214073 17.155981972210952 
74.28309209195277
25.05338290605924 49.02485452446538 
83.45486626412026
-19.69702211675397 -19.141798661683485 
22.458210311868132
-35.834586012684184 16.648485771132016 
38.26895189219197
10.467515367184845 -42.03659275975006 
84.51803793655783
-11.536587146174739 -26.21401289180151 
94.67097856264436
-34.27966512493704 35.52863258783219 
61.2909434987245
-20.959367802983785 25.85180571080531 
83.1286726249833
-1.678462825699647 26.258428499372783 
99.01026382861964
-34.860864462854735 46.438993007443784 
41.73283295168666
43.84273017177402 -18.151802778406246 
47.91365798822553
47.8334353210938 20.979313183047438 
79.98401732039898
17.539569985009734 38.46637433011399 
5.283909448004465
-30.38640765514673 -3.1813355992127725 
98.72095560612173
-37.14354282684518 3.8682378616093445 
91.12311875896033
11.294636097609526 -7.649693779826251 
8.486056545501153
19.13579510732845 -15.99883474841075 
2.9222123699169322
-12.678072219207323 15.68508361515778 
23.389356151219808
27.011396126951126 47.260633019365386 
94.03190882359608
-1.6523868519989975 45.14794872058613 
31.37902071538217
41.73301513735956 -15.458021790437748 
82.11981968749421
-27.261880857413534 -4.603874676890364 
5.63316564916736
-30.91845704685866 -17.15362985489017 
63.958892316000046
40.44062549029749 -45.433316880911924 
18.620281034232576
-2.434977837540643 46.56942833391234 
38.870002773506926
-20.421060665255187 29.677345199629798 
10.488350550052129
-49.105849179273896 -26.956025387051152 
3.75900127372939
21.645217189537107 -15.69033467547245 
99.27676812054958
-17.32966193476554 -16.07174777051094 
10.755923492128538
0.7698018089023932 28.870475738557914 
71.62974112651679
41.814619941814016 -9.680759665206196 
86.57899564570604
-40.95887894578976 18.61624987440399 
71.04095182643995
43.24447825704286 2.9060999919090804 
18.193960910620266
38.152378690987405 -3.016829611350232 
85.18120477924677
29.078083218185384 7.127807689945833 
59.09233790071483
-20.099270556428493 -34.87149091700403 
95.74470060992718
26.309368464747834 -7.584266178862421 
6.231022269806818
48.573994045349096 -33.820977062504355 
81.87442292969803
27.23761327478104 31.627334242070404 
20.70767794840509
-31.466151815758213 2.4096367054817662 
92.15945166517415
-1.575195486497428 46.34055543024952 
1.62667849732534
24.033975104987633 -6.961683856160008 
18.190505275582712
-23.247166059615086 2.5961796118549003 
88.06184717525555
-3.623891342591989 -28.193982212603185 
4.656314791124439
31.108419362777923 -36.04893837612481 
28.954869477771872
-41.0277300047164 -11.013651020349258 
24.091163349822786
-46.12832903512929 -19.46941450544044 
75.29969287196847
24.002066918840725 48.59863462823921 
77.95985765286325
25.946870702870555 27.522463573184567 
67.83882209939236
37.57083318553774 -15.272417685355002 
76.29398946349414
-44.53816058952147 -20.197385096558797 
1.2094791307674657
-26.783337217458715 -27.981595373632505 
4.264528163735837
-13.927476025555066 43.88141816102879 
81.18672371856876
38.098406997869915 15.340297003234127 
31.768909458014093
-26.672418227172834 -20.95382873241792 
74.22398212456696
11.226416170558792 -32.29606978662022 
29.392740652746962
33.74614494479998 -41.41763208677618 
1.4246517454441499
-0.1355022349354158 -41.12218183530338 
56.23062127223477
32.80112359435759 23.598629485718945 
5.613825485657353
-32.885683558132584 -40.44093987415873 
9.458906655968647
26.2276752015606 7.761753919888967 
28.227050058966984
31.258500543262628 -33.111246868191216 
16.874445968902705
40.027129275171646 -5.139252041640837 
59.89098163522771
13.440101944693936 40.72158062786869 
98.66376201403753
33.933481333596646 -36.5590276854834 
67.12411492247928
-45.36491248639079 -9.78981188338274 
77.45067045513865
-38.63755519090607 -33.152331015289334 
69.50681317497141
7.43369506635716
12.234274915496627
