constraints 83
variables 8
26.32982223891149 -26.36593157424727 10.728777341869176 -37.949751480202465 -20.03100522827119 33.962395595426315 -40.45385873116012 -40.74259225254164 
8.217600929767876
39.526592305598484 -33.46886798233986 -31.981396249117257 42.13962463273077 21.38884956009693 -45.40392097494811 -36.885617725430976 -9.464709881406428 
74.37354428526099
24.2705197037552 12.73435024801168 -29.397080195341406 -35.32555328341416 -29.39059566708536 -17.39973312013999 39.70448584858238 -21.2114861934382 
35.53879020491364
30.996119679003897 -5.709855888892811 -48.85490333820721 -16.57715509662198 -11.431873041805055 30.65032596848141 -37.806169942471215 49.06173965210844 
66.46460562235009
-18.597739726336403 -31.265926903095554 9.38081539197023 1.7176679039397555 1.481067468459166 13.913241507797437 -27.252820442957237 -20.27421595654412 
27.89382679501885
-34.40904767911566 -36.8493282749519 -29.721785248186727 28.608353661482838 -1.3396133977296003 0.4119288608196001 -24.230579477413915 37.68664525800493 
19.437865198562466
42.13100677918274 18.083524774203696 46.136271582543145 -21.623894445743176 8.265919594261007 -15.91402165614393 -19.058739910723943 -18.873812763383867 
5.031066458731637
8.741578623000535 -41.652681768011924 -12.63221041677891 -48.768521010084534 49.585062788771566 41.714453442018055 -18.153208226736815 37.19944456533291 
46.602466174198284
-30.886548713831864 12.703828714233467 14.175960036798358 17.538534370115144 -8.669162008537192 18.44699613036535 20.280174992449957 -39.77251788405888 
27.06027957171926
6.816326917104142 -1.8641831544830865 20.751385371487288 48.79669998334657 -43.69268395199205 48.77432822969601 39.06259139669045 10.31256669151174 
34.265183700254056
-3.389735222672222 2.1635355251001442 14.584202034611621 14.231172406357231 -38.91474023266876 19.019335615758905 -0.35083655170580386 -20.383304708915084 
92.00264629169499
-18.91432974960371 -10.885938481355005 20.80064543829357 -22.37437441869936 37.6663620795765 13.895473163661556 -31.61024112831763 27.2876223493284 
46.272218426503876
-37.73515392814949 -43.34857434697153 -36.435713787826785 4.734648841106669 6.381612477033563 -21.977148371933563 32.98232746160592 -15.96537484140309 
35.237008759370205
-27.879911288300008 -41.208766755198056 -41.36039776962849 46.29434713535693 40.81486882688097 14.499592577140561 -25.40197380307305 -38.90021120946766 
44.716796536497014
-7.321351473805393 4.723094978097407 33.750975043972645 -34.2070304190634 29.961380601917753 14.904465312491922 15.349080205274205 -34.123436929822404 
76.21625302521437
5.918632616311449 22.42323534430301 31.460561456156682 13.550558860331954 -48.93423945694999 32.80443092996205 -28.55777503450706 -10.900983816476682 
71.54271402272556
-1.4605879364898868 26.378521172334402 24.479106354890064 28.669156888154177 -27.826732081666204 -44.667797277739766 4.3454087384198345 14.915543245358165 
40.09272674799923
-10.4672092541105 26.650927070568315 -5.861114476981456 -5.389509340580915 30.846224589092174 18.024289983550602 -24.48577372548598 5.084146157609602 
77.44149475580635
-20.902657405325552 5.356758914253298 -32.39846005596665 29.062099492584494 -23.331435980625702 26.36155252910119 22.627755311720662 9.954668162051995 
92.26343604325974
-15.255071387198107 30.49709236733915 48.77668821416965 19.953717566041433 12.35349099911565 -14.25320262280021 -28.300263367634237 30.223334721035798 
23.01391052020153
33.02747628320047 -2.5558163356461776 -18.780605992865006 -9.771458210534412 -30.311489427147375 -28.874120215088027 -36.0974106502624 -33.220966539235306 
33.12496490322968
37.56482637774555 13.412093140136705 -34.11793965902077 24.58588816721749 -15.899602303996197 5.385741017178113 48.24841958109309 -34.61795997892134 
27.97720258643809
-16.972843482530294 49.72867048685194 16.294496959771635 34.01019841440301 -21.612770043354523 40.18561441156095 16.473776839467376 -25.492789983039444 
49.62811816822771
25.815893306131215 14.232451265126514 -14.678461992725914 4.963755935339599 44.350008638791394 -31.12753352269866 29.426851434346986 -26.478393338526107 
5.392142950224543
0.05170535742786342 -47.448859434947366 13.54621828446728 46.61815675777608 -0.8174143438222004 4.175961195105707 19.16586116488368 -39.36783649509418 
45.968756179131574
1.6018214946677531 -1.6306360238560913 -3.0108497011190707 42.42427708228995 -15.199993793812773 46.891027343047384 -40.77690691846519 36.58290362515169 
95.41573631297175
35.37725613350176 -2.3228797489922925 -41.40658350458365 -35.442943134022286 10.509353118677545 45.51421504386178 33.01017734288699 -39.10162843570545 
34.682712985836716
-42.5059460566974 -37.17356935393708 33.14709844168078 3.3933823407530923 38.93358777953814 3.1610691634839654 -20.933566398411163 34.6588125188579 
45.72598834069439
-44.50202877029123 -12.98324463768504 20.60031332150338 45.374624098576604 -33.00982064021575 25.372716837354233 -32.25938642306981 3.705768740943739 
63.57957849184315
0.19260558721187948 29.620604640044775 2.2557691995717306 30.5459285123016 12.161116889561605 -46.98480164687101 -2.7145674066879835 29.587452198731683 
70.09615827430078
17.328988469050117 2.9564056553952653 7.648421571992735 10.204885874985024 -4.321825641989982 18.41140668147311 9.447462942540817 -22.206328836993826 
55.71599840918019
21.33210381179677 -46.97636696249765 -48.718739742566584 -1.5652480212155808 -30.99440696300414 -34.3944792692989 27.133884621334587 -46.021873360884655 
32.01232891428837
5.721997600472626 38.73561438264424 14.92353795497634 -14.64450319170816 -33.28856691692032 -47.77315793354517 -10.455226754728805 47.18377029540183 
16.649558040262036
-32.01179769295239 0.24114672614987853 -13.783493530915145 30.204371822017123 7.716880413870172 35.62006603119163 15.562364449619963 -40.96020579025901 
33.93669246116925
-11.354229277159291 -47.170536054922316 -30.871918476143012 -18.697053891616466 27.817703984947997 -45.742824907103895 45.69422901415459 27.207543598777818 
3.5178361431953964
24.056638768162614 29.503942111500365 -7.040650550781315 37.46695858389269 9.22925046283759 1.8199821633778868 46.20941241644161 29.65585473907298 
64.83923266098066
-20.40997920821136 -29.689920765114152 44.167910864231374 -34.95143194265523 -32.707639105968596 -23.058331138251575 2.9856167805635465 -8.820449732140602 
87.3542369931169
-35.39018944327792 25.17411729434906 49.65220122388469 27.170618953704917 17.511167046544386 -2.239178433424705 -40.14905321128464 47.48976284109463 
46.78472404140477
-45.819236247096924 4.806828973061741 -5.704966606539664 49.31040217268365 16.333312257128156 -43.96131102299118 44.3007850628304 47.98627011642658 
77.09648202416611
-32.02128029662582 -7.206614987679984 -18.189845552012883 11.57099425867061 37.11483504293041 -38.21325286763365 34.11099138342372 -42.62307985087076 
86.31431989657366
-33.67500278468244 22.91977796705025 -2.9984057476973547 15.750300470288153 -22.74678382570873 28.739537418404154 8.49821347769992 8.434543452787665 
9.890449676198132
1.8682198883789383 24.760369643602047 -9.432822709686896 -0.22252667850977303 23.947994769521927 -43.85152467234704 24.745921782086555 49.0350850585003 
46.558940548480486
-13.580090122282286 -42.46552394397379 39.85696980888514 43.444652315341685 -2.284582412175375 -48.02828148270633 15.274449773022383 42.35181462898217 
66.78011779174346
10.310407979274814 21.568772086040582 47.48533891034235 -48.35174779129565 -17.393855622195865 -8.430231601046167 24.225171351417515 5.696554916345455 
12.734308673798111
23.568116623805395 -5.979562165615334 14.271981682740105 44.99479318554641 26.681606902777872 -20.728918617098913 48.02520984139214 -48.32864699607391 
10.254196952806016
45.52673359934349 -33.36779661952018 44.74440848581989 42.22982651739993 -38.52297019911999 -13.238137618310574 3.4131870691876287 39.43132074529804 
85.97718296364205
48.948558941664714 -16.834854267431773 -18.712042661423943 45.747073114428716 29.454161517156265 -28.16242458457394 -42.20645914826011 37.40175006167016 
95.25494688187439
23.448410433557555 -27.659859560246215 -26.884358703041343 42.964508632214944 -18.46978293015402 20.560913749814574 -9.507554072402677 45.80464227982655 
50.2834245490318
-42.571286826838985 -35.89291940736477 -43.3380800919141 34.071848607157364 -3.404526328955562 -11.2943286576306 -20.18157990075239 -6.384361952840322 
8.320625946332683
-47.8059161047293 29.120954177354847 -39.30625313395261 45.32509746940805 30.314995087761247 36.1538103641976 12.25011779327766 -20.47924901419239 
64.30810371692715
-41.59414449241402 29.504769639713714 -23.19668205027593 -22.13249546576502 14.473659972861924 -41.996989440324086 -28.039729367872646 0.3549161516820263 
91.0180139596845
40.49304621463139 31.233282326895036 -10.503150529394766 -25.507956312983215 -33.89574370864274 6.1882168537402436 -11.311572873499998 9.584894532840323 
16.505474707738955
-10.716072310121262 11.546084064764841 -24.124279311135766 42.55462531771583 28.894317486445743 19.49583793565776 4.368536996698111 23.408089647441713 
99.52652618305476
46.95346735154912 26.379218730520776 44.14023254876621 1.5912693147564383 -16.952654457774038 -41.32823455328545 -22.36949631272447 34.31971424716329 
88.85431596112149
-19.208304670801823 -28.192349225356818 45.28455252361944 -35.23655676595126 3.220224439451158 24.297474231642454 10.471129575219543 33.85205383773926 
8.273685600508307
-26.897260400841972 39.95792824355813 -25.947008097680925 19.59837681847334 -5.849230194803312 36.00379024214814 14.411562348037194 -29.33812499294047 
24.376330752583154
-47.29727000761422 8.875143176409331 -2.1824310882669877 -27.535548234656236 -30.6446715123297 14.82798968479075 -20.68000009074551 -11.540141252697389 
43.31907360021668
32.97829883915814 -21.90568167232685 38.15666497810291 2.3382232969428003 -39.77588970069043 23.114034312024017 -31.485878420074044 21.217128458422835 
17.76916763970604
-18.083085615287807 -43.69888957373418 3.1891301023783214 -6.970617907447718 -14.910243991347727 3.754234366470669 -47.55345288788645 25.765089771977173 
12.478485656288807
-17.758714825536593 -18.964554954376155 -23.606190765551595 -9.56916364067503 -22.24605205177609 40.68221168300536 37.58273409432542 29.554643292576387 
10.510645523738349
8.10725651236477 -11.010246873887588 -46.72443148776087 35.032416961572366 30.994388926853247 49.416291419784585 28.90383299436391 26.761785485757343 
11.022750598416097
-49.3451954101584 14.970367129035651 26.626588664352795 10.231438256207149 -7.041690069366311 -18.731497934961517 45.907788644435314 -32.52475815378053 
93.32884117513174
41.33815814768333 30.352291796605897 2.843199550393905 -45.28373599077884 11.055247943778888 44.678855220860044 -30.350049700553917 16.73840874263402 
21.539790899517442
-33.542815897701175 -14.026826954008065 -3.3219833051382466 19.77202409851499 21.797342292722192 40.69861947384392 -6.718468902280172 36.106578447574734 
4.368662376815147
22.647623345105032 5.279270784040122 -15.699444474340893 43.974325689661214 15.600137270222675 11.566095031215504 -13.277869499575722 -18.76013092013853 
86.88974144138649
-29.373845372367857 -14.917901405248976 -39.06915687758378 22.735259643121324 -26.945087696200854 5.331551241023526 -22.003064113565507 -20.413036726492685 
72.92606073917744
-5.705362864680076 -2.3531094406524673 27.503572974019292 -18.729388852971585 -14.843822399330179 23.5905378657949 -41.06039670706447 -21.920150259698268 
29.09966664044017
7.041354505017175 24.310819549552647 -11.986544907799 1.1919444736797544 23.15495752067845 34.318908261242925 -30.611421264484463 0.03668754154863052 
41.28596039003345
38.25470793749277 -13.954769475854398 12.769526325834768 30.777715240355633 -2.637351214386939 -32.67216986535691 9.643522921155586 24.956384709118623 
72.83732595542635
12.692323867945142 -34.245633720858805 12.58294379308601 -10.863597763459353 14.342809700862759 -18.6194101863445 38.22364762444974 -34.96768248702832 
3.821112669354787
-13.035273520276114 -29.16841945208557 27.188618479364123 26.617321880109344 23.9372625576695 43.28891802501268 34.03488067276689 -37.36119883732915 
38.38588051715641
-25.258438243122384 41.32762280867942 39.76973382034896 -39.00158362806726 12.264854464541664 35.02278322879411 32.77280298012987 23.758569036060024 
18.731091842510082
41.94865571291567 0.42908158501838756 -18.450661953067783 39.70659087198469 -45.74352077569274 -9.918157425212925 -34.88014504550644 -46.21187193670735 
19.739097152598163
30.644415813036886 -9.20294607365286 47.99551951433129 6.846462358224571 -7.348158496891564 -8.125513236020495 -37.33075783615848 0.5899772147533682 
67.08053660439155
16.78625834520733 18.7789719101046 23.51597919033067 -46.570233645367885 9.974924952139787 -25.369083318963593 4.541932002852448 1.9532186089947245 
2.7879515584082526
-41.33105206182017 37.68722691827857 24.94852012115281 43.7881005347095 40.396457629453394 -17.406325412748593 -22.342935078056225 40.53889060528587 
82.40298266436008
-40.78083167750892 10.596048577378227 -31.772898283904627 13.061620725378361 30.201177873485307 12.039131741074847 24.410006102315435 21.6703108161269 
96.12508492666166
-8.118264730127478 -26.27414307981104 5.642088914340803 1.2956265473877266 -43.728605410342524 31.581899585508282 -7.193562945552621 10.5979763830383 
36.15325743129417
-18.365024807127195 20.9659140076633 -28.351688142406918 12.275247979011738 -41.6944501923452 -18.440766024905564 20.671966618267717 -25.783007937037695 
2.616830844380935
24.614056467676292 25.41055992200559 -38.348878020118065 -32.67367452434782 28.129705045626608 -16.152201328048932 -37.684886044621635 -44.3819280405966 
6.612148813080165
13.656850182457148 -16.933660222935167 26.549490202535992 20.69052621484495 24.010595900024157 -32.08748115183721 -10.002383453703615 2.576602528001345 
8.759218419428304
10.054368966526106 44.02525320102821 30.585502655815546 -12.032047151338254 43.746666560375886 -21.6116803214221 -29.981816798833716 3.421085304835138 
56.178567572703244
-20.668450741953116 47.41304320340426 42.93652825541234 -20.40649066982111 -27.129628325219635 40.506183464494896 28.19865035329805 -40.486445551571414 
86.43263653471902
-46.11313685561671
-38.75897741838362
24.958342552376507
-27.958350545146672
36.347156057911945
26.3618019712372
26.330166265069437
22.028678157325345
