constraints 83
variables 8
2.6447931079935074 -38.672476216140126 49.16614260549828 -29.19776112518646 -16.80130707596338 -11.520691165796492 5.028799002262964 -13.24442863518184 
75.50827961528597
4.253545996589736 38.54279512309765 3.70728829224619 5.408821195005267 24.965702386398846 -25.967346989959672 33.6166214000493 24.466665904150602 
7.252943531212486
27.32314470324033 -24.529799528024387 -6.668986917767505 24.291302105776836 18.235588549121317 11.659761323897222 22.047981508690512 46.54058555117962 
49.56334066952554
21.44405083773448 39.813175204440455 -23.919802491297983 5.715601602096022 10.411587690546966 -43.02902957407873 18.46217055289516 34.863116509258106 
72.53667586526079
38.02578999965297 1.4961696830317024 4.6889413874003125 9.721842645283665 -23.98736141016099 -33.505629714012755 -36.258047618308396 -17.35430150591577 
95.7812418224536
-35.75754360300783 -2.0896916554181217 -43.71404855835061 -33.41986772367241 35.32627173782009 44.67659942439508 33.66311427512258 22.78404858218667 
92.43189465542719
16.585987829302013 42.151214652740464 -24.309895052116136 0.8502402788558285 39.753099617996725 48.127603912139705 49.01512532490622 22.655538654319102 
83.25305197447462
27.7847508855034 -13.94133365532494 49.890330418237056 -9.113554227100863 -35.397345218857744 -42.54679197547783 2.577900630843203 -21.92225086457249 
27.28134429394523
45.00506164515244 8.496369501373557 23.560986340954898 -44.14134365929161 39.33656771123897 13.386911814797323 -31.973794820151003 -1.7106901635484135 
16.872188658838795
-7.368143554876426 30.04470843982628 -5.062938296919292 5.168120105936595 -1.573237845461307 -36.63942831337592 4.2324881048188985 -45.33290583100891 
30.083747943230566
9.030519439237175 -0.825239837551095 9.66707206445966 9.34171378809554 -9.086274802244489 41.40652215827136 11.624552172349453 27.42233905765714 
13.657667202363456
-42.73321501224905 -26.12976392250329 6.0590327764822405 -1.4043213354936626 48.52752595489467 38.39688227000923 -19.160716938670987 -15.133606745462103 
19.445463278457233
-37.41388386794565 -28.060847303662662 30.58477570434627 41.31125583556398 36.57309829064032 -45.30807607968226 -27.961016440568244 -44.14584322241755 
50.404902885731
-19.578798057074053 37.65685488687075 39.66094457168823 -35.76947024612876 -23.417950389089558 -32.11969851086566 13.193708636028447 34.46750902694298 
24.49201653626456
-37.89453862920247 -19.95811366495188 14.222047233255338 22.7972001715178 9.490968413350842 24.719701064077086 -22.80323883437596 45.3067680462357 
11.70625064190024
-19.379076094588545 10.902002189140127 -7.057359079957095 22.58627425896546 -46.331294825696226 -12.806130558203762 21.289320233811708 -37.82128989724235 
1.7489525512353943
45.99400711545067 -2.4078645182796095 10.813987190480447 -24.80843239797207 -28.49669166713136 4.040449239661449 -47.401688773318476 -30.63544013835776 
49.30370158843692
-42.21434635503586 17.124141037287842 26.871936814254553 17.449229102003812 12.38206252394314 -36.78775142591779 -46.103057957989236 14.979601004131439 
90.20211218238818
-40.85602367619303 -17.091900229744482 -12.753457416185235 20.865505940015368 -9.888165574790662 22.24620477549901 29.025168377161123 -23.16469771900923 
15.511112783386427
-17.963718074145362 33.58975922211988 4.072132143830288 -43.785261144860435 5.419194378246381 -31.23476644519243 43.00110842418839 -34.88189686502832 
14.273522222758373
19.422764544095457 23.034204075522382 23.01014922035496 49.39894574388768 -30.030109466795285 -7.4958432765292216 6.221500392675161 -3.4417351208746894 
0.0926177306116105
15.104310440246508 -7.479993154712481 41.825933783320195 -17.66103033757946 -26.208001712578277 7.368532607895595 -7.633241983967245 -48.9095073924957 
23.601381080881943
-36.07057755467835 32.06918877832412 -40.94974210437944 -24.075008297091504 -32.9054506483799 -44.61656106600566 49.582935889362275 28.561424780418065 
84.33941838887529
37.265436277945554 -48.92545624750758 -21.810038841079226 -15.65567137885077 2.3033640366906027 42.93649718053068 -35.078839911917456 -41.90490588035499 
1.9043852861774013
-48.03936294467055 2.185784602106935 -33.42960120687627 44.84487737216952 -37.561080278987106 39.462604337557366 4.1423695471583954 3.538290352118537 
13.793497477423077
-9.790955666156997 27.461478463196443 36.05058547443372 -34.5800305212276 -17.153216744295108 -24.133578646829378 22.193879273649998 -19.971439877656948 
8.767820677134285
1.2541716578927193 10.954803418407046 13.975068479316612 -1.9353192806123545 -17.13509183753841 16.064829395279318 5.905433151948536 1.0518259432362953 
75.58104286568636
-23.30443564188689 23.494809229005938 -8.3664514095056 -20.89082969391368 -28.93713292514386 -37.8559540040456 37.186924308565935 -30.19181223384917 
82.14934628518778
-10.796465250578144 -1.1333030681854197 6.946469578254607 16.80564573266227 42.626403044328086 36.10222216580269 10.815433789967699 22.166634354590002 
73.91004394290181
-10.45509534955881 11.396419697163793 26.619501644495088 21.767051902721747 -42.16217105101081 -16.827706905825835 -43.513587835069536 -34.826395428599554 
15.317556715240876
14.194749611940566 44.13525257800228 32.27541142646038 -9.878599274101028 -44.337197169509864 48.40776665044959 35.088362626049445 -14.838349769754323 
12.037487036080897
-45.94489062337735 -40.986957463741426 -21.95835372130667 11.112334312913163 -46.70332163461944 -39.110709118501816 -19.773216293856155 -11.52129490539793 
89.66887378602941
19.64905396984426 -29.353165794612945 31.469576742937463 12.006139349419634 -10.417211490792496 44.39426212596928 -46.065017204769354 -5.302470864724249 
77.81668648458484
33.2965023698287 15.09673165004368 29.28773666520675 -45.19493067162783 11.878419481180046 -46.7503455894428 -17.957660201931567 -40.52572264895079 
49.59446709230201
-21.778893430519865 42.27281324915812 -20.88853974560069 -41.8016557266521 5.270005187004202 -42.98240638648243 -31.82632676048337 -38.26875674357126 
67.50120297456922
-40.898672969781515 19.89972442681841 -14.151964103098926 -36.1094616135723 -2.35487371141204 19.93925534140503 23.064024133485788 35.66043259632103 
22.776553485487504
-7.829444836533902 -19.006780133548084 15.015427117773811 9.588716513058593 43.4606679244298 -38.237679076054064 -42.858409324799354 -19.67627497986041 
76.32833659637004
-47.47712560893247 48.89327819978479 -1.693487584100474 16.302407457942692 -20.652578006774146 -14.264804309084724 -37.66923052307286 44.225326821929656 
39.783625478499275
22.277340138627068 25.999605661020823 32.83337617324928 32.95375913546387 -18.86516619917751 2.949238927512333 -38.34762940331095 0.32512491154823664 
99.86426830533325
-4.065143558167819 24.579525157857788 -24.859674803908195 -43.627351919794044 -44.566426085418065 -49.52073462619669 13.984542202550564 -10.535400486502326 
81.72012516064522
28.70273927723173 -49.91972416443492 23.088045974968992 -16.703170685280824 18.647913788525443 -35.361702465853284 10.358005123692152 44.11001330729883 
75.3090361238769
19.95681431647354 36.58281646899833 32.16097048314222 -8.778608396778068 -14.050850344016993 -40.713479676416796 2.920249206471894 -10.710736675168278 
70.39351668331348
17.615728141574095 12.379874045921866 0.6920292025148882 -17.563237979780624 -36.46118501507294 -43.37114830455534 27.39538056349474 -31.252811978495465 
2.889769069698367
-2.486828941947458 19.75167513713629 -37.80009491608265 35.57866425834655 -32.7578335764207 -3.744543742380415 -25.908590599894087 1.1851168870532405 
18.729031875260127
-5.272775839127007 42.618368142291914 -31.32926726416001 -46.99606608768691 22.03052857934665 22.71887587057067 -42.908984399319834 -39.785964326672755 
12.884567083316911
-34.637250203227865 37.956786383500884 -43.474506247310174 -32.58359214002057 37.990657558844305 49.28963034075632 -14.331751450264377 -38.19593798086541 
32.04022500877062
46.43549301305599 -19.084731566996528 16.69360955345175 38.3605043397137 -24.65496645224046 -49.03637144551003 -35.96932830941646 -3.1955652536936867 
30.298881536275257
-38.5143785121752 -25.471522335141227 42.40234177693212 -0.04953842731855218 -16.95611767001882 -4.798116499675039 -22.74240606079325 -36.92135464222276 
15.615247617088212
-0.7713278282214802 -5.3309517293539415 -31.413083036516397 30.143913313437068 18.856532444344055 -30.027020603746337 23.055365365689568 38.34519170168372 
66.15611983283402
11.210663330823444 13.546297881766002 13.406957124553962 -3.8723377915206854 -18.034105854944137 13.383802857959616 36.28665659940556 -17.999434596622024 
18.580145975473428
-45.727854430937974 34.97756420842512 -46.47745324645395 14.441245261097421 49.38738629254867 17.41868100148288 -4.383166171379131 -14.845198865139068 
68.97114436807108
-27.351469428234342 16.99298463575559 -39.854145256454984 -47.52499728877236 -20.646155001630063 -23.871048390044724 -31.39848682292645 39.4484957656239 
66.13990464505338
-4.500988535784579 0.6536397592042604 15.13324678247183 -36.3498773670175 -45.99577326107347 28.313894750389196 -3.87970127248272 25.088204636197844 
72.26914348726972
-35.08822638342964 26.447209255908618 -31.253001888135746 45.800437629776596 -23.35050621690741 15.15605555683905 13.823967702834686 -13.03971942686988 
85.37595410560803
22.602971929918652 39.103962717295886 8.28922224937262 -32.20483688910145 44.704427350281634 -6.984251827478026 16.920379341382073 13.062918132354241 
1.824918491992522
23.119554539372416 -7.341166478333726 48.08873333745585 -37.84462755983205 23.258694333574255 -9.242940271454628 -22.151692322704896 -31.799024565678547 
67.40901560275175
44.49936189125026 16.6251224553543 -10.60821778906692 -39.3141573675049 -7.5847807635707625 5.338031222016696 -6.151083008860205 40.01873223239065 
70.27353822403576
19.97497142410242 17.983740972263234 -0.31976727628872936 38.96682038163485 26.641230888487755 13.876875867446195 0.1555637803513008 15.97627678920378 
79.84396828976266
-28.721458586029247 42.76596954158266 40.315960612674544 42.3729822991385 -6.408860683617277 -42.99081243996628 28.686046913538462 -22.499026860488392 
5.339584559980615
-47.24361275060285 -25.977658215713607 27.21487092970635 32.40442076367282 -14.754416263631242 -3.2887647125306785 43.803049106341405 -24.31273480087308 
17.237397276898914
-16.553722487321956 -13.638470505296773 -6.102336560402534 -10.250205276150815 -10.965416211359745 28.645567596524288 21.79499480693474 -19.53582097365033 
82.4183666771493
-49.81868335467979 -23.51144942930872 37.19607464529537 39.7588566066936 48.66547283848884 46.29348156253718 22.749320045587453 -25.36306213578545 
68.41920736352125
14.159828510527632 -2.9764433022897805 48.25686102316419 37.02583443765276 -9.163628953870884 -7.579464809182014 20.996407175777904 -9.729943294310026 
71.70056744288479
9.395551742945784 -9.271077268950464 44.109849776841 35.58040670918476 20.426099144751504 13.049669843701096 41.65035123800685 23.913484663113792 
72.72063651691657
13.870970595331563 -37.047617521475615 -25.766798963146552 -27.333901283979856 35.80764944586565 35.99655840791482 33.24145283582537 -31.68638279206605 
56.35632801372561
28.23715630019828 41.62177276947044 20.127647481127568 28.079125911127605 -20.08176486749177 -34.73365270801868 -35.22548437797429 -31.165626025429173 
12.687788281742552
45.73495376858419 31.90217292015612 -26.446012285050312 -39.96603065964164 6.533291433572707 -30.33630278657241 28.14914638422171 -30.319294734782165 
31.192796307520933
-28.837080647458745 -19.167007054735418 22.31833586417784 -25.846492791907917 21.05127106177595 -33.51893955339021 -4.091861218189443 26.096111939036263 
49.18077309884824
-14.39279226284608 -19.71205585387229 31.638825995692144 36.51887436866548 -38.885163725981265 12.919272973762233 49.20926154420353 17.456547959454568 
83.19021793176748
-36.64526841397873 -49.578965166258584 -37.80801428879565 -44.46321458505783 -8.632295961849678 -20.57068346078198 3.047838181131027 24.606259361267576 
91.67461054160859
31.50914237893359 -10.619131550640013 7.56455271324171 -33.20667763179877 14.494733941066414 17.168592648643923 34.43736336028087 -11.18038985479086 
76.73772984590637
-18.591713710446754 -14.787534580351483 20.76673490080961 -29.11335782805924 -7.860484762802201 33.63268153209437 -31.398370858485013 24.059472067584608 
28.202121458559116
5.995597145696898 26.224370883440656 1.8758959495657308 26.76741004511169 -24.51692331567702 -42.624083676084055 -13.665009809086868 -28.769007958370363 
90.37568144479778
30.82238335368369 35.66899341802798 45.23161891085799 27.96413725676274 38.15241787096906 -41.92687363139942 -33.63897498407074 25.051992296295623 
27.137473898414065
10.606010140986157 -0.44434124201379177 -39.34929560866861 27.84311635600244 -20.42520027463448 -22.788102820582147 -43.19967893819025 -16.45724030864566 
59.36363491621165
20.742187545608843 19.40608163279734 23.973468693979342 -27.066454864823243 16.59025952807812 -37.436826104773466 34.58683049255961 19.116501521416012 
98.64942797465562
47.04900821456016 -17.81390761447168 -10.654146890213752 -21.42131217099694 -33.50567709906633 -45.295908488182434 -30.390160489504126 -4.312828977949337 
83.20154878184819
-39.13519938325706 32.184483115561875 28.85826823671775 -0.3391880751370522 -35.91547284649833 26.096680638460867 24.41048621784489 1.5210229749057191 
44.20714824064391
-4.712202161596977 45.84295995519311 23.10557336973288 40.53103295387386 39.09265670016245 44.08924956158701 -32.480926664702835 -19.926450289170273 
30.91831828089424
-19.796153971900065 -40.0262423358847 36.132391868788574 -22.098432008381643 -43.66834898930565 25.171040406442202 -6.0588295187137575 -13.1564088300944 
75.36139116296108
-42.59409132008217 22.580080220755434 -0.13518147124644742 4.839760399610483 45.518723374941686 -34.70934035159655 -23.00752606357851 16.523866100524017 
73.90111727528648
-36.043021281745546 32.287862214623615 9.375304036755708 -4.53030264101745 -22.24612456971998 -24.85998855274919 0.8500119864699371 12.853257200256088 
90.82612989783546
-31.0032342243039 -10.986223713400577 9.996267925555621 -20.649278821746066 46.073980693136306 46.314119903000886 47.96344820813991 -25.55231628793696 
58.478028932965564
-22.3274331947641
-1.3561240670070802
-14.987252502649604
-17.986820587974094
-40.416244646336196
-29.709821340200328
33.94390581091952
-20.243861217593697
