constraints 83
variables 8
14.38307878526166 18.779757695445028 13.02033073861221 -41.64390659362738 24.120810551034253 -34.1019222027999 -42.35649926378212 -42.17180567915254 
38.11529224019844
-18.849545880293473 5.831851669597178 -44.23252734918917 -48.941921076004824 32.56015617168977 -47.57060919814877 18.569046004916515 38.19659377847772 
2.1674220343502637
-27.68228496955475 -32.69294670216763 16.0746258075078 3.1740913476767645 4.5873753762739256 -11.846919628996808 1.3346453806562764 31.912303608966027 
42.89638388896863
-18.44307251537405 -28.740627578101595 -45.17654178152692 28.12488106059402 30.698205776604482 30.999427561259694 13.934342875376636 36.017026164777064 
10.830426448181008
9.328551364604166 -41.75683774646025 14.708125667632373 42.877583706449585 -12.712687440710127 -27.021021561662472 -45.132833436763576 -32.99350655742024 
62.22083785621749
-16.126170755263622 -31.358155493466377 -25.113556970206318 13.48555570632086 9.387585827952016 12.675271791665551 -7.039029097930893 15.494513401998006 
70.25142160941333
15.170547842783748 -46.70511267217007 38.79037766171962 -7.253522776410939 7.311446310788625 23.422946180676476 -9.52028595475226 9.810172775121153 
65.30443630896787
-7.885194464422376 -28.3682952211873 -27.636691625128872 -9.110635907074794 -25.915730720775652 -28.861026286217495 32.17697624672364 45.37310141413083 
53.40902035699165
-26.94224704247735 47.14898629341583 5.07251305709697 -17.209634716176105 -22.410888889395352 -9.964635160885308 24.51013271166815 43.77080183398621 
74.63253193304989
12.483234246421425 -22.212054547183314 -48.35952942707823 13.237640102629854 -22.362825791983997 -1.728241971448405 -41.99813511810113 30.299420338394867 
76.6419143313024
-47.949406273596814 -36.17457032691652 37.486791546650295 37.04006117978439 11.59264800157149 6.3169789171458675 16.66393244872215 -35.63575297387014 
92.60133247560081
24.031143822626476 40.95830042935469 32.14896430718349 29.28198971671692 -13.596690865347185 21.14879341774821 -49.86194890811709 41.06186465279865 
46.23584314101521
-24.807938093193194 -4.360359355796419 -12.73701918605694 -13.337369773201068 -17.52553298904558 -11.218887326114924 15.309588035711798 37.729265267492465 
63.771788513519276
28.842414595658056 -17.241142950914536 31.96451049477487 -27.081779391689096 35.89684646650932 -26.22442995528955 -46.81811072994051 46.83080118378871 
9.66425867853724
36.62856816732595 8.238621300195646 36.80491841996985 -24.21768020943552 -9.63128534497313 17.592335255427443 35.89106772897715 -11.372676575603222 
36.055244137233814
-22.765720506376518 24.68259117976956 -0.6331804162177619 10.729300892032171 41.9410866766914 -19.011386782232442 -21.89795256436815 -9.209423714457841 
67.77534573034544
37.635974005065634 -0.24095269007944609 -14.485024087244781 -19.621398189076356 -22.961553549541414 -35.18701952886612 -38.84178559651041 -45.16138910302328 
71.19108974499481
27.981088259289706 1.4223590650353586 2.7760034409343746 -38.607903573054045 0.6954215169167028 41.01933044191911 -37.21620122535926 -26.735968492272765 
26.467269303481633
5.647349613236294 -18.533569650268188 -20.459085824673284 -47.81896473541085 3.9034774331129256 -45.93669252345766 -44.39294180334291 -17.093965559226945 
94.48728632627409
-33.994823668005345 20.918242036412053 12.990518405880692 45.50783539696788 -10.26020531111476 23.205127688823268 -27.997033648913728 -38.21191038515235 
94.77678452264972
1.7535960853304218 10.511503753013088 -19.2319950930128 -26.86023274908902 11.075994151497149 -22.25692489866048 27.93948002438634 17.27715196635205 
46.931963040448586
10.839763907369793 -21.29654577020371 12.971277867836719 42.9269933851709 13.730471044199753 -4.878568662248739 25.89883979510863 47.811355105618006 
2.5618942906174613
-6.759251323838619 -32.76614403514398 -48.87834464512951 -15.816423421317403 -0.49503971015654 21.04766554452631 -2.0482557874581673 -35.64244113258488 
23.217692664135125
4.24879410243166 22.409235760530237 -46.83605610327781 -43.889598537599014 -41.58128141331278 33.7084900520058 46.4994537869492 -40.2285040040274 
92.13793409738001
8.870325924920586 14.616884793161873 17.026255205034772 -47.74006444016494 31.643406457567792 21.329092388997807 4.314111985776748 -46.920945846591685 
18.531645515853267
30.80195656648857 -11.308222732647067 33.45134324526228 39.70657531504321 -17.213453314805328 -34.70215521658605 43.66599891043026 25.10316024481976 
81.69148550084566
28.94640618386198 -13.771906894404694 44.14202350411665 0.07227930857661846 -33.02562423316703 47.70165446137929 -38.70937615661892 -7.084776634346191 
19.5491516479532
-37.62456855728766 -0.9295705851128062 -44.4808414262243 28.3503130538502 -7.248056226542268 -14.863305344896702 34.82927893529684 34.87110026636529 
46.72371821361983
20.701929097136713 21.752828638900752 -4.457589719755603 26.788891663418738 33.84374030046011 10.287437101537613 -47.535876067529536 -27.228396555206146 
23.13219529065079
8.21851623559867 35.73556093039798 16.25095637050319 4.531454675464694 -26.307003594749478 -23.79106396609564 12.26552420220198 -2.3251219791671573 
82.1524258417726
-24.053302769007345 -48.15128065506221 26.38241489755511 48.909247245889745 -32.25436934822321 -12.436387568939331 -37.316443088858165 -5.924158728707873 
44.797739382073544
23.444037163358914 13.628704694670077 38.60672532057056 6.889800048093875 -19.387850944604455 35.81631401316132 -37.109949462555946 0.5006816676803467 
0.330837341093837
-36.1672793248318 42.62534690496345 26.737388695428223 37.362710530813885 5.696067620075532 0.6502305909101977 -46.74202462353726 -21.754368594716478 
40.91530809109503
-22.07042978636682 -5.838621599590169 -8.541917109145935 4.919770648953815 -17.903587485688952 15.28132115151061 -20.564112489298846 7.38431645541916 
67.73469615754499
-18.596536479867677 -43.98486656125331 11.369623743374 -10.980350382001149 36.63197631057801 17.114403762534252 -4.783268688503497 -7.617565890081401 
49.463792196595676
7.3327054391974045 29.779401466379582 -15.45848427533889 10.085750105634318 -39.372222410673174 29.84749859241579 19.543867604836166 -11.008032373991007 
59.35270733557459
-19.49095453940859 -2.6149372070590786 -46.77425149550416 -37.332873513547725 46.71815391005907 -43.67207304666702 -10.617645259306052 -47.29752399678488 
97.4806192201787
-28.78465196870029 0.9660615800390602 34.84915025790738 -35.161608162017984 -9.12648512275188 31.776885575354314 7.1465892895217 -37.77121643308362 
9.127684239244505
16.70945136445846 -17.004301727563444 6.813713604979341 16.003391400506047 26.678451163761764 11.27621256697131 26.01887778927876 -31.638302549886422 
5.34222803866361
-11.560055472236229 -20.207757185101073 -47.48203664695209 41.8780113978043 48.2641225122118 -3.0142292477969406 -14.680644701702796 36.26938050991727 
96.6872871002836
6.783873686601993 14.707072061096596 -8.601443856510862 -18.486469164672982 -5.75342933823697 35.965079242351564 9.6931440324026 -0.24087977746962963 
72.80485409561965
35.657940225193784 -18.84097107072108 49.02882807564791 -4.059635502091297 -38.313959263052276 24.338070178763246 23.547590350370555 -24.699077537138024 
44.93738273556382
-17.93863934254403 40.33637987394465 33.148051212596584 15.690813344700302 29.825787032710934 -43.49053565433035 -6.697853779528899 16.226407408513694 
76.20370304720997
4.783504033015795 6.645452372453363 10.024457784017827 -28.097485834313918 -18.9727691778666 14.76257866500076 27.48532901987562 46.92303384705967 
15.04372426866476
-21.557212559902773 -31.72179629161912 -36.27749239832093 -6.234433494634715 -13.462166500760532 1.227539755536874 8.370203408736309 34.65647590173725 
65.06365341483439
-35.92817318012625 41.3905209398816 26.35127896908493 -23.54625024778545 17.48003039779897 -4.6793956541057256 -36.570665193705985 -15.483365975184014 
0.38685754522733706
36.966443683172486 2.704879205233148 -38.080773737873486 17.008815053365595 -41.07645495435255 -40.46905588046545 33.91265509457297 9.828748934463569 
77.13519921681693
44.35187825357326 -15.463614254236248 37.38737683850138 39.09347224845193 -37.8972847560475 -0.3187745638825419 -19.103883086400963 40.74506721067421 
10.041939741830186
-14.838832244284816 49.4862388983869 9.246170402991304 -36.78252458783595 27.338677652353937 40.335202158181886 33.41754343667304 -18.99596900924886 
8.867487452130362
36.961820644521396 14.08304352350801 3.013148030645162 2.7615191437242856 46.657633191507145 -37.568160064969476 28.165682928445634 -5.731911452390605 
36.32268135202459
-3.8733651766148824 -13.170385023981183 21.918066566417025 -25.10032649810303 20.087182479399786 22.664476881472595 -13.354789784363255 -19.848726997272237 
81.71048016666738
-1.8231283529558056 -48.988577375941574 -2.2989610115863 8.746009019480042 -24.020093515006614 39.34418514527027 11.05935145456354 22.12643496510664 
56.36261426019416
-46.01300995210037 -7.2185933104268685 -34.2387866147129 21.01371564312319 -7.116886880584374 -41.04485676377169 10.63259663945233 -7.392629062968972 
39.35757941224336
-18.10722066447775 -28.509476224484885 -29.553151884187578 46.231722083990945 -0.7996015788245927 21.0249510967015 43.47530042504789 3.299289993904978 
81.32577824947495
-1.3988106285481052 13.701144681119537 -40.287466481836255 34.23548871973189 38.47585863650649 -14.551194982086137 -29.02873422900676 -30.95196117537522 
35.868065343936465
-11.166116038870186 -46.02252686977081 -33.7493835766542 -21.657481085674434 -40.52494605035712 -36.987559050245856 -1.44720325145272 44.66822414627974 
40.69332893741331
44.5130638058794 -46.51868952390775 13.648522178875922 -40.687441386782474 39.16842256330506 14.495808653930794 31.37522880917855 1.6633655585220026 
26.127269562801146
17.70630287459315 -43.05836986323526 -17.49407357443178 -3.9983732338234503 -49.80126812450677 43.85620581629868 -43.67460825987097 46.87119076828654 
45.525941554911654
17.23089291679969 -32.183092877709 20.63778880134099 12.097076444542829 25.2747959070865 -23.634436723122544 35.848678628736195 -49.000779698411044 
27.706246231912523
17.939866499642676 27.501966988935592 -18.789134823088173 -16.596834165973284 37.05553037962578 -25.632979221034557 -7.782404006512479 -35.05629659316419 
81.32981405318402
-20.00280873926057 -13.283864897711673 -41.3538383439203 -48.365235348365175 24.881814408967003 -40.60630616182369 5.299252841853843 -8.028911016771048 
74.07884455211557
-18.304633828214644 -1.019249912328931 -15.077342843958931 -42.81084434075899 -22.956979009368304 -10.805370029993853 -9.085135455916848 -14.322062738767528 
26.145026371127024
25.013869463160532 32.48845088031631 36.31826693775176 -12.163165343468343 -11.00197564082552 -21.586441929105217 8.926371282914722 7.318288628910082 
43.361813739362496
26.707168133490796 -38.42231134555156 10.704272409929715 1.202920073696177 -29.519695574073346 37.13734116095006 -47.518898058201486 -8.445723688548043 
6.029652061194413
21.20816075169924 -9.238126310749294 8.608123241412272 -41.29840713594083 -36.506025918390904 14.159702653489674 22.666164398841133 8.794837365751384 
2.095316801285685
33.64862776854345 -16.797842195542366 -2.868787606653264 3.3993674280758057 32.95771329158093 -37.11965569602661 -22.08761344728163 18.995327222177792 
91.84464662055161
-24.54487860233713 -34.90639064427285 -34.55889598813866 8.02094246632359 0.18439924335496016 -12.256179052795346 -47.273413177411605 -4.448377444546111 
10.721138374449668
29.724803048764613 22.923413386653962 30.228020569405828 -12.595443671518844 29.510243313287077 11.780616748140083 45.71317277712512 38.45454588251445 
7.078974289396978
12.920077987129297 -41.8150159683064 -32.22010654675805 16.55481633758717 -43.19473811645997 11.75319721315691 4.942889659479874 45.62884666353551 
64.80120853974799
-7.898060847219149 -43.72004639180111 -4.211911405083093 -47.586669307203955 1.6103867782179435 45.259948152253074 -19.01200154071202 -14.812962593044901 
75.62994284819379
-15.131102505113738 -23.355683389158887 35.7698129346077 -3.3530087093427667 15.141793829987009 35.68321683201438 -48.718170275107596 -19.263805180744022 
94.91930184396068
-36.123109714717884 16.410772319075946 -30.990018033243427 8.48911103944198 -37.194962585607406 -10.458960610646052 -44.30429543150917 -15.021235142267685 
55.52100507660855
-3.252951202693353 24.02273782910261 31.198850053158992 -42.6354347265157 41.62486115910244 41.27751956992964 47.09238371259278 -7.6483229655371545 
77.70592938987076
-14.814630653198499 27.028349487449404 -15.815262435686584 44.591261972851186 -14.796325708088418 49.8843050299501 -29.834729842198783 38.96384252448411 
14.361806408832123
26.1950611298507 -3.8458799433426876 -22.718340114635684 9.958956067498356 -48.3985934543372 -48.787387950166526 8.223280237410947 -15.268212954939287 
62.4149773155564
-8.32861478142388 49.852344894851385 14.029646765032098 -48.677733071841466 36.1118561704652 -41.01299306575519 49.08585536976153 29.082938850895175 
35.108600541225066
-11.595233891316894 11.64931017692696 11.534552755744762 -17.430796834225212 1.282725536957983 -28.958491112543538 -29.70213076587077 -10.878595992040275 
41.66785179023628
-8.87018239316427 10.2839296844067 -17.76438352167213 -45.20870526939803 11.758611831557133 27.4361437190273 32.6342766036075 -38.314584046620915 
46.85569423926892
-43.90236349764485 32.02762907164251 18.831642059518217 -10.267803950829311 -13.023845382298724 -36.67104923104579 35.461856045365664 -34.98009498894022 
73.88583878837404
11.240414470568638 -21.34449839582978 -43.759212290763294 0.2772344495044905 8.464137129170844 -30.48080387029055 -31.820760690267168 -4.976102855059935 
50.7811913837469
-37.49493638101432 -45.971635788979036 -28.98395621897776 -7.145334229299941 -45.68134745734438 48.70739310160168 9.818657037409253 5.851137345084737 
38.88672372190658
1.7980996867010788 30.98355779680412 37.83818490725022 -39.50018258698421 46.2238876980862 -34.438084673189195 -31.59610371336624 -31.486013021460646 
22.095977398037835
-0.0542259079119205 -9.942475614712542 43.89059753090798 49.07692301801674 18.374142960394636 -19.291164636760925 -49.627281803106825 -44.83756140326209 
0.27125859083070303
-20.562129445996458
9.80571520587685
-12.320373360746359
41.156491189820684
14.054941001677037
45.95828752993543
14.019752748317913
-6.041078851866509
