constraints 83
variables 8
19.384372559640852 32.138626816967346 15.942666933282908 -36.863887621508006 32.34279883640124 40.23789234742277 -5.390594172427278 13.659048330196576 
48.48521359812467
-28.156865124607656 -11.124077757965942 -27.153366212429564 27.39650359234726 -12.153510691103328 -35.29566489087959 -26.600198627376002 -15.702705430541585 
69.76915425908462
-41.93771648167321 -14.0410192680921 33.60085358994563 42.638834755848904 37.0660200999436 24.2217055595964 21.06223441943446 -3.8046984692658867 
8.54614537788313
-13.640192298020168 -5.611579554875036 4.707886183064133 25.398876404677466 -10.095174613377644 16.572814559351997 7.114473238746314 -49.20719568672086 
26.508440692073197
-3.763121046341112 11.242421863934801 0.633114320085312 -27.151870575261317 44.90630052029148 28.547515041417384 16.642294187574848 -5.563592598726942 
22.418587144735437
29.107922999783227 18.998335914734113 -29.794602288450566 48.55352235562155 -19.46413513826005 49.67853567426377 47.476706301974346 -8.50255558113161 
49.020490144267036
45.48897884870989 9.289878009390208 -8.10317368216267 45.8912623426713 23.21684967789571 -0.9490625137361874 45.02621349820291 48.89188784908103 
68.42472569933257
1.075913865007486 42.99003455021473 13.780666419057496 44.11304905502833 -30.157593347882994 -26.10259562705365 18.92386251364549 25.80902177321667 
85.62558747362081
-14.406473935562673 -46.77548723587722 25.597156434686894 39.68336164760055 -2.199166298655051 -33.97013759727753 -10.81120441627855 -31.731445166784166 
38.41757350950699
46.58640449794359 37.334912539097886 -38.51554569142719 37.2410181966398 40.16225340564412 -24.28146235987605 -29.63683984963833 -16.472936840802646 
88.13240889400994
15.920206995436473 23.53455944092508 42.56749087150715 -49.87679803059596 -15.86815411633841 43.46700772845867 30.860693135284407 -22.2619606848096 
94.0015267489541
21.499086151165955 -30.528808032106202 -38.562695376807575 -24.676423719557484 20.745046262213407 -29.182168316948353 -35.17892202113203 31.24556524409708 
76.44490071040363
-34.599956440679875 -6.135875649244717 43.245686789802576 4.4433445143049894 -8.133898540960416 22.5783478398274 -44.65887898840517 -39.78001353022559 
6.346845497458475
11.128736324958268 46.819964627113364 13.256673647742609 -34.877146978914176 -42.3954324160223 46.24639679063259 14.515956287081707 48.462597964769245 
70.44842612459988
48.57069449223981 38.41799397854952 22.86363296870246 -15.02858484217451 21.88284347030627 -25.058436900738677 -16.051596048778507 24.43363922256448 
80.6804360759678
32.33800240046692 -17.089208702614464 23.844910729983326 8.478644333254728 36.43531888503098 15.679054681706205 -7.058662468653019 -15.827980075393242 
28.622856872764512
45.85532968961313 -6.280729413339422 3.7649965516545763 21.34533710495954 -9.988577745095071 47.45886999067787 -8.080113983338286 17.29818877430924 
67.0651211500235
-33.654681729494925 -33.77169595507581 36.50456325255209 -47.76919799170113 -24.40351905421575 -48.8060983010716 24.067544101895137 30.432652626420108 
3.4316305417753212
38.621384260083474 30.629457194580183 14.08831918432648 18.26659384839614 6.438761729222186 -32.56661854767876 -24.184621444214706 35.196487334875854 
88.93685588323848
38.37032248163402 47.88251335511022 -2.8720231073022546 -12.00788026091918 -7.491270231740685 -42.87817419892147 -40.15121682733186 -22.954207093197944 
72.34134258183546
-3.4617468212782967 -25.127065176144004 -22.555437940708845 5.347653903966041 32.996583366543035 -30.923961498010932 -19.795205075415844 49.45849910212105 
64.13607929818656
-34.064352312570904 45.34455608524422 -43.377356343131645 17.05729128026408 29.617579750880367 35.634589626743434 -37.08654495316618 -23.654884709788792 
90.19976275932618
31.951483379910385 48.47704377369617 39.636749365716156 -23.9989145694523 -16.62670573006597 36.111577432974926 25.212667571632736 -12.716614988463057 
16.739905337658854
13.380675594920042 -2.0167032011130317 -5.479435152621548 17.60745581992944 19.902175606331497 37.763640014470965 33.97959545010211 47.3581708616548 
88.81673133832302
46.87253921429006 3.533922789611708 -20.31599675242036 19.429099030451084 32.86289386333874 32.43059723200203 23.744484820793886 36.62811925261242 
56.58361076429902
10.158231143227667 -48.99376608944201 -38.07016279715339 -44.20634439071057 -38.38636247611432 -41.896400361969754 -19.148664573505624 -9.806964770872092 
98.44083323450164
-20.98304367411713 41.81122449220882 5.0051369414706315 9.716819165420588 -43.552814553877816 -37.13397814233449 -22.860643554444447 29.084389187803026 
44.47191052061257
-45.67013650625428 -9.517549195788469 29.982929983618234 -7.598910408574355 37.68832903545383 -14.988358360204593 -44.19597241583831 3.206611362498343 
4.205446437406479
38.19197054457733 -12.400579042749072 -31.01746280353056 -39.76382068837182 16.514975033486692 -11.605329269011499 -39.40028852892191 0.49502491617373323 
30.055264606792274
40.212639471030926 -10.949560396483257 35.39460370234676 -16.43389434208904 -42.41328403519192 -38.06397759452699 -25.94358284506304 -6.095293180093009 
69.64446450488705
30.131916799085317 30.709237219893055 35.47231533640392 -38.23184256627399 6.872336177911407 -21.07115891490835 -17.126091108785502 7.38945819364821 
94.32817903494701
25.536125260602105 43.146677475589215 0.6512883131787888 21.209125439539136 -36.04109641420966 8.676089307894053 21.470661976017695 29.00285958947603 
45.47593732349651
16.312835955338812 25.962123781043474 44.17130983608247 26.000090036344744 18.223508123051673 -42.767853447258965 38.95595953108577 -44.07925717879109 
5.65236970490065
14.230631806533154 14.401152723819905 -18.986141536327196 28.041094494623536 49.64647889058028 35.78650611337842 13.541463884162255 -33.15204653357351 
41.759927725174265
12.866455626860642 14.400462312722468 -44.0726251533727 49.715180474268664 -4.852941903400989 -0.4558929795379001 -11.524636802994891 -33.14743489716648 
95.88716901542527
46.88763965137851 14.315859068608091 32.540346748580845 17.59317974158556 -16.477058568405525 10.697503082821413 49.371996159646116 -23.516495915318792 
27.30530550377147
4.78998442712566 -20.354467499926542 13.731016025749064 -8.26128383937099 -13.286462365724717 -37.282596452787864 37.248745325157145 -11.42567671632414 
28.20474107751635
3.1240172412764764 -40.633920348595744 -21.349955615056572 -36.08368596868075 -21.710043366654507 -17.05018794355577 28.23754045069056 49.86811982797009 
54.19259632508341
41.356392081739216 25.52609694905925 -13.288887260692626 27.528656089781308 -33.94125438159193 -0.13883042370481746 -15.764500661366611 -16.27097995224048 
89.87309588026754
-35.03128070649835 47.94893764164631 -28.406106302126332 43.41822329074195 26.634660454398087 -11.429908198905295 47.37119294070348 17.771650041670995 
5.1720892883573395
-9.072579782613808 33.776824857522655 47.244237637124 -26.502808617872574 -19.977408151888564 -27.24373331474752 12.776766568069085 -47.25194081529225 
38.91247077894562
24.712715732091382 -21.330955420017073 39.11888277717172 15.583121661902908 31.477751516653157 -46.8158305687567 -42.054714963491776 -45.866183881840215 
65.47634984856462
7.0275390187026545 -45.935126076591835 -0.641379243841186 -16.661231624382488 42.78234237049129 31.090289041264683 -46.792470991301904 38.63766130111652 
33.09014565105146
46.47040400908644 6.6288203387451645 -14.520425130774981 -14.302631726677852 4.07856187736887 30.938694128446116 22.35567863228077 -0.5546214047408426 
11.554983860067614
-10.866127500838807 -16.042525366397278 46.86398263024273 35.74386017219821 -30.542677444578725 -12.411070596444652 -43.764816450439696 46.303809218140884 
1.0468255367350854
-19.64274417386823 -31.17401968130903 -15.066234799351719 34.64063779413317 -36.4995605514748 15.446184049130324 35.64454294511094 10.084011948321859 
41.010255673625274
-9.430915948736853 0.11970488686168324 -13.22512396666157 1.1354164706321868 -48.04003581631615 1.4475715541369922 -16.793472274495713 41.40020947021263 
89.08942044881356
49.36949999341476 -42.590303975047135 -9.550224924524507 34.56550561037221 -49.32211047395144 -38.63412381441748 -36.666016813450355 -10.599285691252383 
89.5105881419522
19.358361401638106 10.767610036107214 -4.8630850494605795 -15.973300324216623 -37.25305469940121 -12.544676502826455 13.68330754100976 -1.6879426699534577 
51.796781137071136
-30.254237784780713 -30.820450280781174 -48.64910430734014 -21.03858664463364 48.679757915234845 -34.721806936700446 18.51358819903443 27.41456426089124 
60.92357425693158
15.947684091336285 -34.75148860566111 -46.355278648631206 47.128749784160945 -31.770911083311027 -12.470538695477565 -26.428805351099825 -5.064014312515951 
1.3368397898373963
-40.901706867567235 -42.09026395523704 32.141254971586406 8.075786851599545 -48.34428253155664 -15.58953662594125 -15.531916836006069 -48.24612353895316 
50.891511927112596
-47.8897661602868 1.9407991712080417 44.601801390370596 -11.391355399308559 -14.113724385273272 -11.970772056567192 12.168018231483401 -0.8158766601018783 
98.36730483837421
36.5361891302871 -7.760473950771008 -12.777348497930987 -19.347047530646588 42.6248785461588 -33.45410483478028 -37.50257630052221 13.311842286478637 
56.43398937444357
38.8359592337365 -41.864261455582074 24.773175221446635 40.40427017423558 3.87375172909411 -1.5046811146183146 -24.50377806874634 24.740911275077593 
48.482161041983694
24.290587741707284 13.196667817111432 29.362024900448404 37.96993004212797 -35.73367924325747 26.928262769874408 35.234190151708674 19.109557878844612 
15.079503714634612
25.96275839346356 43.17184897284197 14.290773310933588 4.038410527767155 33.180678758364934 -46.021869217819734 -9.443783372515789 12.961234768034466 
62.079955108286335
40.23043520911604 -38.06694798794076 35.654892372792375 -8.470953351012554 7.064908188891174 23.806210496839014 26.377875036271178 13.03562570022968 
6.989705219020004
24.036051517534233 -27.860649514484535 1.5715017612044946 32.05775862546004 -2.89479202298201 -12.200077635548745 -47.11104448200255 5.655483352049984 
74.78644682136029
-10.322155948855794 37.78321293128708 35.71469755087411 -10.344593723714254 0.7276384913940248 46.90026078183435 -28.669220423100672 -43.770924503936115 
28.346470492391983
38.458831309317816 25.570873438496378 48.59294439686553 -15.523165369030188 5.6498176596557315 -11.318248416717893 -6.913239385911993 36.912406861146835 
0.4959798948815153
-42.0423095183077 -40.04910885380781 -9.422785138359032 36.599308508047514 3.204522567522531 -31.20772982377812 -1.9634380280855979 -5.5270639881170425 
20.03682170943708
19.3109857091615 -10.388628636449127 -29.950966805507573 47.17091977712353 -29.064416591701193 -4.794021793872147 39.473642904183535 -11.572749210929132 
72.84718509981334
2.322603401073387 -38.55602432482104 -14.668665137376614 39.32954227272184 7.7240775854634265 2.113137832445652 32.00343646241507 24.464216234562244 
23.81963695383239
46.98189982178128 10.452752485501904 -25.10294665935894 45.08689923889378 9.216564891372904 -48.557237520667144 29.73420557186448 14.706413168813754 
4.476550515463352
-6.229867415773867 -7.4170615120901076 -42.92654212065361 -11.395136346974788 -26.899624829414236 22.334531161313137 -42.034958836969295 -3.570887605188048 
70.42923521550635
-23.506426516388057 -19.121670563494252 -22.559713790822034 39.789533526108386 43.6900303967528 5.420045351403921 -2.73894631504227 -35.0009690954572 
70.46743752120196
-38.38540579331511 -37.415165536538 -33.954395532066385 -28.477335642019817 -37.387954702373115 31.66146353616348 -12.868179560937008 -37.720322256676475 
57.515278684033845
-7.575218577875333 -49.54817405128386 -31.988215298391044 -14.091017383541661 -23.99798299533845 -47.55083542737968 44.68386619958537 -33.83860262325415 
74.61436609897453
12.60497280026086 -6.731868447186329 -9.316982721006738 -0.2273067596453302 8.731801961192474 -38.506002590995536 33.064739497819616 -0.8081824122887369 
97.29901890573971
4.824648008827992 -5.618775014310415 48.991375798755854 -27.508383689526983 -28.090062505989387 28.933510029677066 -48.47919835750631 13.504956697035453 
38.84730452596325
-6.681782786356074 -1.4595564945538229 6.003824352372121 -8.71062768733752 6.948957386207496 4.510449045237628 0.7248861773475141 -6.2310162167059175 
47.01882081830002
-24.616502073238433 -10.122510413454556 -8.430575422223583 -23.618873771197578 4.56706282578714 40.29848157137624 -37.95039337121038 -31.061091751297234 
29.615345560742167
21.242496897622118 -30.458931399053135 -46.128174808357805 -9.269359483349483 -45.759999297657096 -19.23439739984022 47.392553254442404 -44.701663156370216 
42.63109521912506
-33.820567071053055 -21.28703777109787 11.449339055825462 -40.81609428991557 -3.2681651543208687 45.51359196753101 -11.961767014930672 31.63215453062537 
95.23314409740416
-46.55161274197105 28.445004363301493 -31.982722654184148 -33.14085373280711 -45.92026332979226 31.252690061312734 6.3962585152273235 -35.724166193263585 
46.12731360042698
-27.877113500758476 -43.222889915749185 39.45060169283903 -3.972630929427737 -11.91451555907664 27.069730735151836 -3.5770841934146134 15.537498871898165 
87.97867062506923
-10.609378140100787 -12.860406353251143 6.485129849663075 0.9196248516341257 -1.7642344285953016 -14.083208698422489 45.7462769407427 38.45595734145117 
67.83671707723855
37.17290962006001 37.15442161612479 25.44247143756688 2.4407506094266154 45.783564577733614 1.277580627671604 49.707283136323426 0.3067091344296813 
19.741896373007563
8.86498897073902 -8.78402641214658 19.88392414956354 30.764435857995963 39.253071352353345 17.711862945725045 4.942438875099583 -19.93515028019225 
11.133630977144215
-24.29484044814698 14.348476130937527 43.72486575218106 39.82551316557203 13.203116503324189 -8.270095106383536 24.923739249067893 -27.44574928078798 
93.71800675834217
40.45225030365991 -41.25535074743762 41.232496195948585 49.8591507956443 -9.873454166329985 -0.6415804717632128 -49.15269605307168 29.209813187884123 
2.2961343312834837
-30.90796538141525 -9.201344854159522 5.209310217766237 15.000283900059955 14.221418618377726 16.396813493285237 -38.594806499652236 18.588284482564404 
43.284979653372936
36.013607131556
41.37844095087762
-30.102664075102904
-20.08448780384936
39.59690575079455
3.249900142218756
16.91773664926302
29.143098641655243
