constraints 89
variables 9
-47.43944996450766 40.47906006489387 -9.598658378745263 -15.31811567446443 6.469176497386378 6.340536633738644 3.1622647477997674 44.55630520234895 -43.40451817560431 
86.00515085290279
-22.19597597146875 -16.57867919402827 -0.4839576940475112 -12.708419183125663 16.08666214264936 24.49737081285818 -13.497261690739535 32.36940980806814 -41.513293934631974 
43.6817908499559
43.168362203513055 7.0609799427339155 17.387484614360247 -34.51710317767931 27.582405007866313 -16.846025600458326 33.86686471972804 -3.891807447896852 -45.93046664369058 
35.10229977030538
29.289101407356213 9.46899189258069 39.29783022961918 8.918603745046362 -2.385537932917323 -3.89790339633209 -27.71664118772762 -21.88744425235808 24.672384570647836 
19.872398882613584
-29.41780090542875 -10.79520244960301 26.60091087036811 2.808591151639142 -38.78941162929096 -42.352728411308945 -28.762821318387488 24.537437363106292 16.72834690588121 
23.906353852374828
-16.54917458175685 29.520343336600234 -15.559697666900504 19.016085326704868 38.24410573813108 -17.340765350778362 -30.185036855168047 -30.915487030915155 13.899667240646487 
1.8270436330662942
-26.010793856117232 39.036958047424946 11.538843356550856 24.49139079989797 39.622285575988016 -22.69419436786907 47.16044339689681 -15.161685448078877 29.382007120652247 
75.22718988937683
-12.437989684876015 37.66618913189373 46.99042753597148 -2.419264431597554 32.50254685876625 -34.19174644604291 12.025977790484987 24.009300749642108 42.04775660219762 
48.955473110012015
16.573456519890115 14.981410780516995 -29.75411896244897 -46.510313481266294 24.33283009316733 -19.49005920563448 -5.885793835091668 -24.699665310672213 20.9423500025609 
85.0162560288871
20.373407896460193 -19.453693166835663 -11.95897640550735 -32.47005590828037 11.448871124340442 42.93772081474941 -47.01005264637911 42.839933430442585 -3.0347912017762013 
70.35078463968586
-38.80834344269016 26.26364650815931 27.292165536333528 48.45208154705347 28.59104092000416 -7.623406008778211 -18.342779373958752 -45.50300327849571 -41.788969023998504 
36.3455893813268
-35.07787222185611 -39.41979548131414 46.47070352819263 -44.56542716824011 14.32774303329397 -47.645515338428446 -37.44696926368404 -42.19724232241201 -9.656503223519564 
36.59734205213234
-42.765988874060966 -14.109312569667352 44.214860733691324 -1.0067194230848457 46.3544539251219 12.49044956064477 38.88426531322311 -47.88724149218364 18.510245149882806 
29.022213645023022
49.66789233349334 32.807222221079 36.55639151335187 -2.4100955274797187 -13.597185353848992 -31.897162278059888 38.16474898497637 31.064714485887578 -40.26398665723049 
29.163863228684896
-8.055189426960808 48.745851473413154 -39.19121875186362 34.00984606372997 32.53150447569104 29.07380459382948 35.7971343199566 -8.590860217050341 -19.436559042763278 
45.42204310189848
14.600762137306006 -49.26548593069802 -48.380380008744574 26.16901720181592 -3.569778725247893 35.554889794412745 -28.047889062264943 -23.947041891344433 4.123995445522901 
92.35053590689915
48.246784829024875 -17.76214271989511 -6.265879342845224 -20.022647655903135 -16.336359584876412 5.569749501070973 46.25113387356073 10.369099711826003 -6.947113326359158 
25.178186034435647
-25.70394405887906 -23.545214052334494 46.51242005977636 -37.12139290420632 48.18924395503376 -30.618375213187743 -37.653150868746756 12.757073357969752 -16.9870949306938 
93.8723296685098
-21.99217700373266 -9.130383768002538 31.116142071931932 37.90876431689293 -49.26013406010308 0.16422391785986434 -7.031607760251646 -9.077790871516221 -21.57446954886064 
76.53428407760138
-6.650793150653421 -16.71613624936026 -14.481868656395278 43.33809485078194 -30.43070489467755 39.12743305090382 -11.030055946436825 3.7697980448681747 -16.25020548154432 
94.39892977154076
44.708196292690616 -6.857122941524828 2.143834394436631 32.51711889237673 -23.519225595550186 -3.551783195104221 -18.93364559295547 -18.858681362185216 5.788074544701125 
10.474382826761119
-38.79467458288435 45.281531358253034 34.136946566056 -5.671348288100951 -0.08058936529182859 24.349183168238042 -23.002763475892607 -42.62693236155884 -35.415746750465225 
73.73499694518584
12.610950085606767 29.390596658487794 -30.868490592814524 25.113865545586094 -11.80140957167999 44.22221176720818 -39.36813180251407 23.914792461695157 21.126751108175426 
45.1665334632376
-46.894751931918776 27.257331094622884 43.245599613969915 -11.890542514525002 -38.30154933414814 31.14416247457929 -37.12561698352618 26.651919402753393 11.952551612593453 
61.81278475769818
-39.19235158297545 -37.57020174622873 -13.91064380932653 -27.112446053681506 -5.765622888781131 33.370699635741516 21.07826588284462 -12.66342935970809 -44.39320871542072 
92.80813898363107
-8.298046746958967 -38.77376879304907 22.265099850838055 3.174457836812813 -4.078760145043638 24.87951348590181 37.01898768613859 -20.58043677029979 9.546632431677928 
76.28235580027608
-20.09381426867187 19.35333810177781 -7.443997254688526 -38.55421170349006 26.992991209839815 -49.21455795079539 10.354921282351235 26.919698073155956 43.351137540436355 
8.636856657562685
-20.14184604309579 20.767489624011304 24.23995433324059 29.123485366780017 -37.52206509001586 -49.95092824670846 -18.957750460634447 -37.337270267015256 3.9365991603711237 
75.22297557296946
-33.353052178496924 12.329880268559243 -35.72180859380208 34.86663528744512 48.74097373494621 0.4918502796192996 -9.464235313293543 -2.2728486654403 -31.132544502461666 
52.67162674927187
-40.78200544898976 -16.64682124736577 -29.873159162948426 -35.25247276699063 -43.88908913973283 -22.578209611135602 37.042009809331006 37.267211610962434 -33.15255352096962 
93.36252446604844
-32.621917858769024 -31.0428896823044 23.279638451111012 -2.00595745083789 -12.397936043263378 0.43373774260433606 -12.104736348386389 -24.37284659930765 31.18705424558243 
88.67415655462715
-38.64721587386375 2.451218789736288 22.110265257913667 -27.021376597816282 -33.33450614695583 41.00921011942175 44.66361358689797 13.959210065424678 -2.352252330939365 
43.18003704857386
35.090206891230935 -1.48597923197309 18.94326359378374 -30.675020292074894 0.5795479205091141 5.797365488159592 -29.71256283704663 41.11837498805414 -43.20117507201312 
21.872051244610336
-41.387306873068226 -3.929018776321513 -23.592797956888845 -25.96927540291858 18.187924824247645 2.8677235907531653 -42.10547252246397 -20.300995445547688 -18.809925066678048 
28.37979870857422
-43.39458543125163 19.383866522067734 28.937958703754347 19.574427061540845 -32.0457808651311 48.30661325742888 -12.524510610753772 26.533769695335806 16.60589486160039 
57.1604523360992
-9.726567370641106 -3.592138065097025 -15.207676801540181 -21.14146144675797 -44.47407558503383 12.364666411522037 7.953169601738594 -34.810879085620805 15.849955880632166 
36.463643093839636
-23.4650806001127 -25.02982173667555 -5.846920476474303 40.86748439582671 9.051207970925326 23.596749894742814 41.01665551741725 27.920019285026683 3.402149531931599 
42.79992763250292
36.14892926366369 -3.6435404256263695 30.96987058084399 -11.012747200922192 9.294302933733313 8.275562972927297 11.151990090202382 -31.28995517510257 -45.557795130343436 
49.49146501955849
-7.235696203180218 -29.395989267681756 -4.73907040344492 -45.50371342984011 -26.861474311450316 4.575179483746631 9.3889279714763 36.50287491152419 5.76037019018095 
51.05407470100458
34.54802726609891 -27.099700427435913 -17.06213665849542 15.816769128758892 -39.59993944427973 46.94305512046006 31.259303082487435 19.172258574654848 -43.34952245939292 
37.608149812141924
24.49477294522862 -27.75862557333355 0.1094817716784533 -18.707417914085077 1.1146632487897676 7.603249046185624 41.25331868824766 -48.613040368974204 -28.25676348147216 
36.76109179841474
-5.714659873224647 -35.250681136066454 15.634716452745792 2.6798623003824815 43.77849237394781 27.71647560273415 -5.346027091040753 32.07417772859945 35.6879596282554 
78.52848950628392
-41.73659698698472 19.175567041135878 -39.14533144197698 -32.09481343770787 -26.33789810086632 -9.615995385868182 45.07739833423929 -4.998145434447267 -8.50701396373649 
7.509390920455239
31.41332023168414 32.08460696479449 49.42805837666859 -33.76554057905504 -22.42622396879893 28.00413112555063 23.46150555776842 -14.018640922758422 -5.885882790979025 
77.9098453162589
-40.11511451483389 17.53994000345054 17.573540281508954 -15.36523761402114 -40.31181591545099 15.61656618261209 46.80279797455681 -34.20537750336935 41.525025615308294 
34.888043219223086
-29.57526385092615 29.883186906321242 -20.600104864209445 10.196023994234473 -21.295350844324467 -45.491190200103084 -3.120264081729239 24.19308553751833 -15.935554878541957 
50.4057117928554
0.9018097281035438 -0.9476223791740921 -28.943316181267463 -14.033325392028871 -44.85573268288571 -27.221414708168567 -41.178482603925275 28.782122797411432 25.44537486870159 
35.2086853983965
-13.118307883423654 -16.966112122913422 -22.09809237867635 3.9668167277212874 28.587693758431442 -35.419842781544254 -25.953281112532466 -33.56171371100722 -4.392763140159225 
59.18148656876638
-13.09996110397612 -49.74642382802256 21.56027474766067 -46.44404158297455 -43.291380955458635 11.823981741017406 3.232760834211902 -36.18513020897545 15.831301495404688 
50.146271219413975
33.75944004281324 -38.68134353545797 38.4991791435216 -38.60542396155155 -16.252086546241273 12.105965902510974 13.073039498799368 -1.256531952039488 -26.4766413711776 
2.787158717301186
-8.059710743021384 41.41696258995718 32.50520918329316 23.1567067147257 47.33809835226478 7.134021914437753 -39.81580061886331 -36.23266865748752 -49.84094223731914 
62.92182626227971
-12.749817310681124 15.321925928447726 -6.80986619211 0.693916255932983 -14.871819607244582 25.977645904930753 0.2552810917100601 -3.958869417609719 -12.487887825658426 
82.51979931305208
-1.6234515877785256 11.358909372130768 -31.557232572277126 31.851447452037192 -18.661878729701286 37.73549642067597 -31.9415174403775 0.3579594110796549 -40.067818891580316 
93.95117148298505
-30.645824528965793 -49.55604826557557 -23.314909815821416 15.489589570654843 7.116283067947734 35.90342239330144 -38.993137521754996 21.63796419842984 33.65825470174508 
80.77211086300838
14.476466688847964 -5.446341144833951 -24.93671818576929 9.924417378331817 45.3699932259841 40.60056084073442 -13.652078435239787 -46.08452931405945 16.558301373901045 
31.3093354690513
-45.70760494767965 -14.567718080935087 31.545232353382715 38.99147381230269 2.640255756170319 20.20611075806923 -40.31292226464355 40.337834443198304 25.95227952972924 
31.351520675511246
-6.471563018523426 10.258136040517208 15.606354507212998 -17.164139033660575 38.709216601624746 -32.23134074578951 44.267254422783125 35.14617533008925 -39.95800832260713 
65.91118092352339
43.60713427212649 -35.79114635351686 46.12850523303926 38.486964620677156 44.139726752447984 -36.769400960341336 9.278626773704204 -22.184594031264695 45.738124266314145 
66.36756129596438
7.514591001932104 -30.22232372486605 -47.26182614578636 42.99279763645352 -38.912120815373115 -44.91841682558926 38.486448665611235 11.820462910091223 37.205672482185676 
18.98450710646854
0.7738754287416185 -34.74155795192736 -6.441720439573743 35.6372155021792 31.80307246045207 -23.90057428367568 3.758501778209812 -42.23800993145469 -45.83051772573098 
81.02366422979539
35.94844685146916 -2.4456191158126117 -32.20652426176712 -1.6250300793899228 19.598812295823166 -9.501346906299489 11.82254791730869 -8.71520304126502 14.920162947415065 
70.21276236768765
-29.770163396925508 -18.542503464754667 -5.674659825772721 9.489469072869028 40.167166121991954 -46.20684884335442 -43.973419104161835 -49.62396063165346 38.087891231570595 
67.51264813727607
16.12050962312658 4.43567857384577 40.23682484837508 5.562967994095821 -32.59131071533828 -46.74029936286204 41.311572880409756 0.8188908225754474 -49.27906377192054 
18.850157847520077
-32.06838408523488 24.960674460553705 -42.34685319538038 3.668471048433389 2.008551405798677 13.89546559792013 -27.599109261234368 -29.053596283445906 -46.80711365252931 
32.20355804641157
-35.2353762677699 -2.7185909111366087 -30.720182421115382 48.32882206312614 -33.57820380807374 -18.41069582894682 -11.211477917960678 -47.90401152356164 -1.7942304350975107 
37.16286044904048
20.88641215042054 46.62566548922773 -32.5990670788413 26.88579532296356 -15.588068627064764 -12.168673272396333 20.95792790244286 -24.42264485490223 49.95645363462586 
26.420739830515373
23.052466773631778 -42.00647488502851 6.797876107410119 29.687608292567504 23.55573345279886 16.186589613708023 19.935562530312026 -26.632530419222256 -2.2461135760057616 
5.725681805109861
-48.441724250008846 47.44517742962525 -32.95128699863269 6.706605794453758 -4.0161782068772 14.03959269731844 -44.60896113370967 12.530077075465748 17.441107526422996 
90.35435116476297
-3.156997875094582 -22.89668912161329 -13.977601155893495 5.171903777802122 -14.065168162180328 -40.57939025130152 -21.28446870122196 43.48126519969688 -45.623669963250656 
53.40444452124136
49.63294285143819 0.5682270475137727 -34.797239781741155 30.439275211625784 -23.613655885879513 14.260018489512689 38.579368698161645 2.2061319847342276 -41.98709135245896 
32.004759948769454
-37.74163386382481 -17.77320636953472 -26.059069123600555 -1.9207633937174862 -5.923411103243048 -14.047867760412345 13.189877059999347 -34.54310428580854 33.90177418003093 
61.280016841582466
48.3317870666922 -3.268810721273617 28.07973805327852 -15.936069330419002 -40.30191514166855 18.977667950760363 -29.295596749830587 36.47422500029339 11.897779216414847 
38.55158147923782
-17.072918287382898 -40.00022874583543 46.92018864647319 3.5559099701373924 -15.95900280606024 39.428443814309134 -14.072765295159193 -25.921859217646116 16.2215108143577 
29.320787554694107
25.29747217775025 -26.71769607033322 48.572104817716024 -19.7081087908041 -28.43398011997834 46.05612707151134 -34.47934404631222 8.842317696066338 -15.3884361095011 
46.15139240298327
39.63010447930921 31.529719270166467 -11.226299690374745 7.618899984156528 -0.4678766060607984 -48.0514365861285 -32.4591713074277 -18.172283731236227 29.96194036237347 
47.286114859035635
-20.969069015085562 -12.528354414865525 -17.233005213344242 -49.851300034472914 16.694528360039897 27.704180593812936 35.28165148020149 10.902943377106567 -7.498818539747809 
75.90641777499278
5.6046882241232225 5.952569408360439 38.327909362910546 19.580781851640666 23.085861255568403 28.1720251498527 5.349950456879412 30.47658921760288 -43.277666243875586 
57.14407372885928
-9.058697202567657 48.291834660566835 24.185315429542058 -41.10082101472765 37.92454436597028 25.15886058821185 39.84177068161121 -42.46960339923251 31.96639449274167 
78.60978593396914
11.405614539234875 4.358157399509452 -30.502384842095044 41.830944533011206 -38.25270483985993 44.245193353045096 -19.257220971321388 31.753789644438257 34.91026522526039 
43.21260731655937
-29.722479043106397 27.893038123606715 43.52729153079487 -3.3161556022429224 -19.012082265419707 -32.16887661106597 28.599164571372867 33.484163599317824 -3.6113540716953167 
18.861232234972782
31.992849806411684 17.14892138466469 -29.036372928143408 -20.460389729048412 27.035654403040297 23.144815924314656 18.524856731714863 49.76095449393944 13.226540728790383 
38.28398740961604
-5.457763903389278 33.45912952196558 -42.64474248774509 -13.088332466738791 -20.020871376037007 4.148603912550698 -44.78559459583414 -12.626155964335318 11.375514818193544 
70.26038906391622
-4.390763539378327 31.82220476706918 4.752562423650943 24.589468637935823 31.5143465508432 -37.41063342941931 -10.63047965440719 0.1590352393665242 1.9960921434357317 
89.16822646285041
1.4458410675933209 33.42008269785785 2.9140148861144937 -48.74496932607209 -12.331530656931555 -45.05673528454403 -25.565886290475547 35.3665156117105 33.6362985418848 
87.62310795817486
-40.96867372464463 45.21729483417202 -36.649227488935594 32.90304135542786 -15.071863492357608 9.344429924993669 -47.55629867290704 16.64292324841007 46.81071881663837 
83.39190379103188
-39.959652190553264 -2.0109430131760604 -11.816400462372577 -30.981511508614233 11.987883102749286 16.96997781440224 37.86830411021255 -23.43169647942919 -38.36364366526283 
69.52953215460067
16.92104939135126 -45.55588298357062 13.441339556168494 -47.677903730361294 11.639003259735112 -5.450757456004517 19.364445530895253 -36.16696174342976 3.344211218937076 
0.21464894342556606
48.37993223640737 33.250816791158286 -43.72117442010528 -29.296295270883256 -14.647325807301435 -25.994605318888553 -8.785256842102918 -35.3122736791751 37.13479265217423 
25.00090428308529
14.275387262834656 4.01131018525961 10.935215117145468 49.30882457972736 27.986799976069037 -31.38278812881474 -17.151396878351555 -42.54882982742853 24.719812331796405 
13.676278011570353
-48.44623297663988
-37.41531617193935
-43.529144449544646
49.56436986437882
-27.32245606445539
-41.630099420024756
43.08504469308535
4.760183471933864
-37.674534803119506
