constraints 89
variables 9
-38.28460554634833 10.365774337016596 -46.90288530420904 -3.325498911380251 26.976679389144167 13.220331284724097 1.314077580847254 43.750148210829934 -12.488837171900748 
33.454569374876954
-6.936629300343299 -19.44064012926916 17.14778708288533 0.24509597744990685 -27.11927003349901 -40.37835001011866 42.58722262453429 -13.653512433277847 -34.3298283978485 
2.241665207815857
-30.088480525973615 0.0785027064869297 16.457384642140852 35.01800562990152 24.322090106263502 -19.210975572800525 42.79310939346435 -11.363402428765376 28.243341433399323 
88.77466309259412
-33.01509854713088 39.237336935970944 37.16755352149697 25.660713922587135 -27.6136384547767 12.974719537119363 37.47993013953979 -18.113487797148085 45.64875790777559 
30.350205901641747
-14.009035419564583 34.21188955585903 25.14073734649152 38.476153781320534 37.016579065854714 8.054856620566355 -25.33242548115473 16.638072654208074 -40.41520877852648 
76.99028153420443
41.17222989996068 -6.645882243739109 -5.289097686229525 -5.116226443478752 35.27623221468093 -18.412331699288607 40.67151434372927 -5.095462600608258 -5.680783101613287 
22.850915934264172
-17.17903612141253 -5.944457554452718 48.981687882447005 30.64441205771766 3.7320171207472015 11.878810498306493 16.62642387151905 -10.990459951714783 19.30596574799243 
47.63818951700966
-12.83037573370757 42.92795920706463 -13.014418389918248 -38.448453857638455 -49.40620623137326 13.883983430014169 23.317579931876708 22.538770903828663 39.14004847129756 
86.11306364985471
49.849628607622094 -32.52842667473477 21.768351979956364 36.89139528936572 -41.28987834665284 -34.944438049572156 -6.350025443855181 -22.321171065095434 -47.79268677380989 
91.24463557313561
49.2572292886768 -17.99077202601611 -35.60239515884742 2.482225385101735 14.041320109777573 0.7294950260821196 16.811108421982738 -11.916502146289275 36.73995644356175 
5.520453133883041
-4.614119121297854 43.71711484132712 12.032111317053285 -42.410112416135846 -38.84949987573878 34.214723630566 11.558132494261905 20.01000802549447 23.307926336815115 
5.830827371703096
-49.750835593383215 -30.621347561370793 10.111915015987549 -34.404716423995296 4.46063347854043 15.31560375959387 -29.7095543723506 18.54513834224379 28.580335750825412 
4.762387874916174
25.7590217571461 -7.607901775828893 -12.417559493476624 -27.864025974066053 -25.020118125903657 -16.423566904232743 34.42448094380353 46.09382050096269 15.561497641186236 
28.677641060323534
13.235256066512989 -11.000252491935903 14.555996716682998 40.79676504681427 -38.08276028562554 26.13713657769587 5.400433513820801 1.79473487519747 21.088000263402705 
18.298021776103102
31.561110117094998 18.165677693639964 30.210786254888944 43.583594464922086 -11.321555642300176 30.843662664989324 6.315332717441727 32.08379430379851 39.3731333132132 
17.38587476117075
-44.1143568037531 -9.439455785009024 -12.137331942050459 38.7447177102525 -33.70769251939271 -36.65863807474842 5.1505433542477945 12.235934820056038 -40.42728107330087 
0.3369881673194519
-10.211261621452607 -12.670683650589453 -31.586700007189904 43.42880637968001 34.07739735313402 -38.466889362718284 11.863655308854739 48.428783987134906 41.05386325551687 
99.91280180546916
6.613332061642339 -18.603280272092782 3.7365162583218776 13.679410348532947 48.587655178235934 -34.6933469409127 14.827157766848273 -39.19793816342594 39.16990930097792 
5.886250781105218
22.438969809736903 4.7440357255019805 10.532864011818766 -6.08992145724541 -14.594684053528987 6.191087823938204 25.36349775719239 15.309650912395625 10.337996206334132 
27.03534110071605
-12.309525595156579 -49.829758155412485 -28.15820908124842 -4.102405657504974 3.5747772551119184 7.016386235733094 27.155451642177837 -29.884597620816145 -26.900349158867353 
19.745122791511616
36.97756379555234 -19.606164976559825 -21.603223414224757 31.1479937776175 -4.65104770426661 -38.78965296655087 -43.62857821148205 49.16987724300404 -46.798328442616764 
52.58471810779874
9.340037753872622 39.88476874262666 -7.452204266335002 6.96955611803314 11.96962989908976 14.62562264226888 -28.730417443679702 -1.213616422787176 18.708907701423158 
77.78743442128395
12.085832509464645 -36.47312495624844 -37.672885086980536 26.529759399432095 -46.492442175273396 -11.641674855481313 -38.77288111834232 -16.063106982876427 15.459351821405846 
36.81695234352643
20.87520588956619 -46.849046608026654 -42.26887219435731 16.442216755134282 22.990738473217093 1.5752081964095268 25.53817957729592 40.09980964256577 45.0646742672165 
21.451893319212367
-16.79418848698886 39.26053209723271 42.32665729438821 -34.04906224606109 34.35804006453327 -39.353183546230085 -45.54373166500449 -21.63704062806151 14.978178680338289 
16.428136888290034
-29.865299557339064 -33.92808123038841 24.322365416840242 -37.45884263498208 -6.041038009554313 20.689932600219876 27.90541990391843 -0.2700881113974347 12.291524013806523 
51.06866611750627
26.641645054371594 -22.454087659929012 47.29400781893203 -23.141144636550802 36.71151565346908 32.817579703839556 21.69439706209603 -23.1285170231453 -34.161552120437335 
10.992906990145634
30.76297430842712 48.70117299072024 3.3981400990380592 1.278858147277596 32.52299217766537 13.904419619738185 -35.853752596621604 14.64543938179041 22.397844568447823 
96.48228566204371
38.33843607557267 -2.4679694776621943 -45.70266772857985 11.499205201930096 4.630160977643797 3.4879828686484657 6.571327310033141 -24.623361596677327 -43.61823937383307 
39.99909210391753
-31.689997212616706 39.73226275467651 -23.142240614851094 -31.603941315467278 39.145496943511674 -43.40753148015919 -25.70243200724256 11.010592236401429 -5.989253614501578 
4.387968611683601
-46.05197854463612 -38.36067511372649 -36.763109545851314 41.34932271496497 -39.11350403232884 2.895270977141074 17.921585822636757 -44.24876705850882 -25.173388435858833 
7.171050796849632
30.676174187130783 0.9115027068923212 -23.913160388868782 36.70766111229425 2.6605898396464553 36.93256634479147 30.515565861111043 12.657109218939553 9.240537259242664 
50.88053147357573
-39.59550014519249 43.046732867128924 18.652391274347195 -7.571266226211783 -21.714460993884376 -14.802424151808637 -19.26311326926737 -7.050222668025718 -39.005454452023244 
69.41873500134804
-33.89638085303346 -17.37786385376051 32.49871141449076 27.69408529268344 -39.98597862871077 -17.675634020276597 5.722511484107507 3.59736102054611 -20.178664688530333 
24.922033577266145
5.970509537598602 17.816081556648328 -10.018123710038928 -45.99049645073171 -38.46643872132 27.434339805115343 34.452614322478865 7.2507394256984625 0.678239923478877 
46.519034163835606
-7.284028695483713 -33.82967931401218 38.457621989837136 -9.426407946300571 -7.276601910572147 44.577907273681674 -28.35522457208186 18.067825578869773 -18.274805191848653 
93.76639273784888
25.578661820985758 18.5220868602414 -35.74527105008146 24.206052702299658 12.825411457140426 38.51835353483055 -34.53897006798666 30.664018500970187 -29.703838082409707 
44.530510764459464
-32.46548267915901 10.510392493860557 38.82603135747689 -5.389469171388441 -2.8536176714064183 -16.570562804448407 37.20698563477406 -20.26314248223502 12.62294532405037 
54.83619304249372
-38.719310852537205 -49.97422537894071 -48.99790970257521 15.006051960444779 7.935716404538425 -38.97388725572435 47.169629017548814 -18.743324414027462 -16.283265448383524 
60.96214619676409
29.949283283662112 21.478829855066465 8.241610209744266 -8.940897749139154 33.32068905773963 43.89466482500639 -36.264379431154914 37.9801996928924 34.86568064685099 
0.12897273396211828
-26.269722247908778 9.923666990001031 48.09382187632187 26.511087402503136 16.337507358860975 6.07275961151894 -49.52601593552457 -8.017995604194418 -9.501750973237819 
12.86127589770797
24.799532373263105 -19.936577382515786 -42.78220253585291 -10.088344922532485 27.940463663228144 7.052386998593796 -27.961502606992827 -46.47779540744135 -21.913382025755713 
68.93726027492811
9.863697524403548 -23.775384990100246 -30.738118443158736 15.48779500648665 -41.26490552021439 -2.797605116620062 -19.809949102088176 21.554079222094842 25.278983969323434 
80.25539016762168
43.518862569174146 12.816181266735235 -48.724909847923534 -36.484861282143825 -19.040616500940942 6.0583679449945365 -11.83495525016999 -31.739733251729728 -9.926138963196863 
42.49873442488384
14.305762799943281 22.950706735003152 -10.754214464888591 26.787217911888504 8.386348516591333 12.99407847954295 -11.208191117106068 -16.00811611662727 11.66534237160213 
86.77701364477447
-41.77414166139481 -37.774486727340495 21.54847961611165 34.13884537478751 2.3616199336335058 39.521461197482026 -40.4846299609689 -45.26548564150811 42.240336978208234 
40.14984387564967
47.51681953270001 0.6281632274506705 20.796624493131333 27.77213313555029 8.702757429292149 9.97836870412695 17.72581421510148 -29.335751925532627 -19.29594885542333 
46.82046978152865
-36.807896067339506 17.69526521629821 -7.3202541820513645 25.721087276577137 -14.182406388020382 -17.169046735445257 10.954573127939923 -20.525684622191964 16.8180179365998 
10.638286991765323
2.309821512227309 -26.97127766600379 -0.798165341245948 -14.40081141547953 -1.1460311602424866 -22.521239712249674 18.62506659379939 3.998749926186896 -26.112241236956667 
94.22373507899292
-19.204934765280324 -1.2647689834928286 -45.708352439514144 -38.70798166083029 9.242209033995216 -5.3938575662036286 1.7018933721949168 31.347709779060665 26.829227996559126 
74.45678986797846
-7.895222159434887 34.04149065224095 14.543757701195105 -44.96537464126787 11.46676480623374 24.13697230430452 11.92036357909425 -44.52513222760511 -36.3683326602618 
71.23828450307131
34.86418560988098 41.04979641845965 -44.04577374197291 -33.03569187625634 38.69905472984894 40.1462188373835 -11.997341015848093 -38.940630670988256 46.93874555938224 
63.3926178366234
19.151193995130797 39.19983361296566 -0.4192158167768767 0.4395145107216649 31.996723907320302 22.150489479857427 48.64807366999399 -17.89638207808617 40.27210339849225 
98.4442164594688
43.25428494680047 23.418372810468895 12.29184558682448 0.902932829990668 1.6448441786982002 6.590514974966723 -6.04574877375881 -48.912695766124855 -36.533955998771916 
21.944344353231916
18.937333174519466 -24.84266777491331 -48.05935437711255 -40.35764434657094 -12.035892847692885 39.645342757247306 -47.32091944549961 -14.696995878625899 -16.123824431542275 
66.28756386070663
33.53118334791051 -11.406669666688394 -35.257253452527834 -38.670130590276045 -11.815893047036873 -34.543744930858324 43.345571989125816 -13.382075218195425 -14.862064001470124 
81.8393583418204
18.11851213951492 -42.69857498725413 43.24120754597267 -30.376012706888844 -32.01623523569296 -25.873341184120324 35.14439551702637 -26.089411536547825 -38.48495465581713 
87.06120146758394
40.83016521321055 -45.101810818824106 -40.52870407093688 41.3890079133933 34.8050026618218 47.302932181461614 8.982797138822903 27.43376803738333 -7.412440324282642 
95.59269226343726
37.53480663962537 -9.287117204901541 44.80492917603884 14.271748979453662 -44.61784445488224 -39.40603560182959 -9.49126473785065 19.031579869050617 -33.85848632632431 
22.420279961011836
5.248794032952439 -13.209180208339951 -32.95370413253295 -9.408873557163268 43.99282260102487 30.47950464232723 -7.2875112786701095 -11.772415590783538 44.15648649443611 
17.879736122291902
19.251921300841488 -47.176260330930745 -20.191133538077967 22.91692341545823 -0.817145377263671 -33.32213648745767 4.544158822441666 22.502799944334598 41.825951625875064 
55.91767495936999
47.561252412033724 -7.636544996915504 -11.26295860706211 12.578305557416044 -4.831409563120523 11.242610326950341 -40.783640357479776 20.461087428031405 -1.7675013328555806 
54.452465528568716
-42.9528024365415 -42.60411172364126 -4.987036736861626 44.95141178528702 36.355216785321105 4.049153259778123 28.381587176983146 -17.04002714669013 21.842921287945998 
12.564443544410885
-33.40773578128463 43.58336018529134 -33.3578859559826 -22.908272549884423 7.575921930701121 15.991044009356273 9.640397055578035 -47.34378972351444 -41.84365063321221 
57.410814724937474
-36.62393193869241 38.83708470610911 31.63506989597684 -49.47322204828468 23.459094263923788 -19.62897842063891 -0.13113890071792866 33.82780809917875 40.9640301027102 
38.06483610338891
-30.735620716980495 -28.96498599699655 40.35413808188444 -49.703757217769265 24.040105147903603 37.9437638819567 -2.765852741570775 -12.098836358463195 -5.343377648664848 
32.84788140363434
12.592467876211863 -46.60941371704729 -35.508012856459416 -39.82933982876749 33.18186302478165 -10.790508629317877 23.63978054732597 46.009328105014546 -28.699063899462463 
39.14492057897625
15.133169911744574 -30.993295194914882 -28.522970278106797 -47.99026551359511 -4.0508964556317935 30.2957300628417 -43.585561666504276 -22.62677301276488 -47.17743461919629 
42.21966978583471
-39.93989575099883 29.37921451839297 -28.798451202431995 -12.887262205574359 21.752234070395133 -13.413216575976541 -45.40074252993956 34.63301504028712 -27.84439068017527 
53.28841702768015
31.150742870595366 -41.0285452483946 -10.949442849338396 30.904741415132193 -35.642962364727225 -34.28208139432252 39.030932424400206 -13.175338688539576 5.800592753479592 
22.247102038008048
49.77964636824218 12.454195823828499 -10.958388559289922 -14.80565737564956 -23.171373966610055 32.25685182478294 -34.0443480790789 -16.076741193184233 38.57333761550207 
61.21289186027297
29.448664540305032 -0.15575446876698607 -6.199694121821899 9.394417325967673 49.786393936919154 -21.975155956341474 27.099313090076222 49.24767407536331 -24.29912897553167 
19.740092913936824
-10.729700353108548 43.69355753615635 15.987491649747781 32.44292683562395 12.198170521890873 -18.69818480292338 22.481973655301672 7.091773704255935 -19.342851854935482 
78.56393982768364
41.10723913686027 1.8545196551313268 -2.880609186518825 -11.315645900784844 -15.893913252901484 35.91503171258735 19.881094124752195 -48.67105885523285 3.6262554219477465 
37.44045889599648
-10.317623263424757 -21.585452766985124 14.500314707023279 45.7245854742078 -14.51431160204288 -2.7073932715344426 22.36355422460983 -10.895488455784808 -33.80934327571018 
64.5745814379731
-37.82116673243144 -2.544999029607773 -38.198379128973414 21.36639924271971 41.78816570352092 -39.10317362310467 -25.072622026865833 33.823665128341844 15.286552502712752 
14.812504349410649
41.4809202719899 1.708898697554993 -18.185627153133808 15.344852925645583 -21.9397522857815 22.026613734146395 16.790469171300558 19.260788034518157 12.729642873477573 
64.83156923456951
-5.341274625869005 47.39486075395462 -44.216004541142574 -46.04993051002464 -45.10312111142508 -8.15598104934184 17.567164925928864 -3.3762967481038686 -3.6630547879760584 
23.667172599113506
21.528526253835622 22.97946474487965 -41.22749275939094 -29.94991040899325 -7.5597792895867855 -21.25030455839235 -34.621147118995395 7.728255104086138 22.060868298906712 
62.809877082265096
-45.35224656063307 12.91731245943977 27.519789749900923 14.871749021115193 26.33943854095105 17.082766533777416 21.309051434179878 -11.936134693451727 -37.61988170087229 
42.5876202167339
6.008983283947131 36.15113171379956 -39.31581904459421 32.58870743627813 -8.263986855557462 5.78945172179607 37.555966173577275 -4.490561461029095 9.790031310450544 
50.48115454094162
12.626795492406139 5.998793760103851 -37.90829341396527 -25.20865055512691 -10.791244035762716 41.493340954614084 2.738513593928303 24.90493808106929 -17.50254294813304 
86.33117082085852
-4.62851879370848 14.748551749543495 28.231824529367486 3.8236042399520187 28.032947119839378 15.671122122451578 25.21970362443774 10.772600294327262 -4.191082833308521 
42.07146190526393
26.563909013017906 38.62880865710771 -19.212133311124692 35.38064818490881 -3.525923942443356 30.81724235471914 -31.268831506491644 34.451600785901675 -7.774533163549201 
6.714584477972673
42.33850293511195 -28.322271631640305 14.126678126939964 19.34416140977426 -17.89497477563161 -48.942892780040445 -9.716022363565315 -3.9383457063296277 -12.494785421491152 
46.93812180863591
27.500735586029307 29.336669355817207 3.6017323381748554 10.327089964225543 -35.17369846115048 -21.807732662497504 1.1657695098949858 33.40786274536542 12.06930029367387 
49.94665343092293
12.008769031279854 -47.68200513657753 42.016269856466906 -43.391812013030716 -34.53638859764013 -36.75445863411277 32.147226521344265 30.606982472708907 6.816644753816483 
87.55510046701401
19.315572913589364 -9.496683953634268 3.9802504056143633 47.92128217505724 39.16054095323891 -31.10484718497655 -35.19110752772865 -40.65775319384413 -29.053864757484092 
51.95412109211281
-5.800123380720869 46.42553372089483 -1.9286717348266933 32.851260924521284 17.483355060288048 -28.517039479161845 24.67204508969199 -0.20904120342947152 -15.40565541258021 
96.74079430936185
-7.113047507541218
-39.608525696598605
-48.54544261626654
10.768756871857263
-13.060679013895005
35.96470554347829
39.193136231191815
26.38910314572712
-24.207871260298287
