constraints 89
variables 9
9.265364523487577 -14.265480981274514 -38.169685672658105 12.537042372226246 -47.68796819135432 12.740182908994733 40.47122669494759 25.144671573547768 -46.58224176164328 
90.73594224170618
11.389766987739478 -0.8270712593695961 -42.314474011197056 24.157726727113044 -46.98403889056476 -38.229482077531685 -30.8948135365661 -13.338340878023573 -31.455752411079697 
44.858312382689725
9.2814369525016 24.979575629042586 4.6058581145898 -9.212467814573785 -9.743921791740163 -26.029624833278596 -43.117544038206105 6.408449377571813 -48.65786554385081 
13.277989453098426
7.3539881496490835 22.376373267023737 -46.65555009404533 8.995019765549998 -48.3566893027935 10.322509036181117 32.623452375579774 -12.655624408806986 4.314635190322079 
96.94300040911986
-7.834222525444112 31.629509609076862 15.002359090466527 -8.889682390566001 47.15746979201478 -21.432857422125995 -11.10856454067256 -42.21314175786376 48.51252069459481 
15.604667529478611
-18.660098577866336 -19.17850500906546 -20.608447747417756 46.937677936478906 28.3287586568688 -44.3645051344828 -43.04756847887706 -47.31865818519795 -18.05607596648854 
42.35509735924434
-25.593283535471468 -36.987336096429836 43.239469569119464 -9.876235168179157 -13.08722912965274 7.088910002130376 23.600962849903325 -35.87208366962782 -21.08151363708588 
75.16079005326709
20.12218146322725 18.295752890169823 -49.72643822620441 -48.462745330305665 -39.47195529080585 -41.32046212007834 23.763312006565798 -14.077964535555012 -41.17884671698462 
35.20750107313956
7.672996734648862 21.13036617576995 24.098802071785144 -17.207707020928808 43.573745319109335 -13.69240043101437 -18.118073592329154 -43.29128552911048 31.72812196375432 
96.50966209962414
-0.18307886456852174 21.704233751205166 -45.654561085551535 -28.13133599019586 -42.244156698158655 -40.518463527746036 10.37395432791822 -47.44481794235993 -34.00998926462867 
54.99323803610609
34.59912104532074 -10.637950999382909 14.806563936000074 8.414523368056336 -1.475908151827177 33.97276776645114 33.557052798354135 46.71040373567496 -19.15932971623291 
37.84093534030614
48.07171261974429 26.38996497571786 -48.743975010377824 -5.9046509717456175 -48.477474543753004 27.34080826094106 33.02240497418417 -27.001244938081005 45.73278379287423 
36.56264467257986
-3.2757971249606754 -41.773531393067884 -32.54964264734732 10.169804140083762 -9.291277756332462 -11.405619109030987 -12.753594110694365 32.20818922230053 32.00401323504529 
47.85416592509457
-42.52919202649132 9.632962615072039 -34.35079019404671 23.78674058987474 -9.909876143841188 -45.780879591802794 -49.93019750232565 27.06336074631092 -34.746583111118596 
4.22775656543195
41.462342246866285 -29.79302034232163 7.075804658484017 31.32673576109508 31.11005087173035 -42.52518122531978 14.399147284305315 11.565169837612046 36.132915574963235 
27.59629771682649
1.183791334237462 -36.87305246811139 -43.617177878783785 23.038885784551837 -16.295160898266893 -31.860697288227023 -11.973686901173032 -18.162421669138627 49.87093600699944 
0.9881975106219243
27.81463939308614 11.012069977372185 -40.24690357661147 -18.606877413489688 11.122745238829587 4.208963661838716 -44.194364814124896 6.919582057700879 1.5458807185706362 
10.444600318880749
6.280757946200602 46.658489963039656 -9.825408647450509 45.68744081219762 -34.0170089454535 -4.522706226827786 -31.374173076127555 14.50711282426434 14.77902675133707 
96.54857379162442
11.489952654047165 25.13064266890484 26.173225804206908 38.78755067752718 41.06051443007 37.984560506995436 25.778447704592935 -24.61921895363146 -49.954437067363536 
85.16491742861213
22.656474947520223 39.76405749014643 26.416477249252907 36.265501194138295 35.27180049651328 -43.791674232974074 -41.36784949486313 14.607837584152179 -11.802924507534499 
53.59821830761712
-0.8164730685644486 37.15484327762897 25.728067600741767 -6.961418939600037 29.73542716450777 -38.746749020114244 -25.789513910919638 -37.399851006670346 2.0997031980472727 
71.83824309239034
-13.849412372216243 25.81630577237226 25.855756580657 33.847008208380615 16.075964713717966 34.468655681462494 35.64147621626188 16.326188542246697 10.632527275642978 
30.749899008889116
-1.0302930264109023 17.081489072502606 43.5481104564511 -30.931703002838006 18.882398070015938 -20.294000827656344 -10.137209449840611 33.55879582362806 44.83655765102074 
98.43705567987675
13.220416582921622 -36.20835948332838 29.92325830494667 -49.47023833718107 35.035485790520596 28.22012521317673 -37.147112510351256 30.698542227811743 -35.00605334832474 
2.584861616597378
-40.9030954047461 37.66641529621036 -1.3839002798457258 18.792772794710743 17.15841404491995 -21.025061897089802 29.50426819229294 -1.2852144496904998 33.1508527001166 
16.946050331772334
-18.582537449370584 26.896944720086765 19.69615697925032 -23.949651723574263 38.459756470416835 46.35552164572509 -6.389201671105738 19.924574979600152 40.43867794568982 
82.42738786732444
-19.069921152677182 34.894398795460305 14.844400609808076 11.072789717413599 37.52816625861476 26.096874257436426 36.92008771694432 40.07836658868375 -1.0766820933949006 
42.16017507635297
44.938240243753484 14.28408833232821 -46.18518695173061 -5.1134260452503355 -10.93254078555951 -10.741455649210984 -17.519855614967263 -18.50216378656222 -40.891441739564186 
41.7728102375111
13.36801496812614 -1.2594632877506413 18.89846304847208 -0.026124238587819093 29.05476604986967 -39.48795856170425 -26.675065282214927 31.334441923088733 -3.811132825663286 
93.65623249869202
7.664591107885762 -27.74336577843285 3.130104823937309 -9.808720956443786 -31.648677489846012 19.632969765240702 -36.30278393870626 -11.52991856412173 -0.698340747782197 
31.718724655953245
-14.230346843111896 -9.362734056130648 8.568235706232322 3.345602155309912 9.446244116491066 -0.7650820407820049 16.361975352526528 38.80737154267038 -8.954428614207508 
71.92250297269851
27.378196984439867 -5.326025981836949 46.439837405982274 -49.985311579133395 -22.1186643152973 4.341335420534861 -29.953877873272106 -36.0958600685487 31.1475537116642 
26.299905128008227
14.25587215152548 6.424506535893556 33.63395940738819 -21.09423327863037 48.1655723842583 -6.17773694325404 -1.362188673242656 -14.136125100511478 14.178522960361661 
3.2441944247055488
-45.771519830140804 8.6838314791462 -33.62029811119752 -14.48927609539674 -22.12042058144571 -14.955670979316338 5.542737364353002 -47.5665507015954 41.498138109617344 
25.30322297875888
22.210016311282644 -20.951344155026653 7.442272454304884 43.31593366718083 21.493990405299456 42.87672554234241 48.63827861905797 -37.724302378401305 31.07981951127114 
44.68077257847154
14.052692585778715 -8.535076788772656 -12.63356066375578 18.18599236111909 24.54428847497158 15.607751305881521 -46.234748336334455 -10.165395445512637 -36.484388097981565 
74.93963108809415
49.88262570319857 43.88947089639029 21.80310923786071 41.160560442795145 -39.35557716680647 -16.937221121588223 -33.110520679173035 -37.885622699189085 -49.62216778888979 
50.33448937404762
32.79141902675114 6.337318062522598 28.447770448461995 -6.261530470117492 -31.12961784604873 -12.455211930701218 0.2522125812410607 -37.36743012210917 43.33365312385975 
88.67609434661294
-9.787246891483846 -28.667847462943218 -29.662614697126386 35.29270694895814 41.85383682150736 -46.025127359630346 18.37294929939179 38.92631702302825 -15.853973690041343 
63.09778175294043
-37.98763305569774 -7.6011846069529625 2.9957798027028772 33.64613454431385 -40.89184670689879 -48.81294465042411 -27.903788217463767 -6.003486826739831 -28.812513671740327 
77.58106918478552
-21.689657336964096 6.065218040474299 -3.949970797526788 -42.31484232648624 23.340379944211804 -42.3138938921049 48.4734092533825 -24.762899248982283 -4.356412166977023 
12.180385568110097
7.449767745853364 -9.228558060743616 -15.6126137791058 42.40411498925094 46.52139331471878 29.828697508657456 -49.306744403513626 -10.452543338362183 -22.447047203398142 
29.71299434737613
-19.4988274537957 40.573021736276914 -32.32760947386666 30.7264935897623 18.09322882359504 12.418921852384557 34.132069470842325 -25.140232658811158 19.647172551275887 
65.9553934002444
-17.51372686210314 42.59297243047473 -27.852345230110622 48.17220109584132 29.750723850638522 16.76355373080176 -5.435074945552486 27.18723959790327 46.104302253608864 
11.381943646707171
-24.582154871312 -8.594891832528575 -43.78733864954131 42.82747821202308 3.6700425564820236 31.517640302031865 -35.60200501408015 1.0325968972164432 18.365089307848763 
12.026700561831817
6.648733692193396 49.06413151878493 36.48864903692515 -32.417168839016455 -13.142534203222631 40.93624921828632 18.252493922643637 -21.32840056513813 24.69492459338629 
99.54047878072436
-5.672586359327994 41.042801271026605 28.172414897996745 39.253929508857084 10.508991671358523 43.76592410636853 5.2145684877243355 1.0876591289352362 41.88230274599155 
11.908594298370579
45.458863944796974 42.162926336075586 -9.241383060842004 -48.42702739877949 36.01788057808591 -14.146206034567108 10.489176258020017 7.3883939517080535 23.084763469328962 
94.11040027179516
-9.281787096489957 -44.45324525168096 -4.9680652236329195 -30.72205596385601 -1.2806382051560377 9.08053478327487 42.04760879468121 -20.847782522620285 -3.8333511397406923 
6.321505590567633
42.374189203933355 -23.93665759128171 41.0233154738487 -11.658436722316587 35.85717770051944 48.45509308135381 40.18870285788904 -3.334673396898104 -28.217278116050927 
1.7280025167815016
40.12550967097542 -11.342525439687478 -40.123475654329 14.04021671347266 29.896736787834115 -25.27394807437894 10.856265123560775 2.310855939074152 -16.126332363566576 
28.846248939450824
26.07434644410087 13.84642415283789 -10.166726430156224 11.897477420327597 -15.442817409264507 29.811533231198766 -7.754536267172739 25.919799457873793 -19.858140545467904 
28.191112040548795
30.25760283519834 36.6340743482328 -18.569481438076608 5.941904480459215 -34.784184115232385 -38.566514784568355 22.92728956475085 -47.2930441107753 -26.48045513665386 
20.542326220392404
-13.007773162499191 -48.23248251156945 27.187919553306088 -9.84870208696156 3.141127426487934 -42.16741859876956 -3.276488159247947 28.076777089217615 -26.260275552617685 
65.81705248691732
-11.308909035323644 14.854824970633047 33.28525218674238 39.93533947996576 -26.114040310321272 -33.8310232249166 -37.76212906176445 -31.762075413583823 -28.951378194196366 
26.124165959901934
5.75906255603288 -5.855734344348903 25.78938369179528 45.11737478553444 -7.2664764199065175 -46.423856823014056 -35.2812995499218 30.91888409765093 11.095729674848897 
13.971375055028668
10.735965310437521 -12.93364785239909 -28.248221030446974 -30.24142636325585 17.01156392789389 18.78711515137735 -14.71828924603863 47.799417594836655 14.404010770427519 
93.4024809084855
-16.87297321956156 -34.144291667281024 -30.114000964617894 -10.468985404348416 38.11262260364589 -32.6857964497176 22.010291034450773 7.396140175431 -22.07805225419781 
26.203090034101486
-6.471693123047352 -8.843408389888253 39.53864159462594 -22.04035421494408 -19.018582970623854 33.41662836891996 -17.312434024077405 33.4594954676851 -13.583132138476962 
91.93610852250626
-34.047493931010166 26.493617618238815 -12.662624592263782 49.048880443448056 -9.482487716913234 28.180009469550228 37.57542517333815 35.411157617522946 33.37328699883044 
35.7227823004048
-46.00966290893045 -28.560084406080442 24.34956763962488 7.482128010161269 -28.28178445837687 -47.83548133602431 -30.52097250222252 21.494495309440765 44.16189442772267 
14.203163689983622
-13.032318562054549 30.382991489669948 22.990073525610114 -22.811038019790875 1.4413923962555018 -27.976101069459858 -21.87818984545086 -3.791240551485018 37.157532933979525 
72.38589030588216
8.004622492962291 46.68109219465417 -38.484563318724085 44.63437366083215 46.45143772039397 -11.412039217803539 -43.53121341564219 -3.105834301633905 -6.116304355528698 
23.08835803331749
37.33762283572544 -40.01057954544285 -11.965082232515975 -38.72020103914184 -3.9628329718004807 36.030624774359126 -17.998903462238516 22.237368739679226 18.885230895687926 
48.89413313384561
15.981290212045636 15.44808349591824 17.91946344564343 48.440600915589556 -46.86616424264609 41.371637243375915 19.050253262801093 31.744378939435776 -0.3193695544401294 
63.09690738254125
-29.605386369083973 46.65677623649704 44.72395392888211 -38.073141354353766 -30.219069243827988 35.70180556819493 36.19734835291882 40.212752513058774 -38.31603962426816 
61.603903998489706
-44.0459166289683 25.871885116109766 20.74402566614316 29.672797887185297 -30.796218234306604 -35.238665809253845 21.543834226111073 36.82154392543201 1.3398295257313748 
59.443473731359866
-7.539019901205599 -17.830477212292685 38.65716865753714 25.86731063453196 -34.816429145370975 -30.017062850869745 -41.45784797268436 43.10297654557951 -39.12890960879868 
22.1311771734227
-30.576817400940605 15.504971816817942 -1.0379104559659496 -5.711838702842265 -18.897186114800093 -48.45692747953897 -24.725227874412614 7.78356935035098 32.04911503413376 
89.02804768108956
32.31617753209352 17.30965892417437 -28.193928064734365 -37.42732590320615 36.610115812790085 33.61513614685556 33.88983897608546 -34.13325364379584 -14.626435754704715 
9.868305876114313
37.36970609176046 -41.29186439785111 -11.984207873040965 -19.452424049697512 23.78967270345231 6.720157198630702 6.703953268063657 -37.48189987759033 -29.831487873862617 
20.29887318022443
-5.366520805241805 39.37915155973418 18.523304130794884 -21.42786252483335 40.66110874110467 -47.78236607966655 27.693402443295298 34.01555994412679 14.6028983881382 
12.578839315951218
-15.801161445103752 43.858812301999734 8.769145409088118 36.766451453313564 5.449220955193738 -34.47104238962335 -11.797381542035922 24.509441738279264 30.82616248932338 
85.11581335816237
-5.39389216458995 19.584430220385144 23.99440236620096 20.20758780399163 -2.910277346796917 -4.842250022610905 3.2536825624002716 1.43337183314366 46.638020041740006 
2.412292043923081
-24.17439344293596 40.66228715510066 -29.408514003029406 7.449960485239991 -23.323370043609327 38.04740528280965 38.45647246364507 -31.48860089084219 2.8104442257572373 
64.96584565215034
41.0021849312873 23.2303614309984 -10.080002441420746 -14.605289871893511 -49.12708667610804 -36.05907325348737 -0.12857031249659912 -5.624200060692999 -25.161860436812134 
77.98153126196338
-25.30072428486695 8.96039276517503 -34.67724174662313 19.490566135091697 -34.375735673762065 44.38852812399264 32.004156172575705 9.364074624105676 -35.93790675349091 
46.24566666757005
-16.967585519231335 -19.15314018577203 45.673618637306575 27.952766210931983 29.824451588012778 -0.3459074072900137 -11.786115833251408 32.184125352413346 9.402410161795459 
89.57131349566512
39.2694783557053 44.67068304289441 13.891218895200332 -12.843539143498681 -9.069279706963762 39.33463423739305 -31.940332200210687 -17.531612191658972 -34.97277068482356 
24.814624178753007
-37.31605485839627 26.672076297900105 24.762423482342285 -5.821039053807098 34.032129464754576 1.921530604682232 6.4145890007784345 1.9876459428253455 -22.08741686749316 
54.09718361074793
8.229095446351941 -44.1477449482323 0.49880032972289 -15.224680067235894 -17.291500909459266 13.2559865839631 37.537761742696986 35.23290440018741 -46.785841235067835 
18.634530342660906
18.56836682265417 22.341907360510532 16.125124946782094 0.5815816222519246 13.42109288064033 3.8830826412124892 -4.242919423047056 24.5312479357939 -25.46050757950853 
59.10982356064937
-9.173937803399248 12.382742754640695 -19.441256116870477 -30.681381140537333 -11.551137117041478 -2.728865305528558 -5.90405783177723 22.733332117306873 24.503900087405057 
79.05115582613517
-30.148613623614306 -1.813653438925769 37.63345827251845 -15.950628217122706 -12.110361795500616 2.880392717899504 -1.7497470671361555 -38.74671181938899 41.36364493305503 
50.94063594114947
-6.38180871453622 16.344258758540846 -22.035218269555156 -28.482575093387307 15.409384748229257 -5.155659218686395 -19.973830772931013 -22.12417019333711 27.096364336405955 
76.13549920991916
-30.52383319999613 -37.791059731352526 -14.879437022672825 31.22289427468621 40.73347015214367 4.837617022152877 49.98513809749818 -21.1477874044827 -42.84520172833477 
1.0102021840279973
-48.74776562732853 -3.0456714917605012 -5.209383961260613 13.691498332908068 -36.11818763028507 9.37882052686576 -19.02603462305953 6.531026468692488 12.431210340003304 
71.49119075313612
-45.33806087898941 47.62646403009987 44.34165321696372 22.446897995674405 -29.53112942055488 1.748850004164204 3.869906379937916 6.81858543668077 -21.02511808382006 
46.37198243321588
-5.819633683727389 43.741168334862394 42.162940593048276 -44.850808150604436 36.6948356040069 37.85277032114416 -15.267931152184659 41.406461122555214 24.004361553309707 
83.04770037628685
10.90157500917325
-6.814164906174327
35.64708676929507
-1.8304690742698781
-6.883154346608322
21.34231596542932
23.7960830245095
43.52180601546671
-19.925189976626722
