constraints 89
variables 9
-44.26056011942371 -20.31567827108798 -45.3490642201837 -35.179117234561616 11.816512687322899 -30.61157759395914 -45.84149459456993 -1.249598001020324 -25.14906173136443 
89.70827033130549
40.59728863226215 -10.07950138517414 -17.787462019723954 -9.861347108500759 -35.4706079873203 2.1983138384785263 14.810818003404876 3.252742631786944 9.934550066665636 
4.132264245686368
30.54552311237454 34.15949992577377 -8.11215890273813 -26.23082763442546 45.67941066385896 12.703377947463359 12.543208598899582 38.52359127516007 -19.664957663642248 
86.15599164624157
-21.803114145144175 -7.0631495288181725 -19.881854537936995 39.23143086015101 -16.181977242814483 -33.4421072092928 -37.70410328127875 2.9638737151058834 -34.327856856387875 
9.197484881755258
12.009253981656606 4.318276312853698 7.52631090487705 21.451914382913102 -28.325762922134246 14.361858033452975 -38.58681211660226 34.661820655457376 25.0278618571418 
74.40617702284125
10.04442483187237 -13.633646946360024 -23.79983096790017 16.736656041684398 -45.29785130271344 44.83235469414187 -36.2553719771157 -0.6216488615115168 -40.19948506242466 
9.382821391326345
29.73492646686408 -7.1960937546769586 23.297681978311076 -47.98158070427713 -15.16301475509433 -9.42844721685048 -29.248274996824208 20.220336967287636 -28.309249232978416 
65.58815217132008
-9.947589588553775 40.842348634144116 30.98718652280114 -40.97578094055324 33.723925121226216 -49.35557361768422 17.301597141311404 19.864960277293193 16.181998780060397 
30.289811822046453
-4.954782219616675 -40.33664780117583 24.44213940673727 35.52198293923756 -31.177193870132168 49.26833774411378 42.51394042081752 -48.242530400548745 -32.96526550627104 
62.13324332886629
-37.92025050937898 -3.5249946313090774 2.737844485566889 -37.73345213008788 15.044224921091143 -42.44892816882958 -18.41984505413967 -6.030834434960852 17.154632654878398 
85.08633497709506
13.050255755276964 5.209458409002096 -43.870023930906264 49.287123798996376 8.333002936687606 26.81916748627073 -7.399647881795282 -12.389480610868262 15.738943378226438 
35.65056155198791
-32.35378052508899 40.651231765860615 -47.02435320645301 -48.58292243530814 26.84051437298443 18.14293142958431 44.45490204064927 4.146756932128724 -22.565131872413392 
43.96626399365216
-38.61943598119455 12.009869235406178 -7.3055732714320385 2.200263121213588 -7.462464249859039 27.73906094113977 -34.62591990895949 -4.976534740966883 44.5032448922545 
45.94248302050749
-9.057817372211062 -22.33448038177359 -18.571320886056654 13.317331504331563 30.396102680998524 -44.3703829094828 -33.41313936052646 -0.896748332077415 -37.62271073483677 
15.050642737770847
-39.43755834186052 14.0721723433239 -15.218279182128626 8.323398907483657 -35.743179340244026 12.933041855633185 -32.82501928005286 -15.970113326159954 -31.190974800409975 
77.23710066082981
-12.940555985671665 -17.28594057927225 -10.916636948769863 -46.29875424413188 5.4043095258127 18.197070340611845 12.55059908986297 -33.67586144954414 49.83756384860706 
27.895531868536636
-8.809733581076593 -20.248260264890273 -22.48781552276682 4.999829674664369 40.46739451885942 -33.944076758115116 -16.10281118484376 -29.610893826817787 -13.512151189914754 
17.421944229563735
8.607445359162725 -47.19600491184707 20.112125794187094 -46.802516181599486 -35.1256123414051 22.06779829734195 -24.89165302207613 41.338092386181486 -14.626888147277342 
62.041234538723614
46.35087072671975 41.490810064500025 33.85957713984911 -22.48447234983456 3.6218172311563777 -20.21013539431593 -20.565067678792694 -47.606953569944345 36.748514313104124 
83.89530222096819
-31.75773328600152 -34.725753452212125 -11.389324342556947 40.88746752041264 -43.98564293686529 22.9642897474658 -6.02307713661876 40.33728765486144 -15.870710636829259 
92.43210501085983
44.18101376269921 -19.79566683009407 -8.305934538054501 -2.6006934147975755 40.32393264791611 44.17166714474297 -43.33534732929958 47.005846312900886 -19.01120088128335 
5.608522122435744
-49.875845517260096 30.893828195152764 -45.61871033557776 -24.44113289713672 -30.420895637838907 47.57048005420155 -30.640905174086154 39.98598618883398 -10.50286342789235 
31.055723438881532
-35.010321011486745 -25.03981795868938 30.297587377680657 4.589416999209796 -15.923578460249765 -12.441214347287456 0.6198596268470951 -30.432214011869398 -17.481036827767106 
4.954657526793582
11.932655604349186 -17.10184060921516 -26.575601897202283 24.50141442823579 -0.58953047951983 -13.394383079476214 -27.438268353849494 -6.419364070958601 8.492020117722177 
29.794685530712762
20.05275100339216 -40.44165479411792 22.648559890856134 -35.03621659061279 2.118329018247259 17.40507869963949 14.628323138261152 -41.81036648426293 -13.750133299180924 
85.36591148950916
0.806602110602384 -24.15665929819024 13.351442618496549 -42.4762013378437 -33.74072993636277 -0.7305375934234064 -38.801034137914705 -33.81832788722714 6.790815789934555 
73.25385263531251
4.988413457073534 -13.30427277374978 3.38625627081651 14.125618978203278 -47.20393613552394 32.7243654524587 4.419577948990771 38.98305376660589 26.44935467038735 
20.814334360393218
41.43960191251779 -21.197043870864352 -8.392192215179762 29.827574339860107 45.46751258275057 5.087254835191089 14.779254288858183 -7.080653647532387 -37.521485734373954 
32.220418432033846
39.547343053792304 -12.389736722998649 -10.896625598077371 -44.14438250105116 29.462132244529627 32.95184417514385 -37.426069655770775 1.4171939646938654 20.84631117204455 
61.867254569600206
42.54985729699122 36.201454453710554 -34.80458719378103 11.45593144372107 16.70232580724918 43.577421664475054 17.901124960975565 14.382826590252378 46.793446524211475 
68.43362350448442
47.70263078907011 30.43002572607429 47.47864957885696 19.286585544974926 -0.4283645890842962 28.87051642995202 -43.82753174245646 4.361205227943877 42.66258578755372 
19.530956976983394
9.056485857862285 36.472725996178795 -25.489693947845026 33.242272153469116 -14.328598883922616 -35.315461990742094 32.833082895347005 20.83396634456477 22.523585797932128 
79.48559727172389
-12.899959050909402 23.91008236523996 24.749639818783066 -7.374239395207084 43.44737043584732 -29.648268248389485 24.120874260118825 -37.233124692526474 -1.4212155219059923 
62.82319030333014
41.53279569270589 -26.248015557460224 20.96141391181041 -40.48443956178637 12.613079134958497 -26.43543490839142 20.928990560600454 42.94403879457815 26.194677247783645 
48.94420930395107
-4.769873616378121 -15.178134817270696 7.139092360910958 43.14472290630265 -3.8898675888565535 42.86605701376894 47.358058641205034 -27.534867833810196 -19.80932414175881 
68.8470442708832
-48.12981296039796 10.953615094040117 38.212351216895044 -33.723587716854055 20.342391910473538 -7.9210647186730085 -6.869007866498599 -39.16610987428457 28.80423479236788 
21.183436864281944
-18.890639580804013 -13.0331315975087 11.086541740831557 3.1762278584048786 -2.378384713512858 -49.94733321526117 -34.97598725916623 16.19472843975778 -0.8112430872410172 
95.09585809986338
24.574717272660592 -46.14278673119967 0.18899707480356653 0.1399684710130984 45.74777480340737 16.24860684268286 -6.26216279342254 -34.595098592533226 -48.4063120898492 
52.92625092539881
-44.19163757827032 37.61847634771365 -30.499843426148786 -49.99807843708627 -37.43693088283483 -6.907508291153107 -27.35056844017634 -42.24908916695486 -37.705681004950904 
2.8007607206254614
6.731586238640233 25.218496366767013 -4.578683706899078 18.048589457523036 42.87132982734957 43.9386683540983 48.66724083922301 -3.719766887846191 48.21429985653354 
4.149543881831552
-37.159027152973714 -16.84717778354792 6.732031034095407 33.78433197114967 -12.42634048075977 -20.787611234240288 -45.456913481591585 -26.963598939605284 -9.088904291684273 
47.339542194307825
16.41111718852794 -14.558640213629367 -13.16129561797186 -39.410546309833435 43.06890715932727 20.18871313500678 39.61669867808972 -0.8671637973225259 -47.36929603045322 
19.770174675884533
40.22875014289548 29.711556685678318 -26.406507575681783 12.091156799333369 27.29829803496432 41.354665287192745 -28.20893708178516 -13.183384787822725 42.50240802526443 
67.05757696980059
19.153053674084916 -18.008122833522087 -31.18613601254687 -7.2908135116125266 28.23444928419852 -1.1263789029294458 -1.1720372181916048 -8.241239722643265 33.21922668822957 
20.4257359434463
19.981278997285756 -23.05356079929439 45.46520758704993 32.079308844723755 -16.354607429689004 28.878250327000217 49.64538289726306 -17.874516465883126 45.87944460357194 
45.308513405502836
35.1543092813794 23.50454763305929 29.051080717885114 -45.300351354117396 -23.313576024304762 48.774015839323155 -44.41384211135689 2.9612846438596847 -12.243565925872325 
65.68315604534838
47.78339136459664 3.2277429388562453 -28.579816548390944 -37.94920506120041 -29.069128351648065 35.114896334984536 -16.432270833581967 25.537860167732916 20.887159160544655 
92.10450134775165
5.898574261811049 -33.574379499370224 21.84048101434587 3.53607803131478 -1.947630855930818 39.65511960831695 5.135285124010444 -48.856507096324044 -38.64340973825736 
76.1528080061477
-14.143753134195379 9.155421356507652 0.26603961337803383 12.861961158545519 40.28553279315284 -38.31416922718501 11.807293913722404 5.9189434995961605 14.399992072635087 
91.4727849188737
-31.795543869617916 -27.94206216162468 -38.74935102142156 -10.019230458579486 -16.64908023061271 29.597326829847106 13.367689103252431 -39.5361238143035 -30.09492197194412 
2.2553359096192938
45.259941247225456 22.79410603958752 0.5262133039160659 6.562235095527278 -29.371445077626944 -18.308778900931244 -15.86989589726496 16.780766225421388 49.09044613064472 
88.44745907014885
-43.96787794808408 40.016121986144086 48.0078067296772 10.322573143978744 -40.54109247095195 38.59125430460497 16.44578070003908 -28.508390420211672 -34.8520078698318 
6.7828705744519375
-19.668830122149338 -5.240063858567957 35.61800068993993 44.65795581309597 -39.43915497124255 -45.783016655777544 -8.819644940382545 23.02025623084735 49.1092863054572 
45.58229643576846
-24.123308983641966 -49.62937698296446 -47.88952510987248 -6.795583273641668 -46.73553383256108 35.30470368742019 23.44014239029923 -9.494784347841026 -15.663471791061177 
85.91595261507352
-32.49984068779891 -35.88065952159967 -47.151303382096664 1.5415016279721172 -14.292376419475076 -38.93962403184782 6.9426718987695395 41.58293380893471 -22.383014332769125 
82.95248861920037
-19.81008870438967 -48.846434462848045 -15.345639842318661 31.698228330197438 40.04531662740834 -16.051678195656883 -17.881099159579193 36.910266612766094 -12.812033372694117 
89.00190249926439
-16.593048627596275 -42.98312942325747 -4.66071691333071 19.89536230691857 19.340431039201192 -16.842092514093963 37.88743150859035 32.49087985577259 -4.968296750323532 
27.82026492064007
-4.990089736818362 10.418897420537412 6.892977844834945 48.61853148447403 -27.025317441931595 -3.6885508231231583 23.199026163942563 -8.291089423410469 -4.086620965086659 
11.169970317132726
-6.962166187335782 -10.96876432898204 49.59848059053738 14.275413300086925 -49.46542541812536 8.906141336051675 -33.38042868271202 41.693056850251935 23.910006165539542 
40.47135066997907
42.84214749426886 12.693896086808763 42.23530860069744 -10.976875612714409 -33.85439053781187 10.309046696753569 -43.328990976923954 21.53597382691119 20.175500322870178 
24.75313021701132
-42.47145000588025 -20.534298874319635 -1.7918013660741607 -3.402883644935997 -26.33125674134069 -30.602081776959423 25.21463719986444 -39.65932575577959 -13.447806232685842 
51.18622001277967
39.82288780820873 18.428572625950707 -22.317444863554137 -32.068818403770905 32.11769533863088 -29.224798201946335 -44.76582002950054 -47.51655812053145 -31.9216211762947 
85.50586180335478
-26.668342359667786 -48.88891421446757 -43.055253443639984 22.89296596090469 -34.25064377481657 26.55367890759136 33.914011798224664 -33.64019989556037 -35.27501893977873 
39.89219745593859
37.30990960647193 21.94410778302246 -34.86812479930204 -36.50371878691696 -43.271445896059824 20.758197469598755 24.430616630992404 -4.232854297250341 16.653832042165178 
97.75186949428496
-40.3787909336895 -17.523419144123608 38.648399606988576 24.478972729888753 13.84296374792985 -0.7905087493826599 -5.535345536842684 -6.412102976867793 17.319952723691884 
14.749442217396503
22.28332697255766 38.4009121560629 -39.97430238464243 36.20373825977954 28.775592721949366 22.216716967873523 26.741507530779415 -16.753460253224205 40.797939387013486 
48.865156720684574
19.108711810660978 1.0656427094504224 2.267248706500723 28.562542083454005 3.825783794202529 -0.5695393924053818 34.12688010894169 31.260590204063405 -18.682876436820727 
98.75590762585288
-11.697216959527253 23.45149713441728 -34.99893782991643 -26.88120877575779 30.161991649195713 13.786205279854578 -2.2895179259543426 -45.10955777835382 -21.775918075388432 
27.88243482336904
8.870090410562447 -44.01869164349759 14.739518207232578 -6.656375073529084 33.710331006394384 -33.349746392446576 -43.76297163637197 -7.720586470889266 -25.901401935833068 
14.413371861640357
39.255482655984636 -19.48715487572298 -20.505806798620174 2.794128026374395 33.21400776697145 -19.82098822084586 -33.915669845706866 -47.511328189909165 39.737353348766646 
25.564379910005552
-27.66583623284443 -14.022770870224832 -24.258211284764585 -19.19443316299426 -30.01529429706189 30.694453191056766 -33.799849333081696 2.4608889044679714 10.958183321548987 
65.57871883903346
-8.25713507783317 39.987489232131665 -7.3187479571611505 1.1523179749963006 46.11508995523033 -47.19855024145176 -32.987829169943325 14.241548426699197 -41.00156430813855 
73.86775625921123
1.2589438819596594 5.027777688196643 30.81890405833127 -33.33843170046087 23.701081114373707 6.327514184478304 7.901105685710384 -45.138265960584036 -49.42146377633677 
52.83161528822045
-1.3080392684650803 2.2820731765901243 -3.3129372522082576 11.490739470402126 -5.234544778350916 -15.684581495665242 17.520065555048646 33.31624365152538 13.933303983222181 
21.560004923661857
17.322810469943477 -38.42732026423532 27.024580546724692 41.31726054150158 -15.52441021965916 21.670154479771867 -35.23924228094264 43.294646983814445 -16.701741220036126 
24.021792208322857
26.64077691221675 22.116672367668926 39.66935248768503 32.71358607653282 29.864175296570878 41.141788496656815 6.7787160559521595 40.040982478460634 43.05841695366969 
59.60234386093829
-13.11656020894334 -10.201474592395918 46.94002029906618 -11.770620941228536 15.112589585095463 10.665962959290098 -47.97277075743139 37.29350689608424 -17.832909251275332 
55.11620791435827
-17.864654998952524 -24.612313134374563 -15.81318648167499 -11.022356336971086 1.6240377076551908 37.297259277848056 40.107776538635875 -7.884814955201151 24.22932873732634 
4.947067545659789
9.508102566717334 -38.34831942112763 -8.198880146042185 36.6850840813634 -22.757834566266823 -44.26687330295219 -47.619502962757956 -12.943502436622268 45.08816506019558 
78.0483117804543
-1.2106951727645878 -8.258333691265051 -14.814891125857123 -18.85452750165101 -48.73227512343317 -9.524010812121574 -34.78900106919889 10.045593882127854 -19.3160672559359 
24.539173218313092
-48.945224635001516 -33.265961235382264 -27.546831994668796 -25.204007525117213 29.160381144290525 -49.18082581243257 25.541789629743775 -48.70991839076589 -32.22795858019566 
21.9787405121605
-34.20474523859558 -43.96306521368911 -46.01429829052304 35.77172828625723 28.31716695140176 16.931702771549666 1.8122849045578135 -24.024480279624115 29.739842839988214 
32.582014471328456
25.384244593431788 -6.184829125779721 7.965154873064485 -24.60448702856901 10.98768627724327 -32.71637791927468 -45.68234072724411 23.396355274496173 1.7780480455140122 
12.208780730424017
1.0402861825774465 -19.98556056328644 29.838186803206682 10.805348448513719 -44.32379815245736 -4.5143134762866595 -8.336531734972496 23.156358801086952 -6.881317514546026 
23.52119257593227
-34.79080491507901 -37.598598373915536 25.974149441803505 32.547631076673795 9.311587111111884 45.365538716639236 -25.628203481266688 -7.909198898364714 -30.405794857245606 
76.94494798844667
47.46647663708032 21.768751922422197 38.897560222518976 -11.227614170103337 30.619902924986334 22.880451966997796 -15.179586340038874 -19.48246679360941 44.608346164726115 
10.720478904805974
-37.86295896952583 -44.36559366462491 6.193449966001161 29.519779120536583 -26.3444951560866 2.4499604022379913 -26.994061957716674 11.307029956565948 29.507832911629208 
46.195088402202046
-0.06962391248703881 -14.995291796646981 -18.086331089889484 -12.088729261658337 -30.95767901173908 -47.281530082455156 -19.865153895280997 2.1230916651457505 -19.362422424741933 
26.44799895853144
-1.3609557523327283 36.74894147900328 9.006500387790808 -39.657992830346544 40.416525794032054 45.92923010301813 33.3445708640141 -28.860408267937665 6.944666409153214 
89.28343035005292
39.55396915182749
-6.228363828743525
15.479427034810769
7.421020758240573
18.684772263521197
-33.76472531826605
43.1719259528133
-4.227514150188171
30.113187852914237
